Individual 0:
  Route length: 13187
  Contribution to Diversity: 0.012819016971318042
  Route: [36, 46, 16, 29, 50, 20, 7, 42, 6, 15, 5, 48, 49, 1, 39, 40, 37, 32, 35, 4, 51, 26, 47, 13, 14, 27, 11, 52, 28, 12, 25, 33, 43, 24, 21, 17, 3, 2, 30, 23, 44, 34, 10, 9, 8, 41, 19, 45, 38, 18, 31, 22]

Individual 1:
  Route length: 13185
  Contribution to Diversity: 0.013273768387874973
  Route: [1, 30, 16, 13, 47, 26, 27, 28, 12, 25, 5, 24, 46, 34, 36, 38, 4, 32, 35, 39, 40, 48, 6, 45, 19, 9, 8, 41, 10, 43, 15, 33, 51, 11, 52, 14, 37, 7, 2, 29, 44, 50, 49, 23, 20, 42, 21, 17, 3, 18, 31, 22]

Individual 2:
  Route length: 13117
  Contribution to Diversity: 0.006548898139714154
  Route: [1, 50, 20, 48, 37, 15, 5, 4, 51, 33, 43, 10, 9, 8, 11, 52, 14, 13, 16, 44, 34, 24, 6, 39, 36, 25, 12, 28, 27, 26, 47, 46, 35, 38, 23, 30, 45, 19, 41, 40, 31, 18, 3, 2, 7, 42, 21, 17, 29, 49, 32, 22]

Individual 3:
  Route length: 13186
  Contribution to Diversity: 0.015255570533965646
  Route: [1, 50, 20, 48, 44, 34, 24, 15, 28, 27, 26, 47, 46, 4, 25, 12, 11, 52, 14, 13, 16, 37, 49, 29, 17, 21, 42, 7, 2, 23, 30, 36, 35, 5, 6, 39, 51, 33, 43, 10, 9, 32, 18, 3, 38, 40, 8, 41, 19, 45, 31, 22]

Individual 4:
  Route length: 13063
  Contribution to Diversity: 0.02060186953238219
  Route: [49, 32, 10, 9, 19, 8, 41, 17, 43, 33, 51, 11, 52, 14, 13, 47, 26, 27, 28, 12, 25, 48, 15, 45, 36, 40, 37, 46, 16, 30, 23, 29, 50, 20, 2, 7, 42, 38, 1, 31, 4, 6, 18, 44, 39, 3, 35, 34, 24, 5, 21, 22]

Individual 5:
  Route length: 13160
  Contribution to Diversity: 0.013956459731236492
  Route: [1, 49, 17, 3, 18, 45, 37, 38, 40, 19, 35, 25, 12, 28, 27, 26, 47, 13, 14, 52, 11, 51, 33, 43, 10, 9, 41, 8, 20, 7, 2, 31, 21, 6, 15, 48, 4, 42, 44, 46, 29, 50, 16, 30, 23, 34, 32, 24, 5, 39, 36, 22]

Individual 6:
  Route length: 13185
  Contribution to Diversity: 0.02127704951556275
  Route: [35, 30, 7, 2, 21, 42, 23, 20, 36, 45, 50, 29, 39, 40, 9, 10, 43, 33, 32, 34, 24, 4, 51, 11, 52, 26, 47, 13, 14, 27, 28, 12, 25, 5, 15, 6, 48, 38, 49, 1, 46, 16, 44, 3, 8, 41, 19, 18, 31, 17, 37, 22]

Individual 7:
  Route length: 13023
  Contribution to Diversity: 0.0022316196149985146
  Route: [1, 35, 49, 45, 40, 39, 32, 19, 41, 8, 44, 34, 11, 52, 48, 24, 5, 46, 14, 13, 47, 26, 27, 28, 12, 25, 4, 6, 15, 20, 50, 29, 2, 7, 42, 23, 9, 10, 43, 33, 51, 38, 36, 37, 16, 30, 21, 17, 3, 18, 31, 22]

Individual 8:
  Route length: 12893
  Contribution to Diversity: 0.0263423083700145
  Route: [3, 32, 45, 48, 40, 1, 41, 8, 9, 10, 43, 33, 51, 26, 47, 13, 52, 11, 27, 14, 28, 12, 6, 15, 5, 4, 30, 23, 50, 16, 29, 20, 7, 17, 19, 18, 42, 2, 21, 34, 35, 36, 39, 25, 24, 37, 38, 44, 46, 49, 31, 22]

Individual 9:
  Route length: 13196
  Contribution to Diversity: 0.011719574581707803
  Route: [16, 44, 34, 46, 29, 50, 48, 33, 43, 19, 10, 9, 8, 41, 40, 49, 1, 18, 3, 17, 21, 42, 7, 2, 38, 37, 24, 5, 15, 6, 4, 45, 32, 31, 20, 23, 30, 35, 36, 39, 26, 14, 52, 11, 51, 28, 27, 12, 25, 47, 13, 22]

Individual 10:
  Route length: 13038
  Contribution to Diversity: 0.01131015137401814
  Route: [4, 38, 41, 18, 31, 17, 21, 42, 7, 2, 36, 35, 49, 30, 23, 20, 45, 32, 5, 24, 48, 6, 15, 33, 12, 28, 27, 47, 26, 13, 52, 14, 11, 51, 25, 40, 37, 3, 10, 9, 43, 19, 8, 34, 39, 1, 50, 29, 16, 46, 44, 22]

Individual 11:
  Route length: 13088
  Contribution to Diversity: 0.006631168865911086
  Route: [21, 42, 7, 2, 17, 31, 18, 19, 8, 1, 39, 38, 4, 37, 49, 35, 34, 16, 30, 23, 48, 25, 12, 26, 47, 27, 28, 13, 52, 14, 11, 51, 10, 9, 3, 24, 5, 6, 20, 50, 29, 44, 36, 15, 40, 32, 45, 41, 43, 33, 46, 22]

Individual 12:
  Route length: 13134
  Contribution to Diversity: 0.011584030936173662
  Route: [49, 1, 32, 19, 41, 8, 9, 10, 28, 27, 51, 11, 52, 14, 46, 40, 33, 43, 4, 6, 5, 24, 48, 29, 50, 20, 47, 26, 13, 44, 34, 35, 36, 39, 45, 12, 25, 37, 38, 16, 15, 23, 30, 2, 7, 42, 18, 3, 17, 21, 31, 22]

Individual 13:
  Route length: 13149
  Contribution to Diversity: 0.031834898135868706
  Route: [1, 4, 46, 29, 23, 50, 20, 21, 17, 7, 2, 42, 30, 18, 3, 34, 15, 5, 6, 48, 24, 12, 14, 28, 27, 11, 52, 13, 47, 26, 36, 39, 40, 37, 38, 44, 49, 31, 25, 16, 51, 33, 43, 10, 8, 9, 41, 32, 35, 45, 19, 22]

Individual 14:
  Route length: 13145
  Contribution to Diversity: 0.011715787446758164
  Route: [15, 37, 40, 36, 2, 7, 42, 21, 6, 24, 5, 46, 16, 29, 50, 34, 39, 1, 8, 19, 43, 9, 10, 3, 17, 31, 18, 30, 23, 20, 45, 32, 44, 48, 25, 51, 11, 14, 52, 13, 26, 47, 27, 28, 12, 33, 4, 38, 41, 49, 35, 22]

Individual 15:
  Route length: 12787
  Contribution to Diversity: 0.01563526389265668
  Route: [38, 48, 46, 19, 41, 8, 9, 10, 43, 33, 51, 11, 52, 14, 13, 47, 26, 27, 28, 12, 25, 35, 39, 32, 34, 3, 21, 2, 7, 29, 50, 20, 23, 30, 44, 40, 18, 31, 16, 37, 36, 17, 49, 1, 42, 15, 5, 4, 6, 24, 45, 22]

Individual 16:
  Route length: 12783
  Contribution to Diversity: 0.01688181708944203
  Route: [49, 40, 37, 36, 41, 19, 45, 17, 21, 8, 9, 10, 43, 28, 27, 26, 47, 13, 14, 52, 46, 44, 5, 24, 39, 15, 48, 25, 12, 4, 6, 11, 51, 33, 50, 29, 16, 34, 38, 35, 1, 42, 7, 2, 30, 23, 20, 32, 18, 3, 31, 22]

Individual 17:
  Route length: 13168
  Contribution to Diversity: 0.022723662078745654
  Route: [1, 49, 36, 32, 19, 9, 10, 41, 8, 15, 43, 45, 39, 35, 50, 6, 4, 11, 52, 14, 25, 5, 37, 38, 24, 40, 27, 51, 48, 33, 26, 47, 13, 28, 12, 34, 44, 46, 16, 29, 20, 23, 30, 2, 7, 42, 21, 17, 3, 18, 31, 22]

Individual 18:
  Route length: 13105
  Contribution to Diversity: 0.013589924396501196
  Route: [1, 18, 7, 42, 2, 3, 17, 21, 30, 23, 36, 39, 40, 37, 38, 24, 48, 5, 15, 50, 20, 35, 34, 46, 44, 19, 41, 8, 9, 12, 25, 4, 6, 29, 16, 47, 26, 14, 13, 27, 11, 52, 28, 10, 43, 33, 51, 45, 32, 49, 31, 22]

Individual 19:
  Route length: 13121
  Contribution to Diversity: 0.004711708198567699
  Route: [21, 42, 7, 2, 17, 31, 18, 19, 8, 1, 36, 15, 44, 29, 50, 48, 25, 12, 26, 47, 27, 28, 13, 52, 14, 11, 51, 10, 9, 3, 24, 5, 6, 20, 23, 30, 16, 34, 35, 49, 37, 4, 38, 39, 40, 32, 45, 41, 43, 33, 46, 22]

Total Entropy H: 5.495843036387479
