Individual 0:
  Route length: 13083
  Contribution to Diversity: 0.0004355449823849611
  Route: [2, 30, 21, 3, 49, 36, 35, 34, 44, 46, 32, 25, 12, 28, 24, 26, 27, 48, 40, 39, 1, 45, 19, 41, 8, 9, 10, 43, 33, 51, 11, 52, 14, 13, 47, 37, 42, 7, 17, 23, 20, 50, 29, 38, 5, 15, 6, 4, 16, 18, 31, 22]

Individual 1:
  Route length: 13174
  Contribution to Diversity: 0.001132759486411672
  Route: [1, 12, 39, 25, 4, 6, 40, 36, 20, 5, 34, 44, 35, 31, 18, 3, 17, 21, 42, 7, 2, 30, 29, 16, 46, 23, 50, 37, 11, 52, 14, 13, 28, 49, 32, 45, 19, 41, 8, 9, 10, 43, 24, 48, 38, 15, 51, 33, 27, 26, 47, 22]

Individual 2:
  Route length: 13147
  Contribution to Diversity: 0.0004639934722332484
  Route: [3, 17, 45, 19, 23, 20, 50, 29, 16, 30, 48, 31, 18, 36, 35, 34, 44, 46, 1, 39, 40, 4, 6, 25, 12, 28, 27, 10, 9, 33, 43, 51, 11, 52, 14, 13, 47, 26, 8, 41, 32, 21, 42, 7, 2, 49, 38, 37, 15, 5, 24, 22]

Individual 3:
  Route length: 13194
  Contribution to Diversity: 0.0015823419260048155
  Route: [1, 49, 32, 45, 19, 20, 47, 16, 38, 4, 6, 15, 5, 24, 48, 37, 25, 12, 51, 11, 52, 14, 13, 34, 50, 36, 35, 39, 40, 29, 28, 27, 26, 46, 21, 23, 42, 30, 2, 7, 31, 18, 3, 17, 41, 8, 9, 10, 43, 33, 44, 22]

Individual 4:
  Route length: 13117
  Contribution to Diversity: 0.0006189387278228153
  Route: [1, 49, 32, 15, 46, 16, 24, 5, 25, 12, 28, 38, 34, 39, 40, 35, 36, 37, 23, 29, 45, 19, 41, 8, 9, 10, 43, 33, 51, 11, 52, 14, 13, 47, 50, 20, 30, 21, 7, 42, 17, 3, 18, 31, 6, 27, 26, 4, 48, 2, 44, 22]

Individual 5:
  Route length: 13104
  Contribution to Diversity: 0.00014873387038427666
  Route: [16, 29, 30, 23, 50, 49, 1, 44, 40, 28, 12, 25, 4, 6, 15, 5, 24, 48, 39, 41, 8, 9, 10, 43, 35, 36, 19, 17, 42, 7, 2, 20, 27, 46, 34, 51, 33, 11, 52, 14, 13, 47, 26, 37, 38, 32, 45, 21, 3, 18, 31, 22]

Individual 6:
  Route length: 13095
  Contribution to Diversity: 0.0008874201367436996
  Route: [1, 24, 38, 27, 25, 4, 6, 34, 15, 44, 46, 16, 29, 50, 28, 12, 26, 47, 13, 14, 52, 11, 33, 51, 5, 43, 10, 9, 18, 3, 17, 19, 48, 35, 36, 8, 41, 37, 40, 39, 20, 23, 30, 2, 7, 42, 21, 45, 32, 49, 31, 22]

Individual 7:
  Route length: 13104
  Contribution to Diversity: 0.00021769198485888097
  Route: [35, 49, 1, 45, 19, 41, 8, 9, 10, 44, 46, 43, 33, 51, 11, 4, 6, 37, 34, 14, 52, 28, 12, 25, 27, 26, 47, 13, 32, 36, 39, 40, 24, 38, 48, 16, 29, 50, 20, 23, 3, 18, 31, 15, 5, 17, 30, 2, 7, 42, 21, 22]

Individual 8:
  Route length: 13101
  Contribution to Diversity: 0.0010654428460572518
  Route: [1, 31, 18, 45, 32, 16, 21, 42, 7, 2, 30, 23, 20, 50, 29, 46, 25, 35, 34, 44, 24, 5, 15, 6, 4, 51, 33, 43, 38, 37, 40, 17, 3, 14, 52, 11, 28, 27, 26, 47, 13, 12, 39, 19, 8, 41, 36, 9, 10, 48, 49, 22]

Individual 9:
  Route length: 13189
  Contribution to Diversity: 0.0005377171305029904
  Route: [1, 49, 32, 16, 29, 19, 42, 7, 18, 41, 45, 8, 9, 10, 33, 43, 38, 34, 35, 36, 39, 37, 21, 17, 3, 2, 30, 23, 20, 50, 31, 5, 40, 24, 48, 4, 6, 14, 52, 13, 47, 26, 27, 28, 12, 25, 51, 11, 15, 46, 44, 22]

Individual 10:
  Route length: 13143
  Contribution to Diversity: 0.0006293283844902575
  Route: [29, 50, 20, 23, 30, 44, 46, 42, 7, 2, 21, 18, 45, 36, 5, 26, 3, 19, 41, 8, 9, 10, 4, 25, 16, 1, 49, 38, 48, 24, 35, 47, 13, 14, 52, 11, 27, 28, 12, 51, 33, 43, 40, 39, 32, 37, 6, 15, 34, 17, 31, 22]

Individual 11:
  Route length: 13167
  Contribution to Diversity: 0.0006218996160107793
  Route: [20, 50, 29, 31, 18, 16, 4, 28, 12, 25, 32, 15, 6, 47, 13, 14, 52, 11, 51, 33, 43, 10, 9, 8, 41, 19, 37, 24, 26, 27, 5, 38, 34, 35, 36, 49, 45, 42, 7, 21, 30, 2, 23, 17, 3, 39, 40, 48, 46, 44, 1, 22]

Individual 12:
  Route length: 13092
  Contribution to Diversity: 0.00023244700388769246
  Route: [42, 7, 2, 30, 23, 20, 29, 16, 46, 34, 44, 41, 18, 49, 21, 17, 3, 15, 5, 24, 37, 40, 51, 11, 14, 52, 27, 26, 47, 13, 28, 12, 25, 4, 6, 19, 48, 31, 35, 36, 8, 9, 10, 43, 33, 45, 32, 1, 50, 38, 39, 22]

Individual 13:
  Route length: 13141
  Contribution to Diversity: 0.0007970705817150758
  Route: [1, 49, 30, 2, 7, 42, 21, 17, 3, 8, 41, 19, 25, 12, 13, 47, 26, 27, 28, 14, 52, 33, 11, 43, 15, 51, 9, 10, 45, 4, 6, 38, 46, 39, 36, 34, 35, 44, 40, 37, 5, 48, 32, 24, 23, 20, 50, 29, 16, 31, 18, 22]

Individual 14:
  Route length: 13111
  Contribution to Diversity: 0.0010091736601900436
  Route: [1, 49, 32, 19, 30, 2, 3, 17, 21, 37, 39, 36, 35, 34, 38, 43, 33, 10, 9, 8, 45, 41, 18, 7, 42, 16, 29, 23, 20, 50, 31, 5, 40, 24, 48, 4, 6, 14, 52, 13, 26, 47, 27, 28, 12, 25, 51, 11, 15, 46, 44, 22]

Individual 15:
  Route length: 13073
  Contribution to Diversity: 0.0007420214456903551
  Route: [1, 36, 39, 24, 10, 43, 33, 51, 28, 26, 12, 4, 6, 48, 38, 37, 45, 25, 11, 52, 14, 13, 50, 20, 23, 30, 2, 7, 42, 21, 17, 3, 18, 29, 47, 27, 34, 44, 46, 5, 15, 40, 32, 49, 35, 16, 31, 8, 41, 9, 19, 22]

Individual 16:
  Route length: 13026
  Contribution to Diversity: 0.0007014570872847514
  Route: [1, 49, 5, 16, 46, 24, 20, 36, 29, 39, 35, 34, 44, 12, 28, 27, 52, 14, 13, 47, 26, 43, 33, 9, 10, 11, 51, 15, 48, 32, 45, 19, 41, 8, 6, 40, 4, 25, 37, 38, 23, 30, 50, 2, 7, 42, 21, 17, 3, 18, 31, 22]

Individual 17:
  Route length: 13151
  Contribution to Diversity: 0.0006377284754393031
  Route: [1, 36, 39, 24, 44, 46, 5, 15, 6, 4, 12, 26, 28, 51, 33, 43, 10, 34, 27, 47, 29, 18, 3, 17, 21, 42, 7, 2, 30, 23, 20, 50, 13, 14, 52, 11, 25, 45, 37, 38, 48, 40, 32, 49, 35, 16, 31, 8, 41, 9, 19, 22]

Individual 18:
  Route length: 13187
  Contribution to Diversity: 0.0011736570316331907
  Route: [1, 49, 44, 46, 16, 29, 20, 50, 18, 3, 40, 52, 11, 51, 33, 43, 10, 6, 25, 4, 12, 28, 27, 26, 47, 13, 14, 15, 17, 9, 8, 41, 19, 45, 32, 34, 35, 36, 39, 37, 38, 48, 24, 21, 5, 42, 7, 2, 30, 23, 31, 22]

Individual 19:
  Route length: 13175
  Contribution to Diversity: 0.0005918057427409806
  Route: [30, 23, 7, 2, 42, 21, 17, 3, 18, 19, 41, 8, 9, 10, 15, 24, 5, 43, 33, 25, 13, 14, 52, 11, 51, 12, 27, 37, 40, 47, 50, 48, 38, 44, 34, 35, 36, 39, 4, 45, 32, 49, 31, 20, 6, 28, 26, 29, 16, 46, 1, 22]

Individual 20:
  Route length: 13167
  Contribution to Diversity: 0.00024597172346130236
  Route: [46, 36, 35, 34, 32, 49, 31, 16, 20, 24, 48, 44, 40, 39, 41, 19, 45, 15, 6, 4, 25, 12, 28, 43, 9, 10, 8, 33, 51, 11, 52, 14, 13, 47, 26, 27, 1, 37, 38, 18, 3, 17, 21, 42, 23, 30, 2, 7, 29, 5, 50, 22]

Individual 21:
  Route length: 13063
  Contribution to Diversity: 0.00028160500165697044
  Route: [32, 13, 47, 14, 52, 28, 12, 25, 27, 26, 49, 1, 45, 19, 41, 8, 9, 10, 44, 39, 40, 21, 42, 7, 2, 30, 17, 18, 3, 23, 20, 50, 29, 16, 48, 38, 31, 6, 4, 11, 51, 33, 43, 46, 24, 5, 15, 37, 34, 35, 36, 22]

Individual 22:
  Route length: 13108
  Contribution to Diversity: 0.0011172620123423016
  Route: [1, 4, 6, 15, 32, 45, 50, 20, 23, 18, 31, 21, 42, 7, 2, 30, 29, 9, 10, 49, 34, 24, 3, 17, 8, 41, 19, 16, 46, 44, 26, 27, 28, 48, 25, 12, 38, 37, 47, 14, 52, 13, 11, 51, 33, 43, 5, 40, 39, 36, 35, 22]

Individual 23:
  Route length: 13162
  Contribution to Diversity: 0.0007645662838475786
  Route: [1, 32, 49, 43, 25, 45, 50, 44, 46, 16, 20, 31, 34, 39, 41, 19, 40, 37, 6, 15, 33, 4, 18, 3, 17, 21, 42, 7, 2, 30, 23, 29, 5, 24, 12, 28, 14, 13, 27, 26, 47, 52, 11, 51, 48, 38, 36, 35, 8, 9, 10, 22]

Individual 24:
  Route length: 13082
  Contribution to Diversity: 0.00035651108641587825
  Route: [31, 18, 46, 44, 34, 35, 51, 33, 52, 14, 28, 27, 26, 47, 13, 12, 25, 49, 30, 2, 7, 42, 21, 17, 3, 45, 4, 6, 15, 5, 48, 23, 20, 16, 29, 50, 24, 38, 37, 40, 39, 36, 32, 43, 11, 9, 10, 8, 41, 19, 1, 22]

Individual 25:
  Route length: 13078
  Contribution to Diversity: 0.00026610887086331303
  Route: [46, 36, 35, 34, 16, 20, 24, 48, 45, 19, 41, 39, 40, 44, 15, 6, 4, 25, 12, 28, 43, 9, 10, 8, 33, 51, 11, 52, 14, 13, 47, 26, 27, 1, 37, 38, 18, 3, 17, 21, 42, 23, 30, 2, 7, 29, 5, 50, 49, 32, 31, 22]

Individual 26:
  Route length: 13158
  Contribution to Diversity: 0.0013233168170367904
  Route: [30, 23, 7, 2, 42, 21, 17, 3, 18, 19, 41, 8, 9, 10, 45, 4, 47, 6, 15, 32, 49, 31, 20, 48, 38, 44, 34, 35, 36, 39, 50, 40, 46, 16, 29, 26, 28, 24, 5, 43, 33, 25, 13, 14, 52, 11, 51, 12, 27, 37, 1, 22]

Individual 27:
  Route length: 13184
  Contribution to Diversity: 0.0003878305407791771
  Route: [3, 17, 21, 49, 18, 41, 39, 15, 1, 50, 38, 5, 24, 37, 19, 6, 4, 25, 12, 28, 13, 47, 26, 27, 52, 14, 11, 51, 40, 48, 31, 23, 30, 2, 7, 42, 32, 45, 33, 43, 10, 9, 8, 36, 46, 16, 29, 20, 35, 34, 44, 22]

Individual 28:
  Route length: 13072
  Contribution to Diversity: 0.00020028553648732128
  Route: [1, 7, 2, 3, 17, 21, 30, 49, 32, 16, 46, 26, 29, 42, 23, 27, 28, 12, 25, 4, 45, 6, 40, 39, 36, 35, 34, 44, 50, 20, 47, 14, 13, 52, 11, 51, 33, 19, 41, 8, 9, 10, 43, 38, 37, 15, 5, 24, 48, 18, 31, 22]

Individual 29:
  Route length: 13173
  Contribution to Diversity: 0.00075805107771032
  Route: [30, 23, 7, 2, 42, 21, 17, 3, 18, 19, 41, 8, 9, 10, 15, 24, 5, 43, 33, 25, 27, 12, 51, 11, 52, 14, 13, 37, 40, 47, 50, 48, 38, 44, 34, 35, 36, 39, 4, 45, 32, 49, 31, 20, 6, 28, 26, 29, 16, 46, 1, 22]

Individual 30:
  Route length: 13166
  Contribution to Diversity: 0.0010122712103948217
  Route: [3, 17, 45, 19, 49, 46, 44, 48, 36, 35, 34, 31, 18, 1, 42, 7, 2, 21, 32, 41, 8, 51, 11, 52, 14, 13, 47, 26, 43, 33, 9, 10, 6, 38, 37, 4, 23, 20, 50, 29, 16, 30, 39, 40, 25, 12, 28, 27, 15, 5, 24, 22]

Individual 31:
  Route length: 13138
  Contribution to Diversity: 0.00039343366538346913
  Route: [1, 23, 50, 20, 29, 16, 13, 26, 40, 39, 35, 36, 34, 48, 24, 45, 19, 2, 7, 42, 21, 3, 17, 37, 5, 15, 6, 30, 18, 31, 4, 25, 12, 28, 27, 47, 14, 52, 11, 51, 33, 10, 32, 49, 38, 43, 9, 8, 41, 46, 44, 22]

Individual 32:
  Route length: 13138
  Contribution to Diversity: 0.0007272199001899793
  Route: [1, 49, 32, 45, 47, 14, 13, 52, 11, 4, 24, 46, 16, 15, 48, 5, 36, 39, 40, 20, 23, 30, 2, 7, 42, 21, 37, 38, 44, 34, 35, 50, 29, 6, 51, 10, 19, 41, 8, 9, 33, 43, 26, 27, 28, 12, 25, 17, 3, 18, 31, 22]

Individual 33:
  Route length: 13154
  Contribution to Diversity: 0.0004682233463988439
  Route: [16, 50, 44, 1, 49, 40, 6, 4, 25, 12, 28, 15, 5, 24, 48, 38, 43, 10, 9, 8, 41, 39, 32, 45, 21, 3, 18, 31, 36, 35, 46, 34, 51, 33, 11, 52, 14, 13, 47, 26, 37, 27, 20, 23, 30, 29, 2, 7, 42, 17, 19, 22]

Individual 34:
  Route length: 13072
  Contribution to Diversity: 0.00018931886550088706
  Route: [44, 34, 36, 35, 39, 6, 15, 5, 37, 17, 3, 21, 2, 42, 7, 4, 25, 12, 28, 13, 49, 32, 38, 16, 29, 20, 50, 30, 18, 1, 23, 40, 26, 27, 47, 14, 52, 11, 51, 33, 9, 43, 10, 8, 41, 19, 45, 24, 48, 46, 31, 22]

Individual 35:
  Route length: 12991
  Contribution to Diversity: 0.00016315935631006084
  Route: [1, 36, 39, 25, 11, 52, 14, 47, 29, 18, 3, 17, 21, 42, 7, 2, 30, 23, 20, 50, 13, 27, 34, 44, 46, 5, 15, 6, 4, 12, 26, 28, 51, 33, 43, 10, 24, 45, 37, 38, 48, 40, 32, 49, 35, 16, 31, 8, 9, 41, 19, 22]

Individual 36:
  Route length: 12817
  Contribution to Diversity: 0.0010973667429592382
  Route: [2, 30, 21, 7, 42, 37, 32, 4, 28, 12, 26, 27, 5, 24, 6, 15, 47, 13, 52, 14, 11, 51, 33, 43, 10, 9, 8, 41, 19, 45, 3, 17, 23, 20, 50, 29, 39, 40, 34, 44, 46, 48, 35, 36, 49, 31, 18, 16, 25, 38, 1, 22]

Individual 37:
  Route length: 12997
  Contribution to Diversity: 0.0011492162973469888
  Route: [1, 35, 19, 45, 10, 9, 41, 8, 44, 46, 49, 32, 24, 5, 4, 37, 40, 38, 48, 34, 36, 39, 6, 15, 25, 12, 28, 16, 27, 26, 47, 43, 33, 51, 11, 52, 14, 13, 42, 21, 18, 20, 50, 29, 7, 2, 30, 23, 3, 17, 31, 22]

Individual 38:
  Route length: 13173
  Contribution to Diversity: 0.0008124096772617051
  Route: [10, 43, 33, 51, 11, 52, 14, 28, 12, 25, 27, 26, 38, 37, 39, 36, 35, 34, 23, 20, 40, 50, 29, 16, 46, 44, 24, 5, 15, 30, 2, 7, 42, 21, 17, 3, 19, 45, 32, 6, 48, 47, 13, 4, 49, 1, 18, 41, 8, 9, 31, 22]

Individual 39:
  Route length: 13144
  Contribution to Diversity: 0.00034743515437263284
  Route: [31, 18, 16, 29, 50, 20, 23, 24, 32, 48, 5, 37, 40, 44, 35, 34, 36, 39, 46, 51, 9, 10, 45, 4, 6, 38, 15, 43, 11, 33, 52, 14, 28, 27, 26, 47, 13, 12, 25, 19, 41, 8, 3, 17, 21, 42, 7, 2, 30, 49, 1, 22]

Individual 40:
  Route length: 12954
  Contribution to Diversity: 0.0012066889416146864
  Route: [1, 49, 3, 18, 51, 11, 52, 14, 27, 26, 47, 13, 28, 12, 25, 41, 8, 9, 10, 43, 33, 31, 45, 19, 17, 21, 50, 38, 39, 42, 7, 2, 30, 23, 32, 40, 37, 24, 5, 15, 6, 16, 35, 20, 29, 34, 44, 46, 4, 48, 36, 22]

Individual 41:
  Route length: 13147
  Contribution to Diversity: 0.00018876013219326637
  Route: [1, 49, 32, 19, 45, 41, 40, 5, 24, 48, 38, 39, 25, 12, 28, 27, 26, 47, 13, 52, 14, 6, 11, 51, 46, 15, 4, 33, 43, 10, 9, 8, 29, 16, 42, 7, 18, 3, 2, 30, 23, 20, 21, 17, 31, 50, 37, 44, 34, 35, 36, 22]

Individual 42:
  Route length: 13134
  Contribution to Diversity: 0.001562431622142313
  Route: [29, 50, 3, 19, 41, 8, 9, 10, 4, 25, 16, 39, 48, 24, 35, 47, 13, 14, 52, 11, 27, 28, 12, 51, 33, 43, 40, 38, 49, 1, 32, 37, 6, 15, 5, 36, 45, 18, 21, 42, 7, 2, 46, 44, 30, 23, 20, 26, 34, 17, 31, 22]

Individual 43:
  Route length: 13107
  Contribution to Diversity: 0.0003398765222373257
  Route: [30, 16, 38, 37, 29, 20, 50, 35, 39, 23, 5, 15, 24, 48, 46, 36, 34, 4, 25, 12, 28, 51, 33, 43, 10, 9, 8, 41, 19, 45, 32, 49, 13, 47, 26, 27, 11, 52, 14, 6, 1, 40, 31, 21, 2, 7, 42, 44, 18, 17, 3, 22]

Individual 44:
  Route length: 13153
  Contribution to Diversity: 0.0008905832944172687
  Route: [19, 41, 8, 9, 10, 43, 33, 51, 25, 4, 6, 49, 12, 1, 5, 24, 48, 38, 15, 39, 36, 28, 26, 27, 47, 13, 14, 52, 11, 34, 37, 35, 30, 23, 31, 18, 3, 32, 45, 40, 20, 50, 29, 16, 46, 44, 42, 21, 17, 2, 7, 22]

Individual 45:
  Route length: 13090
  Contribution to Diversity: 0.0008041894233752345
  Route: [1, 49, 32, 45, 19, 35, 46, 44, 8, 41, 9, 10, 24, 5, 4, 15, 47, 26, 27, 38, 48, 13, 14, 52, 11, 51, 33, 43, 6, 39, 40, 37, 25, 12, 28, 16, 36, 34, 42, 29, 50, 20, 18, 21, 7, 2, 30, 23, 3, 17, 31, 22]

Individual 46:
  Route length: 13132
  Contribution to Diversity: 0.00011500181617662975
  Route: [1, 51, 11, 52, 14, 27, 26, 47, 13, 28, 12, 25, 46, 24, 37, 40, 48, 33, 15, 5, 41, 19, 43, 49, 18, 10, 9, 8, 36, 6, 4, 44, 34, 50, 23, 20, 29, 16, 39, 38, 30, 2, 7, 42, 3, 17, 21, 35, 45, 32, 31, 22]

Individual 47:
  Route length: 13147
  Contribution to Diversity: 0.0005180455090965097
  Route: [1, 44, 29, 30, 42, 7, 2, 32, 48, 45, 19, 3, 51, 11, 52, 14, 27, 26, 47, 13, 28, 12, 25, 4, 6, 15, 5, 24, 37, 40, 49, 21, 17, 18, 41, 39, 38, 20, 23, 16, 36, 8, 9, 10, 43, 33, 31, 46, 35, 34, 50, 22]

Individual 48:
  Route length: 13059
  Contribution to Diversity: 0.00042231308774098864
  Route: [30, 23, 7, 2, 42, 21, 17, 3, 18, 19, 41, 8, 9, 10, 15, 24, 5, 20, 31, 49, 32, 45, 4, 39, 36, 35, 34, 44, 38, 48, 47, 50, 37, 40, 27, 12, 51, 11, 52, 14, 13, 25, 33, 43, 6, 28, 26, 29, 16, 46, 1, 22]

Individual 49:
  Route length: 13149
  Contribution to Diversity: 0.0008898308527660603
  Route: [1, 49, 32, 39, 24, 35, 44, 51, 33, 43, 8, 9, 10, 41, 19, 38, 48, 40, 4, 25, 12, 28, 27, 26, 34, 50, 46, 16, 29, 17, 21, 31, 18, 45, 36, 11, 52, 14, 13, 47, 20, 23, 37, 6, 15, 5, 3, 42, 7, 2, 30, 22]

Individual 50:
  Route length: 13095
  Contribution to Diversity: 0.0004378368695423518
  Route: [1, 23, 50, 20, 29, 16, 13, 26, 40, 39, 35, 36, 34, 48, 24, 45, 19, 42, 7, 2, 21, 3, 17, 37, 5, 15, 6, 30, 18, 31, 4, 25, 12, 28, 27, 47, 14, 52, 11, 51, 33, 10, 8, 9, 43, 38, 49, 32, 41, 46, 44, 22]

Individual 51:
  Route length: 12964
  Contribution to Diversity: 0.0005575435339570944
  Route: [1, 49, 32, 15, 6, 31, 18, 3, 17, 7, 42, 2, 35, 40, 39, 29, 23, 37, 36, 45, 19, 41, 8, 9, 10, 43, 33, 51, 11, 52, 14, 13, 47, 50, 34, 48, 38, 28, 12, 25, 5, 24, 16, 46, 44, 21, 30, 20, 27, 26, 4, 22]

Individual 52:
  Route length: 13193
  Contribution to Diversity: 0.0008787571110424608
  Route: [43, 10, 9, 8, 41, 19, 1, 36, 46, 16, 29, 44, 18, 37, 38, 33, 11, 52, 14, 13, 28, 12, 15, 48, 24, 45, 32, 49, 31, 50, 30, 20, 23, 2, 7, 42, 21, 17, 3, 34, 5, 35, 25, 4, 6, 40, 39, 27, 26, 47, 51, 22]

Individual 53:
  Route length: 13144
  Contribution to Diversity: 0.0005934579753503755
  Route: [38, 48, 24, 5, 40, 41, 45, 19, 32, 49, 1, 31, 50, 20, 23, 30, 2, 3, 17, 21, 18, 7, 42, 16, 29, 8, 9, 10, 43, 33, 4, 15, 46, 37, 44, 34, 35, 39, 51, 11, 6, 12, 28, 27, 26, 47, 13, 52, 14, 25, 36, 22]

Individual 54:
  Route length: 13168
  Contribution to Diversity: 0.0007609055778736717
  Route: [1, 49, 48, 5, 37, 40, 44, 35, 34, 36, 39, 46, 38, 6, 4, 45, 10, 9, 51, 15, 43, 11, 33, 52, 14, 28, 27, 26, 47, 13, 12, 25, 19, 41, 8, 3, 17, 21, 42, 7, 2, 30, 32, 24, 23, 20, 50, 29, 16, 18, 31, 22]

Individual 55:
  Route length: 13167
  Contribution to Diversity: 0.0003946751080388111
  Route: [32, 23, 44, 46, 16, 50, 29, 20, 34, 45, 36, 5, 15, 6, 33, 43, 10, 8, 9, 41, 19, 21, 1, 17, 49, 35, 24, 48, 38, 37, 26, 27, 28, 12, 39, 40, 4, 25, 51, 11, 14, 52, 13, 47, 3, 30, 2, 7, 42, 18, 31, 22]

Individual 56:
  Route length: 13092
  Contribution to Diversity: 0.00019407858900777342
  Route: [3, 17, 21, 15, 5, 4, 6, 40, 49, 1, 50, 38, 39, 41, 18, 51, 11, 52, 14, 27, 26, 47, 13, 28, 12, 25, 24, 37, 19, 33, 43, 10, 9, 8, 36, 35, 48, 23, 30, 2, 7, 42, 32, 45, 31, 20, 29, 16, 46, 34, 44, 22]

Individual 57:
  Route length: 13162
  Contribution to Diversity: 0.0009249187377005086
  Route: [1, 4, 6, 12, 25, 48, 28, 52, 13, 11, 51, 33, 43, 5, 40, 39, 36, 38, 10, 9, 19, 41, 8, 21, 32, 45, 50, 20, 23, 24, 34, 49, 15, 31, 18, 3, 17, 42, 7, 2, 30, 29, 16, 46, 44, 26, 27, 14, 47, 37, 35, 22]

Individual 58:
  Route length: 12994
  Contribution to Diversity: 0.00047094281575610353
  Route: [3, 17, 21, 49, 40, 6, 4, 5, 15, 1, 50, 44, 34, 46, 16, 29, 20, 31, 45, 32, 42, 7, 2, 30, 23, 48, 35, 36, 8, 9, 10, 43, 33, 19, 37, 24, 25, 12, 28, 13, 47, 26, 27, 14, 52, 11, 51, 18, 41, 39, 38, 22]

Individual 59:
  Route length: 13017
  Contribution to Diversity: 0.0011450288138554754
  Route: [1, 49, 32, 45, 10, 9, 8, 18, 31, 3, 19, 41, 39, 23, 29, 12, 25, 4, 6, 15, 5, 24, 26, 47, 13, 14, 52, 27, 28, 11, 51, 33, 40, 30, 2, 42, 7, 21, 17, 16, 46, 50, 35, 36, 34, 44, 43, 20, 37, 48, 38, 22]

Individual 60:
  Route length: 13096
  Contribution to Diversity: 0.0003764201389486743
  Route: [1, 36, 24, 16, 29, 50, 32, 3, 18, 31, 41, 19, 45, 40, 34, 44, 4, 25, 26, 47, 27, 28, 14, 13, 12, 48, 46, 6, 43, 39, 49, 20, 23, 30, 2, 7, 42, 21, 17, 33, 51, 11, 52, 5, 38, 15, 37, 35, 10, 9, 8, 22]

Individual 61:
  Route length: 12899
  Contribution to Diversity: 0.0007227756589180956
  Route: [45, 32, 49, 31, 50, 30, 29, 16, 51, 47, 26, 27, 39, 40, 6, 4, 25, 1, 19, 41, 8, 9, 10, 43, 24, 48, 15, 12, 28, 13, 14, 52, 11, 33, 38, 37, 18, 44, 20, 23, 2, 7, 42, 21, 17, 3, 34, 5, 35, 36, 46, 22]

Individual 62:
  Route length: 13145
  Contribution to Diversity: 0.0005116843793828707
  Route: [1, 49, 32, 19, 45, 41, 40, 5, 24, 48, 38, 31, 29, 16, 42, 7, 18, 21, 17, 3, 2, 30, 23, 20, 50, 8, 9, 10, 43, 33, 4, 15, 46, 37, 44, 34, 35, 39, 51, 11, 6, 12, 28, 27, 26, 47, 13, 52, 14, 25, 36, 22]

Individual 63:
  Route length: 12752
  Contribution to Diversity: 0.0006403401656358554
  Route: [34, 35, 24, 33, 18, 21, 42, 7, 2, 30, 23, 20, 50, 29, 47, 13, 14, 52, 11, 12, 28, 27, 26, 38, 44, 1, 17, 45, 49, 48, 46, 25, 4, 40, 39, 32, 16, 51, 6, 43, 10, 9, 8, 41, 19, 3, 37, 5, 15, 36, 31, 22]

Individual 64:
  Route length: 12930
  Contribution to Diversity: 0.0003904353063948207
  Route: [1, 35, 34, 44, 46, 31, 33, 43, 10, 9, 8, 36, 16, 23, 20, 38, 39, 41, 18, 17, 21, 49, 40, 37, 4, 6, 15, 5, 24, 25, 12, 28, 13, 47, 26, 27, 14, 52, 11, 51, 3, 19, 45, 48, 32, 2, 7, 42, 30, 29, 50, 22]

Individual 65:
  Route length: 13055
  Contribution to Diversity: 0.00023202014938661364
  Route: [1, 37, 3, 19, 41, 8, 9, 10, 43, 36, 5, 24, 39, 40, 4, 25, 38, 27, 28, 12, 11, 52, 14, 13, 47, 26, 48, 46, 44, 15, 33, 34, 16, 29, 50, 20, 23, 30, 2, 7, 42, 21, 17, 51, 6, 31, 45, 18, 49, 32, 35, 22]

Individual 66:
  Route length: 12870
  Contribution to Diversity: 0.0011983201789096398
  Route: [3, 17, 45, 19, 49, 42, 7, 2, 21, 32, 41, 8, 51, 11, 52, 14, 13, 47, 26, 28, 27, 37, 38, 23, 20, 50, 29, 16, 30, 48, 10, 9, 33, 43, 12, 4, 6, 44, 40, 39, 34, 35, 36, 31, 18, 1, 46, 25, 15, 5, 24, 22]

Individual 67:
  Route length: 13155
  Contribution to Diversity: 0.00021811385186421006
  Route: [1, 4, 6, 12, 25, 28, 48, 27, 26, 44, 46, 16, 29, 30, 2, 7, 42, 21, 32, 45, 50, 20, 23, 24, 34, 49, 15, 31, 18, 3, 17, 8, 41, 19, 9, 10, 38, 36, 39, 40, 5, 43, 33, 51, 11, 13, 52, 14, 47, 37, 35, 22]

Individual 68:
  Route length: 13122
  Contribution to Diversity: 0.002180311883809516
  Route: [1, 49, 32, 25, 48, 24, 5, 39, 41, 43, 33, 51, 11, 52, 14, 46, 40, 38, 4, 6, 15, 35, 34, 44, 13, 47, 26, 27, 28, 12, 3, 19, 10, 9, 8, 36, 50, 23, 31, 30, 2, 7, 42, 21, 17, 45, 16, 29, 20, 18, 37, 22]

Individual 69:
  Route length: 13171
  Contribution to Diversity: 0.0007220192570267514
  Route: [1, 49, 32, 45, 19, 8, 41, 9, 10, 34, 35, 36, 39, 40, 46, 44, 43, 33, 6, 18, 38, 31, 24, 37, 16, 29, 51, 11, 52, 14, 13, 47, 26, 27, 28, 12, 4, 15, 50, 20, 23, 42, 7, 3, 17, 21, 30, 2, 5, 48, 25, 22]

Individual 70:
  Route length: 13141
  Contribution to Diversity: 0.0011258130521163423
  Route: [30, 16, 38, 37, 29, 20, 50, 35, 31, 23, 5, 15, 24, 48, 46, 36, 34, 4, 25, 12, 14, 52, 11, 27, 26, 47, 13, 49, 32, 45, 19, 41, 8, 9, 10, 43, 33, 51, 28, 6, 1, 40, 39, 21, 2, 7, 42, 44, 18, 17, 3, 22]

Individual 71:
  Route length: 13107
  Contribution to Diversity: 0.0012977198569350534
  Route: [32, 37, 38, 48, 24, 35, 23, 12, 33, 43, 10, 8, 9, 41, 19, 21, 1, 17, 49, 44, 46, 16, 29, 50, 20, 34, 6, 15, 5, 36, 45, 39, 40, 4, 47, 13, 14, 52, 11, 51, 28, 27, 26, 25, 3, 30, 2, 42, 7, 18, 31, 22]

Individual 72:
  Route length: 13147
  Contribution to Diversity: 0.0015076280296923983
  Route: [1, 49, 32, 36, 34, 44, 45, 35, 3, 31, 18, 43, 10, 9, 8, 33, 51, 11, 26, 47, 13, 14, 52, 27, 28, 46, 50, 23, 39, 16, 20, 38, 37, 40, 30, 2, 7, 42, 21, 17, 48, 29, 12, 25, 4, 6, 15, 5, 24, 19, 41, 22]

Individual 73:
  Route length: 13153
  Contribution to Diversity: 0.0002853510086575639
  Route: [32, 23, 42, 7, 2, 30, 3, 47, 13, 52, 14, 11, 51, 25, 4, 40, 39, 45, 36, 5, 15, 6, 33, 43, 10, 8, 9, 41, 19, 21, 1, 17, 49, 35, 24, 48, 38, 37, 26, 27, 28, 12, 34, 20, 29, 50, 16, 46, 44, 18, 31, 22]

Individual 74:
  Route length: 13048
  Contribution to Diversity: 0.0003098388951237041
  Route: [34, 36, 32, 13, 47, 26, 27, 25, 12, 28, 52, 14, 35, 49, 1, 45, 19, 41, 8, 9, 10, 44, 46, 43, 33, 51, 11, 4, 6, 37, 39, 40, 24, 5, 15, 31, 18, 3, 23, 20, 50, 29, 16, 48, 38, 17, 30, 2, 7, 42, 21, 22]

Individual 75:
  Route length: 12959
  Contribution to Diversity: 0.000697835422759141
  Route: [1, 25, 43, 49, 32, 45, 10, 9, 8, 35, 50, 44, 46, 16, 20, 31, 34, 39, 6, 15, 33, 4, 18, 3, 17, 21, 42, 7, 2, 30, 23, 29, 5, 24, 12, 28, 14, 13, 27, 26, 47, 52, 11, 51, 48, 38, 19, 41, 37, 40, 36, 22]

Individual 76:
  Route length: 13057
  Contribution to Diversity: 0.0005223325627161657
  Route: [1, 37, 3, 19, 41, 8, 9, 10, 43, 36, 5, 24, 39, 40, 4, 25, 38, 27, 28, 12, 11, 52, 14, 13, 47, 26, 48, 46, 44, 15, 33, 34, 16, 29, 50, 20, 23, 30, 2, 7, 42, 21, 17, 6, 51, 31, 45, 18, 49, 32, 35, 22]

Individual 77:
  Route length: 12926
  Contribution to Diversity: 0.00044064667250065526
  Route: [1, 36, 24, 16, 29, 50, 32, 3, 18, 31, 19, 41, 45, 5, 52, 11, 51, 33, 17, 21, 42, 7, 2, 30, 23, 20, 49, 39, 43, 8, 9, 10, 35, 37, 15, 38, 40, 34, 44, 46, 48, 12, 13, 14, 28, 27, 47, 26, 25, 4, 6, 22]

Individual 78:
  Route length: 13121
  Contribution to Diversity: 0.0010123316703563034
  Route: [1, 49, 32, 45, 19, 8, 41, 9, 10, 34, 35, 36, 39, 40, 18, 6, 33, 43, 44, 46, 38, 31, 24, 37, 16, 29, 51, 11, 52, 14, 13, 47, 26, 27, 28, 12, 4, 15, 50, 20, 23, 42, 7, 3, 17, 21, 30, 2, 5, 48, 25, 22]

Individual 79:
  Route length: 13031
  Contribution to Diversity: 0.0006083251322648309
  Route: [1, 44, 32, 38, 34, 35, 6, 15, 28, 12, 25, 5, 24, 16, 46, 27, 13, 14, 52, 11, 51, 33, 43, 10, 9, 8, 41, 19, 45, 29, 23, 37, 49, 2, 48, 4, 26, 47, 50, 20, 30, 21, 7, 42, 17, 3, 18, 31, 40, 39, 36, 22]

Individual 80:
  Route length: 12589
  Contribution to Diversity: 0
  Route: [50, 20, 49, 1, 29, 16, 46, 24, 5, 48, 44, 26, 27, 28, 12, 25, 43, 33, 9, 4, 6, 35, 34, 37, 38, 15, 40, 36, 39, 32, 23, 30, 42, 7, 2, 21, 17, 10, 11, 52, 14, 13, 47, 51, 8, 41, 19, 45, 3, 18, 31, 22]

Individual 81:
  Route length: 12978
  Contribution to Diversity: 0.0011153805424539698
  Route: [1, 39, 40, 34, 17, 45, 49, 48, 46, 25, 4, 35, 24, 33, 18, 21, 42, 7, 2, 30, 23, 20, 50, 29, 47, 13, 14, 52, 11, 12, 28, 27, 26, 38, 44, 32, 16, 51, 6, 43, 10, 9, 8, 41, 19, 3, 37, 5, 15, 36, 31, 22]

Individual 82:
  Route length: 13186
  Contribution to Diversity: 0.0003980317774123776
  Route: [1, 36, 24, 16, 29, 50, 32, 3, 18, 31, 41, 19, 45, 40, 34, 44, 4, 25, 26, 47, 27, 28, 14, 13, 12, 48, 46, 6, 43, 39, 49, 20, 23, 30, 2, 7, 42, 21, 17, 33, 51, 11, 52, 5, 35, 37, 15, 38, 10, 9, 8, 22]

Individual 83:
  Route length: 12938
  Contribution to Diversity: 0
  Route: [1, 31, 18, 45, 19, 21, 42, 7, 2, 30, 23, 20, 50, 29, 16, 3, 17, 41, 8, 36, 39, 40, 37, 38, 43, 33, 51, 4, 32, 25, 52, 14, 28, 27, 47, 26, 13, 12, 11, 46, 44, 9, 10, 48, 6, 15, 5, 24, 49, 34, 35, 22]

Individual 84:
  Route length: 12952
  Contribution to Diversity: 0
  Route: [1, 49, 19, 41, 7, 2, 21, 17, 3, 18, 31, 29, 23, 30, 42, 50, 4, 6, 24, 5, 15, 48, 38, 37, 46, 44, 16, 40, 39, 20, 34, 35, 36, 8, 9, 10, 43, 12, 25, 32, 45, 33, 51, 11, 26, 47, 13, 14, 52, 27, 28, 22]

Individual 85:
  Route length: 13007
  Contribution to Diversity: 0.0011670116776594242
  Route: [40, 31, 18, 41, 8, 9, 38, 44, 35, 23, 20, 50, 34, 49, 1, 26, 27, 28, 12, 25, 5, 15, 6, 48, 24, 46, 37, 10, 43, 33, 51, 11, 52, 14, 16, 29, 30, 2, 7, 42, 21, 17, 3, 19, 45, 32, 4, 13, 47, 36, 39, 22]

Individual 86:
  Route length: 11951
  Contribution to Diversity: 0
  Route: [1, 31, 20, 16, 49, 8, 9, 10, 12, 28, 27, 26, 47, 13, 14, 52, 11, 51, 4, 46, 44, 34, 39, 40, 43, 33, 24, 5, 15, 45, 32, 41, 19, 38, 48, 18, 3, 17, 21, 7, 42, 2, 30, 23, 29, 35, 36, 6, 25, 37, 50, 22]

Individual 87:
  Route length: 12986
  Contribution to Diversity: 0.0001571308000816174
  Route: [1, 49, 32, 16, 27, 26, 47, 34, 44, 36, 41, 8, 9, 10, 45, 19, 39, 46, 35, 40, 37, 38, 48, 24, 6, 4, 5, 15, 25, 12, 23, 28, 29, 50, 20, 30, 2, 7, 42, 21, 18, 3, 17, 43, 33, 51, 11, 52, 14, 13, 31, 22]

Individual 88:
  Route length: 13185
  Contribution to Diversity: 0.0016425833648323618
  Route: [1, 33, 51, 24, 38, 37, 34, 17, 3, 44, 46, 40, 8, 9, 10, 43, 6, 12, 28, 27, 26, 47, 13, 14, 52, 11, 48, 5, 15, 31, 18, 16, 23, 7, 2, 30, 29, 20, 50, 42, 21, 35, 36, 25, 4, 39, 41, 19, 45, 32, 49, 22]

Individual 89:
  Route length: 13110
  Contribution to Diversity: 0.00044991304771624385
  Route: [1, 36, 24, 16, 29, 50, 32, 3, 18, 31, 41, 19, 45, 40, 34, 44, 4, 25, 26, 47, 27, 28, 14, 13, 12, 48, 46, 6, 43, 39, 49, 20, 23, 30, 2, 7, 42, 21, 17, 33, 51, 11, 52, 5, 38, 35, 37, 15, 10, 9, 8, 22]

Individual 90:
  Route length: 13113
  Contribution to Diversity: 0.00013888545061124802
  Route: [1, 51, 11, 52, 14, 27, 26, 47, 13, 28, 12, 25, 46, 24, 37, 40, 48, 33, 15, 5, 41, 18, 49, 43, 19, 10, 9, 8, 36, 6, 4, 44, 34, 50, 23, 20, 29, 16, 39, 38, 30, 2, 7, 42, 3, 17, 21, 35, 45, 32, 31, 22]

Individual 91:
  Route length: 13049
  Contribution to Diversity: 0.0014269919179383805
  Route: [1, 36, 39, 40, 32, 49, 35, 38, 48, 6, 15, 24, 26, 27, 28, 47, 25, 51, 33, 43, 10, 5, 34, 45, 37, 44, 31, 18, 3, 17, 21, 42, 7, 2, 30, 23, 20, 50, 13, 14, 52, 11, 4, 12, 29, 16, 46, 8, 41, 19, 9, 22]

Individual 92:
  Route length: 12863
  Contribution to Diversity: 0.0002502772838504086
  Route: [45, 32, 49, 31, 50, 30, 29, 16, 46, 36, 35, 5, 34, 3, 17, 21, 42, 7, 2, 23, 20, 44, 18, 37, 24, 48, 15, 12, 28, 13, 14, 52, 11, 33, 38, 43, 10, 9, 8, 41, 19, 1, 25, 4, 6, 40, 39, 27, 26, 47, 51, 22]

Individual 93:
  Route length: 13067
  Contribution to Diversity: 8.263304793221238e-05
  Route: [16, 29, 30, 23, 50, 49, 1, 44, 40, 28, 12, 25, 4, 6, 15, 5, 24, 48, 39, 41, 8, 9, 10, 43, 35, 36, 19, 17, 42, 7, 2, 20, 27, 46, 34, 26, 47, 13, 14, 52, 11, 33, 51, 37, 38, 32, 45, 21, 3, 18, 31, 22]

Individual 94:
  Route length: 12911
  Contribution to Diversity: 0.0003215593871601641
  Route: [1, 36, 24, 16, 29, 50, 32, 3, 18, 31, 19, 41, 45, 5, 12, 13, 14, 28, 27, 47, 26, 25, 4, 6, 43, 48, 52, 11, 51, 33, 17, 21, 42, 7, 2, 30, 23, 20, 49, 39, 46, 44, 34, 40, 38, 15, 37, 35, 10, 9, 8, 22]

Individual 95:
  Route length: 13196
  Contribution to Diversity: 0.001353186295907527
  Route: [50, 21, 45, 19, 3, 46, 5, 26, 27, 28, 12, 25, 4, 6, 15, 38, 48, 47, 13, 14, 52, 11, 24, 16, 29, 1, 49, 32, 17, 44, 34, 35, 36, 39, 40, 37, 7, 42, 2, 30, 23, 20, 51, 33, 43, 8, 10, 9, 41, 18, 31, 22]

Individual 96:
  Route length: 12865
  Contribution to Diversity: 0.0007876171046081737
  Route: [1, 23, 50, 20, 46, 44, 18, 30, 6, 15, 39, 35, 36, 34, 40, 5, 37, 17, 3, 21, 2, 7, 42, 4, 25, 12, 28, 27, 47, 14, 52, 11, 51, 33, 10, 9, 43, 8, 41, 19, 45, 24, 48, 26, 13, 38, 32, 49, 16, 29, 31, 22]

Individual 97:
  Route length: 13040
  Contribution to Diversity: 0.0005602554749870592
  Route: [1, 49, 3, 31, 18, 43, 10, 9, 8, 41, 17, 21, 42, 2, 7, 30, 40, 38, 37, 34, 44, 45, 39, 23, 29, 12, 25, 4, 6, 28, 27, 52, 14, 13, 47, 26, 11, 51, 33, 20, 16, 46, 50, 19, 35, 32, 36, 48, 24, 5, 15, 22]

Individual 98:
  Route length: 12947
  Contribution to Diversity: 0.0006853943878351032
  Route: [1, 36, 24, 16, 29, 50, 46, 39, 49, 20, 23, 30, 2, 7, 42, 21, 17, 33, 51, 11, 52, 48, 43, 6, 4, 25, 26, 47, 27, 28, 14, 13, 12, 5, 45, 41, 19, 31, 18, 3, 32, 44, 34, 40, 38, 15, 37, 35, 10, 9, 8, 22]

Individual 99:
  Route length: 13141
  Contribution to Diversity: 0.0013025666958164095
  Route: [1, 24, 15, 44, 46, 16, 29, 50, 36, 35, 34, 6, 4, 5, 25, 27, 20, 3, 18, 32, 45, 21, 7, 42, 2, 30, 23, 17, 19, 9, 10, 43, 51, 33, 11, 52, 14, 13, 26, 47, 12, 28, 8, 41, 39, 40, 37, 38, 48, 49, 31, 22]

Individual 100:
  Route length: 12856
  Contribution to Diversity: 0.00023244700388769246
  Route: [42, 7, 2, 30, 23, 20, 29, 16, 46, 34, 44, 50, 1, 32, 45, 33, 43, 10, 9, 8, 36, 35, 31, 48, 19, 6, 4, 25, 12, 28, 13, 47, 26, 27, 52, 14, 11, 51, 40, 37, 24, 5, 15, 3, 17, 21, 49, 18, 41, 38, 39, 22]

Individual 101:
  Route length: 11932
  Contribution to Diversity: 0
  Route: [18, 3, 17, 21, 7, 42, 2, 30, 23, 29, 35, 36, 6, 25, 37, 50, 49, 16, 20, 31, 1, 48, 38, 19, 41, 32, 45, 15, 5, 24, 33, 43, 40, 39, 34, 44, 46, 4, 51, 11, 52, 14, 13, 47, 26, 27, 28, 12, 10, 9, 8, 22]

Individual 102:
  Route length: 13115
  Contribution to Diversity: 0.0005755326900951374
  Route: [32, 23, 44, 46, 16, 50, 29, 20, 34, 45, 36, 5, 15, 6, 33, 43, 10, 8, 9, 41, 19, 21, 1, 18, 42, 7, 2, 30, 3, 47, 13, 52, 14, 11, 51, 25, 4, 40, 39, 12, 28, 27, 26, 37, 38, 48, 24, 35, 49, 17, 31, 22]

Individual 103:
  Route length: 13064
  Contribution to Diversity: 0.0005718118865791766
  Route: [29, 50, 20, 34, 26, 44, 47, 13, 14, 11, 52, 27, 28, 12, 51, 33, 43, 4, 25, 36, 45, 18, 21, 42, 2, 7, 46, 35, 24, 48, 38, 37, 6, 15, 5, 16, 1, 49, 32, 39, 40, 10, 9, 8, 19, 41, 3, 30, 31, 17, 23, 22]

Individual 104:
  Route length: 12549
  Contribution to Diversity: 0
  Route: [1, 31, 20, 16, 49, 8, 9, 45, 15, 5, 24, 33, 43, 40, 39, 34, 44, 46, 4, 51, 11, 52, 14, 13, 47, 26, 27, 28, 12, 10, 32, 41, 19, 38, 48, 18, 3, 17, 21, 7, 42, 2, 30, 23, 29, 35, 36, 6, 25, 37, 50, 22]

Individual 105:
  Route length: 13093
  Contribution to Diversity: 0
  Route: [30, 37, 38, 16, 29, 20, 50, 23, 40, 42, 7, 2, 21, 34, 44, 39, 18, 17, 3, 48, 46, 31, 14, 52, 11, 27, 26, 47, 13, 12, 28, 51, 33, 43, 10, 9, 8, 41, 19, 45, 32, 49, 25, 4, 15, 24, 36, 35, 5, 6, 1, 22]

Individual 106:
  Route length: 13084
  Contribution to Diversity: 0
  Route: [1, 49, 3, 31, 18, 43, 10, 9, 8, 41, 17, 21, 42, 7, 2, 30, 40, 19, 50, 45, 39, 23, 29, 12, 25, 4, 6, 28, 27, 52, 14, 13, 47, 26, 11, 51, 33, 20, 16, 46, 44, 34, 37, 38, 35, 32, 36, 48, 24, 5, 15, 22]

Individual 107:
  Route length: 13044
  Contribution to Diversity: 0.0007464531345320324
  Route: [29, 50, 20, 34, 26, 44, 47, 13, 14, 11, 52, 27, 28, 12, 51, 33, 43, 4, 25, 36, 16, 5, 15, 6, 37, 38, 48, 24, 35, 46, 7, 2, 42, 21, 18, 45, 1, 49, 32, 39, 40, 10, 9, 8, 19, 41, 3, 30, 31, 17, 23, 22]

Individual 108:
  Route length: 13176
  Contribution to Diversity: 0.0010088243497863303
  Route: [1, 46, 16, 29, 26, 28, 12, 25, 6, 47, 4, 33, 51, 13, 14, 52, 11, 15, 10, 9, 8, 41, 19, 50, 20, 48, 24, 27, 40, 37, 39, 36, 35, 34, 44, 38, 5, 43, 45, 32, 49, 30, 23, 7, 2, 42, 21, 17, 3, 18, 31, 22]

Individual 109:
  Route length: 12819
  Contribution to Diversity: 0.0009219043501644819
  Route: [1, 4, 6, 15, 32, 45, 50, 20, 23, 24, 34, 44, 21, 31, 18, 3, 17, 8, 41, 19, 9, 10, 49, 46, 16, 29, 30, 2, 7, 42, 26, 27, 28, 48, 25, 35, 38, 36, 39, 40, 5, 43, 33, 51, 11, 13, 52, 14, 47, 12, 37, 22]

Individual 110:
  Route length: 13189
  Contribution to Diversity: 0
  Route: [30, 37, 38, 16, 29, 20, 50, 23, 40, 42, 7, 2, 21, 34, 44, 31, 46, 48, 3, 17, 18, 5, 6, 1, 14, 52, 11, 12, 13, 47, 26, 27, 28, 51, 33, 43, 10, 9, 8, 41, 19, 45, 32, 49, 25, 4, 15, 24, 36, 35, 39, 22]

Individual 111:
  Route length: 12870
  Contribution to Diversity: 0
  Route: [1, 31, 18, 45, 19, 21, 42, 7, 2, 30, 23, 20, 50, 29, 16, 3, 17, 41, 8, 36, 32, 4, 51, 33, 43, 38, 37, 40, 39, 25, 52, 14, 28, 27, 47, 26, 13, 12, 11, 46, 44, 9, 10, 48, 6, 15, 5, 24, 49, 34, 35, 22]

Individual 112:
  Route length: 12315
  Contribution to Diversity: 0
  Route: [30, 37, 38, 16, 29, 20, 50, 23, 40, 5, 6, 1, 14, 52, 11, 12, 13, 47, 26, 27, 28, 51, 33, 43, 10, 9, 8, 41, 19, 45, 32, 49, 25, 4, 15, 24, 36, 35, 39, 44, 34, 21, 2, 7, 42, 18, 17, 3, 48, 46, 31, 22]

Individual 113:
  Route length: 12375
  Contribution to Diversity: 0
  Route: [1, 31, 20, 16, 49, 30, 23, 29, 35, 36, 6, 25, 37, 50, 2, 42, 7, 21, 17, 3, 18, 48, 38, 19, 41, 32, 45, 15, 5, 24, 33, 43, 40, 39, 34, 44, 46, 4, 51, 11, 52, 14, 13, 47, 26, 27, 28, 12, 10, 9, 8, 22]

Individual 114:
  Route length: 13122
  Contribution to Diversity: 4.0270281906451544e-05
  Route: [1, 51, 11, 52, 14, 27, 26, 47, 13, 28, 12, 25, 4, 6, 36, 31, 32, 18, 49, 43, 19, 41, 5, 15, 33, 48, 40, 45, 35, 21, 17, 3, 42, 7, 2, 30, 23, 20, 29, 16, 34, 50, 38, 39, 44, 46, 24, 37, 10, 9, 8, 22]

Individual 115:
  Route length: 13114
  Contribution to Diversity: 0.0010338926546751281
  Route: [1, 25, 43, 49, 32, 45, 10, 9, 8, 35, 50, 44, 46, 16, 20, 31, 34, 39, 41, 19, 38, 48, 51, 11, 52, 47, 26, 27, 13, 14, 28, 12, 24, 5, 29, 23, 21, 42, 7, 2, 30, 17, 3, 18, 4, 33, 15, 6, 37, 40, 36, 22]

Individual 116:
  Route length: 13007
  Contribution to Diversity: 0.0003238590274303732
  Route: [1, 23, 50, 20, 29, 16, 49, 48, 24, 45, 19, 41, 8, 43, 9, 10, 33, 51, 11, 52, 14, 47, 27, 28, 12, 25, 4, 42, 7, 2, 21, 3, 17, 37, 5, 40, 26, 13, 6, 15, 35, 39, 36, 34, 32, 38, 30, 18, 44, 46, 31, 22]

Individual 117:
  Route length: 12753
  Contribution to Diversity: 0
  Route: [30, 37, 38, 16, 29, 20, 50, 23, 40, 5, 6, 1, 14, 52, 11, 33, 51, 28, 27, 26, 47, 13, 12, 43, 10, 9, 8, 41, 19, 45, 32, 49, 25, 4, 15, 24, 36, 35, 39, 44, 34, 21, 2, 7, 42, 18, 17, 3, 48, 46, 31, 22]

Individual 118:
  Route length: 12854
  Contribution to Diversity: 0.00016239206528201322
  Route: [19, 41, 8, 9, 10, 43, 33, 51, 25, 4, 6, 49, 34, 11, 52, 14, 13, 47, 26, 27, 28, 36, 39, 15, 38, 48, 24, 5, 1, 12, 37, 35, 46, 16, 29, 50, 20, 40, 45, 32, 3, 18, 31, 23, 30, 44, 42, 21, 17, 2, 7, 22]

Individual 119:
  Route length: 13138
  Contribution to Diversity: 0.0006250089245325441
  Route: [29, 50, 20, 34, 26, 3, 21, 42, 7, 2, 18, 45, 36, 5, 15, 25, 4, 43, 33, 51, 12, 28, 27, 11, 52, 14, 13, 47, 35, 24, 37, 16, 1, 49, 32, 39, 38, 48, 6, 40, 10, 9, 8, 41, 19, 46, 44, 30, 31, 17, 23, 22]

Individual 120:
  Route length: 13111
  Contribution to Diversity: 0.0002948447479065308
  Route: [33, 51, 11, 26, 47, 13, 14, 52, 27, 28, 6, 4, 25, 12, 29, 23, 39, 45, 50, 19, 40, 30, 2, 7, 42, 21, 17, 41, 8, 9, 10, 43, 18, 31, 3, 49, 1, 20, 16, 46, 44, 34, 37, 38, 35, 32, 36, 48, 24, 5, 15, 22]

Individual 121:
  Route length: 13007
  Contribution to Diversity: 0.000904880401160213
  Route: [45, 32, 49, 31, 50, 30, 29, 16, 46, 25, 1, 19, 41, 8, 9, 10, 43, 38, 33, 11, 52, 14, 13, 28, 12, 15, 48, 24, 37, 18, 44, 20, 23, 2, 7, 42, 21, 17, 3, 34, 5, 35, 36, 4, 6, 40, 39, 27, 26, 47, 51, 22]

Individual 122:
  Route length: 13023
  Contribution to Diversity: 0.0004985310284633115
  Route: [1, 49, 3, 31, 18, 43, 10, 9, 8, 41, 17, 21, 42, 2, 7, 30, 40, 38, 37, 44, 34, 45, 39, 23, 29, 12, 25, 4, 6, 28, 27, 52, 14, 13, 47, 26, 11, 51, 33, 20, 16, 46, 50, 19, 35, 32, 36, 48, 24, 5, 15, 22]

Individual 123:
  Route length: 13053
  Contribution to Diversity: 0.00044536818819285173
  Route: [29, 50, 20, 34, 48, 36, 45, 18, 21, 42, 2, 7, 46, 44, 11, 52, 14, 13, 47, 35, 24, 33, 43, 4, 25, 51, 12, 28, 27, 26, 38, 37, 6, 15, 5, 16, 1, 49, 32, 39, 40, 10, 9, 8, 41, 19, 3, 31, 30, 17, 23, 22]

Individual 124:
  Route length: 13197
  Contribution to Diversity: 0.0010350325352552758
  Route: [29, 50, 20, 34, 26, 3, 21, 42, 7, 2, 18, 45, 36, 5, 15, 25, 4, 43, 33, 51, 12, 28, 27, 11, 52, 14, 13, 47, 35, 24, 48, 38, 39, 32, 49, 1, 16, 37, 6, 40, 9, 10, 8, 41, 19, 46, 44, 30, 31, 17, 23, 22]

Individual 125:
  Route length: 12584
  Contribution to Diversity: 0
  Route: [30, 37, 38, 16, 29, 20, 50, 23, 40, 5, 6, 1, 14, 52, 11, 12, 13, 47, 26, 27, 28, 51, 33, 43, 10, 9, 8, 41, 19, 45, 32, 49, 25, 4, 15, 24, 36, 35, 39, 31, 46, 48, 3, 17, 18, 42, 7, 2, 21, 34, 44, 22]

Individual 126:
  Route length: 13187
  Contribution to Diversity: 0.0005812199117611883
  Route: [1, 23, 50, 20, 29, 16, 49, 31, 46, 44, 18, 30, 38, 32, 34, 36, 39, 35, 15, 6, 13, 26, 40, 5, 37, 17, 3, 21, 2, 7, 42, 4, 25, 12, 28, 27, 47, 14, 52, 11, 51, 33, 10, 9, 43, 8, 41, 19, 45, 24, 48, 22]

Individual 127:
  Route length: 12894
  Contribution to Diversity: 0.0002906022952924303
  Route: [1, 45, 24, 10, 43, 33, 51, 28, 26, 12, 4, 6, 15, 5, 46, 44, 34, 27, 13, 50, 20, 23, 30, 2, 7, 42, 21, 17, 3, 18, 29, 47, 14, 52, 11, 25, 39, 36, 37, 38, 48, 40, 32, 49, 35, 16, 31, 8, 9, 41, 19, 22]

Individual 128:
  Route length: 13124
  Contribution to Diversity: 0.0004340884865134953
  Route: [20, 50, 29, 32, 24, 26, 27, 5, 38, 34, 35, 36, 49, 45, 19, 41, 8, 9, 10, 43, 33, 51, 11, 52, 14, 13, 47, 6, 15, 31, 18, 16, 4, 28, 12, 25, 37, 42, 7, 21, 30, 2, 23, 17, 3, 39, 40, 48, 46, 44, 1, 22]

Individual 129:
  Route length: 13025
  Contribution to Diversity: 0
  Route: [1, 51, 11, 52, 14, 27, 26, 47, 13, 28, 12, 25, 4, 6, 36, 8, 9, 10, 37, 24, 46, 44, 39, 38, 50, 34, 16, 29, 20, 23, 30, 2, 7, 42, 3, 17, 21, 19, 41, 5, 15, 33, 48, 40, 45, 35, 43, 49, 18, 32, 31, 22]

Individual 130:
  Route length: 12974
  Contribution to Diversity: 1.4077219058883372e-05
  Route: [1, 31, 18, 36, 9, 10, 34, 44, 46, 25, 17, 3, 27, 28, 11, 52, 14, 26, 47, 13, 12, 5, 24, 49, 32, 45, 41, 8, 19, 39, 35, 15, 6, 4, 51, 33, 43, 38, 37, 40, 16, 29, 50, 20, 23, 30, 2, 7, 42, 21, 48, 22]

Individual 131:
  Route length: 13143
  Contribution to Diversity: 0.001202626289833475
  Route: [31, 29, 30, 50, 23, 38, 37, 25, 4, 40, 6, 8, 41, 19, 45, 32, 48, 15, 51, 11, 10, 9, 33, 43, 26, 47, 13, 14, 52, 27, 28, 12, 46, 16, 5, 49, 1, 18, 3, 17, 21, 42, 7, 2, 39, 35, 34, 44, 24, 20, 36, 22]

Individual 132:
  Route length: 13054
  Contribution to Diversity: 0
  Route: [30, 37, 38, 8, 9, 10, 43, 33, 51, 28, 27, 26, 47, 13, 12, 11, 52, 14, 1, 6, 5, 40, 23, 50, 20, 29, 16, 41, 19, 45, 32, 49, 25, 4, 15, 24, 36, 35, 39, 44, 34, 21, 2, 7, 42, 18, 17, 3, 48, 46, 31, 22]

Individual 133:
  Route length: 12877
  Contribution to Diversity: 0
  Route: [30, 37, 38, 16, 29, 20, 50, 23, 40, 5, 6, 1, 14, 52, 11, 33, 51, 28, 27, 26, 47, 13, 12, 43, 10, 9, 8, 41, 19, 45, 32, 49, 25, 15, 4, 24, 36, 35, 39, 44, 34, 21, 2, 7, 42, 18, 17, 3, 48, 46, 31, 22]

Individual 134:
  Route length: 12836
  Contribution to Diversity: 0.00025932758540303524
  Route: [1, 31, 18, 36, 9, 10, 34, 40, 37, 38, 43, 33, 51, 4, 6, 15, 35, 39, 19, 8, 41, 45, 32, 49, 24, 5, 12, 13, 47, 26, 14, 52, 11, 28, 27, 3, 17, 25, 46, 44, 16, 29, 50, 20, 23, 30, 2, 7, 42, 21, 48, 22]

Individual 135:
  Route length: 13038
  Contribution to Diversity: 0.00012048112980789227
  Route: [1, 51, 11, 52, 14, 27, 26, 47, 13, 28, 12, 25, 4, 6, 36, 31, 32, 18, 49, 45, 40, 48, 33, 15, 5, 41, 19, 43, 35, 21, 17, 3, 42, 7, 2, 30, 23, 20, 29, 16, 34, 50, 38, 39, 44, 46, 24, 37, 10, 9, 8, 22]

Individual 136:
  Route length: 13075
  Contribution to Diversity: 0.0008421378861491746
  Route: [29, 50, 20, 34, 26, 44, 47, 13, 14, 11, 52, 27, 28, 12, 51, 33, 43, 4, 25, 39, 32, 49, 1, 16, 5, 15, 6, 37, 38, 48, 24, 35, 46, 7, 2, 42, 21, 18, 45, 36, 40, 10, 9, 8, 19, 41, 3, 30, 31, 17, 23, 22]

Individual 137:
  Route length: 13042
  Contribution to Diversity: 0.0007175140509323441
  Route: [1, 44, 32, 38, 34, 36, 39, 40, 31, 18, 3, 17, 42, 7, 21, 30, 20, 50, 47, 26, 4, 48, 2, 49, 37, 23, 29, 45, 19, 41, 8, 9, 10, 43, 33, 51, 11, 52, 14, 13, 27, 46, 16, 24, 5, 25, 12, 28, 15, 6, 35, 22]

Individual 138:
  Route length: 13183
  Contribution to Diversity: 0
  Route: [1, 4, 6, 12, 25, 28, 48, 27, 26, 44, 46, 16, 29, 30, 2, 7, 42, 21, 49, 34, 24, 23, 20, 50, 45, 32, 15, 31, 18, 3, 17, 8, 41, 19, 9, 10, 38, 36, 39, 40, 5, 43, 33, 51, 11, 13, 52, 14, 47, 37, 35, 22]

Individual 139:
  Route length: 13016
  Contribution to Diversity: 0
  Route: [50, 20, 49, 1, 29, 16, 46, 24, 5, 48, 44, 26, 27, 28, 12, 25, 43, 33, 9, 4, 6, 35, 34, 45, 19, 41, 8, 51, 47, 13, 14, 52, 11, 10, 17, 21, 2, 7, 42, 30, 23, 32, 39, 36, 40, 15, 38, 37, 3, 18, 31, 22]

Individual 140:
  Route length: 12397
  Contribution to Diversity: 0
  Route: [1, 31, 37, 25, 6, 36, 35, 29, 23, 30, 2, 42, 7, 21, 17, 3, 18, 48, 38, 19, 41, 32, 10, 12, 28, 27, 26, 47, 13, 14, 52, 11, 51, 4, 46, 44, 34, 39, 40, 43, 33, 24, 5, 15, 45, 9, 8, 49, 16, 20, 50, 22]

Individual 141:
  Route length: 13051
  Contribution to Diversity: 0.0008061284000770996
  Route: [1, 49, 38, 48, 24, 6, 4, 5, 15, 25, 12, 23, 28, 29, 50, 20, 30, 2, 7, 42, 21, 18, 3, 17, 36, 44, 34, 47, 26, 27, 16, 32, 37, 40, 35, 46, 39, 19, 45, 10, 9, 8, 41, 43, 33, 51, 11, 52, 14, 13, 31, 22]

Individual 142:
  Route length: 13120
  Contribution to Diversity: 0.0002585742786092027
  Route: [1, 49, 19, 41, 7, 2, 21, 18, 3, 17, 31, 29, 23, 30, 42, 50, 4, 6, 24, 5, 15, 48, 38, 37, 46, 44, 16, 40, 39, 20, 34, 35, 36, 8, 9, 10, 43, 12, 25, 32, 45, 33, 51, 11, 26, 47, 13, 14, 52, 27, 28, 22]

Individual 143:
  Route length: 12889
  Contribution to Diversity: 2.1498273579112492e-06
  Route: [50, 20, 49, 1, 5, 24, 46, 16, 29, 48, 44, 26, 27, 28, 12, 25, 43, 33, 9, 4, 6, 35, 34, 37, 38, 15, 40, 36, 39, 32, 23, 30, 42, 7, 2, 21, 17, 10, 11, 52, 14, 13, 47, 51, 8, 41, 19, 45, 3, 18, 31, 22]

Individual 144:
  Route length: 13024
  Contribution to Diversity: 0.0006137936784913478
  Route: [44, 33, 43, 10, 9, 8, 41, 23, 21, 17, 3, 18, 31, 7, 2, 30, 42, 38, 24, 28, 27, 26, 46, 16, 47, 35, 36, 39, 40, 5, 4, 6, 15, 37, 25, 12, 51, 11, 52, 14, 13, 34, 48, 29, 50, 20, 19, 45, 32, 49, 1, 22]

Individual 145:
  Route length: 11858
  Contribution to Diversity: 0
  Route: [18, 3, 17, 21, 7, 42, 2, 30, 20, 16, 49, 50, 37, 25, 6, 36, 35, 29, 23, 31, 1, 48, 38, 19, 41, 32, 45, 15, 5, 24, 33, 43, 40, 39, 34, 44, 46, 4, 51, 11, 52, 14, 13, 47, 26, 27, 28, 12, 10, 9, 8, 22]

Individual 146:
  Route length: 12028
  Contribution to Diversity: 0
  Route: [1, 31, 20, 16, 49, 8, 9, 10, 12, 28, 27, 26, 47, 13, 14, 52, 11, 51, 4, 46, 44, 34, 39, 40, 43, 33, 24, 5, 15, 6, 36, 35, 29, 23, 30, 2, 42, 7, 21, 17, 3, 18, 48, 38, 19, 41, 32, 45, 25, 37, 50, 22]

Individual 147:
  Route length: 13148
  Contribution to Diversity: 0.0012011342659743462
  Route: [3, 17, 45, 19, 49, 46, 44, 30, 16, 29, 50, 20, 23, 4, 37, 38, 6, 10, 9, 33, 43, 26, 47, 13, 14, 52, 11, 51, 8, 41, 32, 21, 2, 7, 42, 1, 18, 31, 34, 35, 36, 48, 39, 15, 27, 28, 12, 25, 40, 5, 24, 22]

Individual 148:
  Route length: 13186
  Contribution to Diversity: 0.0008302975838399007
  Route: [1, 4, 6, 15, 32, 45, 50, 20, 37, 25, 48, 28, 27, 26, 42, 7, 2, 30, 29, 16, 46, 49, 10, 9, 19, 41, 8, 17, 3, 18, 31, 21, 44, 34, 24, 23, 12, 47, 14, 52, 13, 11, 51, 33, 43, 5, 40, 39, 36, 38, 35, 22]

Individual 149:
  Route length: 13125
  Contribution to Diversity: 0.0006508524915735947
  Route: [32, 23, 44, 31, 18, 49, 35, 24, 48, 38, 37, 51, 11, 52, 14, 13, 47, 3, 21, 1, 17, 42, 7, 2, 30, 19, 41, 9, 8, 10, 43, 33, 6, 15, 5, 36, 45, 39, 40, 4, 28, 27, 26, 25, 12, 34, 20, 50, 29, 16, 46, 22]

Total Entropy H: 5.778698835629627
