Individual 0:
  Route length: 22110
  Contribution to Diversity: 0.0011336940204378365
  Route: [27, 28, 36, 37, 44, 32, 49, 21, 14, 24, 45, 48, 40, 35, 34, 19, 39, 15, 10, 9, 6, 12, 5, 26, 7, 31, 1, 17, 2, 30, 23, 25, 11, 52, 20, 50, 13, 47, 46, 16, 29, 3, 18, 43, 33, 51, 41, 8, 4, 38, 42, 22]

Individual 1:
  Route length: 22385
  Contribution to Diversity: 0.0010125490531818215
  Route: [40, 33, 51, 12, 43, 14, 34, 21, 3, 41, 29, 4, 20, 23, 30, 36, 45, 8, 1, 17, 48, 38, 35, 2, 27, 52, 39, 42, 7, 25, 11, 50, 47, 13, 28, 26, 15, 6, 16, 46, 10, 9, 18, 44, 5, 24, 37, 32, 49, 19, 31, 22]

Individual 2:
  Route length: 22574
  Contribution to Diversity: 0.0009814198376059124
  Route: [7, 8, 43, 10, 41, 19, 45, 35, 36, 29, 38, 32, 34, 48, 12, 21, 17, 3, 39, 20, 5, 46, 52, 14, 30, 44, 4, 37, 40, 27, 28, 1, 25, 13, 2, 31, 42, 18, 50, 9, 49, 47, 26, 23, 16, 51, 11, 33, 24, 15, 6, 22]

Individual 3:
  Route length: 22623
  Contribution to Diversity: 0.0009883622432589334
  Route: [7, 39, 5, 46, 52, 14, 30, 31, 42, 18, 20, 3, 17, 21, 44, 4, 37, 40, 27, 28, 1, 25, 13, 2, 12, 48, 34, 38, 32, 29, 36, 35, 45, 19, 41, 10, 43, 8, 50, 9, 49, 47, 26, 23, 16, 51, 11, 33, 24, 15, 6, 22]

Individual 4:
  Route length: 22531
  Contribution to Diversity: 0.001812447475887602
  Route: [36, 27, 29, 52, 14, 24, 42, 21, 39, 49, 15, 38, 47, 13, 50, 44, 34, 6, 40, 45, 19, 18, 8, 31, 30, 28, 12, 25, 4, 1, 5, 16, 17, 7, 2, 35, 43, 33, 23, 48, 46, 37, 20, 3, 9, 41, 32, 11, 51, 10, 26, 22]

Individual 5:
  Route length: 22232
  Contribution to Diversity: 0.0003772286614047715
  Route: [23, 50, 49, 8, 16, 13, 11, 15, 27, 18, 38, 6, 19, 41, 4, 35, 30, 42, 32, 21, 17, 3, 37, 46, 39, 40, 29, 52, 14, 9, 24, 48, 10, 45, 1, 20, 31, 28, 12, 47, 36, 44, 26, 51, 33, 43, 34, 25, 5, 7, 2, 22]

Individual 6:
  Route length: 22288
  Contribution to Diversity: 0.0007788302069551278
  Route: [32, 7, 28, 27, 39, 30, 23, 20, 50, 29, 47, 13, 1, 36, 26, 40, 37, 11, 51, 12, 33, 17, 3, 2, 24, 42, 19, 21, 43, 10, 15, 35, 48, 5, 34, 8, 41, 49, 25, 4, 16, 46, 44, 6, 9, 45, 38, 52, 14, 18, 31, 22]

Individual 7:
  Route length: 22518
  Contribution to Diversity: 0.0018481732831032716
  Route: [23, 49, 1, 34, 6, 43, 39, 4, 5, 38, 42, 24, 12, 28, 27, 10, 9, 8, 41, 21, 32, 30, 16, 46, 19, 33, 44, 14, 52, 2, 7, 18, 51, 13, 40, 11, 35, 25, 29, 50, 3, 20, 47, 26, 17, 15, 37, 48, 36, 45, 31, 22]

Individual 8:
  Route length: 22601
  Contribution to Diversity: 0.0013612213416251961
  Route: [30, 2, 1, 16, 39, 18, 48, 49, 19, 36, 32, 38, 27, 14, 13, 51, 24, 5, 10, 9, 29, 25, 47, 26, 33, 34, 35, 31, 44, 6, 52, 43, 15, 8, 11, 46, 23, 41, 45, 7, 42, 21, 17, 50, 12, 4, 37, 40, 3, 28, 20, 22]

Individual 9:
  Route length: 22556
  Contribution to Diversity: 8.557281022625318e-05
  Route: [1, 42, 46, 12, 24, 35, 34, 44, 21, 17, 5, 48, 43, 47, 49, 7, 20, 27, 26, 50, 36, 10, 30, 23, 38, 40, 4, 2, 8, 39, 41, 19, 16, 6, 15, 13, 14, 52, 11, 51, 33, 28, 45, 29, 37, 9, 32, 25, 3, 18, 31, 22]

Individual 10:
  Route length: 22472
  Contribution to Diversity: 0.0020087717485859358
  Route: [6, 3, 17, 33, 51, 24, 52, 14, 49, 32, 30, 43, 5, 34, 15, 40, 37, 42, 7, 2, 28, 12, 25, 4, 50, 29, 1, 46, 16, 26, 19, 13, 27, 20, 23, 21, 36, 35, 10, 9, 8, 39, 18, 31, 38, 47, 41, 45, 44, 11, 48, 22]

Individual 11:
  Route length: 22364
  Contribution to Diversity: 0.001162867915286192
  Route: [6, 45, 41, 19, 2, 28, 51, 33, 43, 34, 5, 1, 44, 27, 13, 50, 17, 3, 32, 49, 37, 26, 47, 4, 16, 24, 12, 25, 15, 52, 14, 23, 39, 35, 21, 38, 20, 40, 10, 9, 11, 31, 18, 30, 29, 46, 42, 7, 36, 8, 48, 22]

Individual 12:
  Route length: 22598
  Contribution to Diversity: 0.0010842976454545905
  Route: [36, 46, 6, 40, 23, 33, 43, 26, 10, 28, 35, 30, 2, 7, 17, 8, 9, 41, 20, 37, 12, 25, 4, 1, 5, 14, 52, 29, 27, 48, 32, 3, 47, 34, 44, 21, 42, 18, 16, 39, 11, 51, 13, 50, 31, 19, 24, 38, 15, 49, 45, 22]

Individual 13:
  Route length: 22531
  Contribution to Diversity: 0.0005185206951177079
  Route: [1, 49, 38, 48, 45, 7, 28, 34, 6, 9, 4, 51, 27, 21, 14, 13, 35, 23, 16, 44, 12, 25, 29, 30, 2, 15, 33, 5, 37, 40, 32, 24, 10, 26, 47, 43, 50, 20, 46, 11, 52, 36, 39, 42, 17, 19, 41, 8, 3, 18, 31, 22]

Individual 14:
  Route length: 22390
  Contribution to Diversity: 0.0011714841014436317
  Route: [9, 39, 28, 14, 52, 11, 18, 16, 42, 6, 48, 25, 44, 34, 4, 24, 7, 31, 17, 8, 30, 23, 13, 15, 5, 35, 36, 12, 46, 3, 21, 49, 32, 2, 51, 33, 41, 19, 38, 37, 40, 10, 43, 1, 27, 26, 47, 20, 50, 29, 45, 22]

Individual 15:
  Route length: 22572
  Contribution to Diversity: 0.0009806454380569818
  Route: [33, 30, 48, 39, 11, 51, 1, 34, 27, 26, 47, 13, 14, 52, 32, 23, 29, 19, 9, 8, 45, 10, 41, 25, 44, 46, 16, 50, 36, 42, 28, 12, 17, 31, 24, 20, 35, 49, 21, 43, 2, 40, 18, 7, 4, 5, 15, 6, 37, 38, 3, 22]

Individual 16:
  Route length: 21622
  Contribution to Diversity: 0.0003280239547862607
  Route: [12, 14, 52, 32, 24, 19, 15, 49, 1, 47, 8, 41, 11, 33, 6, 5, 46, 44, 34, 28, 36, 26, 27, 40, 10, 9, 38, 37, 4, 29, 50, 20, 23, 35, 18, 13, 25, 45, 3, 39, 51, 43, 31, 30, 2, 7, 42, 17, 21, 16, 48, 22]

Individual 17:
  Route length: 22563
  Contribution to Diversity: 0.0012312680131394416
  Route: [7, 30, 44, 4, 6, 15, 12, 21, 11, 39, 38, 34, 32, 47, 13, 25, 1, 28, 27, 26, 2, 14, 52, 43, 8, 33, 24, 5, 46, 10, 41, 19, 9, 51, 16, 29, 20, 17, 3, 50, 18, 42, 31, 48, 49, 45, 35, 36, 23, 40, 37, 22]

Individual 18:
  Route length: 22492
  Contribution to Diversity: 0.001354172544950849
  Route: [42, 7, 43, 24, 26, 32, 49, 44, 46, 34, 12, 27, 1, 17, 3, 18, 9, 33, 20, 5, 25, 4, 21, 10, 2, 28, 50, 16, 51, 6, 47, 13, 14, 52, 48, 38, 11, 29, 15, 45, 19, 41, 8, 35, 30, 23, 36, 31, 40, 37, 39, 22]

Individual 19:
  Route length: 22489
  Contribution to Diversity: 0.000957462459720837
  Route: [1, 8, 2, 4, 39, 12, 31, 7, 42, 18, 13, 14, 52, 11, 51, 33, 16, 6, 38, 23, 25, 3, 46, 49, 40, 36, 48, 5, 17, 21, 44, 34, 35, 9, 37, 43, 28, 20, 27, 26, 29, 47, 50, 45, 41, 19, 15, 10, 30, 32, 24, 22]

Individual 20:
  Route length: 22564
  Contribution to Diversity: 0.0011544176780038384
  Route: [1, 41, 48, 24, 35, 20, 44, 11, 46, 40, 3, 18, 17, 2, 6, 49, 26, 47, 32, 19, 21, 42, 7, 33, 14, 52, 13, 51, 50, 29, 15, 5, 30, 23, 4, 16, 36, 38, 12, 34, 9, 10, 43, 45, 27, 8, 28, 25, 39, 37, 31, 22]

Individual 21:
  Route length: 22177
  Contribution to Diversity: 0.0003040460666028366
  Route: [45, 40, 21, 1, 33, 43, 10, 17, 3, 18, 31, 50, 32, 49, 15, 6, 36, 35, 34, 27, 29, 4, 44, 9, 37, 25, 2, 46, 16, 13, 28, 51, 39, 48, 20, 42, 7, 41, 12, 47, 14, 8, 23, 30, 24, 5, 38, 26, 52, 11, 19, 22]

Individual 22:
  Route length: 22586
  Contribution to Diversity: 0.0009333165559954892
  Route: [1, 41, 48, 24, 35, 20, 44, 11, 46, 40, 3, 18, 17, 2, 6, 49, 27, 45, 43, 10, 9, 34, 12, 38, 36, 16, 4, 23, 30, 5, 15, 39, 25, 28, 8, 26, 47, 32, 19, 21, 42, 7, 33, 14, 52, 13, 51, 50, 29, 37, 31, 22]

Individual 23:
  Route length: 21687
  Contribution to Diversity: 0.00035169283125213724
  Route: [1, 32, 35, 3, 20, 27, 31, 37, 45, 24, 6, 23, 21, 15, 26, 11, 52, 13, 14, 47, 33, 43, 29, 30, 2, 44, 17, 42, 18, 36, 41, 10, 40, 39, 50, 8, 9, 19, 38, 51, 48, 12, 34, 7, 25, 4, 5, 28, 49, 16, 46, 22]

Individual 24:
  Route length: 22039
  Contribution to Diversity: 0.0007456521835198515
  Route: [10, 36, 39, 5, 37, 40, 35, 42, 13, 1, 49, 38, 32, 9, 8, 41, 15, 6, 47, 31, 7, 46, 20, 50, 3, 27, 26, 28, 12, 17, 29, 30, 23, 16, 2, 19, 14, 52, 11, 51, 33, 43, 21, 25, 18, 45, 44, 24, 48, 4, 34, 22]

Individual 25:
  Route length: 21732
  Contribution to Diversity: 0.0004143716436288969
  Route: [24, 39, 41, 10, 9, 8, 34, 4, 25, 6, 46, 48, 40, 42, 52, 26, 16, 30, 50, 13, 47, 29, 51, 5, 3, 18, 20, 45, 49, 32, 1, 44, 23, 33, 43, 38, 37, 27, 12, 14, 21, 17, 7, 2, 36, 28, 35, 11, 15, 19, 31, 22]

Individual 26:
  Route length: 22002
  Contribution to Diversity: 0.00042559534542352395
  Route: [49, 35, 29, 16, 19, 41, 30, 23, 8, 32, 7, 14, 31, 33, 15, 5, 24, 48, 38, 43, 51, 11, 36, 1, 17, 3, 46, 39, 20, 21, 42, 2, 50, 52, 28, 27, 13, 18, 6, 4, 25, 37, 10, 9, 26, 47, 34, 12, 45, 44, 40, 22]

Individual 27:
  Route length: 22378
  Contribution to Diversity: 0.00039924846592231944
  Route: [18, 3, 30, 15, 4, 45, 49, 35, 34, 42, 7, 20, 50, 23, 8, 9, 10, 26, 40, 37, 32, 28, 27, 24, 33, 14, 13, 44, 39, 36, 6, 38, 12, 25, 16, 31, 5, 29, 1, 46, 19, 43, 52, 51, 47, 48, 11, 21, 17, 41, 2, 22]

Individual 28:
  Route length: 22386
  Contribution to Diversity: 0.0007176253476588457
  Route: [35, 46, 37, 39, 38, 47, 13, 50, 31, 45, 19, 18, 3, 42, 24, 16, 17, 7, 2, 14, 52, 29, 27, 36, 43, 33, 23, 48, 5, 1, 4, 25, 12, 28, 30, 26, 10, 51, 11, 32, 21, 44, 9, 8, 41, 20, 49, 15, 34, 6, 40, 22]

Individual 29:
  Route length: 22578
  Contribution to Diversity: 0.0009157738877449972
  Route: [6, 27, 20, 29, 46, 15, 42, 5, 49, 37, 26, 47, 45, 48, 11, 44, 1, 52, 14, 13, 21, 38, 16, 24, 51, 33, 43, 12, 28, 2, 7, 31, 4, 3, 35, 32, 17, 41, 19, 10, 9, 8, 25, 34, 18, 39, 40, 50, 23, 36, 30, 22]

Individual 30:
  Route length: 21789
  Contribution to Diversity: 0.0007353802625740258
  Route: [1, 24, 6, 23, 37, 43, 33, 51, 47, 14, 13, 52, 11, 25, 4, 38, 30, 2, 29, 48, 5, 12, 20, 32, 46, 42, 21, 45, 16, 49, 10, 41, 36, 18, 19, 9, 8, 39, 50, 28, 3, 35, 34, 17, 15, 44, 27, 7, 31, 26, 40, 22]

Individual 31:
  Route length: 21754
  Contribution to Diversity: 0.0005107577503995486
  Route: [30, 50, 37, 35, 34, 33, 26, 47, 25, 29, 9, 10, 5, 24, 49, 43, 18, 31, 44, 6, 52, 19, 1, 16, 2, 7, 42, 21, 17, 28, 12, 14, 13, 51, 48, 4, 3, 40, 39, 36, 32, 38, 27, 15, 8, 11, 46, 23, 41, 45, 20, 22]

Individual 32:
  Route length: 22224
  Contribution to Diversity: 0.00043271528587141006
  Route: [40, 46, 35, 31, 44, 25, 5, 47, 26, 27, 28, 10, 9, 15, 30, 39, 4, 12, 16, 48, 23, 45, 51, 11, 38, 42, 24, 1, 49, 32, 20, 17, 3, 18, 34, 37, 36, 7, 2, 19, 21, 52, 29, 50, 33, 43, 14, 13, 6, 8, 41, 22]

Individual 33:
  Route length: 22274
  Contribution to Diversity: 0.0008745158851555246
  Route: [24, 39, 41, 10, 9, 8, 34, 4, 25, 12, 27, 37, 51, 5, 3, 18, 20, 45, 49, 32, 1, 44, 23, 33, 43, 38, 29, 47, 13, 50, 30, 16, 26, 52, 42, 40, 48, 46, 6, 14, 21, 17, 7, 2, 36, 28, 35, 11, 15, 19, 31, 22]

Individual 34:
  Route length: 22418
  Contribution to Diversity: 0.0012156362080606442
  Route: [24, 48, 34, 17, 49, 16, 46, 20, 11, 13, 52, 1, 14, 29, 30, 27, 47, 26, 45, 10, 15, 5, 25, 50, 38, 18, 3, 7, 23, 51, 33, 12, 44, 37, 6, 8, 9, 28, 41, 19, 39, 4, 43, 42, 2, 36, 35, 40, 31, 21, 32, 22]

Individual 35:
  Route length: 22374
  Contribution to Diversity: 0.0011920205899622616
  Route: [39, 42, 38, 13, 50, 24, 48, 9, 11, 52, 6, 4, 14, 31, 18, 2, 36, 15, 25, 20, 16, 32, 45, 23, 8, 41, 19, 34, 29, 1, 30, 7, 3, 17, 21, 49, 10, 51, 44, 46, 43, 33, 35, 12, 28, 27, 26, 47, 5, 37, 40, 22]

Individual 36:
  Route length: 22492
  Contribution to Diversity: 0.00099891165628474
  Route: [45, 49, 15, 13, 38, 40, 23, 36, 17, 21, 32, 20, 30, 37, 3, 44, 47, 12, 39, 46, 16, 29, 14, 28, 27, 26, 24, 1, 48, 10, 43, 33, 52, 42, 8, 41, 34, 50, 31, 51, 11, 25, 9, 19, 6, 4, 35, 18, 2, 7, 5, 22]

Individual 37:
  Route length: 22571
  Contribution to Diversity: 0.0008306295676971942
  Route: [35, 7, 2, 48, 16, 12, 4, 46, 44, 40, 39, 37, 34, 52, 6, 29, 13, 14, 38, 25, 42, 20, 32, 36, 8, 41, 43, 49, 1, 50, 21, 19, 23, 45, 51, 33, 26, 27, 28, 10, 9, 11, 30, 15, 47, 5, 24, 17, 3, 18, 31, 22]

Individual 38:
  Route length: 22177
  Contribution to Diversity: 0.00018101276975368563
  Route: [12, 14, 52, 49, 26, 3, 27, 1, 47, 43, 51, 39, 40, 36, 35, 34, 29, 50, 20, 23, 28, 18, 15, 48, 16, 21, 17, 42, 7, 2, 30, 31, 8, 41, 11, 33, 6, 5, 46, 44, 4, 37, 38, 9, 10, 13, 25, 45, 19, 24, 32, 22]

Individual 39:
  Route length: 22446
  Contribution to Diversity: 0.0013176544015962577
  Route: [21, 31, 48, 9, 43, 20, 46, 16, 1, 49, 25, 4, 37, 27, 47, 26, 51, 33, 19, 12, 13, 11, 28, 3, 18, 2, 7, 36, 35, 5, 15, 10, 45, 42, 23, 39, 50, 8, 6, 41, 24, 38, 34, 17, 52, 40, 44, 14, 29, 30, 32, 22]

Individual 40:
  Route length: 22578
  Contribution to Diversity: 0.000566407942236502
  Route: [33, 30, 48, 39, 11, 51, 1, 27, 26, 47, 13, 14, 52, 32, 23, 29, 19, 9, 8, 45, 10, 41, 25, 44, 46, 16, 50, 36, 42, 28, 12, 17, 31, 24, 20, 34, 35, 49, 21, 43, 2, 40, 18, 7, 4, 5, 15, 6, 37, 38, 3, 22]

Individual 41:
  Route length: 22151
  Contribution to Diversity: 0.0003719798427530563
  Route: [16, 29, 50, 20, 30, 2, 43, 35, 36, 19, 41, 7, 8, 9, 34, 13, 26, 51, 27, 14, 40, 47, 38, 37, 48, 45, 18, 3, 24, 5, 15, 46, 28, 44, 12, 52, 11, 42, 39, 49, 21, 25, 10, 33, 1, 23, 17, 4, 6, 32, 31, 22]

Individual 42:
  Route length: 21342
  Contribution to Diversity: 0.00042011525932217353
  Route: [36, 27, 14, 52, 29, 5, 1, 17, 31, 30, 28, 12, 25, 4, 33, 43, 35, 2, 7, 8, 26, 10, 49, 15, 38, 47, 13, 50, 44, 34, 6, 40, 45, 19, 18, 41, 9, 3, 32, 46, 48, 23, 16, 24, 42, 21, 39, 51, 11, 37, 20, 22]

Individual 43:
  Route length: 22474
  Contribution to Diversity: 0.0008541411752505113
  Route: [18, 3, 30, 21, 11, 48, 47, 51, 52, 43, 19, 46, 40, 37, 32, 28, 27, 24, 33, 14, 13, 44, 39, 36, 6, 38, 12, 25, 16, 31, 5, 29, 1, 26, 10, 9, 8, 23, 50, 20, 7, 42, 34, 35, 49, 45, 4, 15, 17, 41, 2, 22]

Individual 44:
  Route length: 22240
  Contribution to Diversity: 0.0006522593124582698
  Route: [9, 43, 10, 33, 12, 40, 50, 15, 32, 49, 3, 17, 45, 19, 51, 38, 13, 34, 20, 36, 4, 25, 26, 27, 48, 24, 2, 30, 35, 6, 46, 39, 47, 11, 1, 23, 28, 37, 44, 21, 42, 7, 14, 52, 5, 18, 41, 8, 16, 29, 31, 22]

Individual 45:
  Route length: 22508
  Contribution to Diversity: 0.0002651798905848324
  Route: [37, 34, 49, 32, 4, 27, 26, 47, 9, 10, 7, 21, 8, 13, 39, 20, 50, 33, 1, 19, 5, 24, 25, 15, 36, 35, 43, 44, 51, 46, 16, 28, 12, 38, 45, 48, 6, 29, 40, 42, 41, 30, 23, 11, 52, 14, 2, 17, 3, 18, 31, 22]

Individual 46:
  Route length: 22475
  Contribution to Diversity: 0.0009903902841905676
  Route: [41, 8, 36, 44, 3, 25, 15, 11, 51, 35, 18, 2, 7, 5, 48, 10, 43, 33, 52, 28, 13, 9, 17, 27, 26, 24, 1, 12, 47, 42, 32, 21, 31, 50, 34, 45, 49, 4, 6, 19, 37, 30, 20, 23, 40, 38, 14, 29, 16, 46, 39, 22]

Individual 47:
  Route length: 22602
  Contribution to Diversity: 0.0012590281491586808
  Route: [1, 52, 11, 13, 20, 46, 16, 49, 17, 34, 48, 24, 14, 51, 23, 7, 3, 18, 38, 50, 25, 5, 15, 10, 45, 26, 47, 27, 30, 29, 33, 12, 44, 37, 41, 19, 39, 4, 43, 42, 2, 36, 28, 40, 35, 9, 8, 6, 31, 21, 32, 22]

Individual 48:
  Route length: 22566
  Contribution to Diversity: 0.0022254791922868833
  Route: [38, 17, 1, 21, 7, 2, 34, 44, 46, 36, 11, 10, 33, 26, 20, 23, 30, 47, 28, 27, 48, 37, 40, 39, 51, 29, 50, 35, 49, 5, 15, 16, 24, 6, 45, 32, 42, 3, 19, 25, 4, 18, 14, 13, 12, 9, 8, 52, 41, 43, 31, 22]

Individual 49:
  Route length: 22071
  Contribution to Diversity: 0.0005140277678368221
  Route: [24, 39, 3, 21, 17, 7, 2, 30, 44, 43, 11, 29, 6, 46, 48, 33, 27, 37, 38, 35, 15, 10, 9, 8, 51, 14, 36, 16, 34, 52, 40, 4, 1, 32, 49, 45, 20, 23, 25, 12, 28, 18, 19, 41, 5, 42, 26, 47, 13, 50, 31, 22]

Individual 50:
  Route length: 22556
  Contribution to Diversity: 0.0005722039974509485
  Route: [6, 45, 41, 19, 2, 28, 51, 33, 43, 23, 14, 52, 26, 8, 36, 7, 42, 46, 1, 44, 11, 9, 10, 40, 20, 38, 21, 35, 39, 34, 5, 29, 30, 18, 31, 27, 13, 50, 17, 3, 32, 49, 48, 47, 4, 16, 24, 12, 25, 15, 37, 22]

Individual 51:
  Route length: 22495
  Contribution to Diversity: 0.001141504911116975
  Route: [13, 5, 24, 3, 49, 26, 30, 23, 20, 50, 29, 16, 46, 48, 17, 9, 10, 43, 39, 51, 33, 8, 34, 35, 19, 41, 6, 4, 45, 38, 12, 25, 36, 11, 42, 7, 47, 1, 40, 44, 28, 21, 2, 27, 14, 52, 15, 37, 32, 18, 31, 22]

Individual 52:
  Route length: 22533
  Contribution to Diversity: 0.00045343310820822325
  Route: [17, 10, 43, 33, 1, 21, 40, 45, 3, 18, 31, 50, 29, 4, 20, 48, 39, 51, 28, 13, 16, 46, 2, 25, 37, 9, 44, 27, 34, 35, 36, 6, 15, 49, 32, 42, 7, 41, 12, 47, 14, 8, 23, 30, 24, 5, 38, 26, 52, 11, 19, 22]

Individual 53:
  Route length: 21670
  Contribution to Diversity: 0.000654265058670056
  Route: [1, 21, 50, 29, 24, 18, 48, 44, 17, 3, 33, 40, 19, 34, 8, 9, 10, 26, 25, 14, 52, 11, 51, 27, 2, 49, 31, 36, 35, 41, 30, 42, 13, 47, 15, 5, 32, 45, 7, 28, 12, 38, 37, 43, 4, 46, 23, 6, 39, 16, 20, 22]

Individual 54:
  Route length: 22450
  Contribution to Diversity: 0.0011225702855224284
  Route: [23, 50, 44, 12, 29, 14, 52, 9, 24, 48, 10, 45, 1, 20, 31, 28, 26, 51, 33, 34, 25, 6, 43, 15, 40, 38, 18, 27, 39, 19, 41, 16, 47, 37, 13, 11, 8, 36, 30, 42, 32, 21, 17, 3, 49, 46, 4, 35, 5, 7, 2, 22]

Individual 55:
  Route length: 22188
  Contribution to Diversity: 0.0007701145122558373
  Route: [30, 50, 37, 35, 34, 33, 26, 47, 25, 29, 9, 10, 5, 24, 49, 43, 18, 31, 44, 6, 52, 19, 42, 7, 2, 16, 1, 21, 17, 28, 12, 14, 13, 51, 48, 4, 3, 40, 39, 36, 32, 38, 27, 15, 8, 11, 46, 23, 41, 45, 20, 22]

Individual 56:
  Route length: 22496
  Contribution to Diversity: 0.00023512580992690602
  Route: [35, 7, 2, 48, 16, 12, 4, 46, 44, 40, 39, 42, 20, 32, 36, 34, 37, 25, 38, 14, 13, 29, 6, 52, 8, 41, 43, 49, 1, 15, 30, 11, 9, 10, 28, 27, 26, 33, 51, 45, 23, 19, 21, 50, 47, 5, 24, 17, 3, 18, 31, 22]

Individual 57:
  Route length: 21832
  Contribution to Diversity: 0.0005950566076551311
  Route: [44, 7, 2, 6, 10, 9, 8, 39, 32, 52, 12, 38, 34, 31, 41, 36, 28, 24, 33, 20, 42, 19, 30, 37, 11, 26, 47, 13, 14, 50, 43, 40, 16, 45, 15, 4, 35, 27, 51, 25, 48, 5, 49, 46, 29, 1, 3, 18, 23, 17, 21, 22]

Individual 58:
  Route length: 20858
  Contribution to Diversity: 0.0005397713405868032
  Route: [6, 14, 19, 41, 25, 51, 11, 52, 26, 29, 23, 16, 39, 32, 7, 2, 45, 5, 38, 48, 24, 8, 40, 17, 9, 10, 30, 36, 3, 44, 35, 33, 4, 43, 21, 42, 49, 1, 37, 34, 12, 27, 28, 20, 50, 46, 15, 13, 47, 18, 31, 22]

Individual 59:
  Route length: 22619
  Contribution to Diversity: 0.000345143284144811
  Route: [6, 45, 41, 19, 2, 28, 51, 33, 43, 23, 14, 52, 26, 8, 36, 7, 42, 39, 35, 21, 38, 20, 40, 10, 9, 11, 44, 1, 46, 34, 5, 29, 30, 18, 31, 27, 13, 50, 17, 3, 32, 49, 37, 15, 25, 12, 24, 16, 4, 47, 48, 22]

Individual 60:
  Route length: 21883
  Contribution to Diversity: 0.0011471141310650523
  Route: [30, 50, 27, 38, 32, 36, 39, 46, 23, 41, 40, 11, 8, 15, 43, 49, 24, 5, 10, 9, 29, 25, 47, 26, 33, 34, 35, 37, 18, 31, 44, 6, 52, 19, 1, 16, 2, 7, 42, 21, 17, 28, 12, 14, 13, 51, 48, 4, 3, 45, 20, 22]

Individual 61:
  Route length: 22070
  Contribution to Diversity: 0.001278538778788807
  Route: [1, 38, 4, 49, 44, 31, 48, 36, 33, 51, 11, 52, 14, 13, 47, 41, 26, 6, 9, 50, 20, 23, 30, 2, 40, 8, 28, 12, 21, 46, 27, 25, 24, 34, 45, 35, 17, 5, 15, 16, 42, 43, 10, 19, 7, 37, 39, 32, 29, 3, 18, 22]

Individual 62:
  Route length: 22300
  Contribution to Diversity: 0.0008632482259383067
  Route: [18, 3, 30, 15, 4, 45, 49, 35, 34, 42, 7, 20, 50, 29, 1, 5, 23, 52, 33, 47, 51, 48, 11, 43, 19, 46, 40, 37, 38, 24, 14, 26, 32, 6, 36, 39, 44, 13, 31, 16, 25, 12, 27, 28, 10, 9, 8, 21, 17, 41, 2, 22]

Individual 63:
  Route length: 22583
  Contribution to Diversity: 0.0008467933070361866
  Route: [6, 27, 20, 15, 46, 29, 42, 5, 49, 37, 26, 47, 45, 48, 11, 44, 1, 52, 14, 13, 21, 38, 16, 24, 51, 33, 43, 12, 28, 2, 7, 31, 4, 3, 34, 25, 41, 19, 10, 9, 8, 17, 32, 35, 18, 39, 40, 50, 23, 36, 30, 22]

Individual 64:
  Route length: 21928
  Contribution to Diversity: 0.00011117851756292652
  Route: [15, 33, 31, 14, 7, 32, 8, 23, 30, 41, 19, 16, 29, 35, 49, 5, 24, 48, 47, 26, 9, 10, 37, 25, 4, 6, 11, 52, 28, 27, 13, 18, 51, 43, 38, 3, 17, 1, 36, 50, 2, 42, 21, 20, 39, 46, 34, 12, 45, 44, 40, 22]

Individual 65:
  Route length: 21665
  Contribution to Diversity: 0.0010069873947013974
  Route: [18, 3, 44, 5, 15, 4, 21, 6, 36, 46, 40, 47, 51, 10, 12, 28, 29, 1, 49, 23, 48, 25, 20, 50, 37, 38, 34, 39, 43, 11, 26, 13, 14, 33, 17, 35, 27, 16, 31, 2, 7, 42, 41, 8, 9, 52, 24, 19, 30, 45, 32, 22]

Individual 66:
  Route length: 21724
  Contribution to Diversity: 0.00042895352577865253
  Route: [12, 3, 45, 35, 37, 16, 29, 10, 48, 26, 47, 13, 50, 18, 8, 43, 52, 14, 30, 31, 34, 40, 39, 9, 44, 46, 38, 42, 41, 19, 21, 24, 33, 11, 51, 23, 20, 2, 7, 17, 27, 28, 1, 25, 5, 15, 6, 4, 49, 32, 36, 22]

Individual 67:
  Route length: 21890
  Contribution to Diversity: 0.0005327202082039406
  Route: [41, 8, 36, 44, 4, 6, 19, 37, 30, 20, 23, 40, 38, 14, 52, 28, 13, 9, 17, 27, 26, 24, 1, 12, 47, 42, 32, 21, 31, 50, 34, 45, 49, 51, 11, 15, 25, 3, 35, 18, 2, 7, 5, 48, 10, 43, 33, 29, 16, 46, 39, 22]

Individual 68:
  Route length: 22430
  Contribution to Diversity: 0.00045221344269474884
  Route: [1, 49, 21, 41, 19, 44, 47, 38, 37, 3, 18, 45, 48, 24, 51, 46, 25, 10, 35, 36, 28, 27, 14, 34, 13, 26, 2, 39, 33, 43, 30, 42, 11, 52, 12, 40, 5, 15, 7, 8, 9, 20, 50, 29, 16, 23, 17, 4, 6, 32, 31, 22]

Individual 69:
  Route length: 20820
  Contribution to Diversity: 0.0007691736170993835
  Route: [6, 14, 19, 41, 25, 51, 11, 52, 26, 29, 23, 16, 37, 1, 49, 42, 21, 43, 4, 33, 35, 44, 3, 36, 30, 10, 9, 17, 40, 8, 24, 48, 38, 5, 45, 2, 7, 32, 39, 34, 12, 27, 28, 20, 50, 46, 15, 13, 47, 18, 31, 22]

Individual 70:
  Route length: 22457
  Contribution to Diversity: 3.6231590970992045e-05
  Route: [1, 15, 26, 52, 11, 14, 2, 41, 50, 45, 18, 29, 31, 9, 24, 48, 38, 20, 21, 42, 39, 36, 5, 8, 28, 27, 19, 32, 37, 17, 3, 49, 40, 44, 46, 13, 47, 51, 33, 43, 10, 34, 35, 4, 6, 7, 12, 25, 30, 16, 23, 22]

Individual 71:
  Route length: 22306
  Contribution to Diversity: 0.00032416750145891626
  Route: [52, 11, 25, 38, 29, 44, 14, 32, 49, 1, 15, 3, 18, 4, 19, 48, 40, 35, 34, 41, 51, 33, 43, 10, 9, 7, 26, 39, 8, 45, 37, 36, 6, 31, 21, 17, 24, 46, 16, 47, 13, 50, 20, 5, 12, 28, 27, 2, 30, 23, 42, 22]

Individual 72:
  Route length: 22311
  Contribution to Diversity: 0.0011840593044167846
  Route: [5, 4, 14, 12, 34, 35, 8, 9, 52, 13, 27, 28, 46, 25, 3, 20, 50, 39, 11, 29, 48, 38, 24, 36, 41, 37, 43, 33, 51, 6, 42, 21, 45, 18, 19, 10, 1, 40, 17, 44, 2, 30, 15, 23, 49, 26, 47, 16, 7, 32, 31, 22]

Individual 73:
  Route length: 22345
  Contribution to Diversity: 0.0008078672084312899
  Route: [43, 10, 9, 39, 29, 20, 41, 49, 3, 21, 1, 40, 46, 18, 16, 50, 52, 23, 45, 12, 38, 32, 44, 7, 2, 30, 37, 19, 6, 14, 13, 36, 47, 28, 11, 51, 33, 42, 48, 24, 5, 15, 25, 26, 27, 35, 4, 31, 17, 8, 34, 22]

Individual 74:
  Route length: 21070
  Contribution to Diversity: 0.0005760278908084615
  Route: [1, 48, 24, 35, 15, 5, 9, 10, 41, 28, 25, 39, 30, 11, 27, 49, 6, 44, 16, 36, 38, 12, 4, 43, 52, 14, 33, 37, 34, 40, 46, 29, 50, 13, 51, 45, 2, 23, 3, 18, 17, 8, 20, 26, 47, 32, 19, 21, 42, 7, 31, 22]

Individual 75:
  Route length: 22297
  Contribution to Diversity: 9.384505332299398e-05
  Route: [1, 15, 26, 52, 11, 14, 2, 41, 50, 8, 28, 27, 19, 32, 37, 17, 3, 49, 40, 44, 46, 6, 4, 35, 34, 10, 43, 33, 51, 47, 13, 7, 12, 25, 30, 16, 20, 38, 48, 24, 9, 31, 29, 18, 45, 5, 36, 39, 42, 21, 23, 22]

Individual 76:
  Route length: 22091
  Contribution to Diversity: 0.0012325678473077417
  Route: [1, 17, 38, 21, 7, 2, 5, 39, 40, 46, 36, 48, 37, 44, 34, 15, 16, 24, 6, 45, 32, 42, 3, 12, 13, 14, 18, 4, 25, 19, 9, 8, 52, 41, 33, 51, 29, 50, 35, 49, 10, 11, 27, 28, 47, 30, 23, 20, 26, 43, 31, 22]

Individual 77:
  Route length: 22406
  Contribution to Diversity: 0.00014594532345491018
  Route: [1, 28, 5, 38, 17, 21, 42, 36, 19, 11, 16, 29, 50, 4, 12, 48, 18, 3, 46, 40, 39, 7, 30, 2, 47, 26, 27, 32, 49, 35, 25, 34, 8, 33, 45, 13, 14, 52, 6, 20, 23, 51, 31, 15, 37, 24, 44, 41, 43, 10, 9, 22]

Individual 78:
  Route length: 22288
  Contribution to Diversity: 0.00019933655113568705
  Route: [1, 32, 35, 3, 20, 6, 23, 37, 31, 27, 24, 25, 7, 34, 12, 48, 51, 38, 19, 9, 8, 50, 39, 40, 10, 41, 36, 18, 42, 17, 44, 2, 30, 29, 43, 33, 47, 14, 13, 52, 11, 26, 15, 21, 45, 4, 5, 28, 49, 16, 46, 22]

Individual 79:
  Route length: 21777
  Contribution to Diversity: 0.00020928000996356388
  Route: [52, 11, 25, 38, 29, 44, 14, 32, 49, 1, 15, 3, 18, 20, 50, 13, 47, 16, 46, 24, 17, 21, 31, 6, 36, 37, 45, 8, 39, 26, 7, 9, 10, 43, 33, 51, 41, 34, 35, 40, 48, 19, 4, 5, 12, 28, 27, 2, 30, 23, 42, 22]

Individual 80:
  Route length: 22352
  Contribution to Diversity: 0.0016276646811617113
  Route: [32, 19, 48, 17, 1, 37, 38, 49, 35, 28, 21, 31, 8, 9, 10, 43, 14, 36, 45, 24, 5, 13, 47, 16, 52, 27, 2, 20, 4, 11, 25, 42, 7, 29, 50, 44, 34, 6, 15, 39, 46, 12, 51, 33, 40, 18, 26, 23, 30, 41, 3, 22]

Individual 81:
  Route length: 22466
  Contribution to Diversity: 0.00027638867669121936
  Route: [32, 35, 25, 4, 20, 44, 12, 42, 45, 13, 11, 52, 14, 51, 33, 37, 29, 31, 41, 18, 3, 39, 40, 36, 17, 21, 50, 6, 23, 5, 38, 8, 26, 27, 43, 15, 9, 7, 2, 30, 10, 28, 48, 24, 46, 16, 34, 49, 47, 1, 19, 22]

Individual 82:
  Route length: 22533
  Contribution to Diversity: 0.0014876269768890893
  Route: [21, 31, 48, 9, 43, 20, 46, 16, 1, 49, 25, 4, 37, 27, 47, 26, 51, 33, 19, 12, 13, 11, 28, 3, 18, 2, 7, 36, 35, 5, 15, 10, 45, 42, 23, 39, 50, 8, 6, 41, 24, 38, 34, 44, 40, 52, 17, 14, 29, 30, 32, 22]

Individual 83:
  Route length: 21772
  Contribution to Diversity: 0.0007344959363146941
  Route: [24, 39, 3, 21, 17, 7, 2, 30, 44, 43, 11, 29, 28, 12, 25, 23, 20, 45, 49, 32, 1, 4, 40, 52, 34, 16, 36, 14, 51, 8, 9, 10, 15, 35, 38, 37, 27, 33, 48, 46, 6, 18, 19, 41, 5, 42, 26, 47, 13, 50, 31, 22]

Individual 84:
  Route length: 22598
  Contribution to Diversity: 0.0005026815656856698
  Route: [1, 17, 49, 6, 4, 45, 32, 50, 27, 40, 51, 33, 11, 28, 38, 24, 5, 15, 21, 14, 52, 26, 46, 10, 9, 8, 20, 39, 16, 31, 44, 3, 18, 13, 43, 37, 41, 47, 29, 19, 2, 48, 12, 25, 35, 36, 30, 42, 7, 23, 34, 22]

Individual 85:
  Route length: 22473
  Contribution to Diversity: 0.0009619992019000989
  Route: [23, 50, 43, 34, 25, 6, 33, 51, 26, 28, 31, 20, 1, 45, 10, 48, 24, 9, 52, 14, 29, 12, 44, 15, 40, 38, 18, 27, 46, 49, 3, 17, 5, 35, 4, 39, 36, 8, 11, 13, 37, 47, 16, 41, 19, 30, 42, 32, 21, 7, 2, 22]

Individual 86:
  Route length: 22356
  Contribution to Diversity: 0.000581590169005608
  Route: [43, 10, 9, 39, 29, 20, 41, 30, 2, 7, 44, 32, 38, 12, 45, 23, 52, 50, 16, 18, 46, 40, 1, 21, 3, 49, 37, 19, 6, 14, 13, 36, 47, 28, 11, 51, 33, 42, 48, 24, 5, 15, 25, 26, 27, 35, 4, 31, 17, 8, 34, 22]

Individual 87:
  Route length: 22621
  Contribution to Diversity: 0.0007761981797900219
  Route: [7, 42, 43, 24, 26, 32, 49, 28, 50, 25, 4, 21, 10, 2, 31, 36, 23, 30, 35, 8, 41, 19, 45, 47, 13, 14, 52, 48, 38, 11, 29, 15, 6, 51, 16, 5, 20, 33, 9, 18, 3, 17, 1, 27, 12, 34, 46, 44, 40, 37, 39, 22]

Individual 88:
  Route length: 22035
  Contribution to Diversity: 0.0002574901879173197
  Route: [15, 33, 21, 42, 2, 50, 36, 1, 17, 3, 38, 43, 51, 18, 13, 27, 28, 52, 11, 6, 4, 25, 37, 10, 9, 26, 47, 48, 24, 5, 49, 35, 29, 16, 19, 41, 30, 23, 8, 32, 7, 14, 31, 20, 39, 46, 34, 12, 45, 44, 40, 22]

Individual 89:
  Route length: 22590
  Contribution to Diversity: 0
  Route: [44, 41, 8, 19, 9, 33, 51, 18, 7, 2, 52, 14, 35, 13, 23, 17, 21, 32, 30, 39, 11, 15, 6, 43, 36, 40, 37, 26, 47, 20, 4, 28, 3, 10, 46, 50, 29, 16, 48, 38, 24, 27, 25, 12, 5, 42, 34, 1, 49, 45, 31, 22]

Individual 90:
  Route length: 21682
  Contribution to Diversity: 0.00023297156750068382
  Route: [46, 35, 1, 52, 14, 7, 2, 50, 34, 11, 45, 38, 48, 31, 42, 13, 47, 33, 25, 24, 5, 51, 40, 39, 36, 10, 8, 41, 12, 28, 27, 26, 30, 9, 18, 29, 44, 4, 6, 15, 16, 20, 23, 19, 37, 21, 17, 3, 49, 32, 43, 22]

Individual 91:
  Route length: 21220
  Contribution to Diversity: 0
  Route: [50, 47, 13, 28, 26, 34, 21, 3, 41, 11, 27, 6, 15, 18, 44, 4, 20, 23, 35, 39, 52, 25, 36, 45, 19, 49, 32, 8, 2, 42, 7, 29, 5, 24, 37, 1, 17, 48, 38, 30, 40, 33, 51, 12, 43, 14, 9, 10, 46, 16, 31, 22]

Individual 92:
  Route length: 22617
  Contribution to Diversity: 0.0009469781068585092
  Route: [5, 15, 4, 27, 26, 11, 6, 2, 42, 35, 24, 43, 36, 48, 38, 33, 51, 12, 39, 40, 44, 37, 30, 13, 46, 23, 20, 32, 1, 10, 41, 8, 16, 29, 3, 17, 31, 18, 14, 45, 19, 9, 7, 21, 47, 28, 25, 34, 50, 49, 52, 22]

Individual 93:
  Route length: 21107
  Contribution to Diversity: 0
  Route: [43, 36, 29, 51, 33, 49, 12, 37, 38, 48, 47, 24, 15, 20, 7, 2, 30, 3, 18, 25, 23, 5, 35, 31, 1, 41, 19, 45, 32, 17, 21, 34, 11, 8, 46, 39, 13, 14, 52, 4, 44, 40, 9, 10, 6, 26, 27, 28, 16, 50, 42, 22]

Individual 94:
  Route length: 22532
  Contribution to Diversity: 0.0003812918951311417
  Route: [32, 35, 25, 4, 20, 44, 12, 42, 45, 13, 11, 52, 14, 51, 33, 37, 29, 34, 49, 47, 40, 39, 3, 18, 41, 31, 16, 46, 24, 48, 28, 10, 30, 2, 7, 9, 15, 43, 27, 26, 8, 38, 5, 23, 6, 50, 21, 17, 36, 1, 19, 22]

Individual 95:
  Route length: 22272
  Contribution to Diversity: 0.00015071863054672008
  Route: [18, 25, 21, 43, 33, 51, 14, 52, 11, 34, 20, 50, 15, 41, 8, 9, 7, 31, 30, 29, 45, 10, 12, 28, 6, 3, 27, 26, 47, 42, 13, 36, 39, 5, 37, 40, 35, 1, 49, 38, 2, 16, 44, 17, 46, 32, 23, 24, 48, 4, 19, 22]

Individual 96:
  Route length: 22056
  Contribution to Diversity: 0
  Route: [1, 49, 40, 16, 46, 37, 38, 12, 44, 20, 29, 26, 24, 27, 4, 25, 10, 30, 34, 28, 14, 52, 11, 13, 45, 42, 32, 47, 43, 48, 35, 5, 17, 18, 3, 41, 19, 9, 23, 21, 39, 36, 15, 51, 33, 2, 7, 6, 50, 8, 31, 22]

Individual 97:
  Route length: 22421
  Contribution to Diversity: 0.0007240409145223836
  Route: [1, 4, 34, 44, 38, 49, 39, 40, 37, 29, 26, 27, 5, 25, 3, 18, 31, 2, 43, 23, 30, 6, 15, 19, 41, 32, 51, 11, 52, 14, 13, 8, 12, 46, 47, 17, 20, 28, 36, 10, 16, 21, 45, 9, 24, 33, 7, 42, 50, 48, 35, 22]

Individual 98:
  Route length: 22050
  Contribution to Diversity: 0.000746087125389927
  Route: [6, 3, 17, 5, 8, 13, 14, 52, 15, 43, 33, 51, 28, 2, 23, 10, 9, 50, 35, 46, 20, 4, 47, 26, 21, 30, 29, 18, 31, 38, 11, 41, 19, 7, 42, 44, 1, 27, 25, 48, 12, 45, 32, 49, 37, 34, 36, 39, 40, 16, 24, 22]

Individual 99:
  Route length: 22478
  Contribution to Diversity: 0
  Route: [44, 41, 8, 19, 9, 33, 51, 18, 7, 2, 26, 37, 40, 36, 43, 6, 15, 11, 39, 30, 32, 21, 17, 23, 13, 35, 14, 52, 47, 20, 4, 28, 3, 10, 46, 50, 29, 16, 48, 38, 24, 27, 25, 12, 5, 42, 34, 1, 49, 45, 31, 22]

Individual 100:
  Route length: 21711
  Contribution to Diversity: 0.0002641406858279183
  Route: [12, 3, 45, 35, 37, 16, 29, 10, 48, 26, 47, 13, 50, 18, 8, 43, 52, 14, 30, 31, 34, 4, 6, 15, 5, 25, 1, 28, 27, 17, 7, 2, 20, 23, 51, 11, 33, 24, 21, 19, 41, 42, 38, 46, 44, 9, 39, 40, 49, 32, 36, 22]

Individual 101:
  Route length: 20642
  Contribution to Diversity: 0
  Route: [43, 36, 29, 51, 33, 12, 49, 37, 38, 48, 47, 24, 15, 20, 7, 2, 30, 3, 18, 25, 23, 5, 35, 31, 1, 41, 19, 45, 32, 17, 21, 34, 11, 8, 46, 39, 13, 14, 52, 4, 44, 40, 9, 10, 6, 26, 27, 28, 16, 50, 42, 22]

Individual 102:
  Route length: 22446
  Contribution to Diversity: 0.00028013789248504395
  Route: [5, 23, 15, 4, 49, 16, 46, 28, 27, 13, 52, 9, 8, 35, 34, 12, 14, 30, 2, 44, 17, 40, 1, 10, 19, 18, 45, 21, 42, 6, 51, 33, 43, 37, 41, 11, 29, 48, 38, 24, 36, 39, 50, 20, 3, 25, 47, 26, 7, 32, 31, 22]

Individual 103:
  Route length: 21621
  Contribution to Diversity: 0.001424602260064134
  Route: [28, 12, 11, 51, 14, 13, 31, 23, 16, 2, 5, 39, 36, 10, 37, 24, 48, 40, 15, 6, 44, 9, 8, 52, 35, 34, 41, 19, 18, 26, 43, 47, 33, 25, 27, 38, 49, 4, 46, 20, 50, 29, 1, 3, 17, 21, 42, 7, 32, 45, 30, 22]

Individual 104:
  Route length: 21930
  Contribution to Diversity: 0.0006095138963422286
  Route: [50, 47, 13, 28, 26, 34, 16, 46, 10, 9, 14, 43, 12, 51, 33, 30, 38, 48, 17, 1, 37, 24, 5, 6, 27, 52, 39, 42, 7, 29, 15, 18, 44, 4, 20, 23, 35, 2, 8, 19, 49, 32, 45, 36, 25, 11, 40, 41, 3, 21, 31, 22]

Individual 105:
  Route length: 22456
  Contribution to Diversity: 0.0001839926829667604
  Route: [1, 28, 5, 38, 17, 21, 42, 36, 25, 35, 49, 32, 27, 26, 47, 2, 30, 7, 39, 40, 46, 3, 18, 48, 12, 4, 50, 29, 16, 11, 19, 34, 8, 33, 45, 13, 14, 52, 6, 20, 23, 51, 31, 15, 37, 24, 44, 41, 43, 10, 9, 22]

Individual 106:
  Route length: 22152
  Contribution to Diversity: 0.001699183032155993
  Route: [10, 41, 30, 13, 8, 44, 40, 39, 16, 29, 3, 17, 31, 50, 38, 48, 24, 43, 45, 19, 9, 7, 21, 42, 2, 37, 46, 23, 47, 14, 6, 11, 26, 27, 35, 36, 12, 51, 33, 49, 52, 4, 18, 34, 25, 28, 15, 5, 1, 32, 20, 22]

Individual 107:
  Route length: 21688
  Contribution to Diversity: 0.0006314112250986881
  Route: [44, 7, 2, 19, 42, 20, 33, 24, 28, 36, 41, 31, 34, 38, 12, 52, 32, 39, 8, 9, 10, 6, 30, 37, 11, 26, 47, 13, 14, 50, 43, 40, 16, 45, 15, 4, 35, 27, 51, 25, 48, 5, 49, 46, 29, 1, 3, 18, 23, 17, 21, 22]

Individual 108:
  Route length: 22477
  Contribution to Diversity: 0.0007714281481039365
  Route: [36, 46, 35, 30, 2, 7, 17, 8, 9, 41, 4, 25, 12, 37, 20, 1, 43, 33, 23, 40, 6, 28, 10, 26, 24, 42, 21, 44, 34, 47, 13, 50, 31, 5, 14, 52, 29, 27, 48, 32, 3, 51, 11, 39, 16, 18, 19, 38, 15, 49, 45, 22]

Individual 109:
  Route length: 22277
  Contribution to Diversity: 0
  Route: [1, 6, 23, 46, 7, 28, 12, 38, 37, 43, 4, 45, 32, 30, 42, 13, 47, 15, 5, 41, 36, 35, 31, 49, 2, 34, 8, 9, 10, 26, 25, 14, 52, 11, 51, 27, 19, 40, 33, 3, 17, 44, 48, 18, 24, 29, 50, 21, 39, 16, 20, 22]

Individual 110:
  Route length: 21742
  Contribution to Diversity: 0.0011471018379776154
  Route: [1, 48, 24, 35, 15, 5, 9, 10, 14, 52, 43, 4, 12, 38, 36, 16, 44, 6, 49, 27, 11, 30, 39, 25, 28, 41, 33, 37, 34, 40, 46, 29, 50, 13, 51, 45, 2, 23, 3, 18, 17, 8, 20, 26, 47, 32, 19, 21, 42, 7, 31, 22]

Individual 111:
  Route length: 22456
  Contribution to Diversity: 0.00034922932258218964
  Route: [1, 49, 38, 32, 40, 37, 5, 33, 15, 2, 30, 29, 25, 12, 44, 16, 23, 35, 13, 14, 21, 27, 51, 4, 9, 6, 34, 28, 7, 45, 48, 24, 10, 26, 47, 43, 50, 20, 46, 11, 52, 36, 39, 42, 17, 19, 41, 8, 3, 18, 31, 22]

Individual 112:
  Route length: 22101
  Contribution to Diversity: 0
  Route: [1, 38, 48, 31, 44, 19, 4, 36, 34, 24, 25, 8, 40, 2, 30, 23, 20, 50, 9, 6, 26, 13, 47, 37, 21, 12, 28, 14, 52, 11, 51, 33, 45, 7, 46, 27, 41, 39, 32, 42, 43, 10, 49, 35, 17, 5, 15, 18, 16, 29, 3, 22]

Individual 113:
  Route length: 22202
  Contribution to Diversity: 0.00011293550152924325
  Route: [1, 49, 40, 16, 27, 24, 26, 29, 20, 44, 12, 38, 37, 46, 4, 25, 10, 30, 34, 28, 14, 52, 11, 13, 45, 42, 32, 47, 43, 48, 35, 5, 17, 18, 3, 41, 19, 9, 23, 21, 39, 36, 15, 51, 33, 2, 7, 6, 50, 8, 31, 22]

Individual 114:
  Route length: 21972
  Contribution to Diversity: 0.0006497496829211968
  Route: [44, 46, 16, 14, 21, 15, 6, 4, 39, 40, 49, 32, 5, 50, 36, 13, 35, 29, 24, 28, 27, 12, 25, 17, 34, 1, 37, 19, 41, 8, 9, 10, 51, 11, 30, 23, 42, 45, 33, 43, 48, 52, 2, 7, 18, 38, 26, 47, 20, 3, 31, 22]

Individual 115:
  Route length: 21892
  Contribution to Diversity: 9.300506575016243e-05
  Route: [1, 6, 23, 46, 7, 28, 12, 38, 37, 43, 4, 45, 32, 30, 42, 13, 47, 15, 5, 41, 36, 35, 31, 49, 2, 34, 8, 9, 10, 18, 48, 44, 17, 3, 33, 40, 19, 27, 51, 11, 52, 14, 25, 26, 24, 29, 50, 21, 39, 16, 20, 22]

Individual 116:
  Route length: 22070
  Contribution to Diversity: 0
  Route: [12, 14, 52, 11, 33, 6, 19, 45, 25, 13, 10, 9, 51, 3, 27, 5, 34, 44, 41, 8, 15, 49, 26, 18, 28, 1, 47, 43, 31, 17, 39, 4, 38, 20, 23, 37, 40, 36, 35, 48, 24, 21, 30, 2, 7, 42, 29, 50, 46, 16, 32, 22]

Individual 117:
  Route length: 22434
  Contribution to Diversity: 0
  Route: [1, 38, 6, 26, 13, 47, 37, 21, 12, 28, 14, 52, 11, 51, 33, 36, 4, 19, 44, 31, 48, 9, 50, 20, 23, 30, 2, 40, 8, 25, 24, 34, 45, 7, 46, 27, 41, 39, 32, 42, 43, 10, 49, 35, 17, 5, 15, 18, 16, 29, 3, 22]

Individual 118:
  Route length: 22545
  Contribution to Diversity: 0
  Route: [20, 34, 50, 21, 42, 24, 4, 25, 26, 13, 39, 49, 32, 33, 45, 19, 1, 23, 18, 41, 8, 12, 28, 44, 38, 51, 17, 3, 11, 47, 9, 27, 29, 16, 40, 15, 36, 48, 43, 10, 46, 6, 35, 30, 2, 7, 5, 52, 14, 37, 31, 22]

Individual 119:
  Route length: 22200
  Contribution to Diversity: 0.0006305403783555263
  Route: [1, 17, 49, 6, 4, 45, 32, 50, 27, 40, 51, 33, 11, 28, 38, 24, 5, 41, 21, 14, 52, 26, 46, 10, 9, 8, 20, 39, 16, 31, 44, 3, 18, 13, 43, 37, 15, 47, 29, 19, 2, 48, 12, 25, 35, 36, 30, 42, 7, 23, 34, 22]

Individual 120:
  Route length: 21883
  Contribution to Diversity: 0.0005287646517819766
  Route: [1, 52, 11, 13, 27, 47, 26, 23, 7, 3, 18, 38, 50, 25, 5, 15, 10, 45, 51, 14, 24, 48, 34, 17, 49, 16, 33, 29, 2, 36, 35, 40, 37, 44, 12, 46, 20, 30, 42, 43, 4, 39, 19, 41, 28, 9, 8, 6, 31, 21, 32, 22]

Individual 121:
  Route length: 22106
  Contribution to Diversity: 0.0007042559702723494
  Route: [9, 43, 10, 23, 1, 11, 47, 39, 34, 20, 36, 4, 25, 26, 27, 48, 24, 2, 30, 35, 31, 29, 16, 44, 21, 42, 7, 14, 52, 5, 18, 41, 8, 37, 28, 33, 12, 40, 15, 50, 32, 49, 3, 17, 45, 19, 51, 38, 13, 46, 6, 22]

Individual 122:
  Route length: 20586
  Contribution to Diversity: 0.00038879163893401625
  Route: [5, 15, 4, 27, 26, 11, 6, 2, 42, 21, 7, 9, 24, 43, 36, 48, 38, 33, 51, 12, 39, 40, 44, 37, 46, 18, 31, 17, 3, 29, 16, 8, 41, 10, 1, 32, 20, 23, 30, 13, 14, 45, 19, 35, 47, 28, 25, 34, 50, 49, 52, 22]

Individual 123:
  Route length: 22543
  Contribution to Diversity: 0.000261686091171498
  Route: [20, 34, 50, 21, 42, 24, 4, 25, 26, 13, 39, 49, 7, 2, 30, 35, 6, 46, 10, 43, 48, 36, 15, 40, 16, 29, 27, 9, 47, 11, 3, 17, 51, 38, 44, 28, 12, 8, 41, 18, 23, 1, 19, 45, 33, 32, 5, 52, 14, 37, 31, 22]

Individual 124:
  Route length: 22511
  Contribution to Diversity: 0.0003860037659979554
  Route: [1, 32, 35, 3, 20, 6, 23, 37, 31, 27, 13, 52, 11, 26, 15, 21, 45, 24, 14, 47, 33, 43, 29, 30, 2, 44, 17, 42, 18, 36, 41, 10, 40, 39, 50, 8, 9, 19, 38, 51, 48, 12, 34, 7, 25, 4, 5, 28, 49, 16, 46, 22]

Individual 125:
  Route length: 22007
  Contribution to Diversity: 0.0001853719146449606
  Route: [46, 35, 1, 52, 14, 7, 2, 50, 34, 11, 45, 26, 27, 28, 12, 41, 8, 10, 36, 39, 40, 51, 5, 24, 25, 33, 47, 13, 42, 31, 48, 38, 30, 9, 18, 29, 44, 4, 6, 15, 16, 20, 23, 19, 37, 21, 17, 3, 49, 32, 43, 22]

Individual 126:
  Route length: 22259
  Contribution to Diversity: 0.0003302941119267544
  Route: [17, 10, 43, 33, 1, 21, 31, 18, 3, 45, 40, 50, 29, 4, 20, 48, 39, 51, 28, 13, 16, 46, 2, 25, 37, 9, 44, 27, 34, 35, 36, 6, 15, 49, 32, 42, 7, 41, 12, 47, 14, 8, 23, 30, 24, 5, 38, 26, 52, 11, 19, 22]

Individual 127:
  Route length: 22602
  Contribution to Diversity: 0.0015448054084661322
  Route: [27, 35, 17, 33, 14, 13, 26, 11, 43, 39, 34, 38, 37, 50, 20, 25, 48, 23, 49, 1, 29, 28, 12, 10, 51, 47, 40, 46, 36, 6, 21, 4, 15, 5, 44, 8, 41, 42, 7, 2, 31, 16, 18, 3, 9, 52, 24, 19, 30, 45, 32, 22]

Individual 128:
  Route length: 22045
  Contribution to Diversity: 0
  Route: [12, 14, 52, 11, 33, 6, 19, 45, 25, 13, 10, 9, 51, 3, 27, 5, 37, 23, 20, 38, 4, 39, 17, 31, 43, 47, 1, 28, 18, 26, 49, 15, 8, 41, 44, 34, 40, 36, 35, 48, 24, 21, 30, 2, 7, 42, 29, 50, 46, 16, 32, 22]

Individual 129:
  Route length: 22492
  Contribution to Diversity: 0.001252269884045809
  Route: [9, 39, 28, 14, 52, 11, 24, 27, 1, 43, 10, 40, 37, 38, 19, 41, 33, 51, 23, 44, 46, 3, 21, 49, 32, 2, 16, 29, 8, 30, 18, 7, 31, 17, 50, 20, 47, 26, 4, 34, 13, 15, 5, 35, 36, 12, 25, 48, 6, 42, 45, 22]

Individual 130:
  Route length: 21773
  Contribution to Diversity: 0.0005148457597536904
  Route: [44, 7, 2, 6, 10, 9, 8, 39, 32, 52, 12, 38, 34, 31, 41, 36, 28, 24, 33, 20, 42, 19, 30, 37, 11, 26, 47, 13, 14, 50, 43, 40, 16, 21, 17, 23, 18, 3, 1, 29, 46, 49, 5, 48, 25, 51, 27, 35, 4, 15, 45, 22]

Individual 131:
  Route length: 22179
  Contribution to Diversity: 0.0006326189523120362
  Route: [23, 50, 49, 8, 16, 13, 11, 15, 27, 18, 38, 6, 25, 34, 43, 33, 51, 26, 44, 36, 47, 12, 28, 31, 20, 1, 45, 10, 48, 24, 9, 14, 52, 29, 40, 39, 46, 37, 3, 17, 21, 32, 42, 30, 35, 4, 41, 19, 5, 7, 2, 22]

Individual 132:
  Route length: 22243
  Contribution to Diversity: 0.0005958354937920518
  Route: [16, 29, 50, 20, 30, 2, 43, 35, 36, 19, 41, 7, 8, 9, 34, 13, 26, 51, 27, 14, 40, 47, 38, 37, 48, 45, 18, 3, 24, 5, 15, 46, 28, 44, 32, 6, 4, 17, 23, 1, 49, 21, 25, 10, 33, 39, 42, 11, 52, 12, 31, 22]

Individual 133:
  Route length: 22576
  Contribution to Diversity: 0.0006056416065671755
  Route: [1, 42, 46, 12, 24, 35, 34, 44, 21, 17, 5, 6, 16, 19, 41, 39, 8, 2, 4, 40, 38, 23, 30, 10, 36, 50, 26, 27, 20, 7, 49, 47, 43, 48, 15, 13, 14, 52, 11, 51, 33, 28, 45, 29, 37, 9, 32, 25, 3, 18, 31, 22]

Individual 134:
  Route length: 22431
  Contribution to Diversity: 0.0005190393117642245
  Route: [1, 49, 21, 41, 19, 44, 47, 38, 37, 3, 18, 45, 48, 24, 51, 46, 25, 10, 35, 17, 23, 16, 29, 50, 20, 9, 8, 7, 15, 5, 40, 12, 52, 11, 42, 30, 43, 33, 39, 2, 26, 13, 34, 14, 27, 28, 36, 4, 6, 32, 31, 22]

Individual 135:
  Route length: 22591
  Contribution to Diversity: 0
  Route: [50, 47, 13, 28, 26, 34, 21, 3, 41, 11, 27, 6, 15, 18, 44, 4, 20, 23, 35, 2, 8, 32, 49, 19, 45, 36, 25, 52, 39, 42, 7, 29, 37, 5, 24, 1, 17, 48, 38, 30, 40, 33, 51, 12, 43, 14, 9, 10, 46, 16, 31, 22]

Individual 136:
  Route length: 22000
  Contribution to Diversity: 0.0005855706486528334
  Route: [1, 24, 6, 23, 37, 43, 33, 51, 47, 14, 13, 52, 11, 25, 4, 38, 30, 2, 29, 48, 5, 12, 20, 32, 46, 42, 21, 45, 16, 49, 10, 41, 36, 18, 27, 44, 15, 17, 34, 35, 3, 28, 50, 39, 8, 9, 19, 7, 31, 26, 40, 22]

Individual 137:
  Route length: 22452
  Contribution to Diversity: 0.0004455824221487603
  Route: [20, 44, 28, 12, 8, 41, 18, 40, 15, 36, 48, 43, 10, 25, 4, 24, 42, 21, 50, 7, 2, 30, 35, 6, 46, 34, 19, 51, 38, 26, 13, 39, 49, 32, 33, 45, 17, 3, 11, 47, 9, 27, 29, 16, 23, 1, 5, 52, 14, 37, 31, 22]

Individual 138:
  Route length: 22331
  Contribution to Diversity: 0.0003571988565225226
  Route: [18, 25, 21, 43, 33, 51, 14, 52, 11, 34, 20, 50, 15, 41, 8, 9, 7, 30, 31, 29, 45, 10, 12, 28, 6, 3, 27, 26, 47, 42, 13, 36, 39, 5, 37, 40, 35, 1, 49, 38, 2, 16, 44, 17, 46, 32, 23, 24, 48, 4, 19, 22]

Individual 139:
  Route length: 22199
  Contribution to Diversity: 0
  Route: [44, 41, 8, 19, 9, 33, 51, 18, 7, 2, 52, 14, 35, 13, 23, 17, 21, 32, 30, 39, 11, 15, 6, 43, 36, 40, 37, 26, 47, 20, 4, 28, 3, 10, 46, 50, 29, 16, 48, 38, 24, 25, 27, 12, 5, 42, 34, 1, 49, 45, 31, 22]

Individual 140:
  Route length: 22578
  Contribution to Diversity: 0
  Route: [1, 38, 6, 26, 13, 47, 37, 21, 12, 28, 14, 52, 27, 46, 7, 45, 34, 24, 25, 8, 40, 2, 30, 23, 20, 50, 9, 48, 31, 44, 19, 4, 36, 33, 51, 11, 41, 39, 32, 42, 43, 10, 49, 35, 17, 5, 15, 18, 16, 29, 3, 22]

Individual 141:
  Route length: 22135
  Contribution to Diversity: 0.0013144483782436822
  Route: [19, 41, 52, 14, 29, 43, 37, 21, 44, 39, 18, 3, 17, 11, 34, 20, 23, 50, 42, 7, 2, 30, 5, 8, 1, 47, 26, 27, 28, 9, 46, 25, 6, 10, 51, 33, 38, 40, 31, 35, 36, 24, 4, 32, 49, 13, 15, 45, 16, 48, 12, 22]

Individual 142:
  Route length: 20845
  Contribution to Diversity: 0.00023383212335925663
  Route: [50, 47, 13, 28, 26, 34, 21, 3, 41, 11, 27, 6, 15, 37, 24, 5, 29, 7, 42, 2, 8, 32, 49, 19, 45, 36, 25, 52, 39, 35, 23, 20, 4, 44, 18, 1, 17, 48, 38, 30, 40, 33, 51, 12, 43, 14, 9, 10, 46, 16, 31, 22]

Individual 143:
  Route length: 22523
  Contribution to Diversity: 0.0005587285865766844
  Route: [37, 34, 49, 32, 4, 27, 26, 47, 9, 10, 7, 21, 8, 13, 39, 20, 50, 33, 1, 19, 5, 24, 25, 15, 36, 35, 12, 28, 16, 46, 51, 44, 43, 38, 45, 48, 6, 29, 40, 42, 41, 30, 23, 11, 52, 14, 2, 17, 3, 18, 31, 22]

Individual 144:
  Route length: 22364
  Contribution to Diversity: 0
  Route: [12, 14, 52, 11, 33, 6, 19, 45, 25, 13, 10, 9, 51, 3, 27, 5, 34, 44, 41, 8, 15, 49, 26, 18, 28, 1, 47, 43, 31, 17, 39, 4, 38, 20, 46, 50, 29, 42, 7, 2, 30, 21, 24, 48, 35, 36, 40, 37, 23, 16, 32, 22]

Individual 145:
  Route length: 20884
  Contribution to Diversity: 0
  Route: [43, 36, 29, 51, 33, 12, 49, 37, 38, 48, 47, 24, 15, 20, 7, 2, 30, 3, 18, 25, 23, 5, 31, 35, 1, 41, 19, 45, 32, 17, 21, 34, 11, 8, 46, 39, 13, 14, 52, 4, 44, 40, 9, 10, 6, 26, 27, 28, 16, 50, 42, 22]

Individual 146:
  Route length: 22371
  Contribution to Diversity: 0
  Route: [1, 15, 26, 52, 11, 14, 2, 41, 50, 3, 17, 37, 32, 19, 27, 28, 8, 5, 36, 39, 42, 21, 20, 38, 48, 24, 9, 31, 29, 18, 45, 49, 40, 44, 46, 13, 47, 51, 33, 43, 10, 34, 35, 4, 6, 7, 12, 25, 30, 16, 23, 22]

Individual 147:
  Route length: 22396
  Contribution to Diversity: 0.0005593862525143933
  Route: [1, 4, 34, 35, 48, 50, 42, 7, 33, 24, 9, 45, 21, 16, 10, 36, 28, 20, 17, 47, 46, 12, 8, 13, 14, 52, 11, 51, 32, 41, 19, 15, 6, 30, 23, 43, 2, 31, 18, 3, 25, 5, 27, 26, 29, 37, 40, 39, 49, 38, 44, 22]

Individual 148:
  Route length: 22324
  Contribution to Diversity: 0.0004193797214089301
  Route: [41, 8, 16, 29, 31, 35, 30, 2, 24, 48, 27, 26, 25, 4, 36, 20, 34, 39, 47, 11, 1, 23, 10, 43, 9, 18, 5, 52, 14, 7, 42, 21, 44, 37, 28, 33, 12, 40, 15, 50, 32, 49, 3, 17, 45, 19, 51, 38, 13, 46, 6, 22]

Individual 149:
  Route length: 21728
  Contribution to Diversity: 0.0007803727001158833
  Route: [33, 30, 48, 39, 51, 11, 1, 24, 31, 17, 36, 20, 25, 44, 28, 12, 42, 46, 16, 50, 35, 49, 21, 45, 8, 9, 19, 10, 41, 43, 2, 23, 32, 52, 14, 13, 47, 26, 27, 34, 29, 40, 18, 7, 4, 5, 15, 6, 37, 38, 3, 22]

Total Entropy H: 6.6972061664652855
