Individual 0:
  Route length: 7917
  Contribution to Diversity: 0.023994108805641012
  Route: [1, 18, 31, 3, 17, 21, 42, 7, 2, 30, 23, 20, 50, 29, 16, 46, 44, 34, 35, 36, 39, 40, 37, 15, 24, 6, 5, 38, 48, 4, 25, 12, 28, 27, 26, 47, 13, 14, 52, 11, 51, 33, 43, 10, 9, 8, 41, 19, 45, 32, 49, 22]

Individual 1:
  Route length: 7912
  Contribution to Diversity: 0.014501427067485473
  Route: [32, 45, 19, 41, 8, 9, 10, 43, 33, 51, 11, 52, 14, 13, 47, 26, 27, 28, 12, 25, 4, 6, 15, 5, 38, 40, 48, 24, 39, 37, 34, 35, 49, 36, 44, 46, 16, 29, 50, 20, 23, 30, 2, 7, 42, 21, 17, 3, 18, 31, 1, 22]

Individual 2:
  Route length: 7902
  Contribution to Diversity: 0
  Route: [1, 36, 38, 40, 39, 37, 48, 24, 5, 15, 6, 4, 25, 12, 28, 27, 26, 47, 13, 14, 52, 11, 51, 33, 43, 9, 10, 8, 41, 19, 45, 32, 49, 34, 35, 44, 46, 16, 29, 50, 20, 23, 30, 42, 2, 7, 21, 17, 3, 18, 31, 22]

Individual 3:
  Route length: 7913
  Contribution to Diversity: 0.017257774984838825
  Route: [1, 49, 32, 45, 19, 41, 8, 9, 10, 43, 33, 51, 11, 52, 13, 14, 47, 26, 27, 28, 12, 25, 46, 38, 37, 48, 24, 6, 4, 5, 15, 40, 35, 39, 34, 36, 44, 16, 29, 50, 20, 23, 30, 2, 7, 42, 21, 17, 3, 18, 31, 22]

Individual 4:
  Route length: 7890
  Contribution to Diversity: 0.012475451944436777
  Route: [18, 31, 3, 17, 21, 42, 7, 2, 30, 23, 20, 50, 29, 16, 46, 44, 34, 35, 36, 39, 40, 5, 15, 38, 6, 24, 37, 48, 4, 25, 12, 28, 27, 26, 47, 13, 14, 52, 11, 51, 33, 43, 10, 9, 8, 41, 19, 45, 32, 49, 1, 22]

Individual 5:
  Route length: 7901
  Contribution to Diversity: 0.006874470604834038
  Route: [1, 49, 32, 45, 19, 41, 8, 9, 10, 43, 33, 51, 11, 52, 14, 13, 47, 26, 27, 28, 12, 25, 4, 6, 15, 5, 38, 39, 37, 48, 40, 36, 35, 34, 44, 24, 46, 16, 29, 50, 20, 23, 30, 42, 2, 7, 21, 17, 3, 18, 31, 22]

Individual 6:
  Route length: 7898
  Contribution to Diversity: 0.009637233381092791
  Route: [1, 49, 32, 45, 19, 41, 8, 9, 10, 43, 33, 51, 11, 52, 13, 14, 47, 26, 27, 28, 12, 25, 46, 24, 48, 37, 38, 6, 4, 5, 15, 40, 34, 39, 35, 36, 44, 16, 29, 50, 20, 23, 30, 2, 7, 42, 21, 17, 3, 18, 31, 22]

Individual 7:
  Route length: 7860
  Contribution to Diversity: 0.003860807626397289
  Route: [1, 36, 35, 49, 32, 45, 19, 41, 8, 9, 10, 43, 33, 51, 11, 52, 13, 14, 47, 26, 27, 28, 12, 25, 4, 6, 15, 48, 5, 24, 38, 37, 40, 39, 34, 44, 46, 16, 29, 50, 23, 20, 30, 2, 7, 42, 21, 17, 3, 18, 31, 22]

Individual 8:
  Route length: 7904
  Contribution to Diversity: 0.006461118345025163
  Route: [1, 36, 35, 49, 32, 45, 19, 41, 8, 9, 10, 43, 33, 51, 11, 52, 14, 13, 47, 26, 27, 28, 12, 25, 4, 6, 15, 48, 5, 24, 38, 37, 40, 39, 34, 44, 46, 16, 29, 20, 23, 50, 30, 2, 7, 42, 21, 17, 3, 18, 31, 22]

Individual 9:
  Route length: 7902
  Contribution to Diversity: 0
  Route: [31, 18, 3, 17, 21, 7, 2, 42, 30, 23, 20, 50, 29, 16, 46, 44, 35, 34, 49, 32, 45, 19, 41, 8, 10, 9, 43, 33, 51, 11, 52, 14, 13, 47, 26, 27, 28, 12, 25, 4, 6, 15, 5, 24, 48, 37, 39, 40, 38, 36, 1, 22]

Total Entropy H: 4.416766676033451
