Individual 0:
  Route length: 7685
  Contribution to Diversity: -0.0006174819271045351
  Route: [1, 49, 32, 19, 45, 41, 8, 9, 10, 43, 33, 51, 11, 52, 14, 13, 47, 26, 27, 28, 12, 25, 4, 6, 15, 5, 24, 48, 38, 37, 40, 39, 36, 35, 34, 44, 46, 16, 29, 50, 20, 23, 30, 2, 7, 42, 21, 17, 3, 18, 31, 22]

Individual 1:
  Route length: 7674
  Contribution to Diversity: -0.00022776167281168824
  Route: [1, 49, 32, 45, 19, 41, 8, 9, 10, 43, 33, 51, 11, 52, 14, 13, 47, 26, 27, 28, 12, 25, 4, 6, 15, 5, 24, 48, 38, 37, 40, 39, 36, 35, 34, 44, 46, 29, 16, 50, 20, 23, 30, 2, 7, 42, 21, 17, 3, 18, 31, 22]

Individual 2:
  Route length: 7691
  Contribution to Diversity: -0.000452585493475155
  Route: [1, 49, 32, 45, 19, 41, 8, 9, 10, 43, 33, 51, 11, 52, 14, 13, 47, 26, 27, 28, 12, 25, 4, 6, 15, 5, 24, 48, 38, 37, 40, 39, 36, 35, 34, 44, 16, 46, 29, 50, 20, 23, 30, 2, 7, 42, 21, 17, 3, 18, 31, 22]

Individual 3:
  Route length: 7678
  Contribution to Diversity: -7.029873097419426e-05
  Route: [1, 49, 32, 45, 19, 41, 8, 9, 10, 43, 33, 51, 11, 52, 14, 13, 47, 26, 27, 28, 12, 25, 4, 6, 15, 5, 24, 48, 38, 37, 40, 39, 36, 35, 34, 44, 46, 16, 29, 50, 20, 23, 30, 2, 7, 42, 21, 17, 3, 18, 22, 31]

Individual 4:
  Route length: 7689
  Contribution to Diversity: -0.0003585933107981276
  Route: [1, 32, 49, 45, 19, 41, 8, 9, 10, 43, 33, 51, 11, 52, 14, 13, 47, 26, 27, 28, 12, 25, 6, 4, 15, 5, 24, 48, 38, 37, 40, 39, 36, 35, 34, 44, 46, 16, 29, 50, 20, 23, 30, 2, 7, 42, 21, 17, 3, 18, 31, 22]

Individual 5:
  Route length: 7663
  Contribution to Diversity: -0.0001566824784493548
  Route: [1, 49, 32, 45, 19, 41, 8, 9, 10, 43, 33, 51, 11, 52, 14, 13, 47, 26, 27, 28, 12, 25, 4, 6, 15, 5, 24, 48, 38, 37, 40, 39, 36, 34, 35, 44, 46, 16, 29, 50, 20, 23, 30, 2, 7, 42, 21, 17, 3, 31, 18, 22]

Individual 6:
  Route length: 7684
  Contribution to Diversity: -0.0005270266631640652
  Route: [1, 49, 32, 45, 19, 41, 8, 9, 10, 43, 33, 51, 11, 52, 14, 13, 47, 26, 27, 28, 12, 25, 4, 6, 15, 5, 24, 48, 38, 37, 40, 39, 36, 44, 35, 34, 46, 16, 29, 50, 20, 23, 30, 2, 7, 42, 21, 17, 3, 18, 31, 22]

Individual 7:
  Route length: 7680
  Contribution to Diversity: -9.673634295115363e-05
  Route: [1, 49, 32, 45, 19, 41, 8, 9, 10, 43, 33, 51, 11, 52, 14, 13, 47, 26, 27, 28, 12, 25, 4, 6, 15, 5, 24, 48, 38, 37, 40, 39, 36, 35, 34, 44, 46, 16, 29, 20, 50, 23, 30, 2, 7, 42, 21, 17, 3, 31, 18, 22]

Individual 8:
  Route length: 7640
  Contribution to Diversity: -0.0004722940332859693
  Route: [1, 49, 32, 45, 19, 41, 8, 9, 10, 43, 33, 51, 11, 52, 14, 13, 47, 26, 27, 28, 12, 25, 6, 4, 15, 5, 24, 48, 38, 37, 40, 39, 36, 35, 34, 44, 46, 16, 29, 50, 20, 23, 30, 7, 2, 42, 21, 17, 3, 18, 31, 22]

Individual 9:
  Route length: 7664
  Contribution to Diversity: -0.0005550649387062734
  Route: [1, 49, 32, 45, 19, 41, 8, 9, 10, 43, 33, 51, 11, 52, 14, 13, 47, 26, 27, 28, 12, 4, 25, 6, 5, 15, 24, 48, 38, 37, 40, 39, 36, 35, 34, 44, 46, 16, 29, 50, 20, 23, 30, 2, 7, 42, 21, 17, 3, 18, 31, 22]

Individual 10:
  Route length: 7677
  Contribution to Diversity: 0.00048464109182422277
  Route: [1, 49, 32, 45, 19, 41, 8, 9, 10, 43, 33, 51, 11, 52, 14, 13, 26, 47, 27, 28, 12, 25, 4, 6, 15, 5, 24, 48, 40, 38, 37, 39, 36, 35, 34, 44, 46, 16, 29, 50, 20, 23, 30, 2, 7, 42, 21, 17, 3, 18, 31, 22]

Individual 11:
  Route length: 7659
  Contribution to Diversity: -0.00017751211491479069
  Route: [1, 49, 32, 45, 19, 41, 8, 9, 10, 43, 33, 51, 11, 52, 14, 13, 47, 26, 27, 28, 12, 25, 4, 6, 5, 15, 24, 38, 48, 37, 40, 39, 36, 35, 34, 44, 46, 16, 29, 20, 50, 23, 30, 2, 7, 42, 21, 17, 3, 18, 31, 22]

Individual 12:
  Route length: 7676
  Contribution to Diversity: 0.0005378339868897797
  Route: [1, 49, 32, 45, 19, 41, 8, 9, 10, 43, 33, 51, 11, 52, 14, 13, 47, 26, 28, 27, 12, 25, 4, 6, 15, 5, 24, 48, 38, 37, 40, 39, 36, 35, 34, 44, 46, 16, 29, 50, 20, 23, 30, 2, 7, 42, 21, 17, 3, 18, 31, 22]

Individual 13:
  Route length: 7640
  Contribution to Diversity: 5.116587737497014e-06
  Route: [1, 49, 32, 45, 19, 41, 8, 9, 10, 43, 33, 51, 11, 52, 13, 14, 47, 26, 27, 28, 12, 25, 4, 6, 15, 24, 5, 48, 38, 37, 40, 39, 36, 34, 35, 44, 46, 16, 29, 50, 20, 23, 30, 2, 7, 42, 21, 17, 3, 18, 31, 22]

Individual 14:
  Route length: 7666
  Contribution to Diversity: -0.00015033566110478347
  Route: [1, 49, 32, 45, 19, 41, 8, 9, 10, 43, 33, 51, 11, 52, 14, 13, 47, 26, 27, 28, 12, 25, 4, 6, 15, 24, 5, 48, 38, 40, 37, 39, 36, 35, 34, 46, 44, 16, 29, 50, 20, 23, 30, 2, 7, 42, 21, 17, 3, 18, 31, 22]

Individual 15:
  Route length: 7686
  Contribution to Diversity: 0.00019407010829652904
  Route: [1, 49, 32, 19, 45, 41, 8, 9, 10, 43, 33, 51, 11, 52, 13, 14, 47, 26, 27, 28, 12, 25, 4, 6, 15, 5, 24, 48, 38, 37, 40, 39, 36, 35, 34, 44, 46, 16, 29, 50, 20, 23, 30, 2, 7, 42, 21, 17, 3, 18, 31, 22]

Individual 16:
  Route length: 7637
  Contribution to Diversity: -0.0002458796064104263
  Route: [1, 49, 32, 45, 19, 8, 41, 9, 10, 43, 33, 51, 11, 52, 14, 13, 47, 26, 27, 28, 12, 25, 4, 6, 15, 5, 24, 48, 37, 38, 40, 39, 36, 35, 34, 44, 46, 16, 29, 50, 20, 23, 30, 2, 7, 42, 21, 17, 3, 18, 31, 22]

Individual 17:
  Route length: 7649
  Contribution to Diversity: -0.00011907916534337204
  Route: [1, 49, 32, 45, 19, 41, 8, 9, 10, 43, 33, 51, 11, 52, 14, 13, 47, 26, 27, 28, 12, 25, 4, 6, 24, 15, 5, 48, 38, 37, 40, 39, 36, 34, 35, 44, 46, 16, 29, 50, 20, 23, 30, 2, 7, 42, 21, 17, 3, 18, 31, 22]

Individual 18:
  Route length: 7685
  Contribution to Diversity: -1.0264069358889572e-05
  Route: [1, 49, 32, 45, 19, 41, 8, 9, 10, 43, 33, 51, 11, 52, 14, 13, 47, 26, 27, 28, 12, 25, 4, 6, 15, 5, 24, 48, 38, 37, 40, 39, 36, 35, 34, 46, 44, 16, 29, 50, 20, 23, 30, 2, 7, 42, 21, 17, 3, 31, 18, 22]

Individual 19:
  Route length: 7660
  Contribution to Diversity: 6.0801801003762534e-05
  Route: [1, 32, 49, 45, 19, 41, 8, 9, 10, 43, 33, 51, 11, 52, 14, 13, 47, 26, 27, 28, 12, 25, 4, 6, 15, 5, 24, 48, 38, 37, 40, 39, 35, 36, 34, 44, 46, 16, 29, 50, 20, 23, 30, 7, 2, 42, 21, 17, 3, 18, 31, 22]

Individual 20:
  Route length: 7637
  Contribution to Diversity: -2.7334141204704565e-05
  Route: [1, 49, 32, 45, 19, 41, 8, 9, 10, 43, 33, 51, 11, 52, 14, 13, 47, 26, 27, 28, 12, 25, 4, 6, 15, 5, 24, 48, 38, 40, 37, 36, 39, 35, 34, 44, 46, 16, 29, 50, 20, 23, 30, 7, 2, 42, 21, 17, 3, 18, 31, 22]

Individual 21:
  Route length: 7668
  Contribution to Diversity: -0.0005847939991152629
  Route: [1, 49, 32, 45, 19, 41, 8, 9, 10, 43, 33, 51, 11, 52, 14, 13, 47, 26, 27, 28, 12, 4, 25, 6, 15, 5, 24, 48, 38, 37, 40, 39, 35, 36, 34, 44, 46, 16, 29, 50, 20, 23, 30, 2, 7, 42, 21, 17, 3, 18, 31, 22]

Individual 22:
  Route length: 7668
  Contribution to Diversity: -0.0003802165456043838
  Route: [1, 49, 32, 45, 19, 41, 8, 9, 10, 43, 33, 51, 11, 52, 14, 13, 47, 26, 27, 28, 12, 4, 25, 6, 15, 5, 24, 48, 38, 37, 40, 39, 36, 35, 34, 44, 46, 16, 29, 50, 20, 23, 30, 7, 2, 42, 21, 17, 3, 18, 31, 22]

Individual 23:
  Route length: 7681
  Contribution to Diversity: -0.0002690428778970855
  Route: [1, 32, 49, 45, 19, 41, 8, 9, 10, 43, 33, 51, 11, 52, 14, 13, 47, 26, 27, 28, 12, 25, 4, 6, 15, 24, 5, 48, 38, 40, 37, 39, 36, 35, 34, 44, 46, 16, 29, 50, 20, 23, 30, 2, 7, 42, 21, 17, 3, 18, 31, 22]

Individual 24:
  Route length: 7652
  Contribution to Diversity: -0.0003863045030945145
  Route: [1, 49, 32, 45, 19, 41, 8, 9, 10, 43, 33, 51, 11, 52, 14, 13, 47, 26, 27, 28, 12, 25, 6, 4, 15, 5, 24, 48, 38, 37, 40, 39, 36, 34, 35, 44, 46, 16, 29, 50, 20, 23, 30, 2, 7, 42, 21, 17, 3, 18, 31, 22]

Individual 25:
  Route length: 7649
  Contribution to Diversity: 0.00031137389560509376
  Route: [1, 49, 32, 45, 19, 41, 8, 9, 10, 43, 33, 51, 11, 52, 14, 13, 47, 26, 27, 28, 12, 25, 4, 6, 15, 5, 24, 48, 38, 40, 37, 39, 36, 35, 34, 44, 46, 16, 29, 50, 23, 20, 30, 2, 7, 42, 21, 17, 3, 18, 31, 22]

Individual 26:
  Route length: 7678
  Contribution to Diversity: 0.0005304791747917648
  Route: [1, 49, 32, 45, 19, 41, 8, 9, 10, 43, 33, 51, 11, 52, 13, 14, 47, 26, 27, 28, 12, 25, 4, 6, 15, 5, 24, 48, 37, 38, 40, 39, 36, 35, 34, 44, 46, 16, 29, 50, 20, 23, 30, 2, 42, 7, 21, 17, 3, 18, 31, 22]

Individual 27:
  Route length: 7690
  Contribution to Diversity: 0.00035214115077231156
  Route: [1, 49, 32, 45, 19, 41, 8, 9, 10, 43, 33, 51, 11, 52, 14, 13, 47, 26, 27, 28, 12, 25, 4, 6, 15, 5, 24, 48, 37, 38, 40, 39, 36, 35, 34, 46, 44, 16, 29, 50, 20, 23, 30, 2, 7, 42, 21, 17, 3, 31, 18, 22]

Individual 28:
  Route length: 7692
  Contribution to Diversity: -0.0003950554108360649
  Route: [1, 49, 32, 45, 19, 41, 8, 9, 10, 43, 33, 51, 11, 52, 14, 13, 47, 26, 27, 28, 12, 25, 4, 6, 15, 5, 24, 38, 48, 37, 40, 39, 36, 35, 34, 44, 46, 16, 50, 29, 20, 23, 30, 2, 7, 42, 21, 17, 3, 18, 31, 22]

Individual 29:
  Route length: 7625
  Contribution to Diversity: -0.0001508397021927621
  Route: [1, 49, 32, 45, 19, 41, 8, 9, 10, 43, 33, 51, 11, 52, 14, 13, 47, 26, 27, 28, 12, 25, 4, 6, 5, 15, 48, 24, 38, 37, 40, 39, 36, 35, 34, 44, 46, 16, 29, 20, 50, 23, 30, 2, 7, 42, 21, 17, 3, 18, 31, 22]

Individual 30:
  Route length: 7638
  Contribution to Diversity: -0.0006280381706433857
  Route: [1, 49, 32, 45, 19, 41, 8, 9, 10, 43, 33, 51, 11, 52, 14, 13, 26, 47, 27, 28, 12, 25, 4, 6, 15, 5, 24, 48, 38, 37, 40, 39, 36, 35, 34, 44, 46, 16, 29, 50, 20, 23, 30, 2, 7, 42, 21, 17, 3, 18, 31, 22]

Individual 31:
  Route length: 7627
  Contribution to Diversity: -0.0004132332565340846
  Route: [1, 49, 32, 45, 19, 41, 8, 9, 10, 43, 33, 51, 11, 52, 14, 13, 47, 26, 27, 28, 12, 25, 4, 6, 15, 5, 24, 48, 37, 38, 40, 39, 35, 36, 34, 46, 44, 16, 29, 50, 20, 23, 30, 2, 7, 42, 21, 17, 3, 18, 31, 22]

Individual 32:
  Route length: 7678
  Contribution to Diversity: -0.00041761939325102304
  Route: [1, 49, 32, 45, 19, 41, 8, 10, 9, 43, 33, 51, 11, 52, 14, 13, 47, 26, 27, 28, 12, 25, 4, 6, 15, 5, 24, 48, 38, 37, 39, 40, 36, 35, 34, 44, 46, 16, 29, 50, 20, 23, 30, 2, 7, 42, 21, 17, 3, 18, 31, 22]

Individual 33:
  Route length: 7637
  Contribution to Diversity: -0.00012644148577933834
  Route: [1, 49, 32, 45, 19, 41, 8, 10, 9, 43, 33, 51, 11, 52, 14, 13, 47, 26, 27, 28, 12, 25, 4, 6, 15, 5, 48, 24, 38, 40, 37, 39, 36, 35, 34, 44, 46, 16, 29, 50, 20, 23, 30, 2, 7, 42, 21, 17, 3, 18, 31, 22]

Individual 34:
  Route length: 7649
  Contribution to Diversity: 0.00014888098845400322
  Route: [1, 49, 32, 45, 19, 41, 8, 9, 10, 43, 33, 51, 11, 52, 14, 13, 26, 47, 27, 28, 12, 25, 4, 6, 15, 5, 48, 24, 38, 37, 40, 39, 36, 35, 34, 44, 46, 16, 29, 50, 20, 23, 30, 2, 7, 42, 21, 17, 3, 18, 31, 22]

Individual 35:
  Route length: 7634
  Contribution to Diversity: -0.0005511349058346937
  Route: [1, 49, 32, 45, 19, 41, 8, 9, 10, 43, 33, 51, 11, 52, 14, 13, 47, 26, 27, 28, 12, 25, 4, 15, 6, 5, 24, 48, 38, 37, 40, 39, 36, 35, 34, 44, 46, 16, 29, 20, 50, 23, 30, 2, 7, 42, 21, 17, 3, 18, 31, 22]

Individual 36:
  Route length: 7642
  Contribution to Diversity: -0.00032736301981373117
  Route: [1, 32, 49, 45, 19, 41, 8, 9, 10, 43, 33, 51, 11, 52, 14, 13, 47, 26, 27, 28, 12, 25, 4, 6, 15, 5, 24, 48, 37, 38, 40, 39, 36, 35, 34, 44, 46, 16, 29, 50, 20, 23, 30, 7, 2, 42, 21, 17, 3, 18, 31, 22]

Individual 37:
  Route length: 7657
  Contribution to Diversity: 0.0005584804441358671
  Route: [1, 49, 32, 45, 19, 41, 8, 10, 9, 43, 33, 51, 11, 52, 14, 13, 47, 26, 27, 28, 12, 25, 4, 6, 5, 15, 48, 24, 38, 40, 37, 39, 36, 35, 34, 44, 46, 16, 29, 50, 20, 23, 30, 2, 7, 42, 21, 17, 3, 18, 31, 22]

Individual 38:
  Route length: 7659
  Contribution to Diversity: -0.0005262681908284605
  Route: [1, 49, 32, 45, 19, 41, 8, 9, 10, 43, 33, 51, 11, 52, 14, 13, 47, 26, 27, 28, 12, 25, 4, 6, 15, 24, 5, 38, 48, 40, 37, 39, 36, 35, 34, 44, 46, 16, 29, 50, 20, 23, 30, 2, 7, 42, 21, 17, 3, 18, 31, 22]

Individual 39:
  Route length: 7689
  Contribution to Diversity: 0.0003592997658463659
  Route: [1, 49, 32, 45, 19, 41, 8, 10, 9, 43, 33, 51, 11, 52, 14, 13, 47, 26, 27, 28, 12, 25, 4, 6, 15, 5, 48, 24, 38, 37, 39, 40, 36, 35, 34, 44, 46, 16, 29, 50, 20, 23, 30, 2, 7, 42, 21, 17, 3, 18, 31, 22]

Individual 40:
  Route length: 7670
  Contribution to Diversity: -0.00028072957016789246
  Route: [1, 49, 32, 45, 19, 41, 8, 9, 10, 43, 33, 51, 11, 52, 14, 13, 47, 26, 27, 28, 12, 25, 4, 6, 15, 24, 48, 5, 38, 37, 40, 36, 39, 35, 34, 44, 46, 16, 29, 50, 20, 23, 30, 2, 7, 42, 21, 17, 3, 18, 31, 22]

Individual 41:
  Route length: 7671
  Contribution to Diversity: 0.0005043944359277575
  Route: [1, 49, 32, 45, 19, 8, 41, 9, 10, 43, 33, 51, 11, 52, 14, 13, 47, 26, 27, 28, 12, 25, 4, 6, 15, 5, 24, 48, 40, 38, 37, 39, 36, 35, 34, 44, 46, 16, 29, 50, 20, 23, 30, 2, 7, 42, 21, 17, 3, 18, 31, 22]

Individual 42:
  Route length: 7646
  Contribution to Diversity: -0.00037864656735209223
  Route: [1, 32, 49, 45, 19, 41, 8, 9, 10, 43, 33, 51, 11, 52, 14, 13, 47, 26, 27, 28, 12, 25, 4, 6, 15, 5, 38, 24, 48, 37, 40, 39, 36, 35, 34, 44, 46, 16, 29, 50, 20, 23, 30, 2, 7, 42, 21, 17, 3, 18, 31, 22]

Individual 43:
  Route length: 7629
  Contribution to Diversity: -0.00038626746769843123
  Route: [1, 49, 32, 45, 19, 41, 8, 9, 10, 43, 33, 51, 11, 52, 13, 14, 47, 26, 27, 28, 12, 25, 4, 6, 15, 5, 24, 48, 38, 37, 40, 39, 36, 35, 34, 44, 46, 16, 29, 50, 20, 23, 30, 2, 7, 42, 21, 17, 3, 31, 18, 22]

Individual 44:
  Route length: 7692
  Contribution to Diversity: -4.097517041579124e-05
  Route: [1, 49, 32, 45, 19, 41, 8, 9, 10, 43, 33, 51, 11, 52, 14, 13, 47, 26, 27, 28, 12, 25, 4, 6, 15, 24, 5, 48, 37, 38, 39, 40, 36, 35, 34, 44, 46, 16, 29, 50, 20, 23, 30, 2, 7, 42, 21, 17, 3, 18, 31, 22]

Individual 45:
  Route length: 7679
  Contribution to Diversity: -0.00016378011800810555
  Route: [1, 49, 32, 45, 19, 41, 8, 9, 10, 43, 33, 51, 11, 52, 14, 13, 47, 26, 27, 28, 12, 25, 4, 6, 15, 5, 24, 38, 48, 40, 37, 39, 36, 35, 34, 46, 44, 16, 29, 50, 20, 23, 30, 2, 7, 42, 21, 17, 3, 18, 31, 22]

Individual 46:
  Route length: 7682
  Contribution to Diversity: 0.0005730579260356805
  Route: [1, 49, 32, 45, 19, 41, 8, 9, 10, 43, 33, 51, 11, 52, 14, 13, 47, 26, 27, 28, 12, 25, 4, 6, 5, 15, 24, 38, 48, 37, 40, 39, 35, 36, 34, 44, 46, 16, 29, 20, 50, 23, 30, 2, 7, 42, 21, 17, 3, 18, 31, 22]

Individual 47:
  Route length: 7683
  Contribution to Diversity: -0.00023947611852292994
  Route: [1, 32, 49, 45, 19, 41, 8, 9, 10, 43, 33, 51, 11, 52, 14, 13, 47, 26, 27, 28, 12, 25, 4, 6, 15, 5, 24, 38, 48, 37, 40, 39, 35, 36, 34, 44, 46, 16, 29, 50, 20, 23, 30, 2, 7, 42, 21, 17, 3, 18, 31, 22]

Individual 48:
  Route length: 7679
  Contribution to Diversity: 0.000841100902362335
  Route: [1, 32, 49, 45, 19, 41, 8, 9, 10, 43, 33, 51, 11, 52, 14, 13, 47, 26, 27, 28, 12, 25, 4, 6, 5, 15, 24, 48, 38, 37, 40, 39, 35, 36, 34, 44, 46, 16, 29, 50, 20, 23, 30, 7, 2, 42, 21, 17, 3, 18, 31, 22]

Individual 49:
  Route length: 7674
  Contribution to Diversity: 0.0001833230098728933
  Route: [1, 49, 32, 45, 19, 41, 8, 9, 10, 43, 33, 51, 11, 52, 14, 13, 47, 26, 27, 28, 12, 25, 6, 4, 15, 5, 24, 48, 38, 40, 37, 39, 36, 35, 34, 44, 46, 16, 29, 20, 50, 23, 30, 2, 7, 42, 21, 17, 3, 18, 31, 22]

Individual 50:
  Route length: 7689
  Contribution to Diversity: 0.0003871378025550598
  Route: [1, 49, 32, 45, 19, 8, 41, 9, 10, 43, 33, 51, 11, 52, 14, 13, 47, 26, 27, 28, 12, 25, 4, 6, 15, 5, 24, 48, 38, 37, 39, 40, 36, 35, 34, 44, 46, 16, 29, 50, 20, 23, 30, 2, 7, 42, 21, 17, 3, 18, 31, 22]

Individual 51:
  Route length: 7618
  Contribution to Diversity: 0.00015401873865705795
  Route: [1, 49, 32, 45, 19, 41, 8, 9, 10, 43, 33, 51, 11, 52, 13, 14, 47, 26, 27, 28, 12, 25, 4, 6, 15, 5, 24, 48, 38, 37, 40, 39, 36, 35, 34, 44, 46, 16, 29, 20, 50, 23, 30, 7, 2, 42, 21, 17, 3, 18, 31, 22]

Individual 52:
  Route length: 7649
  Contribution to Diversity: -0.00026043254381136194
  Route: [1, 49, 32, 45, 19, 41, 8, 9, 10, 43, 33, 51, 11, 52, 14, 13, 47, 26, 27, 28, 12, 25, 4, 6, 15, 24, 5, 48, 38, 37, 40, 39, 34, 36, 35, 44, 46, 16, 29, 50, 20, 23, 30, 2, 7, 42, 21, 17, 3, 18, 31, 22]

Individual 53:
  Route length: 7645
  Contribution to Diversity: 0.00025359065812491366
  Route: [1, 49, 32, 45, 19, 41, 8, 9, 10, 43, 33, 51, 11, 52, 13, 14, 47, 26, 27, 28, 12, 25, 4, 6, 15, 5, 24, 48, 38, 37, 40, 36, 39, 34, 35, 44, 46, 16, 29, 50, 20, 23, 30, 2, 7, 42, 21, 17, 3, 18, 31, 22]

Individual 54:
  Route length: 7692
  Contribution to Diversity: 0.0015996174687868958
  Route: [1, 49, 32, 45, 19, 41, 8, 10, 9, 43, 33, 51, 11, 52, 14, 13, 47, 26, 27, 28, 12, 25, 4, 6, 5, 15, 48, 24, 38, 40, 37, 39, 36, 34, 35, 44, 46, 16, 29, 50, 20, 23, 30, 2, 7, 42, 21, 17, 3, 18, 31, 22]

Individual 55:
  Route length: 7652
  Contribution to Diversity: -5.511518161149809e-05
  Route: [1, 49, 32, 45, 19, 41, 8, 9, 10, 43, 33, 51, 11, 52, 14, 13, 47, 26, 27, 28, 12, 25, 4, 6, 5, 15, 24, 48, 37, 38, 40, 39, 36, 35, 34, 44, 46, 16, 29, 50, 20, 23, 30, 2, 7, 42, 21, 17, 3, 31, 18, 22]

Individual 56:
  Route length: 7676
  Contribution to Diversity: -0.00032191054512420436
  Route: [1, 49, 32, 45, 19, 41, 8, 9, 10, 43, 33, 51, 11, 52, 14, 13, 47, 26, 27, 28, 12, 25, 4, 6, 5, 24, 15, 48, 38, 37, 40, 39, 36, 35, 34, 44, 46, 16, 29, 20, 50, 23, 30, 2, 7, 42, 21, 17, 3, 18, 31, 22]

Individual 57:
  Route length: 7678
  Contribution to Diversity: -2.91515407013776e-06
  Route: [1, 49, 32, 45, 19, 41, 8, 9, 10, 43, 33, 51, 11, 52, 13, 14, 47, 26, 27, 28, 12, 25, 4, 6, 15, 5, 24, 48, 38, 37, 39, 36, 40, 35, 34, 44, 46, 16, 29, 50, 20, 23, 30, 2, 7, 42, 21, 17, 3, 18, 31, 22]

Individual 58:
  Route length: 7645
  Contribution to Diversity: -0.00027033770085704845
  Route: [1, 49, 32, 45, 19, 41, 8, 10, 9, 43, 33, 51, 11, 52, 14, 13, 47, 26, 27, 28, 12, 25, 4, 6, 5, 15, 24, 48, 37, 38, 40, 39, 36, 35, 34, 44, 46, 16, 29, 50, 20, 23, 30, 2, 7, 42, 21, 17, 3, 18, 31, 22]

Individual 59:
  Route length: 7620
  Contribution to Diversity: -0.00047095847887224096
  Route: [1, 32, 49, 45, 19, 41, 8, 9, 10, 43, 33, 51, 11, 52, 13, 14, 47, 26, 27, 28, 12, 25, 4, 6, 15, 5, 24, 48, 37, 38, 40, 39, 36, 35, 34, 44, 46, 16, 29, 50, 20, 23, 30, 2, 7, 42, 21, 17, 3, 18, 31, 22]

Individual 60:
  Route length: 7669
  Contribution to Diversity: 0.00022675803628668945
  Route: [1, 49, 32, 45, 19, 41, 8, 9, 10, 43, 33, 51, 11, 52, 13, 14, 47, 26, 27, 28, 12, 4, 25, 6, 15, 5, 24, 48, 38, 37, 40, 39, 35, 36, 34, 44, 46, 16, 29, 50, 20, 23, 30, 2, 7, 42, 21, 17, 3, 18, 31, 22]

Individual 61:
  Route length: 7642
  Contribution to Diversity: -0.0001800868624757257
  Route: [1, 32, 49, 45, 19, 41, 8, 9, 10, 43, 33, 51, 11, 52, 14, 13, 47, 26, 27, 28, 12, 25, 4, 6, 15, 5, 24, 48, 38, 40, 37, 39, 36, 35, 34, 44, 46, 16, 29, 50, 20, 23, 30, 7, 2, 42, 21, 17, 3, 18, 31, 22]

Individual 62:
  Route length: 7691
  Contribution to Diversity: 0.000521302277070923
  Route: [1, 49, 32, 45, 19, 41, 8, 9, 10, 43, 33, 51, 11, 52, 14, 13, 47, 26, 27, 28, 12, 25, 4, 15, 6, 5, 24, 48, 38, 40, 37, 39, 36, 35, 34, 44, 46, 16, 50, 29, 20, 23, 30, 2, 7, 42, 21, 17, 3, 18, 31, 22]

Individual 63:
  Route length: 7682
  Contribution to Diversity: 0.0007341828655560434
  Route: [1, 32, 49, 45, 19, 41, 8, 9, 10, 43, 33, 51, 11, 52, 14, 13, 47, 26, 27, 28, 12, 25, 4, 15, 6, 5, 24, 48, 37, 38, 40, 39, 36, 35, 34, 44, 46, 16, 29, 50, 20, 23, 30, 7, 2, 42, 21, 17, 3, 18, 31, 22]

Individual 64:
  Route length: 7627
  Contribution to Diversity: -0.00023908476681278046
  Route: [1, 49, 32, 45, 19, 41, 8, 10, 9, 43, 33, 51, 11, 52, 13, 14, 47, 26, 27, 28, 12, 25, 4, 6, 15, 5, 24, 48, 37, 38, 40, 39, 36, 35, 34, 44, 46, 16, 29, 50, 20, 23, 30, 2, 7, 42, 21, 17, 3, 18, 31, 22]

Individual 65:
  Route length: 7656
  Contribution to Diversity: 5.73886363097742e-05
  Route: [1, 49, 32, 45, 19, 41, 8, 9, 10, 43, 33, 51, 11, 52, 14, 13, 47, 26, 27, 28, 12, 25, 4, 6, 15, 5, 48, 24, 38, 37, 40, 36, 39, 35, 34, 44, 46, 16, 29, 50, 20, 23, 30, 7, 2, 42, 21, 17, 3, 18, 31, 22]

Individual 66:
  Route length: 7683
  Contribution to Diversity: 0.0011251983175748492
  Route: [1, 49, 32, 45, 19, 41, 8, 9, 10, 43, 33, 51, 11, 52, 13, 14, 47, 26, 27, 28, 12, 25, 4, 6, 15, 5, 24, 48, 37, 40, 38, 39, 36, 35, 34, 44, 46, 16, 50, 29, 20, 23, 30, 2, 7, 42, 21, 17, 3, 18, 31, 22]

Individual 67:
  Route length: 7636
  Contribution to Diversity: 0.00013423500430587154
  Route: [1, 49, 32, 45, 19, 41, 8, 9, 10, 43, 33, 51, 11, 52, 14, 13, 47, 26, 27, 28, 12, 25, 4, 6, 15, 5, 24, 48, 38, 40, 37, 36, 39, 34, 35, 44, 46, 16, 29, 50, 20, 23, 30, 2, 7, 42, 21, 17, 3, 18, 31, 22]

Individual 68:
  Route length: 7691
  Contribution to Diversity: 0.0006364205279068003
  Route: [1, 49, 32, 45, 19, 41, 8, 9, 10, 43, 33, 51, 11, 52, 14, 13, 47, 26, 27, 28, 12, 25, 4, 15, 6, 5, 24, 48, 38, 37, 40, 39, 36, 35, 34, 46, 44, 16, 29, 20, 50, 23, 30, 2, 7, 42, 21, 17, 3, 18, 31, 22]

Individual 69:
  Route length: 7647
  Contribution to Diversity: 0.0004329054680498601
  Route: [1, 32, 49, 45, 19, 41, 8, 9, 10, 43, 33, 51, 11, 52, 13, 14, 47, 26, 27, 28, 12, 25, 4, 6, 15, 5, 38, 24, 48, 37, 40, 39, 36, 35, 34, 44, 46, 16, 29, 50, 20, 23, 30, 2, 7, 42, 21, 17, 3, 18, 31, 22]

Individual 70:
  Route length: 7627
  Contribution to Diversity: -0.00020865580302231734
  Route: [1, 49, 32, 45, 19, 41, 8, 9, 10, 43, 33, 51, 11, 52, 14, 13, 47, 26, 27, 28, 12, 25, 4, 6, 15, 5, 24, 48, 37, 38, 40, 39, 36, 35, 34, 46, 44, 16, 29, 50, 20, 23, 30, 7, 2, 42, 21, 17, 3, 18, 31, 22]

Individual 71:
  Route length: 7682
  Contribution to Diversity: 0.0002243018501202343
  Route: [1, 49, 32, 45, 19, 41, 8, 9, 10, 43, 33, 51, 11, 52, 14, 13, 47, 26, 27, 28, 12, 25, 4, 6, 15, 24, 5, 38, 48, 40, 37, 39, 35, 36, 34, 44, 46, 16, 29, 50, 20, 23, 30, 2, 7, 42, 21, 17, 3, 18, 31, 22]

Individual 72:
  Route length: 7686
  Contribution to Diversity: 0.0008012879660430627
  Route: [1, 49, 32, 45, 19, 41, 8, 9, 10, 43, 33, 51, 11, 52, 13, 14, 47, 26, 27, 28, 12, 25, 4, 6, 15, 5, 24, 48, 38, 37, 40, 39, 36, 35, 34, 46, 44, 16, 29, 50, 20, 23, 30, 2, 7, 42, 21, 17, 3, 31, 18, 22]

Individual 73:
  Route length: 7645
  Contribution to Diversity: 0.00036752180786780997
  Route: [1, 49, 32, 45, 19, 41, 8, 9, 10, 43, 33, 51, 11, 52, 13, 14, 47, 26, 27, 28, 12, 25, 4, 6, 15, 24, 5, 48, 37, 38, 40, 39, 36, 34, 35, 44, 46, 16, 29, 50, 20, 23, 30, 2, 7, 42, 21, 17, 3, 18, 31, 22]

Individual 74:
  Route length: 7665
  Contribution to Diversity: 0.00042320702113496367
  Route: [1, 32, 49, 45, 19, 41, 8, 9, 10, 43, 33, 51, 11, 52, 14, 13, 47, 26, 27, 28, 12, 25, 4, 6, 15, 5, 24, 48, 37, 38, 40, 39, 35, 36, 34, 44, 46, 16, 29, 50, 20, 23, 30, 7, 2, 42, 21, 17, 3, 18, 31, 22]

Individual 75:
  Route length: 7672
  Contribution to Diversity: 0.00046168288440284755
  Route: [1, 49, 32, 45, 19, 41, 8, 9, 10, 43, 33, 51, 11, 52, 14, 13, 47, 26, 27, 28, 12, 4, 25, 6, 15, 5, 48, 24, 37, 38, 40, 39, 36, 35, 34, 44, 46, 16, 29, 50, 20, 23, 30, 2, 7, 42, 21, 17, 3, 18, 31, 22]

Individual 76:
  Route length: 7643
  Contribution to Diversity: 0.00021500784422734398
  Route: [1, 49, 32, 45, 19, 41, 8, 9, 10, 43, 33, 51, 11, 52, 14, 13, 47, 26, 27, 28, 12, 25, 4, 6, 15, 24, 48, 5, 37, 38, 40, 39, 35, 36, 34, 44, 46, 16, 29, 50, 20, 23, 30, 2, 7, 42, 21, 17, 3, 18, 31, 22]

Individual 77:
  Route length: 7663
  Contribution to Diversity: 0.0003572611592161934
  Route: [1, 49, 32, 45, 19, 41, 8, 9, 10, 43, 33, 51, 11, 52, 14, 13, 47, 26, 27, 28, 12, 25, 4, 6, 15, 5, 24, 48, 37, 38, 40, 39, 35, 34, 36, 46, 44, 16, 29, 50, 20, 23, 30, 2, 7, 42, 21, 17, 3, 18, 31, 22]

Individual 78:
  Route length: 7689
  Contribution to Diversity: 0.0006650592682069245
  Route: [1, 49, 32, 45, 19, 41, 8, 9, 10, 43, 33, 51, 11, 52, 14, 13, 47, 26, 27, 28, 12, 25, 6, 15, 4, 5, 24, 48, 38, 37, 40, 39, 36, 35, 34, 44, 46, 16, 29, 50, 20, 23, 30, 7, 2, 42, 21, 17, 3, 18, 31, 22]

Individual 79:
  Route length: 7673
  Contribution to Diversity: 0.000129464831865711
  Route: [1, 49, 32, 45, 19, 41, 8, 9, 10, 43, 33, 51, 11, 52, 14, 13, 47, 26, 27, 28, 12, 4, 25, 6, 15, 5, 24, 48, 38, 40, 37, 39, 36, 35, 34, 44, 46, 16, 29, 50, 20, 23, 30, 7, 2, 42, 21, 17, 3, 18, 31, 22]

Individual 80:
  Route length: 7673
  Contribution to Diversity: 0.0008469754175202127
  Route: [1, 49, 32, 45, 19, 41, 8, 10, 9, 43, 33, 51, 11, 52, 14, 13, 47, 26, 27, 28, 12, 25, 4, 6, 15, 5, 48, 24, 40, 38, 37, 39, 36, 35, 34, 44, 46, 16, 29, 50, 20, 23, 30, 2, 7, 42, 21, 17, 3, 18, 31, 22]

Individual 81:
  Route length: 7682
  Contribution to Diversity: 0.0008445829269021488
  Route: [1, 49, 32, 45, 19, 41, 8, 9, 10, 43, 33, 51, 11, 52, 14, 13, 47, 26, 27, 28, 12, 25, 4, 6, 5, 15, 48, 24, 38, 37, 39, 40, 36, 35, 34, 44, 46, 16, 29, 20, 50, 23, 30, 2, 7, 42, 21, 17, 3, 18, 31, 22]

Individual 82:
  Route length: 7670
  Contribution to Diversity: 0.0004851936678047508
  Route: [1, 49, 32, 45, 19, 41, 8, 9, 10, 43, 33, 51, 11, 52, 13, 14, 47, 26, 27, 28, 12, 25, 6, 4, 15, 5, 24, 48, 38, 37, 40, 39, 36, 35, 34, 44, 46, 16, 29, 20, 50, 23, 30, 2, 7, 42, 21, 17, 3, 18, 31, 22]

Individual 83:
  Route length: 7650
  Contribution to Diversity: 0.0005114852741350262
  Route: [1, 49, 32, 45, 19, 41, 8, 10, 9, 43, 33, 51, 11, 52, 13, 14, 47, 26, 27, 28, 12, 25, 4, 6, 15, 5, 24, 48, 37, 38, 40, 39, 35, 36, 34, 44, 46, 16, 29, 50, 20, 23, 30, 2, 7, 42, 21, 17, 3, 18, 31, 22]

Individual 84:
  Route length: 7680
  Contribution to Diversity: 0.000968513685394079
  Route: [1, 49, 32, 45, 19, 41, 8, 9, 10, 43, 33, 51, 11, 52, 14, 13, 47, 26, 27, 28, 12, 25, 4, 15, 6, 24, 5, 48, 38, 37, 40, 39, 34, 36, 35, 44, 46, 16, 29, 50, 20, 23, 30, 2, 7, 42, 21, 17, 3, 18, 31, 22]

Individual 85:
  Route length: 7672
  Contribution to Diversity: 0.00035419173473982823
  Route: [1, 32, 49, 45, 19, 41, 8, 9, 10, 43, 33, 51, 11, 52, 13, 14, 47, 26, 27, 28, 12, 25, 4, 6, 15, 5, 24, 48, 38, 37, 40, 39, 36, 35, 34, 46, 44, 16, 29, 50, 20, 23, 30, 2, 7, 42, 21, 17, 3, 18, 31, 22]

Individual 86:
  Route length: 7689
  Contribution to Diversity: -7.588069191388769e-05
  Route: [1, 49, 32, 45, 19, 41, 8, 9, 10, 43, 33, 51, 11, 52, 14, 13, 47, 26, 27, 28, 12, 25, 4, 6, 15, 5, 24, 38, 48, 37, 40, 35, 39, 36, 34, 44, 46, 16, 29, 50, 20, 23, 30, 2, 7, 42, 21, 17, 3, 18, 31, 22]

Individual 87:
  Route length: 7656
  Contribution to Diversity: -0.00011404659209812706
  Route: [1, 32, 49, 45, 19, 41, 8, 9, 10, 43, 33, 51, 11, 52, 14, 13, 47, 26, 27, 28, 12, 25, 4, 6, 5, 15, 24, 48, 38, 37, 40, 39, 35, 36, 34, 44, 46, 16, 29, 50, 20, 23, 30, 2, 7, 42, 21, 17, 3, 18, 31, 22]

Individual 88:
  Route length: 7679
  Contribution to Diversity: 0.00039393264215092927
  Route: [1, 49, 32, 45, 19, 41, 8, 10, 9, 43, 33, 51, 11, 52, 13, 14, 47, 26, 27, 28, 12, 25, 4, 6, 15, 5, 24, 48, 38, 37, 39, 40, 36, 35, 34, 44, 46, 16, 29, 50, 20, 23, 30, 2, 7, 42, 21, 17, 3, 18, 31, 22]

Individual 89:
  Route length: 7664
  Contribution to Diversity: 0.00017953359055677964
  Route: [1, 49, 32, 45, 19, 41, 8, 9, 10, 43, 33, 51, 11, 52, 14, 13, 47, 26, 27, 28, 12, 25, 4, 6, 5, 15, 24, 38, 48, 40, 37, 39, 35, 36, 34, 44, 46, 16, 29, 50, 20, 23, 30, 2, 7, 42, 21, 17, 3, 18, 31, 22]

Individual 90:
  Route length: 7685
  Contribution to Diversity: 0.0004607803745679817
  Route: [1, 49, 32, 45, 19, 41, 8, 9, 10, 43, 33, 51, 11, 52, 14, 13, 47, 26, 27, 28, 12, 25, 4, 15, 6, 5, 24, 38, 48, 40, 37, 39, 35, 36, 34, 44, 46, 16, 29, 50, 20, 23, 30, 2, 7, 42, 21, 17, 3, 18, 31, 22]

Individual 91:
  Route length: 7668
  Contribution to Diversity: 8.380855178025115e-05
  Route: [1, 49, 32, 45, 19, 41, 8, 9, 10, 43, 33, 51, 11, 52, 14, 13, 47, 26, 27, 28, 12, 25, 4, 6, 15, 5, 24, 38, 48, 37, 40, 39, 36, 35, 34, 46, 44, 16, 29, 50, 20, 23, 30, 7, 2, 42, 21, 17, 3, 18, 31, 22]

Individual 92:
  Route length: 7671
  Contribution to Diversity: -0.00016806866867113968
  Route: [1, 49, 32, 45, 19, 41, 8, 9, 10, 43, 33, 51, 11, 52, 14, 13, 47, 26, 27, 28, 12, 25, 4, 6, 15, 48, 24, 5, 38, 37, 40, 36, 39, 35, 34, 44, 46, 16, 29, 50, 20, 23, 30, 2, 7, 42, 21, 17, 3, 18, 31, 22]

Individual 93:
  Route length: 7681
  Contribution to Diversity: 4.049467500699677e-05
  Route: [1, 49, 32, 45, 19, 41, 8, 9, 10, 43, 33, 51, 11, 52, 14, 13, 47, 26, 27, 28, 12, 25, 4, 6, 5, 24, 15, 48, 37, 38, 40, 39, 36, 35, 34, 44, 46, 16, 29, 20, 50, 23, 30, 2, 7, 42, 21, 17, 3, 18, 31, 22]

Individual 94:
  Route length: 7679
  Contribution to Diversity: 0.00019212515998123791
  Route: [1, 49, 32, 45, 19, 41, 8, 9, 10, 43, 33, 51, 11, 52, 14, 13, 47, 26, 27, 28, 12, 4, 25, 6, 15, 5, 48, 24, 38, 37, 40, 39, 35, 36, 34, 44, 46, 16, 29, 50, 20, 23, 30, 2, 7, 42, 21, 17, 3, 18, 31, 22]

Individual 95:
  Route length: 7690
  Contribution to Diversity: -0.00025507670697422213
  Route: [1, 49, 32, 19, 45, 41, 8, 9, 10, 43, 33, 51, 11, 52, 14, 13, 47, 26, 27, 28, 12, 25, 4, 6, 15, 5, 24, 48, 37, 38, 40, 39, 36, 35, 34, 44, 46, 16, 29, 50, 20, 23, 30, 2, 7, 42, 21, 17, 3, 18, 31, 22]

Individual 96:
  Route length: 7682
  Contribution to Diversity: 0.0013747131805823543
  Route: [1, 49, 32, 45, 19, 41, 8, 9, 10, 43, 33, 51, 11, 52, 14, 13, 47, 26, 27, 28, 12, 25, 4, 15, 6, 24, 5, 48, 38, 37, 40, 39, 34, 35, 36, 44, 46, 16, 29, 50, 20, 23, 30, 2, 7, 42, 21, 17, 3, 18, 31, 22]

Individual 97:
  Route length: 7572
  Contribution to Diversity: 0.0007283080688536003
  Route: [1, 49, 32, 45, 19, 41, 8, 9, 10, 43, 33, 51, 11, 52, 13, 14, 47, 26, 27, 28, 12, 25, 4, 6, 15, 5, 24, 48, 37, 38, 40, 39, 36, 35, 34, 44, 46, 16, 29, 50, 20, 23, 30, 42, 2, 7, 21, 17, 3, 18, 31, 22]

Individual 98:
  Route length: 7591
  Contribution to Diversity: 0.0015086071702112847
  Route: [1, 49, 32, 45, 19, 41, 8, 9, 10, 43, 33, 51, 11, 52, 13, 14, 47, 26, 27, 28, 12, 25, 4, 6, 5, 15, 24, 48, 37, 38, 40, 39, 36, 35, 34, 44, 46, 16, 29, 50, 20, 23, 30, 42, 2, 7, 21, 17, 3, 18, 31, 22]

Individual 99:
  Route length: 7676
  Contribution to Diversity: 0.0007423105662249796
  Route: [1, 49, 32, 45, 19, 41, 8, 9, 10, 43, 33, 51, 11, 52, 14, 13, 47, 26, 27, 28, 12, 25, 4, 6, 5, 15, 48, 24, 38, 37, 40, 36, 39, 35, 34, 44, 46, 16, 29, 50, 20, 23, 30, 7, 2, 42, 21, 17, 3, 18, 31, 22]

Total Entropy H: 4.401063133597945
