Individual 0:
  Route length: 7679
  Contribution to Diversity: 0.0012445414604433935
  Route: [31, 18, 3, 17, 21, 42, 7, 2, 30, 23, 20, 50, 16, 29, 46, 44, 34, 35, 36, 39, 40, 38, 37, 48, 24, 5, 15, 6, 4, 25, 12, 28, 27, 26, 47, 13, 14, 52, 11, 51, 33, 43, 10, 9, 8, 41, 19, 45, 32, 49, 1, 22]

Individual 1:
  Route length: 7670
  Contribution to Diversity: 0.0011100733318052391
  Route: [31, 18, 3, 17, 21, 42, 7, 2, 30, 23, 20, 50, 29, 16, 46, 44, 35, 36, 34, 39, 40, 37, 38, 24, 15, 5, 48, 6, 4, 25, 12, 28, 27, 26, 47, 14, 13, 52, 11, 51, 33, 43, 10, 9, 8, 41, 19, 45, 32, 49, 1, 22]

Individual 2:
  Route length: 7686
  Contribution to Diversity: 0.001192091976576215
  Route: [1, 49, 32, 45, 19, 41, 8, 9, 10, 43, 33, 51, 11, 52, 13, 14, 47, 26, 27, 28, 12, 25, 4, 6, 15, 5, 24, 48, 38, 37, 40, 39, 36, 35, 34, 46, 44, 16, 29, 50, 20, 23, 30, 2, 7, 42, 21, 17, 3, 31, 18, 22]

Individual 3:
  Route length: 7683
  Contribution to Diversity: 0.0006926117538856857
  Route: [49, 32, 45, 19, 41, 8, 9, 10, 43, 33, 51, 11, 52, 14, 13, 47, 26, 27, 28, 12, 25, 4, 6, 15, 5, 24, 38, 48, 37, 40, 39, 35, 36, 34, 44, 46, 16, 29, 50, 20, 23, 30, 2, 7, 42, 21, 17, 3, 18, 31, 1, 22]

Individual 4:
  Route length: 7691
  Contribution to Diversity: 0.0013784212205223412
  Route: [1, 49, 32, 45, 19, 41, 8, 9, 10, 43, 33, 51, 11, 52, 14, 13, 47, 26, 27, 28, 12, 25, 4, 6, 15, 48, 5, 24, 38, 39, 40, 37, 36, 35, 34, 44, 46, 16, 29, 50, 20, 23, 30, 2, 7, 42, 21, 17, 3, 18, 31, 22]

Individual 5:
  Route length: 7687
  Contribution to Diversity: 0.0009382105204505109
  Route: [31, 18, 3, 17, 21, 2, 7, 42, 30, 23, 20, 50, 29, 16, 46, 44, 34, 36, 35, 39, 40, 37, 38, 48, 24, 5, 15, 6, 4, 25, 12, 28, 47, 26, 27, 13, 14, 52, 11, 51, 33, 43, 10, 9, 8, 41, 19, 45, 32, 49, 1, 22]

Individual 6:
  Route length: 7679
  Contribution to Diversity: 0.0027172661618370952
  Route: [1, 49, 32, 45, 19, 41, 8, 9, 10, 43, 33, 51, 11, 52, 14, 13, 47, 26, 27, 28, 12, 25, 4, 6, 15, 38, 48, 24, 5, 37, 40, 39, 36, 35, 34, 46, 44, 16, 29, 50, 20, 23, 30, 2, 7, 42, 21, 17, 3, 18, 31, 22]

Individual 7:
  Route length: 7685
  Contribution to Diversity: 0.004076562065786327
  Route: [1, 49, 32, 45, 19, 41, 8, 9, 10, 43, 33, 51, 11, 52, 14, 13, 47, 26, 27, 28, 12, 25, 4, 5, 15, 6, 24, 48, 38, 37, 39, 40, 36, 35, 34, 44, 46, 16, 29, 50, 20, 23, 30, 42, 7, 2, 21, 17, 3, 18, 31, 22]

Individual 8:
  Route length: 7684
  Contribution to Diversity: 0.0013652220276556548
  Route: [49, 32, 45, 19, 41, 8, 9, 10, 43, 33, 51, 11, 52, 13, 14, 47, 26, 27, 28, 12, 25, 4, 6, 15, 5, 24, 38, 48, 37, 40, 39, 35, 36, 34, 44, 46, 16, 29, 50, 20, 23, 30, 2, 7, 42, 21, 17, 3, 18, 31, 1, 22]

Individual 9:
  Route length: 7691
  Contribution to Diversity: 0.00040233375789178183
  Route: [31, 18, 3, 17, 21, 7, 2, 42, 30, 23, 20, 50, 29, 16, 46, 44, 36, 35, 34, 39, 37, 40, 38, 48, 15, 5, 24, 6, 4, 25, 12, 28, 27, 26, 47, 13, 14, 52, 11, 51, 33, 43, 10, 9, 8, 41, 19, 45, 32, 49, 1, 22]

Individual 10:
  Route length: 7649
  Contribution to Diversity: 0.0005168765497050032
  Route: [31, 18, 3, 17, 21, 7, 2, 42, 30, 23, 20, 50, 29, 16, 46, 44, 36, 35, 34, 39, 37, 40, 38, 24, 48, 15, 5, 6, 4, 25, 12, 28, 27, 26, 47, 13, 14, 52, 11, 51, 33, 43, 10, 9, 8, 41, 19, 45, 32, 49, 1, 22]

Individual 11:
  Route length: 7659
  Contribution to Diversity: 0.0010227529119193335
  Route: [31, 18, 3, 17, 21, 42, 2, 7, 30, 23, 20, 50, 29, 16, 46, 44, 35, 34, 36, 39, 40, 37, 38, 5, 15, 48, 24, 6, 4, 25, 12, 28, 27, 26, 47, 13, 14, 52, 11, 51, 33, 43, 10, 9, 8, 41, 19, 45, 32, 49, 1, 22]

Individual 12:
  Route length: 7666
  Contribution to Diversity: 0.0020231123240224136
  Route: [1, 49, 32, 45, 19, 41, 8, 9, 10, 43, 33, 51, 11, 52, 14, 13, 47, 26, 27, 28, 12, 25, 6, 4, 15, 5, 24, 48, 38, 40, 39, 37, 36, 35, 34, 44, 46, 16, 29, 50, 20, 23, 30, 2, 7, 42, 21, 17, 3, 18, 31, 22]

Individual 13:
  Route length: 7675
  Contribution to Diversity: 0.000395088935536414
  Route: [31, 18, 3, 17, 21, 42, 2, 7, 30, 23, 20, 50, 29, 16, 46, 44, 36, 35, 34, 39, 37, 40, 38, 5, 15, 24, 48, 6, 4, 25, 12, 28, 27, 26, 47, 14, 13, 52, 11, 51, 33, 43, 10, 9, 8, 41, 19, 45, 32, 49, 1, 22]

Individual 14:
  Route length: 7684
  Contribution to Diversity: 0.0015057713808195317
  Route: [31, 18, 3, 17, 21, 42, 7, 2, 30, 23, 20, 50, 29, 16, 46, 44, 34, 35, 36, 39, 37, 40, 38, 5, 15, 24, 48, 6, 4, 25, 12, 28, 27, 26, 47, 14, 13, 52, 11, 51, 33, 43, 9, 10, 8, 41, 19, 45, 32, 49, 1, 22]

Individual 15:
  Route length: 7691
  Contribution to Diversity: 0.002265571139431266
  Route: [1, 49, 32, 45, 19, 41, 8, 9, 10, 43, 33, 51, 11, 52, 13, 14, 47, 26, 27, 28, 12, 25, 4, 6, 15, 5, 24, 48, 37, 38, 40, 39, 36, 35, 34, 46, 44, 16, 29, 50, 20, 23, 30, 2, 7, 42, 21, 17, 3, 31, 18, 22]

Individual 16:
  Route length: 7679
  Contribution to Diversity: 0.0008779314331803789
  Route: [31, 18, 3, 17, 21, 42, 7, 2, 30, 23, 20, 50, 29, 16, 46, 44, 34, 35, 36, 39, 40, 37, 38, 5, 15, 24, 48, 6, 4, 25, 12, 28, 27, 26, 47, 14, 13, 52, 11, 51, 33, 43, 9, 10, 8, 41, 19, 45, 32, 49, 1, 22]

Individual 17:
  Route length: 7678
  Contribution to Diversity: 0.005180849863605452
  Route: [31, 18, 3, 17, 21, 7, 2, 42, 30, 23, 20, 50, 29, 16, 46, 44, 39, 36, 35, 34, 37, 40, 38, 24, 48, 15, 5, 6, 4, 25, 12, 28, 27, 26, 47, 13, 14, 52, 11, 51, 33, 43, 10, 9, 8, 41, 19, 45, 32, 49, 1, 22]

Individual 18:
  Route length: 7692
  Contribution to Diversity: 0.00201168968330645
  Route: [1, 49, 32, 45, 19, 41, 8, 9, 10, 43, 33, 51, 11, 52, 14, 13, 27, 26, 47, 28, 12, 25, 4, 6, 15, 5, 24, 48, 37, 38, 40, 39, 35, 36, 34, 44, 46, 16, 29, 50, 20, 23, 30, 42, 7, 2, 21, 17, 3, 18, 31, 22]

Individual 19:
  Route length: 7637
  Contribution to Diversity: 0
  Route: [31, 18, 3, 17, 21, 42, 2, 7, 30, 23, 20, 50, 29, 16, 46, 44, 36, 35, 34, 39, 37, 40, 38, 48, 24, 15, 5, 6, 4, 25, 12, 28, 27, 26, 47, 14, 13, 52, 11, 51, 33, 43, 10, 9, 8, 41, 19, 45, 32, 49, 1, 22]

Total Entropy H: 4.284788553358012
