Individual 0:
  Route length: 22539
  Contribution to Diversity: 0.03187321499998852
  Route: [1, 28, 41, 33, 51, 6, 43, 10, 9, 8, 11, 52, 14, 20, 23, 30, 2, 34, 35, 26, 19, 27, 45, 32, 49, 39, 16, 48, 38, 37, 7, 44, 21, 42, 15, 4, 3, 17, 46, 24, 5, 40, 29, 50, 13, 12, 36, 47, 25, 18, 31, 22]

Individual 1:
  Route length: 21853
  Contribution to Diversity: 0.022597016769504208
  Route: [37, 15, 5, 12, 6, 21, 52, 14, 29, 45, 3, 18, 41, 8, 9, 10, 43, 33, 51, 2, 20, 23, 38, 42, 11, 39, 40, 26, 27, 28, 4, 17, 7, 30, 50, 13, 25, 32, 49, 46, 16, 19, 35, 48, 24, 1, 47, 36, 44, 34, 31, 22]

Individual 2:
  Route length: 22317
  Contribution to Diversity: 0.028117972165545346
  Route: [1, 39, 35, 34, 49, 40, 27, 6, 4, 10, 45, 32, 28, 5, 41, 9, 52, 11, 51, 33, 43, 50, 13, 30, 19, 21, 17, 7, 36, 29, 47, 14, 2, 25, 26, 23, 8, 15, 37, 38, 48, 24, 16, 46, 44, 12, 20, 42, 3, 18, 31, 22]

Individual 3:
  Route length: 22329
  Contribution to Diversity: 0.021865653525451556
  Route: [1, 17, 25, 4, 6, 14, 19, 39, 49, 3, 40, 34, 35, 36, 24, 48, 21, 12, 28, 26, 27, 15, 5, 11, 51, 33, 43, 10, 9, 47, 44, 45, 42, 31, 18, 46, 16, 29, 20, 2, 30, 23, 7, 32, 13, 41, 8, 50, 52, 37, 38, 22]

Individual 4:
  Route length: 22501
  Contribution to Diversity: 0.014036715896263985
  Route: [30, 28, 12, 25, 4, 33, 5, 49, 29, 50, 21, 43, 46, 44, 38, 24, 19, 27, 37, 16, 32, 11, 52, 14, 7, 2, 41, 31, 9, 39, 23, 36, 35, 34, 8, 10, 40, 20, 42, 6, 15, 51, 45, 48, 1, 26, 47, 13, 18, 3, 17, 22]

Individual 5:
  Route length: 22558
  Contribution to Diversity: 0.018369885443039635
  Route: [47, 27, 30, 1, 8, 51, 35, 19, 45, 38, 28, 9, 4, 6, 15, 5, 24, 48, 12, 25, 17, 21, 52, 14, 13, 23, 20, 50, 7, 2, 31, 32, 37, 26, 40, 39, 36, 11, 42, 29, 3, 43, 33, 18, 10, 41, 34, 44, 46, 16, 49, 22]

Individual 6:
  Route length: 22381
  Contribution to Diversity: 0.03691547383559435
  Route: [1, 49, 32, 45, 15, 6, 28, 37, 38, 48, 2, 39, 3, 51, 33, 5, 50, 34, 35, 52, 11, 13, 19, 41, 8, 27, 4, 31, 18, 25, 12, 40, 36, 30, 14, 29, 16, 46, 44, 20, 23, 42, 7, 17, 21, 26, 43, 24, 47, 10, 9, 22]

Individual 7:
  Route length: 22572
  Contribution to Diversity: 0.028563746112438615
  Route: [27, 10, 18, 33, 43, 3, 17, 23, 13, 14, 52, 21, 35, 51, 50, 20, 30, 47, 1, 8, 41, 38, 28, 40, 39, 36, 11, 9, 26, 37, 32, 31, 2, 7, 42, 49, 45, 19, 29, 25, 4, 5, 24, 48, 12, 6, 15, 16, 46, 44, 34, 22]

Individual 8:
  Route length: 22330
  Contribution to Diversity: 0.0036086249687103944
  Route: [31, 19, 2, 20, 23, 30, 34, 14, 13, 52, 42, 21, 17, 3, 37, 49, 43, 4, 29, 39, 40, 46, 35, 33, 51, 12, 28, 10, 9, 8, 41, 16, 5, 15, 36, 7, 25, 18, 45, 50, 11, 1, 27, 32, 26, 47, 6, 44, 24, 38, 48, 22]

Individual 9:
  Route length: 22172
  Contribution to Diversity: 0.002735096408634341
  Route: [31, 19, 2, 20, 23, 30, 34, 14, 13, 52, 42, 21, 17, 3, 37, 49, 43, 4, 28, 12, 51, 33, 35, 46, 40, 39, 29, 10, 9, 8, 41, 16, 5, 15, 36, 7, 25, 18, 45, 50, 11, 1, 27, 32, 26, 47, 6, 44, 24, 38, 48, 22]

Individual 10:
  Route length: 21786
  Contribution to Diversity: 0
  Route: [23, 30, 25, 37, 38, 49, 32, 20, 50, 4, 6, 15, 14, 5, 18, 31, 2, 17, 7, 52, 40, 26, 27, 28, 29, 3, 12, 48, 19, 45, 35, 36, 44, 39, 46, 16, 13, 47, 1, 24, 51, 33, 43, 10, 9, 8, 41, 34, 21, 42, 11, 22]

Individual 11:
  Route length: 22402
  Contribution to Diversity: 0.028263060285013353
  Route: [1, 27, 15, 8, 20, 19, 9, 44, 3, 2, 36, 32, 49, 26, 13, 50, 43, 33, 51, 46, 10, 45, 38, 7, 42, 23, 30, 52, 11, 16, 29, 47, 14, 17, 21, 41, 4, 6, 25, 24, 48, 37, 40, 39, 35, 34, 28, 5, 12, 18, 31, 22]

Individual 12:
  Route length: 21788
  Contribution to Diversity: 0.01677811214115721
  Route: [46, 42, 21, 17, 3, 18, 32, 30, 9, 26, 40, 23, 20, 50, 49, 1, 8, 2, 7, 35, 19, 4, 25, 12, 28, 27, 37, 41, 34, 44, 47, 13, 14, 36, 39, 29, 10, 52, 15, 6, 45, 16, 48, 38, 31, 43, 33, 51, 11, 5, 24, 22]

Individual 13:
  Route length: 22612
  Contribution to Diversity: 0.015439847840705845
  Route: [30, 28, 12, 25, 4, 33, 40, 10, 8, 34, 35, 36, 23, 39, 9, 31, 41, 2, 7, 14, 52, 11, 32, 16, 37, 27, 19, 24, 38, 44, 46, 43, 21, 50, 29, 49, 5, 20, 42, 6, 15, 51, 45, 48, 1, 26, 47, 13, 18, 3, 17, 22]

Individual 14:
  Route length: 22415
  Contribution to Diversity: 0.030436655269750368
  Route: [1, 34, 36, 47, 25, 29, 50, 45, 32, 13, 41, 8, 19, 14, 6, 4, 16, 46, 18, 31, 30, 23, 20, 26, 51, 11, 5, 35, 40, 37, 38, 43, 33, 27, 28, 12, 21, 42, 10, 9, 17, 24, 44, 3, 52, 15, 49, 39, 48, 7, 2, 22]

Individual 15:
  Route length: 22343
  Contribution to Diversity: 0.02581099796122821
  Route: [1, 5, 28, 34, 19, 20, 12, 9, 52, 11, 51, 24, 48, 38, 21, 44, 37, 17, 7, 36, 2, 30, 45, 10, 4, 6, 25, 33, 8, 15, 13, 26, 27, 40, 39, 35, 32, 49, 43, 50, 41, 42, 46, 16, 29, 47, 14, 23, 3, 18, 31, 22]

Individual 16:
  Route length: 22477
  Contribution to Diversity: 0.024569384800246397
  Route: [20, 35, 38, 48, 24, 5, 15, 6, 4, 25, 12, 14, 36, 33, 32, 3, 21, 17, 39, 51, 11, 29, 16, 7, 42, 43, 10, 46, 2, 8, 41, 34, 44, 47, 26, 13, 9, 30, 45, 19, 37, 49, 1, 50, 52, 23, 40, 28, 27, 18, 31, 22]

Individual 17:
  Route length: 21936
  Contribution to Diversity: 0
  Route: [16, 29, 50, 8, 41, 35, 36, 38, 37, 13, 19, 45, 32, 49, 1, 11, 3, 17, 21, 42, 7, 2, 51, 39, 48, 24, 15, 5, 34, 40, 52, 25, 12, 28, 10, 6, 43, 23, 20, 9, 30, 33, 44, 18, 4, 27, 26, 47, 14, 46, 31, 22]

Individual 18:
  Route length: 21924
  Contribution to Diversity: 0
  Route: [16, 29, 50, 8, 41, 13, 37, 38, 36, 35, 19, 45, 32, 49, 1, 11, 3, 17, 21, 42, 7, 2, 51, 39, 48, 24, 15, 5, 34, 40, 52, 25, 12, 28, 10, 6, 43, 23, 20, 9, 30, 33, 44, 18, 4, 27, 26, 47, 14, 46, 31, 22]

Individual 19:
  Route length: 22569
  Contribution to Diversity: 0
  Route: [23, 30, 25, 37, 38, 49, 32, 20, 50, 4, 6, 15, 14, 5, 18, 31, 2, 17, 39, 44, 36, 35, 45, 19, 48, 12, 3, 29, 28, 27, 26, 40, 52, 7, 46, 16, 13, 47, 1, 24, 51, 33, 43, 10, 9, 8, 41, 34, 21, 42, 11, 22]

Total Entropy H: 5.822384019767374
