Individual 0:
  Route length: 14900
  Contribution to Diversity: 0.0016926065696214465
  Route: [1, 20, 23, 30, 2, 7, 24, 51, 35, 49, 3, 17, 21, 42, 44, 38, 33, 43, 10, 9, 8, 41, 19, 45, 32, 18, 31, 29, 52, 14, 13, 46, 34, 5, 4, 11, 28, 12, 15, 6, 16, 50, 36, 39, 40, 37, 48, 47, 27, 26, 25, 22]

Individual 1:
  Route length: 15082
  Contribution to Diversity: 0.0010937212490578219
  Route: [39, 36, 35, 34, 8, 45, 19, 18, 3, 20, 50, 32, 49, 5, 25, 12, 28, 27, 47, 26, 13, 14, 52, 11, 51, 33, 43, 16, 46, 44, 9, 41, 2, 38, 37, 10, 29, 23, 42, 21, 17, 7, 30, 4, 6, 24, 48, 15, 31, 1, 40, 22]

Individual 2:
  Route length: 15073
  Contribution to Diversity: 0.0001845130097173353
  Route: [39, 9, 8, 19, 37, 25, 38, 45, 46, 47, 13, 14, 6, 18, 31, 4, 28, 27, 26, 52, 11, 51, 33, 12, 16, 29, 50, 35, 36, 49, 1, 32, 41, 42, 7, 2, 30, 44, 40, 15, 48, 34, 24, 5, 20, 23, 21, 17, 3, 10, 43, 22]

Individual 3:
  Route length: 15031
  Contribution to Diversity: 0.0019221272260772082
  Route: [18, 34, 35, 25, 39, 36, 43, 41, 8, 9, 10, 19, 49, 32, 1, 38, 37, 6, 14, 27, 28, 12, 33, 51, 11, 52, 4, 2, 7, 42, 21, 17, 3, 31, 44, 29, 30, 40, 26, 47, 13, 50, 23, 20, 15, 5, 48, 24, 45, 16, 46, 22]

Individual 4:
  Route length: 14986
  Contribution to Diversity: 0.0013481387701812508
  Route: [38, 6, 39, 33, 43, 10, 18, 28, 27, 25, 4, 24, 36, 23, 30, 16, 29, 34, 8, 9, 41, 45, 35, 50, 1, 37, 48, 44, 46, 12, 14, 11, 51, 52, 13, 47, 26, 20, 31, 3, 19, 40, 15, 5, 49, 32, 17, 2, 7, 42, 21, 22]

Individual 5:
  Route length: 14960
  Contribution to Diversity: 0.0007936840691753488
  Route: [1, 19, 41, 8, 48, 28, 27, 26, 49, 3, 17, 36, 35, 20, 50, 29, 16, 31, 18, 23, 30, 2, 7, 10, 43, 24, 46, 38, 39, 5, 4, 37, 45, 32, 21, 42, 9, 51, 11, 52, 14, 13, 47, 12, 25, 33, 15, 6, 40, 34, 44, 22]

Individual 6:
  Route length: 14881
  Contribution to Diversity: 0.001230803812232395
  Route: [45, 32, 1, 24, 38, 37, 6, 14, 40, 30, 29, 44, 31, 18, 46, 48, 5, 15, 23, 20, 50, 51, 33, 12, 28, 27, 26, 47, 13, 11, 52, 4, 34, 16, 3, 17, 21, 42, 7, 2, 35, 36, 39, 25, 43, 41, 8, 9, 10, 19, 49, 22]

Individual 7:
  Route length: 14961
  Contribution to Diversity: 0.001161452495693105
  Route: [1, 47, 13, 51, 33, 8, 9, 10, 43, 31, 18, 21, 17, 3, 32, 39, 50, 20, 44, 46, 34, 37, 38, 48, 40, 16, 42, 7, 2, 30, 23, 29, 14, 25, 41, 19, 45, 35, 49, 36, 26, 27, 28, 4, 6, 15, 5, 24, 11, 52, 12, 22]

Individual 8:
  Route length: 15030
  Contribution to Diversity: 0.0029504925348691202
  Route: [44, 1, 34, 35, 36, 15, 24, 45, 39, 5, 37, 49, 6, 4, 25, 12, 40, 18, 3, 17, 50, 20, 29, 11, 51, 33, 43, 10, 9, 2, 31, 16, 46, 48, 52, 14, 13, 47, 26, 27, 28, 38, 30, 32, 19, 41, 8, 7, 42, 21, 23, 22]

Individual 9:
  Route length: 14894
  Contribution to Diversity: 0.0017378109898551486
  Route: [42, 21, 17, 45, 24, 5, 15, 35, 37, 20, 50, 12, 28, 14, 13, 47, 26, 27, 52, 11, 31, 51, 6, 4, 25, 29, 16, 46, 48, 38, 33, 43, 10, 19, 44, 23, 30, 2, 7, 18, 1, 32, 49, 3, 8, 41, 9, 36, 39, 40, 34, 22]

Individual 10:
  Route length: 15078
  Contribution to Diversity: 0.002636058480659287
  Route: [1, 5, 44, 36, 35, 34, 10, 9, 8, 41, 19, 37, 13, 47, 26, 27, 28, 16, 12, 51, 11, 15, 25, 48, 46, 42, 7, 2, 52, 14, 40, 39, 38, 29, 50, 20, 23, 30, 31, 45, 32, 49, 33, 43, 4, 6, 24, 3, 18, 17, 21, 22]

Individual 11:
  Route length: 14589
  Contribution to Diversity: 0.0021771725367081274
  Route: [36, 45, 32, 38, 5, 24, 25, 37, 46, 44, 23, 2, 7, 42, 21, 20, 30, 31, 18, 3, 17, 34, 35, 27, 28, 26, 16, 29, 50, 47, 13, 14, 8, 19, 4, 49, 1, 39, 9, 10, 43, 33, 51, 11, 52, 12, 6, 15, 40, 48, 41, 22]

Individual 12:
  Route length: 15073
  Contribution to Diversity: 0.0018269855652430778
  Route: [49, 34, 44, 16, 46, 29, 50, 15, 43, 51, 11, 52, 14, 13, 47, 26, 27, 28, 20, 42, 1, 12, 25, 35, 18, 23, 30, 17, 21, 7, 2, 3, 45, 33, 40, 9, 10, 8, 31, 6, 24, 48, 32, 41, 19, 4, 36, 38, 37, 39, 5, 22]

Individual 13:
  Route length: 14983
  Contribution to Diversity: 0.0020364937098324987
  Route: [48, 45, 19, 41, 37, 38, 24, 5, 39, 36, 35, 34, 26, 27, 51, 33, 6, 4, 25, 12, 10, 40, 46, 16, 29, 20, 18, 31, 49, 15, 43, 23, 11, 28, 52, 14, 13, 47, 44, 1, 21, 2, 7, 42, 30, 50, 3, 17, 9, 8, 32, 22]

Individual 14:
  Route length: 15066
  Contribution to Diversity: 0.0009208201713564179
  Route: [35, 34, 27, 28, 26, 16, 29, 50, 36, 45, 32, 49, 1, 39, 15, 40, 41, 44, 46, 48, 38, 43, 10, 9, 33, 51, 11, 52, 37, 6, 14, 13, 47, 24, 5, 31, 18, 23, 2, 7, 42, 21, 17, 3, 20, 30, 12, 25, 4, 8, 19, 22]

Individual 15:
  Route length: 14954
  Contribution to Diversity: 0.0012754722992580625
  Route: [31, 24, 10, 9, 8, 37, 38, 6, 4, 25, 12, 28, 27, 20, 50, 29, 16, 35, 36, 46, 5, 15, 43, 33, 51, 11, 34, 44, 1, 18, 48, 49, 32, 45, 19, 41, 23, 30, 2, 39, 52, 14, 47, 13, 26, 40, 3, 21, 42, 7, 17, 22]

Individual 16:
  Route length: 15067
  Contribution to Diversity: 0.003351745586301469
  Route: [31, 18, 17, 30, 41, 19, 9, 10, 39, 36, 35, 34, 1, 43, 27, 28, 12, 25, 44, 46, 38, 16, 29, 37, 3, 40, 49, 32, 33, 4, 5, 24, 48, 15, 6, 20, 50, 23, 8, 51, 11, 14, 52, 13, 47, 26, 2, 7, 42, 21, 45, 22]

Individual 17:
  Route length: 14929
  Contribution to Diversity: 0.00224709789454014
  Route: [35, 37, 51, 5, 6, 48, 38, 19, 41, 8, 39, 40, 34, 44, 46, 27, 52, 28, 14, 13, 47, 26, 11, 12, 36, 45, 10, 43, 33, 9, 17, 42, 21, 50, 29, 25, 4, 24, 23, 30, 2, 7, 16, 20, 49, 32, 3, 18, 1, 15, 31, 22]

Individual 18:
  Route length: 15062
  Contribution to Diversity: 0.001045941270697348
  Route: [1, 31, 18, 3, 29, 17, 21, 37, 28, 12, 25, 4, 16, 46, 44, 34, 23, 40, 38, 20, 42, 7, 2, 30, 35, 36, 39, 48, 13, 47, 24, 5, 27, 26, 6, 50, 15, 14, 52, 11, 51, 33, 43, 10, 9, 45, 19, 41, 8, 32, 49, 22]

Individual 19:
  Route length: 14966
  Contribution to Diversity: 0.0016302178593168293
  Route: [38, 40, 19, 3, 31, 20, 35, 50, 1, 37, 48, 44, 8, 41, 9, 45, 26, 47, 13, 52, 51, 11, 14, 12, 46, 34, 29, 16, 30, 23, 36, 24, 5, 15, 6, 4, 25, 27, 28, 18, 10, 43, 33, 39, 49, 32, 17, 2, 7, 42, 21, 22]

Individual 20:
  Route length: 15075
  Contribution to Diversity: 0.0012714033049361362
  Route: [1, 19, 41, 4, 6, 9, 10, 8, 31, 21, 42, 7, 2, 30, 23, 20, 39, 24, 32, 49, 35, 40, 36, 17, 3, 18, 15, 44, 5, 50, 29, 16, 25, 47, 51, 33, 43, 45, 13, 14, 26, 27, 28, 46, 34, 37, 38, 48, 11, 52, 12, 22]

Individual 21:
  Route length: 14123
  Contribution to Diversity: 0.0015128624710518679
  Route: [38, 24, 44, 1, 19, 41, 15, 45, 3, 17, 23, 18, 31, 39, 32, 2, 42, 7, 21, 29, 16, 46, 37, 6, 11, 14, 52, 13, 47, 26, 50, 20, 30, 12, 28, 27, 36, 35, 34, 5, 4, 25, 40, 48, 51, 33, 43, 10, 9, 8, 49, 22]

Individual 22:
  Route length: 15040
  Contribution to Diversity: 0.002054019614890379
  Route: [18, 31, 35, 5, 40, 33, 34, 42, 21, 45, 39, 43, 36, 46, 16, 29, 49, 32, 4, 50, 15, 6, 20, 23, 30, 7, 2, 44, 38, 25, 11, 52, 14, 13, 47, 26, 27, 28, 12, 51, 19, 41, 8, 9, 10, 1, 3, 17, 37, 48, 24, 22]

Individual 23:
  Route length: 14835
  Contribution to Diversity: 0.0007944287225809532
  Route: [39, 36, 35, 50, 20, 25, 46, 44, 40, 1, 38, 37, 18, 49, 31, 17, 21, 42, 29, 16, 3, 7, 30, 23, 4, 6, 24, 48, 34, 8, 2, 41, 19, 15, 32, 9, 10, 43, 33, 51, 11, 52, 14, 13, 26, 47, 27, 28, 12, 5, 45, 22]

Individual 24:
  Route length: 14971
  Contribution to Diversity: 0.0021485430084959845
  Route: [1, 49, 32, 45, 38, 37, 40, 39, 48, 19, 10, 9, 8, 41, 50, 29, 11, 51, 12, 24, 5, 15, 6, 4, 44, 7, 42, 2, 46, 16, 3, 17, 21, 31, 20, 23, 36, 28, 33, 52, 14, 13, 47, 26, 27, 25, 35, 34, 30, 18, 43, 22]

Individual 25:
  Route length: 14971
  Contribution to Diversity: 0.0018814808584952658
  Route: [1, 44, 5, 48, 21, 17, 3, 30, 24, 46, 6, 40, 37, 23, 2, 7, 42, 47, 11, 51, 33, 10, 9, 43, 38, 8, 41, 4, 39, 36, 15, 35, 19, 45, 49, 32, 34, 50, 20, 16, 18, 29, 25, 12, 28, 14, 52, 13, 27, 26, 31, 22]

Individual 26:
  Route length: 15034
  Contribution to Diversity: 0.002825565278802067
  Route: [42, 21, 17, 49, 32, 20, 50, 46, 16, 29, 25, 4, 6, 51, 34, 39, 40, 36, 9, 41, 8, 3, 45, 24, 23, 30, 2, 7, 18, 35, 37, 5, 15, 1, 48, 38, 33, 43, 11, 52, 27, 26, 47, 13, 14, 28, 12, 44, 19, 10, 31, 22]

Individual 27:
  Route length: 14985
  Contribution to Diversity: 0.003504559517091721
  Route: [1, 49, 46, 30, 23, 20, 50, 29, 16, 48, 38, 44, 32, 18, 31, 42, 37, 5, 34, 35, 36, 39, 40, 14, 52, 7, 2, 3, 17, 21, 24, 15, 43, 33, 45, 19, 41, 8, 9, 10, 25, 6, 4, 12, 28, 26, 27, 47, 51, 11, 13, 22]

Individual 28:
  Route length: 15079
  Contribution to Diversity: 0.0014050252929971307
  Route: [1, 44, 46, 32, 36, 35, 18, 50, 20, 30, 37, 38, 49, 6, 12, 25, 4, 40, 34, 15, 16, 23, 21, 42, 7, 39, 5, 43, 33, 51, 11, 47, 26, 29, 13, 14, 52, 27, 28, 9, 10, 19, 41, 45, 48, 24, 8, 17, 3, 2, 31, 22]

Individual 29:
  Route length: 14951
  Contribution to Diversity: 0.0012884638213339628
  Route: [18, 31, 35, 5, 40, 33, 34, 42, 21, 45, 39, 43, 36, 46, 16, 29, 49, 32, 4, 50, 15, 6, 20, 30, 23, 7, 2, 44, 38, 25, 12, 28, 27, 26, 47, 13, 14, 52, 11, 51, 19, 41, 8, 9, 10, 1, 3, 17, 37, 48, 24, 22]

Individual 30:
  Route length: 14926
  Contribution to Diversity: 0.0007440939329690366
  Route: [38, 40, 19, 3, 31, 20, 26, 47, 13, 52, 51, 11, 14, 12, 46, 44, 48, 37, 1, 50, 35, 33, 43, 10, 18, 28, 27, 25, 4, 24, 36, 23, 30, 16, 29, 34, 8, 9, 41, 45, 39, 6, 15, 5, 49, 32, 17, 2, 7, 42, 21, 22]

Individual 31:
  Route length: 14797
  Contribution to Diversity: 0.001937712309659112
  Route: [1, 49, 50, 30, 23, 2, 7, 21, 17, 32, 33, 40, 6, 44, 16, 46, 29, 20, 42, 12, 25, 35, 28, 27, 26, 47, 13, 14, 52, 11, 51, 43, 15, 34, 31, 8, 10, 9, 24, 48, 45, 3, 18, 41, 19, 4, 36, 38, 37, 39, 5, 22]

Individual 32:
  Route length: 15033
  Contribution to Diversity: 0.0015043086511843384
  Route: [25, 4, 6, 33, 51, 27, 26, 34, 35, 21, 2, 7, 42, 30, 50, 31, 19, 41, 32, 49, 45, 37, 44, 47, 13, 14, 52, 28, 11, 23, 17, 8, 9, 10, 12, 48, 24, 15, 5, 43, 3, 18, 40, 46, 16, 29, 20, 38, 1, 36, 39, 22]

Individual 33:
  Route length: 14969
  Contribution to Diversity: 0.0014977260043842477
  Route: [48, 24, 25, 12, 10, 9, 8, 18, 3, 43, 5, 15, 4, 6, 33, 51, 27, 26, 34, 35, 21, 2, 7, 42, 30, 50, 31, 19, 41, 32, 49, 45, 37, 44, 47, 13, 14, 52, 28, 11, 23, 17, 40, 46, 16, 29, 20, 38, 1, 36, 39, 22]

Individual 34:
  Route length: 14936
  Contribution to Diversity: 0.00202884975392692
  Route: [15, 19, 32, 49, 44, 48, 5, 43, 9, 10, 33, 51, 11, 47, 8, 41, 29, 26, 27, 52, 13, 14, 28, 12, 25, 4, 34, 40, 37, 23, 2, 7, 42, 20, 50, 39, 36, 45, 1, 21, 18, 16, 38, 35, 6, 46, 24, 30, 3, 17, 31, 22]

Individual 35:
  Route length: 14969
  Contribution to Diversity: 0.0017872410590058507
  Route: [38, 24, 44, 1, 19, 41, 15, 11, 14, 52, 13, 47, 26, 31, 39, 32, 2, 42, 7, 21, 29, 49, 8, 9, 10, 43, 33, 51, 48, 40, 37, 6, 45, 3, 17, 23, 18, 50, 20, 30, 12, 28, 27, 36, 35, 34, 5, 4, 25, 46, 16, 22]

Individual 36:
  Route length: 15063
  Contribution to Diversity: 0.002632102936374281
  Route: [1, 49, 12, 33, 45, 3, 18, 41, 19, 6, 4, 34, 44, 16, 2, 7, 21, 17, 32, 48, 24, 25, 35, 30, 23, 46, 29, 50, 15, 43, 51, 11, 52, 14, 13, 47, 26, 27, 28, 20, 42, 40, 9, 10, 8, 31, 36, 38, 37, 39, 5, 22]

Individual 37:
  Route length: 15077
  Contribution to Diversity: 0.0014107967874465999
  Route: [19, 9, 8, 46, 6, 4, 25, 38, 3, 17, 18, 31, 1, 26, 47, 35, 34, 29, 49, 32, 45, 41, 10, 43, 33, 51, 52, 14, 11, 28, 13, 27, 16, 23, 21, 42, 7, 2, 44, 50, 20, 37, 40, 39, 5, 24, 48, 15, 30, 12, 36, 22]

Individual 38:
  Route length: 14965
  Contribution to Diversity: 0.00045977842248312584
  Route: [17, 21, 8, 9, 10, 41, 19, 45, 3, 40, 43, 28, 14, 37, 6, 25, 13, 47, 26, 12, 33, 51, 11, 52, 27, 50, 49, 34, 44, 16, 4, 38, 48, 29, 1, 32, 35, 24, 5, 15, 20, 31, 18, 46, 39, 36, 42, 7, 2, 30, 23, 22]

Individual 39:
  Route length: 15061
  Contribution to Diversity: 0.0009809910625717677
  Route: [1, 8, 41, 10, 9, 24, 48, 46, 36, 44, 34, 13, 14, 27, 52, 11, 26, 6, 4, 25, 12, 28, 47, 51, 33, 15, 5, 16, 38, 37, 40, 39, 35, 42, 30, 2, 7, 43, 17, 21, 23, 19, 3, 18, 29, 20, 50, 45, 32, 49, 31, 22]

Individual 40:
  Route length: 15077
  Contribution to Diversity: 0.0001466735597057678
  Route: [17, 21, 8, 9, 10, 41, 19, 45, 3, 40, 43, 28, 14, 37, 6, 25, 13, 47, 26, 12, 33, 51, 11, 52, 27, 50, 49, 34, 44, 16, 4, 38, 48, 20, 15, 5, 24, 35, 32, 1, 29, 31, 18, 46, 39, 36, 42, 7, 2, 30, 23, 22]

Individual 41:
  Route length: 15076
  Contribution to Diversity: 0.001958922123920459
  Route: [18, 32, 45, 19, 41, 8, 9, 10, 33, 43, 35, 20, 23, 30, 2, 21, 17, 3, 49, 1, 31, 29, 38, 44, 42, 7, 36, 50, 34, 5, 25, 52, 14, 13, 46, 16, 11, 28, 12, 48, 47, 27, 26, 51, 24, 39, 15, 37, 40, 6, 4, 22]

Individual 42:
  Route length: 15002
  Contribution to Diversity: 0.0021144786340574484
  Route: [21, 23, 41, 19, 45, 32, 49, 24, 31, 1, 34, 38, 48, 37, 51, 11, 33, 43, 15, 6, 44, 27, 28, 12, 25, 4, 5, 35, 36, 46, 10, 9, 8, 26, 13, 47, 14, 52, 20, 50, 29, 16, 39, 18, 40, 3, 17, 7, 42, 30, 2, 22]

Individual 43:
  Route length: 14975
  Contribution to Diversity: 3.664074941323037e-05
  Route: [45, 32, 1, 49, 19, 10, 9, 8, 41, 43, 25, 39, 36, 35, 2, 7, 42, 21, 17, 3, 16, 15, 5, 48, 46, 18, 31, 50, 51, 33, 12, 28, 27, 26, 47, 13, 11, 52, 4, 34, 23, 20, 44, 29, 30, 40, 14, 6, 37, 38, 24, 22]

Individual 44:
  Route length: 14929
  Contribution to Diversity: 0.001547034621841803
  Route: [1, 49, 3, 17, 21, 2, 30, 23, 20, 35, 16, 15, 39, 24, 51, 52, 14, 13, 46, 43, 33, 10, 9, 8, 41, 19, 45, 32, 18, 31, 29, 38, 44, 42, 7, 36, 50, 34, 5, 25, 26, 27, 47, 48, 12, 28, 11, 37, 40, 6, 4, 22]

Individual 45:
  Route length: 14939
  Contribution to Diversity: 0.0010976919246692418
  Route: [19, 9, 8, 46, 6, 4, 25, 38, 3, 17, 18, 31, 1, 39, 40, 37, 20, 50, 44, 2, 7, 42, 21, 23, 16, 27, 13, 28, 11, 14, 52, 51, 33, 43, 10, 41, 45, 32, 49, 29, 34, 35, 47, 26, 5, 24, 48, 15, 30, 12, 36, 22]

Individual 46:
  Route length: 14925
  Contribution to Diversity: 0.001423199403836506
  Route: [38, 40, 8, 9, 31, 20, 29, 16, 50, 1, 37, 48, 24, 5, 28, 27, 25, 4, 6, 15, 18, 10, 43, 33, 11, 14, 12, 46, 44, 36, 23, 30, 35, 45, 41, 3, 19, 34, 26, 47, 13, 52, 51, 39, 49, 32, 17, 2, 7, 42, 21, 22]

Individual 47:
  Route length: 15063
  Contribution to Diversity: 0.0022387328703299403
  Route: [1, 49, 44, 46, 24, 4, 42, 21, 33, 40, 36, 45, 32, 39, 43, 10, 5, 31, 18, 3, 17, 2, 7, 9, 8, 41, 19, 25, 12, 34, 35, 26, 27, 28, 51, 11, 52, 14, 13, 47, 30, 23, 20, 6, 15, 38, 37, 48, 50, 29, 16, 22]

Individual 48:
  Route length: 14951
  Contribution to Diversity: 0.0005795141835474027
  Route: [30, 34, 35, 33, 52, 14, 13, 47, 26, 27, 25, 28, 36, 23, 50, 2, 42, 7, 1, 49, 32, 45, 38, 37, 40, 39, 12, 51, 11, 29, 46, 4, 6, 15, 5, 24, 48, 19, 10, 9, 8, 41, 20, 31, 21, 17, 3, 44, 16, 18, 43, 22]

Individual 49:
  Route length: 15012
  Contribution to Diversity: 0.002438393577458342
  Route: [1, 3, 23, 20, 36, 39, 40, 37, 32, 29, 46, 25, 24, 6, 15, 5, 21, 17, 47, 26, 13, 14, 33, 51, 11, 52, 43, 10, 9, 8, 41, 19, 45, 50, 49, 12, 28, 27, 30, 2, 7, 42, 4, 16, 44, 34, 35, 38, 48, 31, 18, 22]

Individual 50:
  Route length: 14916
  Contribution to Diversity: 0.0005854509063949465
  Route: [32, 49, 48, 33, 51, 21, 17, 20, 50, 30, 31, 18, 23, 46, 4, 25, 38, 42, 7, 2, 3, 41, 5, 26, 47, 13, 52, 14, 11, 12, 28, 27, 45, 19, 24, 39, 44, 1, 37, 15, 6, 34, 35, 36, 8, 9, 10, 43, 40, 16, 29, 22]

Individual 51:
  Route length: 14936
  Contribution to Diversity: 0.00089738096723746
  Route: [1, 44, 46, 32, 36, 35, 18, 50, 20, 30, 37, 38, 40, 4, 25, 12, 6, 49, 34, 15, 16, 23, 21, 42, 7, 39, 5, 43, 33, 51, 11, 47, 26, 29, 13, 14, 52, 27, 28, 9, 10, 19, 41, 45, 48, 24, 8, 17, 3, 2, 31, 22]

Individual 52:
  Route length: 15029
  Contribution to Diversity: 0.0027548015230483003
  Route: [1, 16, 15, 21, 18, 19, 32, 49, 44, 48, 5, 35, 34, 36, 41, 8, 20, 50, 39, 29, 24, 46, 6, 40, 37, 23, 2, 7, 42, 47, 11, 51, 33, 10, 9, 43, 38, 45, 4, 25, 12, 52, 13, 14, 28, 27, 26, 30, 3, 17, 31, 22]

Individual 53:
  Route length: 14790
  Contribution to Diversity: 0.0010789768072347883
  Route: [30, 34, 35, 33, 52, 14, 13, 47, 26, 27, 25, 28, 36, 23, 50, 2, 42, 7, 1, 49, 32, 45, 38, 37, 40, 39, 12, 51, 11, 29, 46, 4, 6, 15, 5, 24, 48, 19, 10, 9, 8, 41, 20, 31, 21, 17, 3, 43, 18, 44, 16, 22]

Individual 54:
  Route length: 14945
  Contribution to Diversity: 0.0009793540194644734
  Route: [32, 49, 17, 21, 15, 37, 1, 44, 39, 24, 19, 45, 27, 28, 12, 11, 14, 52, 13, 47, 26, 5, 41, 3, 2, 7, 42, 38, 25, 4, 46, 23, 18, 31, 30, 50, 20, 48, 33, 51, 6, 34, 35, 36, 8, 9, 10, 43, 40, 16, 29, 22]

Individual 55:
  Route length: 15073
  Contribution to Diversity: 0.0008102593143917147
  Route: [17, 21, 20, 39, 46, 29, 1, 32, 35, 24, 5, 15, 13, 47, 26, 12, 33, 51, 11, 52, 27, 50, 49, 34, 44, 16, 4, 38, 48, 18, 31, 8, 9, 10, 41, 19, 45, 3, 40, 43, 28, 14, 37, 6, 25, 36, 2, 7, 42, 30, 23, 22]

Individual 56:
  Route length: 15083
  Contribution to Diversity: 0.0009065932578700142
  Route: [39, 9, 8, 19, 37, 25, 38, 45, 46, 47, 13, 14, 28, 4, 31, 18, 6, 27, 26, 52, 11, 51, 33, 12, 16, 29, 50, 35, 36, 49, 1, 32, 41, 42, 7, 2, 30, 44, 40, 15, 48, 34, 24, 5, 20, 23, 21, 17, 3, 10, 43, 22]

Individual 57:
  Route length: 14944
  Contribution to Diversity: 0.0012430182936098433
  Route: [1, 49, 32, 45, 19, 36, 4, 40, 37, 38, 5, 47, 13, 27, 26, 44, 34, 29, 16, 46, 21, 35, 41, 20, 48, 30, 24, 15, 39, 6, 3, 17, 10, 8, 9, 43, 33, 51, 11, 52, 14, 28, 12, 25, 23, 2, 7, 42, 50, 18, 31, 22]

Individual 58:
  Route length: 15078
  Contribution to Diversity: 0.0010031889057593446
  Route: [38, 40, 8, 9, 31, 20, 29, 16, 50, 51, 52, 13, 47, 26, 34, 19, 3, 41, 45, 35, 30, 23, 36, 44, 46, 12, 14, 11, 33, 43, 10, 18, 15, 6, 4, 25, 27, 28, 5, 24, 48, 37, 1, 39, 49, 32, 17, 2, 7, 42, 21, 22]

Individual 59:
  Route length: 14958
  Contribution to Diversity: 0
  Route: [31, 18, 3, 17, 21, 42, 47, 13, 14, 28, 39, 40, 37, 38, 25, 4, 45, 2, 7, 19, 41, 8, 24, 5, 36, 6, 15, 16, 51, 33, 43, 10, 9, 29, 50, 30, 23, 34, 35, 48, 49, 32, 12, 11, 52, 27, 26, 46, 44, 20, 1, 22]

Individual 60:
  Route length: 15058
  Contribution to Diversity: 0
  Route: [42, 21, 49, 32, 17, 39, 36, 50, 20, 34, 44, 46, 37, 51, 16, 29, 7, 2, 30, 23, 18, 3, 25, 6, 43, 33, 4, 38, 48, 27, 52, 14, 13, 47, 26, 11, 28, 12, 9, 10, 5, 24, 40, 45, 19, 41, 8, 35, 1, 15, 31, 22]

Individual 61:
  Route length: 15082
  Contribution to Diversity: 9.03704579240383e-05
  Route: [1, 49, 42, 21, 17, 3, 44, 38, 48, 5, 26, 27, 47, 25, 4, 6, 36, 34, 7, 2, 52, 14, 28, 12, 15, 11, 16, 29, 46, 13, 51, 33, 43, 10, 9, 8, 41, 19, 45, 32, 18, 31, 24, 37, 40, 39, 35, 23, 30, 50, 20, 22]

Individual 62:
  Route length: 14979
  Contribution to Diversity: 0.0013634245408145063
  Route: [1, 8, 41, 10, 9, 24, 48, 46, 36, 44, 34, 13, 14, 27, 52, 11, 26, 51, 47, 28, 12, 25, 4, 6, 33, 15, 5, 16, 38, 37, 40, 39, 35, 42, 30, 2, 7, 43, 17, 21, 23, 19, 3, 18, 31, 49, 32, 45, 20, 50, 29, 22]

Individual 63:
  Route length: 14694
  Contribution to Diversity: 0.00037332447008786573
  Route: [17, 21, 20, 39, 46, 29, 1, 32, 35, 24, 5, 15, 13, 47, 26, 12, 33, 51, 11, 52, 27, 50, 49, 34, 44, 16, 4, 38, 48, 18, 31, 8, 9, 10, 41, 19, 45, 3, 40, 43, 28, 14, 25, 6, 37, 36, 2, 7, 42, 30, 23, 22]

Individual 64:
  Route length: 14558
  Contribution to Diversity: 0
  Route: [1, 35, 36, 44, 39, 2, 8, 34, 49, 40, 51, 11, 52, 14, 13, 26, 47, 27, 28, 12, 25, 29, 16, 24, 48, 3, 33, 43, 10, 9, 23, 30, 20, 17, 7, 42, 21, 50, 46, 38, 45, 19, 41, 5, 15, 4, 37, 6, 31, 18, 32, 22]

Individual 65:
  Route length: 14392
  Contribution to Diversity: 0
  Route: [1, 19, 41, 39, 28, 27, 26, 14, 13, 12, 52, 11, 36, 5, 4, 48, 49, 32, 35, 46, 44, 40, 24, 37, 38, 20, 15, 6, 34, 23, 31, 18, 3, 17, 21, 42, 7, 2, 30, 50, 29, 16, 25, 47, 45, 43, 10, 9, 8, 33, 51, 22]

Individual 66:
  Route length: 14964
  Contribution to Diversity: 0.00013681000611054372
  Route: [1, 35, 36, 44, 39, 2, 8, 34, 20, 17, 21, 42, 7, 50, 46, 38, 40, 49, 30, 23, 9, 10, 43, 33, 3, 48, 24, 16, 29, 25, 12, 28, 27, 47, 26, 13, 14, 52, 11, 51, 45, 19, 41, 5, 15, 4, 37, 6, 31, 18, 32, 22]

Individual 67:
  Route length: 14923
  Contribution to Diversity: 0
  Route: [37, 23, 39, 38, 10, 9, 8, 31, 18, 3, 40, 49, 36, 35, 34, 44, 46, 16, 29, 50, 20, 5, 48, 24, 15, 6, 4, 33, 32, 1, 25, 12, 28, 27, 19, 41, 2, 42, 7, 26, 47, 13, 52, 14, 11, 51, 43, 17, 30, 21, 45, 22]

Individual 68:
  Route length: 15081
  Contribution to Diversity: 0.0005033689867346425
  Route: [1, 45, 49, 26, 27, 28, 48, 12, 25, 20, 50, 29, 16, 31, 18, 8, 41, 19, 32, 21, 42, 9, 51, 11, 52, 13, 14, 47, 23, 30, 2, 7, 10, 43, 33, 3, 17, 38, 46, 40, 39, 36, 35, 44, 34, 4, 5, 6, 15, 24, 37, 22]

Individual 69:
  Route length: 15047
  Contribution to Diversity: 0
  Route: [1, 19, 41, 49, 24, 3, 17, 36, 23, 30, 2, 7, 15, 6, 5, 25, 12, 27, 26, 46, 38, 39, 40, 35, 48, 28, 47, 13, 14, 52, 11, 51, 9, 42, 21, 32, 45, 33, 43, 10, 8, 18, 31, 16, 29, 50, 20, 4, 34, 44, 37, 22]

Individual 70:
  Route length: 14686
  Contribution to Diversity: 0.0016383818407197381
  Route: [48, 24, 15, 5, 50, 30, 42, 7, 2, 21, 35, 36, 1, 38, 47, 13, 14, 52, 28, 11, 31, 18, 8, 9, 10, 3, 17, 40, 46, 34, 26, 27, 51, 33, 6, 4, 25, 12, 43, 23, 49, 32, 41, 19, 45, 37, 44, 20, 29, 16, 39, 22]

Individual 71:
  Route length: 15025
  Contribution to Diversity: 0.002058644958010447
  Route: [8, 41, 29, 26, 27, 52, 13, 14, 28, 12, 25, 4, 34, 36, 39, 50, 20, 42, 7, 2, 23, 37, 40, 6, 46, 24, 30, 3, 17, 35, 45, 1, 21, 18, 16, 38, 43, 9, 10, 33, 51, 11, 47, 15, 19, 32, 49, 44, 48, 5, 31, 22]

Individual 72:
  Route length: 14606
  Contribution to Diversity: 0
  Route: [42, 2, 7, 29, 16, 51, 37, 46, 34, 44, 20, 50, 36, 39, 17, 32, 49, 21, 30, 23, 18, 3, 25, 4, 33, 43, 6, 38, 48, 27, 52, 14, 13, 47, 26, 11, 28, 12, 9, 10, 5, 24, 40, 45, 19, 41, 8, 35, 1, 15, 31, 22]

Individual 73:
  Route length: 15069
  Contribution to Diversity: 0
  Route: [37, 23, 39, 38, 10, 9, 8, 31, 18, 3, 40, 49, 36, 35, 34, 44, 46, 16, 29, 50, 20, 5, 48, 24, 15, 6, 4, 33, 32, 1, 25, 12, 28, 27, 30, 17, 43, 51, 11, 14, 52, 13, 47, 26, 7, 42, 2, 41, 19, 21, 45, 22]

Individual 74:
  Route length: 15043
  Contribution to Diversity: 0.0003411483635469281
  Route: [39, 36, 35, 34, 8, 45, 19, 18, 3, 40, 1, 31, 15, 48, 24, 6, 4, 30, 7, 17, 21, 42, 23, 29, 10, 37, 38, 2, 41, 9, 44, 46, 16, 43, 33, 51, 11, 52, 14, 13, 26, 47, 27, 28, 12, 25, 5, 49, 32, 50, 20, 22]

Individual 75:
  Route length: 14804
  Contribution to Diversity: 0.0014664308859781983
  Route: [1, 25, 14, 29, 23, 20, 40, 35, 49, 36, 26, 27, 28, 31, 18, 21, 17, 3, 42, 7, 2, 30, 50, 39, 12, 52, 11, 24, 5, 15, 6, 4, 47, 13, 51, 33, 8, 9, 10, 43, 41, 19, 45, 48, 38, 37, 34, 46, 44, 16, 32, 22]

Individual 76:
  Route length: 14627
  Contribution to Diversity: 0.0022140705185336174
  Route: [1, 41, 19, 23, 16, 46, 15, 36, 45, 8, 40, 47, 26, 27, 28, 13, 14, 52, 31, 37, 38, 12, 25, 4, 35, 18, 50, 20, 9, 10, 43, 33, 51, 11, 29, 39, 24, 48, 44, 34, 6, 5, 49, 32, 3, 17, 21, 42, 7, 2, 30, 22]

Individual 77:
  Route length: 14783
  Contribution to Diversity: 0.0014538929395699896
  Route: [49, 18, 31, 30, 12, 28, 27, 50, 23, 32, 29, 26, 47, 13, 52, 14, 11, 24, 15, 6, 4, 5, 51, 37, 40, 25, 38, 34, 35, 20, 21, 17, 3, 41, 33, 43, 10, 9, 8, 19, 39, 44, 46, 16, 36, 45, 1, 48, 42, 7, 2, 22]

Individual 78:
  Route length: 15010
  Contribution to Diversity: 0.0013709443361662466
  Route: [48, 17, 19, 41, 8, 9, 10, 43, 2, 7, 42, 6, 39, 38, 29, 16, 46, 44, 34, 35, 36, 37, 4, 25, 12, 28, 47, 26, 27, 13, 14, 49, 32, 45, 18, 3, 15, 51, 11, 52, 33, 30, 50, 20, 23, 5, 24, 40, 21, 1, 31, 22]

Individual 79:
  Route length: 14765
  Contribution to Diversity: 0.002110192937371025
  Route: [1, 32, 49, 41, 8, 9, 33, 51, 11, 29, 16, 46, 15, 6, 50, 37, 24, 10, 45, 19, 18, 36, 35, 34, 12, 28, 27, 47, 13, 26, 38, 5, 4, 52, 14, 44, 39, 40, 3, 17, 21, 42, 7, 2, 30, 31, 48, 43, 25, 23, 20, 22]

Individual 80:
  Route length: 14787
  Contribution to Diversity: 0.0016908053909379106
  Route: [1, 45, 19, 35, 15, 36, 39, 21, 17, 3, 30, 24, 46, 6, 40, 37, 23, 2, 7, 42, 47, 11, 51, 33, 10, 9, 43, 38, 8, 41, 4, 48, 5, 44, 49, 32, 16, 20, 50, 34, 18, 29, 25, 12, 28, 27, 13, 52, 14, 26, 31, 22]

Individual 81:
  Route length: 14317
  Contribution to Diversity: 0
  Route: [1, 19, 41, 39, 28, 27, 26, 14, 13, 12, 52, 11, 36, 47, 25, 16, 29, 50, 30, 2, 7, 42, 21, 17, 3, 18, 31, 23, 34, 6, 15, 20, 38, 37, 24, 40, 44, 46, 35, 32, 49, 48, 4, 5, 45, 43, 10, 9, 8, 33, 51, 22]

Individual 82:
  Route length: 14900
  Contribution to Diversity: 0.00018405237702001642
  Route: [1, 35, 36, 44, 39, 2, 8, 34, 49, 40, 38, 46, 50, 21, 42, 7, 17, 20, 30, 23, 9, 10, 43, 33, 3, 48, 24, 16, 29, 25, 12, 28, 27, 47, 26, 13, 14, 52, 11, 51, 45, 31, 6, 37, 4, 15, 5, 41, 19, 18, 32, 22]

Individual 83:
  Route length: 14891
  Contribution to Diversity: 0.0008191798674159756
  Route: [1, 49, 32, 45, 19, 36, 4, 40, 37, 38, 30, 24, 15, 39, 6, 21, 46, 16, 44, 34, 29, 26, 27, 13, 47, 5, 48, 20, 41, 35, 3, 17, 10, 8, 9, 43, 33, 51, 11, 52, 14, 28, 12, 25, 23, 2, 7, 42, 50, 18, 31, 22]

Individual 84:
  Route length: 14691
  Contribution to Diversity: 0.0006115560702504297
  Route: [42, 2, 7, 29, 16, 51, 37, 46, 34, 44, 20, 50, 36, 39, 17, 32, 49, 21, 30, 23, 1, 35, 8, 41, 19, 45, 40, 24, 5, 10, 9, 12, 28, 11, 26, 47, 13, 14, 52, 27, 48, 38, 6, 43, 33, 4, 25, 3, 18, 15, 31, 22]

Individual 85:
  Route length: 14942
  Contribution to Diversity: 0
  Route: [1, 6, 2, 7, 42, 30, 3, 17, 21, 32, 20, 8, 41, 29, 16, 4, 25, 12, 28, 14, 52, 11, 51, 33, 10, 9, 43, 23, 48, 38, 36, 15, 31, 18, 26, 27, 13, 47, 24, 5, 35, 39, 40, 45, 19, 49, 34, 44, 46, 37, 50, 22]

Individual 86:
  Route length: 14981
  Contribution to Diversity: 0.0009748592069653839
  Route: [35, 37, 19, 41, 8, 39, 40, 38, 48, 5, 6, 51, 34, 44, 46, 27, 52, 28, 14, 13, 47, 26, 11, 12, 36, 45, 10, 43, 33, 9, 17, 42, 21, 50, 24, 4, 25, 29, 23, 30, 2, 7, 16, 20, 49, 32, 18, 3, 1, 15, 31, 22]

Individual 87:
  Route length: 14718
  Contribution to Diversity: 0
  Route: [1, 24, 49, 41, 19, 3, 17, 36, 23, 30, 2, 7, 15, 6, 5, 25, 12, 27, 26, 46, 38, 39, 40, 35, 48, 28, 47, 13, 14, 52, 11, 51, 9, 42, 21, 32, 45, 33, 43, 10, 8, 18, 31, 16, 29, 50, 20, 4, 34, 44, 37, 22]

Individual 88:
  Route length: 14721
  Contribution to Diversity: 0
  Route: [41, 8, 49, 39, 36, 31, 18, 3, 29, 16, 40, 48, 20, 23, 30, 2, 7, 42, 50, 17, 21, 19, 45, 32, 1, 38, 37, 6, 15, 14, 52, 11, 51, 35, 34, 44, 5, 24, 47, 26, 46, 33, 43, 10, 9, 13, 27, 28, 12, 25, 4, 22]

Individual 89:
  Route length: 14827
  Contribution to Diversity: 0.0009617918486028998
  Route: [35, 34, 17, 3, 18, 31, 16, 29, 50, 47, 13, 14, 8, 19, 4, 24, 5, 25, 37, 30, 20, 21, 42, 7, 2, 23, 44, 46, 26, 28, 27, 36, 45, 32, 39, 1, 49, 38, 9, 10, 43, 33, 51, 11, 52, 12, 6, 15, 40, 48, 41, 22]

Individual 90:
  Route length: 15001
  Contribution to Diversity: 0.0014168163069321338
  Route: [49, 32, 39, 19, 8, 37, 40, 25, 38, 34, 35, 20, 21, 17, 18, 23, 50, 29, 26, 47, 13, 52, 14, 11, 24, 15, 6, 4, 5, 51, 9, 10, 43, 33, 41, 3, 31, 30, 12, 28, 27, 44, 46, 16, 36, 45, 1, 48, 42, 7, 2, 22]

Individual 91:
  Route length: 15055
  Contribution to Diversity: 0.0013980578352219553
  Route: [6, 4, 23, 30, 7, 3, 16, 29, 42, 21, 17, 31, 49, 18, 37, 38, 1, 40, 44, 46, 25, 20, 50, 35, 36, 39, 24, 48, 34, 8, 2, 41, 19, 15, 32, 9, 10, 43, 33, 51, 11, 52, 14, 13, 26, 47, 27, 28, 12, 5, 45, 22]

Individual 92:
  Route length: 14934
  Contribution to Diversity: 0
  Route: [1, 6, 24, 47, 13, 27, 26, 18, 31, 15, 36, 38, 48, 23, 43, 9, 10, 33, 51, 11, 52, 14, 28, 12, 25, 4, 16, 29, 41, 8, 20, 32, 21, 17, 3, 30, 42, 7, 2, 5, 35, 39, 40, 45, 19, 49, 34, 44, 46, 37, 50, 22]

Individual 93:
  Route length: 14966
  Contribution to Diversity: 0
  Route: [31, 18, 3, 17, 21, 42, 47, 13, 14, 28, 39, 40, 37, 38, 25, 4, 45, 2, 7, 19, 41, 9, 10, 43, 33, 51, 16, 15, 6, 36, 5, 24, 8, 29, 50, 30, 23, 34, 35, 48, 49, 32, 12, 11, 52, 27, 26, 46, 44, 20, 1, 22]

Individual 94:
  Route length: 14543
  Contribution to Diversity: 0
  Route: [1, 19, 41, 39, 28, 27, 26, 14, 13, 12, 52, 11, 36, 5, 4, 48, 49, 32, 35, 46, 44, 40, 24, 37, 38, 20, 15, 6, 34, 23, 18, 31, 3, 17, 21, 42, 7, 2, 30, 50, 29, 16, 25, 47, 45, 43, 10, 9, 8, 33, 51, 22]

Individual 95:
  Route length: 14999
  Contribution to Diversity: 0.0008930181371669121
  Route: [35, 37, 19, 41, 8, 39, 40, 38, 48, 5, 6, 51, 34, 44, 46, 52, 27, 28, 14, 13, 47, 26, 11, 12, 36, 45, 10, 43, 33, 9, 17, 42, 21, 50, 24, 4, 25, 29, 23, 30, 2, 7, 16, 20, 49, 32, 18, 3, 1, 15, 31, 22]

Individual 96:
  Route length: 14939
  Contribution to Diversity: 0.0017339197300554332
  Route: [46, 27, 26, 47, 13, 14, 52, 25, 49, 48, 34, 38, 44, 28, 3, 10, 9, 8, 41, 19, 45, 32, 20, 29, 50, 6, 15, 4, 43, 33, 51, 11, 23, 24, 5, 16, 18, 17, 21, 42, 7, 2, 30, 35, 40, 39, 37, 36, 12, 1, 31, 22]

Individual 97:
  Route length: 15055
  Contribution to Diversity: 0.00015052322939723695
  Route: [39, 9, 8, 19, 37, 25, 38, 45, 46, 47, 13, 14, 6, 18, 31, 4, 28, 27, 26, 52, 11, 51, 33, 12, 16, 29, 50, 35, 36, 49, 1, 32, 41, 42, 7, 2, 30, 44, 40, 24, 34, 48, 15, 5, 20, 23, 21, 17, 3, 10, 43, 22]

Individual 98:
  Route length: 14630
  Contribution to Diversity: 0.0017673811237957082
  Route: [1, 19, 41, 4, 6, 9, 10, 8, 31, 21, 42, 7, 2, 30, 23, 20, 39, 24, 32, 49, 35, 40, 36, 5, 44, 15, 18, 17, 3, 50, 29, 16, 25, 47, 45, 43, 33, 51, 13, 14, 26, 27, 28, 46, 34, 37, 12, 52, 11, 48, 38, 22]

Individual 99:
  Route length: 14894
  Contribution to Diversity: 0.001655701718297209
  Route: [39, 38, 29, 12, 27, 26, 47, 28, 13, 14, 52, 33, 30, 23, 20, 50, 5, 37, 36, 35, 34, 44, 46, 16, 51, 11, 6, 42, 7, 2, 32, 45, 19, 41, 8, 9, 10, 43, 49, 24, 4, 25, 15, 3, 18, 17, 48, 40, 21, 1, 31, 22]

Total Entropy H: 6.026918995289515
