Individual 0:
  Route length: 9422
  Contribution to Diversity: 0.03269612865758642
  Route: [49, 1, 18, 23, 30, 42, 2, 7, 29, 16, 50, 20, 44, 34, 35, 39, 38, 40, 24, 4, 6, 5, 15, 46, 48, 36, 37, 25, 12, 28, 27, 26, 47, 14, 13, 52, 11, 51, 33, 43, 10, 9, 8, 3, 17, 41, 19, 45, 32, 21, 31, 22]

Individual 1:
  Route length: 9414
  Contribution to Diversity: 0.05555644738661858
  Route: [39, 36, 40, 35, 32, 18, 31, 1, 45, 19, 41, 8, 10, 9, 43, 33, 51, 11, 52, 14, 13, 27, 47, 26, 28, 12, 5, 4, 25, 48, 6, 15, 38, 37, 44, 49, 34, 24, 46, 16, 30, 29, 20, 50, 23, 21, 42, 2, 7, 17, 3, 22]

Individual 2:
  Route length: 9370
  Contribution to Diversity: 0.014994271280436955
  Route: [49, 20, 50, 30, 2, 21, 7, 42, 17, 3, 45, 19, 41, 8, 9, 10, 43, 33, 51, 11, 52, 14, 13, 47, 26, 27, 28, 12, 25, 4, 6, 5, 34, 35, 39, 15, 38, 48, 24, 37, 40, 36, 32, 1, 23, 29, 16, 44, 46, 31, 18, 22]

Individual 3:
  Route length: 9385
  Contribution to Diversity: 0.02101477524267903
  Route: [31, 18, 3, 17, 21, 2, 7, 42, 30, 23, 20, 29, 39, 5, 25, 6, 12, 28, 27, 26, 47, 14, 13, 52, 11, 51, 33, 43, 10, 9, 41, 8, 19, 45, 24, 38, 48, 4, 15, 37, 35, 34, 50, 16, 46, 44, 40, 49, 32, 36, 1, 22]

Individual 4:
  Route length: 9378
  Contribution to Diversity: 0.024101136051990935
  Route: [1, 36, 46, 39, 35, 44, 37, 40, 38, 25, 12, 28, 27, 26, 47, 14, 13, 52, 11, 51, 4, 5, 24, 48, 15, 6, 43, 33, 10, 41, 9, 8, 45, 19, 34, 16, 50, 29, 20, 23, 30, 2, 7, 42, 21, 17, 3, 18, 31, 32, 49, 22]

Individual 5:
  Route length: 9419
  Contribution to Diversity: 0.02642723795330415
  Route: [19, 40, 44, 29, 23, 30, 2, 7, 42, 21, 18, 17, 3, 45, 41, 8, 9, 10, 43, 33, 51, 11, 52, 14, 13, 47, 26, 28, 27, 12, 25, 4, 6, 15, 5, 38, 39, 35, 24, 48, 46, 16, 50, 20, 31, 1, 36, 37, 34, 49, 32, 22]

Individual 6:
  Route length: 9313
  Contribution to Diversity: 0.03025907023879082
  Route: [1, 44, 34, 31, 18, 3, 49, 40, 48, 5, 38, 6, 24, 15, 46, 4, 25, 12, 28, 27, 26, 47, 13, 14, 52, 11, 51, 33, 43, 9, 10, 8, 41, 45, 19, 32, 36, 35, 39, 37, 16, 50, 20, 29, 23, 30, 2, 7, 42, 21, 17, 22]

Individual 7:
  Route length: 9388
  Contribution to Diversity: 0.01351842700995487
  Route: [31, 18, 3, 17, 2, 7, 42, 30, 21, 23, 20, 50, 29, 16, 35, 34, 37, 40, 45, 1, 32, 49, 6, 12, 28, 27, 26, 47, 14, 13, 52, 11, 51, 33, 43, 10, 9, 41, 8, 19, 38, 36, 39, 24, 15, 5, 4, 25, 48, 46, 44, 22]

Individual 8:
  Route length: 9361
  Contribution to Diversity: 0.03697168830873121
  Route: [18, 31, 23, 50, 29, 16, 34, 40, 5, 24, 15, 48, 45, 19, 41, 8, 9, 10, 43, 33, 12, 28, 27, 26, 47, 13, 14, 52, 11, 51, 25, 6, 4, 36, 35, 44, 20, 30, 42, 7, 2, 21, 17, 3, 32, 39, 46, 37, 38, 49, 1, 22]

Individual 9:
  Route length: 9416
  Contribution to Diversity: 0.023942748032781402
  Route: [23, 20, 49, 36, 38, 6, 4, 24, 37, 40, 39, 34, 44, 46, 50, 35, 32, 3, 17, 2, 7, 42, 21, 30, 29, 16, 48, 15, 5, 25, 12, 28, 27, 13, 26, 47, 14, 52, 11, 51, 33, 43, 10, 9, 8, 41, 19, 45, 1, 31, 18, 22]

Total Entropy H: 5.016528076995788
