Individual 0:
  Route length: 15061
  Contribution to Diversity: 0.007723641285044991
  Route: [9, 10, 43, 33, 11, 52, 14, 13, 47, 27, 26, 37, 20, 23, 50, 38, 48, 39, 34, 40, 32, 49, 1, 41, 8, 45, 51, 6, 36, 4, 15, 19, 3, 44, 17, 30, 2, 7, 42, 18, 21, 35, 29, 24, 5, 25, 16, 12, 28, 46, 31, 22]

Individual 1:
  Route length: 15043
  Contribution to Diversity: 0.03113075024950973
  Route: [36, 32, 49, 21, 17, 31, 2, 7, 4, 47, 42, 30, 23, 20, 50, 45, 9, 8, 41, 3, 10, 43, 33, 25, 19, 35, 38, 37, 40, 39, 48, 24, 16, 46, 52, 14, 13, 28, 26, 27, 12, 51, 11, 29, 44, 5, 15, 6, 34, 1, 18, 22]

Individual 2:
  Route length: 14991
  Contribution to Diversity: 0.01892574534838154
  Route: [1, 34, 15, 39, 40, 48, 46, 25, 6, 51, 33, 43, 10, 2, 7, 42, 49, 31, 18, 3, 17, 21, 38, 5, 28, 26, 47, 27, 4, 13, 23, 30, 16, 29, 50, 20, 9, 8, 41, 19, 45, 32, 37, 24, 35, 36, 44, 14, 52, 11, 12, 22]

Individual 3:
  Route length: 14995
  Contribution to Diversity: 0.025580114842417956
  Route: [31, 50, 20, 28, 27, 4, 9, 10, 43, 33, 51, 11, 52, 14, 47, 26, 46, 6, 40, 5, 15, 37, 49, 1, 17, 42, 7, 2, 30, 35, 48, 24, 32, 45, 19, 8, 41, 23, 18, 29, 13, 44, 12, 25, 36, 39, 3, 38, 16, 34, 21, 22]

Individual 4:
  Route length: 15025
  Contribution to Diversity: 0.023254382738902457
  Route: [10, 8, 41, 34, 35, 37, 46, 13, 28, 39, 31, 1, 49, 32, 18, 45, 19, 9, 43, 33, 51, 11, 52, 14, 47, 40, 16, 29, 50, 20, 3, 17, 23, 44, 27, 26, 4, 30, 21, 2, 42, 7, 48, 38, 5, 24, 12, 25, 6, 36, 15, 22]

Individual 5:
  Route length: 15071
  Contribution to Diversity: 0.03385406661961987
  Route: [8, 9, 10, 43, 33, 51, 11, 52, 14, 13, 30, 50, 16, 47, 25, 12, 26, 27, 28, 4, 6, 35, 15, 38, 37, 39, 29, 45, 19, 7, 23, 20, 24, 48, 5, 1, 49, 32, 46, 36, 44, 3, 17, 41, 18, 31, 21, 40, 34, 2, 42, 22]

Individual 6:
  Route length: 14785
  Contribution to Diversity: 0.011642481817380812
  Route: [10, 43, 12, 1, 49, 32, 39, 25, 28, 38, 27, 26, 47, 13, 14, 52, 11, 51, 33, 48, 3, 18, 17, 21, 42, 20, 23, 9, 8, 41, 45, 19, 15, 24, 5, 44, 6, 4, 36, 50, 29, 16, 46, 37, 40, 34, 35, 7, 30, 2, 31, 22]

Individual 7:
  Route length: 15071
  Contribution to Diversity: 0.014419884269825545
  Route: [44, 34, 36, 39, 40, 37, 24, 48, 9, 8, 23, 20, 50, 15, 25, 13, 47, 26, 27, 12, 28, 6, 31, 19, 41, 21, 42, 7, 2, 30, 17, 3, 32, 18, 49, 10, 43, 4, 5, 29, 16, 46, 45, 51, 33, 14, 52, 11, 38, 35, 1, 22]

Individual 8:
  Route length: 14977
  Contribution to Diversity: 0.010168560223157819
  Route: [48, 24, 15, 32, 35, 23, 44, 40, 37, 26, 47, 13, 5, 38, 45, 42, 7, 2, 30, 3, 41, 9, 20, 50, 29, 14, 52, 11, 51, 33, 43, 8, 19, 34, 36, 39, 27, 28, 12, 25, 4, 6, 49, 1, 21, 17, 10, 46, 16, 18, 31, 22]

Individual 9:
  Route length: 14888
  Contribution to Diversity: 0.023068339845378816
  Route: [1, 34, 40, 2, 30, 23, 20, 18, 41, 19, 17, 42, 21, 45, 37, 3, 24, 36, 39, 38, 5, 16, 46, 44, 31, 32, 12, 28, 27, 47, 25, 15, 48, 35, 29, 7, 50, 6, 4, 26, 13, 14, 52, 11, 51, 33, 43, 10, 9, 8, 49, 22]

Individual 10:
  Route length: 14979
  Contribution to Diversity: 0.000699264585355408
  Route: [3, 19, 5, 16, 35, 23, 50, 34, 37, 40, 39, 49, 32, 21, 31, 1, 41, 45, 44, 47, 14, 13, 52, 11, 26, 46, 48, 38, 25, 6, 4, 12, 28, 27, 29, 20, 36, 24, 15, 8, 51, 9, 10, 43, 33, 17, 30, 2, 7, 42, 18, 22]

Individual 11:
  Route length: 15079
  Contribution to Diversity: 0.002102396529807926
  Route: [3, 19, 5, 16, 35, 23, 50, 34, 8, 15, 24, 36, 20, 29, 27, 28, 12, 4, 6, 25, 38, 48, 46, 26, 11, 52, 13, 14, 47, 44, 45, 41, 1, 31, 21, 32, 49, 39, 40, 37, 51, 9, 10, 43, 33, 17, 30, 2, 7, 42, 18, 22]

Individual 12:
  Route length: 14854
  Contribution to Diversity: 0.014868061470664884
  Route: [44, 15, 6, 4, 27, 34, 24, 48, 38, 36, 35, 32, 18, 8, 43, 33, 51, 11, 52, 14, 39, 28, 12, 25, 26, 47, 13, 46, 50, 20, 41, 21, 17, 10, 9, 19, 3, 23, 30, 31, 2, 7, 42, 29, 16, 5, 37, 40, 45, 49, 1, 22]

Individual 13:
  Route length: 14814
  Contribution to Diversity: 0.020701915285722627
  Route: [31, 29, 16, 46, 12, 28, 27, 26, 47, 13, 43, 38, 1, 49, 10, 9, 6, 8, 19, 41, 32, 17, 3, 18, 21, 42, 7, 2, 30, 4, 50, 5, 24, 15, 33, 35, 36, 39, 40, 37, 20, 23, 34, 44, 48, 14, 52, 11, 51, 25, 45, 22]

Individual 14:
  Route length: 14826
  Contribution to Diversity: 0.022236096154618856
  Route: [17, 3, 45, 1, 49, 32, 50, 29, 16, 15, 5, 48, 12, 25, 27, 13, 47, 39, 30, 21, 2, 7, 42, 36, 35, 19, 41, 8, 9, 20, 23, 24, 38, 26, 4, 6, 40, 10, 43, 33, 51, 11, 52, 14, 28, 18, 31, 44, 46, 34, 37, 22]

Individual 15:
  Route length: 14851
  Contribution to Diversity: 0.02024022771451417
  Route: [10, 9, 41, 32, 40, 19, 45, 35, 34, 49, 48, 24, 38, 42, 7, 2, 30, 21, 50, 20, 16, 18, 17, 3, 31, 26, 1, 39, 36, 37, 15, 44, 23, 8, 33, 43, 5, 6, 25, 4, 12, 52, 14, 47, 13, 11, 28, 27, 51, 46, 29, 22]

Individual 16:
  Route length: 13472
  Contribution to Diversity: 0.02199609315002693
  Route: [5, 33, 51, 43, 10, 9, 8, 45, 19, 41, 30, 2, 7, 42, 21, 17, 35, 1, 32, 48, 24, 4, 25, 12, 28, 29, 49, 37, 38, 6, 15, 52, 11, 27, 14, 13, 47, 26, 50, 36, 40, 39, 44, 23, 20, 46, 16, 34, 3, 18, 31, 22]

Individual 17:
  Route length: 15076
  Contribution to Diversity: 0.009667570045291285
  Route: [49, 18, 31, 41, 21, 17, 10, 43, 33, 51, 11, 52, 14, 5, 27, 28, 12, 25, 47, 13, 34, 50, 39, 15, 6, 4, 46, 16, 29, 44, 32, 45, 23, 30, 2, 7, 42, 20, 26, 24, 48, 38, 9, 8, 3, 19, 35, 36, 40, 37, 1, 22]

Individual 18:
  Route length: 14498
  Contribution to Diversity: 0.017288867084608306
  Route: [9, 10, 43, 37, 24, 5, 25, 16, 44, 34, 40, 38, 48, 39, 21, 18, 42, 7, 2, 30, 17, 41, 8, 45, 1, 49, 32, 23, 20, 33, 11, 19, 3, 26, 47, 27, 13, 14, 52, 51, 12, 28, 46, 29, 4, 15, 6, 36, 35, 50, 31, 22]

Individual 19:
  Route length: 14782
  Contribution to Diversity: 0.0191810209457568
  Route: [49, 48, 24, 6, 25, 4, 12, 52, 14, 47, 13, 11, 28, 27, 51, 46, 29, 50, 20, 44, 18, 17, 3, 31, 45, 19, 40, 32, 43, 33, 8, 23, 16, 10, 9, 41, 5, 38, 37, 36, 39, 1, 26, 35, 34, 15, 42, 7, 2, 30, 21, 22]

Total Entropy H: 5.699061906723509
