Individual 0:
  Route length: 8279
  Contribution to Diversity: 0.00046685554111380867
  Route: [1, 49, 32, 45, 10, 9, 8, 41, 19, 43, 33, 51, 11, 13, 14, 52, 47, 26, 27, 28, 12, 25, 4, 6, 48, 24, 5, 15, 40, 37, 38, 39, 36, 35, 34, 44, 46, 16, 29, 50, 20, 23, 30, 2, 7, 42, 21, 17, 3, 18, 31, 22]

Individual 1:
  Route length: 8294
  Contribution to Diversity: 0.0006226709251677676
  Route: [1, 49, 32, 45, 19, 41, 8, 9, 10, 43, 33, 51, 11, 52, 14, 13, 47, 26, 27, 28, 12, 25, 4, 6, 15, 5, 36, 37, 38, 48, 24, 44, 34, 35, 40, 39, 46, 29, 16, 50, 20, 23, 30, 2, 7, 42, 21, 18, 3, 17, 31, 22]

Individual 2:
  Route length: 8266
  Contribution to Diversity: 4.8755625884133735e-05
  Route: [1, 32, 49, 45, 19, 41, 8, 9, 10, 43, 33, 51, 11, 13, 14, 52, 47, 26, 27, 28, 12, 25, 4, 6, 24, 48, 37, 39, 38, 5, 15, 40, 36, 35, 34, 44, 46, 16, 50, 20, 29, 23, 30, 2, 7, 42, 21, 17, 3, 18, 31, 22]

Individual 3:
  Route length: 8293
  Contribution to Diversity: 0.0010761712494833375
  Route: [1, 49, 32, 41, 8, 19, 45, 9, 10, 43, 33, 51, 11, 52, 14, 13, 47, 26, 27, 28, 12, 25, 6, 4, 38, 5, 24, 48, 37, 15, 40, 36, 39, 35, 34, 44, 46, 16, 29, 50, 20, 23, 30, 7, 2, 42, 21, 17, 3, 18, 31, 22]

Individual 4:
  Route length: 8277
  Contribution to Diversity: 0.0001558260871341588
  Route: [1, 49, 32, 45, 19, 41, 8, 9, 10, 33, 43, 51, 11, 52, 14, 13, 47, 26, 27, 28, 12, 25, 4, 6, 48, 37, 24, 5, 38, 15, 40, 39, 36, 35, 34, 44, 46, 16, 20, 23, 50, 29, 30, 2, 7, 42, 17, 21, 3, 18, 31, 22]

Individual 5:
  Route length: 8294
  Contribution to Diversity: 0.00040044431993457863
  Route: [1, 49, 32, 19, 45, 41, 8, 9, 10, 43, 33, 51, 11, 52, 14, 13, 47, 26, 27, 28, 12, 25, 4, 15, 5, 48, 6, 24, 40, 39, 37, 34, 44, 35, 36, 38, 46, 29, 16, 50, 23, 20, 30, 2, 7, 42, 21, 17, 3, 18, 31, 22]

Individual 6:
  Route length: 8284
  Contribution to Diversity: -2.2927927698646045e-06
  Route: [1, 32, 49, 45, 19, 41, 8, 9, 10, 43, 33, 51, 11, 52, 13, 14, 47, 26, 27, 28, 12, 5, 15, 6, 4, 25, 48, 24, 38, 37, 40, 39, 36, 35, 34, 44, 46, 16, 29, 20, 23, 50, 30, 2, 7, 42, 18, 3, 17, 21, 31, 22]

Individual 7:
  Route length: 8285
  Contribution to Diversity: -7.719683502216412e-05
  Route: [1, 45, 32, 49, 19, 41, 8, 9, 10, 43, 33, 51, 11, 52, 14, 13, 27, 26, 47, 28, 12, 4, 25, 6, 15, 5, 38, 48, 24, 37, 34, 35, 36, 39, 40, 46, 44, 16, 29, 50, 20, 23, 30, 42, 2, 7, 21, 17, 3, 18, 31, 22]

Individual 8:
  Route length: 8290
  Contribution to Diversity: -5.1972452631332544e-05
  Route: [1, 45, 32, 49, 19, 41, 8, 9, 10, 43, 33, 51, 11, 52, 14, 13, 27, 26, 47, 28, 12, 4, 25, 6, 5, 15, 38, 48, 24, 37, 34, 35, 36, 39, 40, 46, 44, 16, 29, 50, 20, 23, 30, 42, 2, 7, 21, 17, 3, 18, 31, 22]

Individual 9:
  Route length: 8286
  Contribution to Diversity: 0.00011416291753452157
  Route: [1, 49, 32, 45, 19, 41, 8, 9, 10, 43, 33, 51, 11, 52, 14, 13, 47, 26, 28, 27, 12, 25, 4, 6, 15, 5, 24, 48, 38, 40, 37, 44, 36, 39, 34, 35, 46, 16, 29, 50, 20, 23, 30, 7, 2, 42, 21, 22, 31, 18, 3, 17]

Individual 10:
  Route length: 8291
  Contribution to Diversity: 0.00014155166740259517
  Route: [1, 49, 32, 45, 19, 8, 41, 10, 9, 43, 33, 51, 11, 52, 13, 14, 47, 26, 27, 28, 12, 6, 4, 25, 24, 48, 5, 15, 38, 37, 40, 35, 36, 39, 34, 44, 46, 16, 29, 30, 23, 50, 20, 21, 7, 2, 42, 17, 3, 18, 31, 22]

Individual 11:
  Route length: 8283
  Contribution to Diversity: 0.00024230921575885134
  Route: [1, 49, 32, 41, 19, 45, 8, 9, 10, 43, 33, 51, 11, 52, 14, 13, 47, 26, 27, 28, 12, 25, 4, 6, 15, 5, 24, 48, 37, 38, 40, 39, 34, 36, 35, 44, 46, 50, 29, 16, 20, 23, 30, 2, 7, 42, 21, 18, 3, 17, 31, 22]

Individual 12:
  Route length: 8288
  Contribution to Diversity: 0.0001757658468344303
  Route: [1, 32, 49, 45, 19, 41, 8, 9, 10, 43, 33, 51, 11, 52, 14, 13, 12, 28, 27, 26, 47, 25, 4, 6, 48, 5, 15, 38, 24, 37, 40, 39, 36, 35, 34, 44, 46, 16, 23, 20, 50, 29, 30, 2, 7, 42, 21, 17, 3, 18, 31, 22]

Individual 13:
  Route length: 8292
  Contribution to Diversity: 0.0002276639529004143
  Route: [1, 49, 32, 45, 19, 41, 8, 9, 10, 43, 33, 51, 11, 52, 14, 13, 47, 26, 27, 28, 12, 25, 4, 6, 48, 5, 15, 24, 38, 37, 40, 39, 36, 35, 34, 44, 50, 29, 16, 46, 20, 23, 42, 7, 2, 30, 21, 31, 18, 3, 17, 22]

Individual 14:
  Route length: 8295
  Contribution to Diversity: 8.453935030328097e-05
  Route: [1, 49, 32, 45, 19, 41, 8, 9, 10, 43, 33, 51, 11, 52, 14, 27, 26, 47, 13, 28, 12, 25, 4, 6, 15, 5, 37, 48, 24, 38, 40, 39, 36, 34, 35, 29, 16, 46, 44, 50, 20, 23, 30, 2, 7, 42, 21, 17, 3, 18, 31, 22]

Individual 15:
  Route length: 8282
  Contribution to Diversity: 0.00017050161832887767
  Route: [1, 49, 32, 45, 19, 10, 9, 41, 8, 43, 33, 51, 11, 52, 14, 13, 47, 27, 26, 28, 12, 25, 6, 4, 15, 5, 24, 48, 38, 40, 37, 39, 36, 35, 34, 44, 46, 16, 29, 50, 20, 23, 30, 7, 2, 42, 21, 31, 18, 3, 17, 22]

Individual 16:
  Route length: 8293
  Contribution to Diversity: 0.00018584600252857797
  Route: [1, 32, 49, 45, 19, 41, 8, 9, 10, 43, 33, 51, 11, 13, 14, 52, 27, 26, 47, 28, 12, 25, 4, 6, 24, 48, 15, 5, 40, 37, 38, 39, 35, 36, 34, 44, 46, 16, 50, 20, 29, 23, 30, 2, 7, 42, 21, 17, 3, 18, 31, 22]

Individual 17:
  Route length: 8293
  Contribution to Diversity: 0.0003080765936473995
  Route: [1, 49, 32, 45, 19, 41, 8, 9, 10, 33, 43, 51, 11, 52, 13, 14, 47, 26, 27, 28, 12, 25, 4, 6, 48, 15, 24, 5, 38, 37, 40, 39, 36, 35, 34, 44, 46, 16, 23, 20, 50, 29, 30, 2, 7, 42, 17, 18, 3, 21, 31, 22]

Individual 18:
  Route length: 8290
  Contribution to Diversity: 5.615723332752509e-05
  Route: [1, 49, 32, 45, 19, 41, 8, 9, 10, 43, 33, 51, 11, 52, 14, 13, 27, 26, 47, 28, 25, 12, 4, 48, 24, 5, 15, 6, 38, 39, 36, 35, 40, 37, 34, 44, 46, 16, 29, 20, 50, 23, 30, 42, 7, 2, 21, 17, 3, 18, 31, 22]

Individual 19:
  Route length: 8247
  Contribution to Diversity: 0.0002518235811646008
  Route: [1, 49, 32, 45, 19, 41, 8, 9, 10, 43, 33, 51, 11, 52, 14, 13, 47, 26, 27, 28, 12, 25, 4, 5, 15, 37, 38, 6, 48, 24, 40, 39, 36, 35, 34, 44, 46, 16, 29, 50, 30, 23, 20, 42, 7, 2, 21, 31, 17, 3, 18, 22]

Individual 20:
  Route length: 8286
  Contribution to Diversity: 0.0001382436079540028
  Route: [1, 49, 32, 45, 19, 8, 41, 10, 9, 43, 33, 51, 11, 52, 13, 14, 47, 26, 27, 28, 12, 6, 4, 25, 48, 37, 38, 5, 15, 24, 40, 35, 36, 39, 34, 44, 46, 16, 29, 20, 50, 23, 30, 21, 7, 2, 42, 17, 3, 18, 31, 22]

Individual 21:
  Route length: 8290
  Contribution to Diversity: -2.0539293659638247e-05
  Route: [1, 32, 49, 45, 19, 41, 8, 9, 10, 43, 33, 51, 11, 52, 14, 27, 13, 47, 26, 28, 12, 25, 4, 6, 39, 38, 48, 15, 5, 24, 37, 36, 35, 40, 34, 44, 46, 16, 29, 50, 20, 23, 30, 2, 7, 42, 21, 17, 3, 18, 31, 22]

Individual 22:
  Route length: 8270
  Contribution to Diversity: 0.00020542610599605382
  Route: [1, 49, 32, 45, 19, 8, 41, 10, 9, 43, 33, 51, 11, 52, 14, 13, 26, 47, 27, 28, 12, 6, 4, 25, 48, 24, 15, 5, 38, 37, 40, 35, 36, 39, 34, 44, 46, 16, 29, 20, 50, 23, 30, 21, 42, 2, 7, 17, 3, 18, 31, 22]

Individual 23:
  Route length: 8285
  Contribution to Diversity: 1.1405107926520941e-05
  Route: [1, 49, 32, 45, 19, 41, 8, 9, 10, 43, 33, 51, 11, 52, 14, 13, 27, 26, 47, 28, 25, 12, 4, 48, 24, 5, 15, 6, 38, 35, 36, 39, 40, 37, 34, 44, 46, 16, 29, 20, 50, 23, 30, 42, 7, 2, 21, 17, 3, 18, 31, 22]

Individual 24:
  Route length: 8271
  Contribution to Diversity: 2.858913125436402e-05
  Route: [1, 49, 32, 45, 19, 41, 8, 9, 10, 43, 33, 51, 11, 52, 14, 13, 47, 26, 28, 27, 12, 25, 4, 6, 15, 5, 24, 48, 38, 39, 40, 37, 34, 36, 35, 44, 20, 50, 29, 16, 46, 23, 30, 42, 7, 2, 17, 3, 18, 31, 21, 22]

Individual 25:
  Route length: 8291
  Contribution to Diversity: 7.515687556747253e-07
  Route: [1, 49, 32, 45, 19, 41, 8, 9, 10, 43, 33, 51, 11, 52, 13, 14, 47, 26, 28, 27, 12, 25, 4, 6, 15, 5, 24, 48, 38, 39, 40, 37, 35, 34, 36, 44, 20, 50, 29, 16, 46, 23, 30, 2, 7, 42, 17, 3, 18, 31, 21, 22]

Individual 26:
  Route length: 8293
  Contribution to Diversity: 9.703865882215723e-05
  Route: [1, 49, 32, 45, 19, 41, 8, 9, 10, 43, 33, 51, 11, 52, 14, 13, 47, 26, 27, 28, 12, 24, 6, 15, 4, 25, 5, 48, 38, 40, 37, 39, 36, 35, 46, 44, 34, 16, 29, 50, 20, 23, 30, 2, 7, 42, 21, 31, 18, 3, 17, 22]

Individual 27:
  Route length: 8281
  Contribution to Diversity: -5.57046904940961e-05
  Route: [1, 49, 32, 45, 19, 8, 41, 9, 10, 43, 33, 51, 11, 52, 27, 26, 47, 13, 14, 28, 12, 25, 4, 15, 6, 5, 48, 24, 38, 37, 40, 36, 35, 39, 34, 44, 46, 16, 29, 50, 20, 23, 30, 42, 7, 2, 21, 17, 3, 18, 31, 22]

Individual 28:
  Route length: 8283
  Contribution to Diversity: 0.0001833703413050003
  Route: [1, 49, 32, 19, 45, 41, 8, 10, 9, 43, 33, 51, 11, 52, 14, 13, 47, 26, 27, 28, 12, 25, 4, 15, 38, 24, 6, 48, 5, 37, 39, 35, 34, 44, 36, 40, 46, 16, 29, 50, 20, 23, 21, 30, 2, 7, 42, 17, 3, 18, 31, 22]

Individual 29:
  Route length: 8292
  Contribution to Diversity: 0.0002687581874960543
  Route: [1, 32, 49, 45, 19, 41, 8, 9, 10, 43, 33, 51, 11, 52, 14, 13, 12, 28, 27, 26, 47, 25, 4, 15, 38, 6, 5, 24, 48, 37, 40, 39, 36, 35, 34, 44, 46, 16, 23, 20, 50, 29, 30, 2, 7, 42, 21, 17, 3, 18, 31, 22]

Individual 30:
  Route length: 8280
  Contribution to Diversity: 0.0001671368267368578
  Route: [1, 49, 32, 45, 19, 8, 41, 10, 9, 43, 33, 51, 11, 52, 13, 14, 47, 26, 27, 28, 12, 6, 4, 25, 48, 24, 5, 15, 38, 37, 40, 35, 36, 39, 34, 44, 46, 16, 29, 30, 23, 50, 20, 21, 2, 7, 42, 17, 3, 18, 31, 22]

Individual 31:
  Route length: 8277
  Contribution to Diversity: -1.600499643927833e-06
  Route: [1, 49, 32, 45, 41, 19, 8, 9, 10, 43, 33, 51, 11, 52, 14, 13, 26, 47, 27, 28, 12, 25, 4, 6, 5, 15, 38, 36, 35, 24, 37, 40, 39, 34, 44, 48, 46, 16, 29, 20, 50, 23, 30, 42, 2, 7, 21, 17, 3, 18, 31, 22]

Individual 32:
  Route length: 8292
  Contribution to Diversity: 0.0003625772194038035
  Route: [1, 32, 49, 45, 19, 41, 8, 9, 10, 43, 33, 51, 11, 13, 14, 52, 27, 26, 47, 28, 12, 25, 4, 6, 5, 15, 48, 24, 40, 37, 38, 39, 35, 36, 34, 44, 46, 16, 50, 20, 29, 23, 30, 42, 7, 2, 21, 17, 3, 18, 31, 22]

Individual 33:
  Route length: 8253
  Contribution to Diversity: 2.7052820010808887e-06
  Route: [1, 49, 32, 45, 19, 41, 8, 10, 9, 43, 33, 51, 11, 52, 13, 14, 47, 26, 27, 28, 12, 4, 6, 25, 5, 15, 24, 40, 37, 38, 48, 35, 36, 34, 39, 46, 44, 16, 29, 30, 50, 20, 23, 21, 7, 2, 42, 17, 3, 18, 31, 22]

Individual 34:
  Route length: 8290
  Contribution to Diversity: 0.00015331303331489465
  Route: [1, 49, 32, 45, 19, 41, 8, 43, 10, 9, 33, 51, 11, 52, 14, 13, 47, 26, 27, 28, 12, 25, 4, 15, 6, 24, 5, 48, 39, 37, 40, 38, 34, 35, 36, 44, 46, 16, 29, 50, 23, 20, 30, 2, 7, 42, 21, 17, 3, 18, 31, 22]

Individual 35:
  Route length: 8281
  Contribution to Diversity: 2.9842922086409374e-05
  Route: [1, 49, 32, 45, 19, 10, 9, 8, 41, 43, 33, 51, 11, 52, 14, 13, 47, 26, 27, 28, 12, 25, 24, 5, 4, 15, 6, 37, 48, 40, 38, 34, 36, 35, 39, 44, 46, 16, 29, 50, 20, 23, 30, 2, 7, 42, 21, 17, 3, 18, 31, 22]

Individual 36:
  Route length: 8289
  Contribution to Diversity: 0.00021989248218545754
  Route: [1, 49, 32, 45, 19, 41, 8, 9, 10, 43, 33, 51, 11, 52, 13, 14, 47, 26, 27, 28, 12, 5, 15, 6, 38, 48, 4, 25, 24, 40, 37, 36, 35, 39, 34, 44, 46, 16, 29, 50, 20, 23, 30, 2, 7, 42, 31, 21, 17, 3, 18, 22]

Individual 37:
  Route length: 8294
  Contribution to Diversity: 0.0001249452411888896
  Route: [1, 49, 32, 45, 19, 41, 8, 43, 10, 9, 33, 51, 11, 52, 14, 13, 47, 26, 27, 28, 12, 25, 4, 6, 15, 24, 5, 48, 39, 37, 40, 38, 34, 35, 36, 44, 46, 16, 20, 23, 50, 29, 30, 2, 7, 42, 21, 17, 3, 18, 31, 22]

Individual 38:
  Route length: 8294
  Contribution to Diversity: 0.0003891841364493942
  Route: [1, 49, 32, 45, 19, 41, 8, 9, 10, 43, 33, 51, 11, 52, 14, 13, 47, 27, 26, 28, 12, 25, 4, 6, 37, 40, 5, 24, 48, 38, 15, 39, 34, 36, 35, 44, 46, 16, 29, 50, 20, 42, 2, 7, 30, 23, 21, 17, 3, 18, 31, 22]

Individual 39:
  Route length: 8294
  Contribution to Diversity: 2.712245026881277e-05
  Route: [1, 49, 32, 45, 41, 19, 8, 9, 10, 43, 33, 51, 11, 52, 14, 13, 27, 47, 26, 28, 12, 25, 15, 6, 4, 5, 24, 36, 35, 38, 37, 40, 39, 34, 44, 48, 46, 16, 29, 50, 20, 23, 30, 7, 2, 42, 21, 17, 3, 18, 31, 22]

Individual 40:
  Route length: 8270
  Contribution to Diversity: 0.0003724386250754108
  Route: [1, 49, 32, 45, 19, 41, 8, 9, 10, 43, 33, 11, 51, 52, 14, 13, 47, 26, 27, 28, 12, 25, 4, 6, 5, 48, 24, 37, 40, 38, 15, 36, 34, 39, 35, 44, 46, 16, 29, 50, 20, 23, 30, 2, 7, 42, 21, 17, 3, 18, 31, 22]

Individual 41:
  Route length: 8287
  Contribution to Diversity: 0.0004060101909653113
  Route: [1, 49, 32, 45, 19, 8, 41, 10, 9, 43, 33, 51, 11, 52, 14, 13, 26, 47, 27, 28, 12, 6, 4, 25, 48, 24, 15, 5, 38, 37, 40, 35, 36, 39, 34, 44, 46, 16, 29, 20, 50, 23, 30, 21, 42, 7, 2, 17, 3, 18, 31, 22]

Individual 42:
  Route length: 8295
  Contribution to Diversity: 0.0004162015348612158
  Route: [1, 49, 32, 45, 41, 19, 8, 9, 10, 43, 33, 51, 11, 52, 14, 13, 27, 47, 26, 28, 12, 25, 15, 6, 4, 5, 24, 36, 35, 38, 37, 44, 34, 39, 40, 48, 46, 16, 29, 50, 20, 23, 30, 42, 2, 7, 21, 17, 3, 18, 31, 22]

Individual 43:
  Route length: 8289
  Contribution to Diversity: 4.531898135873291e-05
  Route: [1, 49, 32, 45, 41, 19, 8, 9, 10, 43, 33, 51, 11, 52, 14, 13, 26, 47, 27, 28, 12, 25, 4, 6, 15, 24, 5, 37, 38, 35, 36, 40, 48, 39, 44, 34, 46, 16, 29, 50, 20, 23, 30, 42, 7, 2, 21, 17, 3, 18, 31, 22]

Individual 44:
  Route length: 8287
  Contribution to Diversity: 0.00025736069514525894
  Route: [1, 32, 49, 45, 19, 41, 8, 10, 9, 43, 33, 51, 11, 52, 13, 14, 47, 26, 27, 28, 12, 4, 6, 25, 5, 24, 48, 37, 40, 38, 15, 35, 39, 36, 34, 46, 44, 16, 29, 30, 20, 50, 23, 21, 42, 2, 7, 17, 3, 18, 31, 22]

Individual 45:
  Route length: 8256
  Contribution to Diversity: -6.059575532635364e-05
  Route: [1, 49, 32, 45, 19, 10, 9, 8, 41, 43, 33, 51, 11, 52, 14, 13, 47, 26, 27, 28, 12, 25, 6, 5, 24, 4, 15, 37, 48, 40, 38, 34, 36, 35, 39, 44, 46, 16, 29, 50, 20, 23, 30, 2, 7, 42, 21, 17, 3, 18, 31, 22]

Individual 46:
  Route length: 8287
  Contribution to Diversity: -1.8038711250945028e-05
  Route: [1, 49, 32, 19, 45, 8, 41, 9, 10, 43, 33, 51, 11, 52, 14, 13, 47, 26, 27, 28, 12, 25, 4, 6, 5, 24, 15, 38, 40, 37, 39, 48, 44, 34, 35, 36, 46, 16, 29, 50, 20, 23, 30, 42, 7, 2, 21, 31, 18, 17, 3, 22]

Individual 47:
  Route length: 8286
  Contribution to Diversity: 0.00023267390859782466
  Route: [1, 49, 32, 19, 45, 41, 8, 9, 10, 43, 33, 51, 11, 52, 13, 14, 47, 26, 27, 28, 12, 25, 4, 5, 15, 24, 48, 6, 40, 39, 37, 38, 36, 44, 35, 34, 46, 16, 29, 50, 20, 23, 42, 2, 7, 30, 21, 17, 3, 18, 31, 22]

Individual 48:
  Route length: 8261
  Contribution to Diversity: 0.0001284744745388977
  Route: [1, 32, 49, 45, 19, 41, 8, 10, 9, 43, 33, 51, 11, 52, 13, 14, 47, 26, 27, 28, 12, 4, 6, 25, 5, 24, 15, 48, 38, 40, 34, 36, 39, 35, 37, 46, 44, 16, 29, 30, 20, 50, 23, 21, 42, 2, 7, 17, 3, 18, 31, 22]

Individual 49:
  Route length: 8287
  Contribution to Diversity: 6.746266509072285e-05
  Route: [1, 49, 32, 45, 19, 41, 8, 9, 10, 43, 33, 51, 11, 52, 14, 13, 27, 26, 47, 28, 25, 12, 4, 48, 24, 5, 15, 6, 38, 37, 40, 35, 36, 34, 39, 44, 46, 16, 29, 20, 50, 23, 30, 42, 7, 2, 21, 17, 3, 18, 31, 22]

Individual 50:
  Route length: 8292
  Contribution to Diversity: 6.979416474894862e-05
  Route: [1, 49, 32, 45, 19, 8, 41, 10, 9, 43, 33, 51, 11, 52, 13, 14, 47, 26, 27, 28, 12, 6, 4, 25, 24, 48, 5, 15, 38, 37, 40, 35, 36, 39, 34, 44, 46, 16, 29, 30, 23, 20, 50, 21, 7, 2, 42, 17, 3, 18, 31, 22]

Individual 51:
  Route length: 8251
  Contribution to Diversity: 0.00014875704083916474
  Route: [1, 49, 32, 45, 19, 41, 8, 9, 10, 33, 43, 51, 11, 52, 14, 13, 27, 26, 47, 28, 12, 25, 4, 6, 15, 5, 40, 38, 48, 24, 39, 37, 46, 16, 44, 34, 35, 36, 23, 20, 50, 29, 30, 2, 7, 42, 21, 17, 3, 18, 31, 22]

Individual 52:
  Route length: 8282
  Contribution to Diversity: 0.00015979294712220593
  Route: [1, 49, 32, 45, 19, 41, 8, 9, 10, 43, 33, 51, 11, 52, 14, 13, 47, 26, 28, 27, 12, 25, 4, 6, 15, 5, 48, 24, 38, 39, 40, 37, 34, 36, 35, 44, 20, 50, 29, 16, 46, 23, 30, 42, 7, 2, 17, 3, 18, 31, 21, 22]

Individual 53:
  Route length: 8281
  Contribution to Diversity: -2.8561661226333968e-05
  Route: [1, 49, 32, 45, 19, 41, 8, 10, 9, 43, 33, 51, 11, 52, 13, 14, 47, 26, 27, 28, 12, 6, 4, 25, 5, 15, 24, 38, 37, 40, 48, 35, 34, 36, 39, 46, 44, 16, 29, 30, 50, 20, 23, 21, 7, 2, 42, 17, 3, 18, 31, 22]

Individual 54:
  Route length: 8294
  Contribution to Diversity: 0.0001306450172817719
  Route: [1, 49, 32, 45, 19, 41, 8, 9, 10, 33, 43, 51, 11, 52, 14, 13, 27, 26, 47, 28, 12, 25, 4, 6, 15, 5, 40, 37, 38, 48, 24, 39, 46, 16, 44, 34, 36, 35, 23, 20, 50, 29, 30, 2, 7, 42, 21, 17, 3, 18, 31, 22]

Individual 55:
  Route length: 8288
  Contribution to Diversity: -3.6256369784659626e-05
  Route: [1, 49, 32, 45, 19, 41, 8, 9, 10, 43, 33, 51, 11, 52, 13, 14, 47, 26, 28, 27, 12, 25, 4, 6, 15, 5, 24, 48, 38, 40, 37, 36, 39, 44, 34, 35, 46, 16, 29, 50, 20, 23, 30, 7, 2, 42, 21, 22, 31, 18, 3, 17]

Individual 56:
  Route length: 8285
  Contribution to Diversity: 3.227693881679983e-05
  Route: [1, 32, 49, 45, 19, 41, 8, 9, 10, 43, 33, 51, 11, 52, 13, 14, 47, 26, 27, 28, 12, 5, 25, 6, 15, 4, 37, 38, 40, 24, 48, 34, 36, 39, 35, 44, 46, 16, 29, 50, 20, 23, 30, 42, 2, 7, 21, 17, 3, 18, 31, 22]

Individual 57:
  Route length: 8287
  Contribution to Diversity: 0.00014380868531649327
  Route: [1, 32, 49, 45, 19, 41, 8, 9, 10, 43, 33, 51, 11, 13, 14, 52, 47, 26, 27, 28, 12, 25, 4, 6, 48, 24, 37, 39, 38, 5, 15, 40, 36, 35, 34, 44, 46, 16, 50, 20, 29, 23, 30, 2, 7, 42, 21, 17, 3, 18, 31, 22]

Individual 58:
  Route length: 8280
  Contribution to Diversity: -5.253454956388737e-06
  Route: [1, 49, 32, 45, 19, 41, 8, 10, 9, 43, 33, 51, 11, 52, 13, 14, 47, 26, 27, 28, 12, 4, 5, 6, 25, 24, 15, 48, 38, 40, 36, 39, 35, 37, 34, 46, 44, 16, 29, 30, 20, 50, 23, 21, 42, 2, 7, 17, 3, 18, 31, 22]

Individual 59:
  Route length: 8270
  Contribution to Diversity: 2.4763286928575212e-05
  Route: [1, 32, 49, 45, 19, 8, 41, 10, 9, 43, 33, 51, 11, 52, 13, 14, 47, 26, 27, 28, 12, 25, 6, 4, 48, 15, 24, 5, 38, 40, 37, 35, 39, 36, 34, 46, 44, 16, 29, 30, 20, 50, 23, 21, 42, 2, 7, 17, 3, 18, 31, 22]

Individual 60:
  Route length: 8285
  Contribution to Diversity: 0.00045523015868198513
  Route: [1, 49, 32, 19, 45, 41, 8, 9, 10, 43, 33, 51, 11, 52, 14, 13, 47, 26, 27, 28, 12, 25, 4, 15, 48, 5, 6, 24, 38, 37, 44, 40, 39, 35, 34, 36, 46, 16, 29, 50, 20, 23, 7, 2, 42, 30, 21, 17, 3, 18, 31, 22]

Individual 61:
  Route length: 8278
  Contribution to Diversity: 6.233011574963143e-05
  Route: [1, 49, 32, 19, 45, 8, 41, 9, 10, 43, 33, 51, 11, 52, 14, 13, 47, 26, 27, 28, 12, 25, 4, 6, 24, 5, 15, 38, 40, 48, 39, 37, 44, 34, 35, 36, 46, 16, 29, 50, 20, 23, 30, 42, 7, 2, 21, 31, 18, 17, 3, 22]

Individual 62:
  Route length: 8289
  Contribution to Diversity: 0.00011105811219991324
  Route: [1, 49, 32, 19, 45, 41, 8, 9, 10, 43, 33, 51, 11, 52, 13, 14, 47, 26, 28, 27, 12, 25, 4, 15, 5, 48, 6, 24, 40, 39, 37, 36, 35, 34, 44, 38, 46, 16, 29, 50, 23, 20, 30, 2, 7, 42, 21, 17, 3, 18, 31, 22]

Individual 63:
  Route length: 8291
  Contribution to Diversity: -5.7786386031821735e-05
  Route: [1, 49, 32, 45, 19, 9, 10, 8, 41, 43, 33, 51, 11, 52, 13, 14, 47, 26, 27, 28, 12, 25, 4, 15, 6, 5, 38, 40, 24, 48, 37, 39, 44, 35, 36, 34, 46, 16, 29, 50, 20, 23, 30, 2, 7, 42, 21, 31, 18, 3, 17, 22]

Individual 64:
  Route length: 8291
  Contribution to Diversity: 8.91228901132024e-05
  Route: [1, 49, 32, 45, 19, 41, 8, 9, 10, 33, 43, 51, 11, 52, 14, 13, 47, 26, 27, 28, 12, 25, 4, 6, 48, 37, 5, 24, 38, 15, 40, 39, 36, 35, 34, 44, 46, 16, 20, 23, 50, 29, 30, 2, 7, 42, 17, 21, 3, 18, 31, 22]

Individual 65:
  Route length: 8282
  Contribution to Diversity: 0.00018035645481084828
  Route: [1, 49, 32, 45, 19, 41, 8, 9, 10, 33, 43, 51, 11, 52, 14, 13, 27, 26, 47, 28, 12, 25, 4, 6, 15, 5, 40, 39, 24, 48, 37, 38, 46, 16, 44, 34, 35, 36, 23, 20, 50, 29, 30, 2, 7, 42, 21, 17, 3, 18, 31, 22]

Individual 66:
  Route length: 8283
  Contribution to Diversity: 0.00013736540561293253
  Route: [1, 49, 32, 19, 45, 41, 8, 9, 10, 43, 33, 51, 11, 52, 14, 13, 47, 26, 27, 28, 12, 25, 4, 15, 48, 5, 6, 24, 38, 36, 34, 37, 39, 40, 44, 35, 46, 16, 29, 50, 20, 23, 21, 30, 42, 7, 2, 17, 3, 18, 31, 22]

Individual 67:
  Route length: 8272
  Contribution to Diversity: 0.00025191890344622436
  Route: [1, 49, 32, 45, 19, 41, 8, 10, 9, 43, 33, 51, 11, 52, 13, 14, 47, 26, 27, 28, 12, 4, 5, 6, 15, 24, 25, 48, 38, 40, 36, 39, 35, 37, 34, 46, 44, 16, 29, 30, 20, 50, 23, 21, 42, 2, 7, 17, 3, 18, 31, 22]

Individual 68:
  Route length: 8252
  Contribution to Diversity: 8.647259585092826e-05
  Route: [1, 49, 32, 45, 19, 41, 8, 9, 10, 43, 33, 51, 11, 52, 13, 14, 47, 26, 27, 28, 12, 25, 4, 6, 38, 37, 40, 15, 24, 48, 5, 39, 36, 35, 34, 46, 44, 23, 20, 50, 29, 16, 30, 2, 7, 42, 21, 3, 17, 18, 31, 22]

Individual 69:
  Route length: 8281
  Contribution to Diversity: 0.00016111557305364954
  Route: [1, 49, 32, 45, 19, 10, 9, 41, 8, 43, 33, 51, 11, 52, 13, 14, 47, 26, 27, 28, 12, 25, 4, 6, 15, 5, 38, 40, 24, 48, 37, 44, 39, 35, 36, 34, 46, 16, 29, 50, 20, 23, 30, 2, 7, 42, 21, 31, 18, 3, 17, 22]

Individual 70:
  Route length: 8254
  Contribution to Diversity: 0.00023159467643196763
  Route: [1, 49, 32, 19, 45, 41, 8, 9, 10, 43, 33, 51, 11, 52, 13, 14, 47, 26, 27, 28, 12, 25, 4, 15, 48, 5, 6, 24, 38, 37, 39, 40, 34, 35, 44, 36, 46, 16, 29, 50, 20, 23, 2, 7, 42, 30, 21, 17, 3, 18, 31, 22]

Individual 71:
  Route length: 8251
  Contribution to Diversity: 0.0004580292194367175
  Route: [1, 49, 32, 45, 41, 19, 8, 9, 10, 43, 33, 51, 11, 52, 14, 13, 27, 47, 26, 28, 12, 25, 15, 6, 4, 5, 24, 40, 37, 38, 44, 34, 39, 36, 35, 48, 46, 16, 29, 50, 20, 23, 30, 42, 2, 7, 21, 17, 3, 18, 31, 22]

Individual 72:
  Route length: 8296
  Contribution to Diversity: -5.571830344219819e-05
  Route: [1, 49, 32, 45, 19, 41, 8, 10, 9, 43, 33, 51, 11, 52, 13, 14, 47, 26, 27, 28, 12, 5, 6, 25, 4, 15, 24, 38, 37, 40, 48, 34, 35, 36, 39, 46, 44, 16, 29, 30, 50, 20, 23, 21, 7, 2, 42, 17, 3, 18, 31, 22]

Individual 73:
  Route length: 8280
  Contribution to Diversity: -1.4818817462014522e-05
  Route: [1, 49, 32, 45, 19, 9, 10, 8, 41, 43, 33, 51, 11, 52, 13, 14, 47, 26, 27, 28, 12, 25, 4, 15, 6, 5, 24, 48, 40, 38, 37, 39, 44, 35, 36, 34, 46, 16, 29, 50, 20, 23, 30, 7, 2, 42, 21, 31, 18, 3, 17, 22]

Individual 74:
  Route length: 8289
  Contribution to Diversity: 0.00015035274814056976
  Route: [1, 49, 32, 45, 19, 41, 8, 9, 10, 43, 33, 51, 11, 52, 14, 27, 13, 47, 26, 12, 28, 25, 4, 6, 15, 5, 48, 24, 38, 35, 36, 39, 34, 40, 37, 46, 44, 16, 29, 50, 20, 23, 30, 2, 7, 42, 21, 17, 3, 18, 31, 22]

Individual 75:
  Route length: 8293
  Contribution to Diversity: 0.00010022839355716684
  Route: [1, 49, 32, 45, 19, 9, 10, 8, 41, 43, 33, 51, 11, 52, 13, 14, 47, 26, 27, 28, 12, 25, 4, 15, 6, 5, 48, 24, 40, 38, 37, 39, 44, 35, 36, 34, 46, 16, 29, 50, 20, 23, 30, 7, 2, 42, 21, 31, 18, 3, 17, 22]

Individual 76:
  Route length: 8272
  Contribution to Diversity: -2.6824882034759412e-05
  Route: [1, 49, 32, 45, 41, 19, 8, 9, 10, 43, 33, 51, 11, 52, 14, 13, 26, 47, 27, 28, 12, 25, 4, 6, 15, 5, 38, 36, 35, 24, 37, 40, 39, 34, 44, 48, 46, 16, 29, 20, 50, 23, 30, 42, 2, 7, 21, 17, 3, 18, 31, 22]

Individual 77:
  Route length: 8282
  Contribution to Diversity: 0.0001729108607415597
  Route: [1, 49, 32, 45, 19, 41, 8, 10, 9, 43, 33, 51, 11, 52, 13, 14, 47, 26, 27, 28, 12, 4, 15, 5, 25, 6, 24, 48, 38, 37, 40, 35, 36, 34, 46, 39, 44, 16, 29, 30, 20, 50, 23, 21, 7, 2, 42, 17, 3, 18, 31, 22]

Individual 78:
  Route length: 8233
  Contribution to Diversity: -4.478125142970413e-05
  Route: [1, 32, 49, 19, 45, 8, 41, 9, 10, 43, 33, 51, 11, 52, 13, 14, 47, 26, 27, 28, 12, 25, 4, 6, 5, 48, 15, 24, 46, 38, 40, 37, 39, 35, 36, 34, 44, 16, 29, 50, 20, 23, 30, 2, 7, 42, 21, 31, 18, 17, 3, 22]

Individual 79:
  Route length: 8264
  Contribution to Diversity: 0.00021251236492680903
  Route: [1, 32, 49, 45, 19, 8, 41, 10, 9, 43, 33, 51, 11, 52, 13, 14, 47, 26, 27, 28, 12, 25, 6, 4, 5, 24, 15, 48, 38, 40, 34, 36, 39, 35, 37, 46, 44, 16, 29, 30, 20, 50, 23, 21, 42, 2, 7, 17, 3, 18, 31, 22]

Individual 80:
  Route length: 8252
  Contribution to Diversity: 1.7160429409024403e-05
  Route: [1, 49, 32, 19, 45, 8, 41, 9, 10, 43, 33, 51, 11, 52, 14, 13, 47, 26, 27, 28, 12, 25, 4, 6, 24, 5, 15, 48, 40, 38, 39, 37, 44, 34, 35, 36, 46, 16, 29, 50, 20, 23, 30, 42, 7, 2, 21, 31, 18, 17, 3, 22]

Individual 81:
  Route length: 8275
  Contribution to Diversity: 0.00020597872797711858
  Route: [1, 49, 32, 45, 19, 41, 8, 9, 10, 43, 33, 51, 11, 52, 13, 14, 47, 26, 27, 28, 12, 25, 4, 6, 38, 37, 40, 15, 24, 48, 5, 39, 35, 36, 34, 46, 44, 23, 20, 50, 29, 16, 30, 2, 7, 42, 21, 3, 17, 18, 31, 22]

Individual 82:
  Route length: 8286
  Contribution to Diversity: 0.0003629671948912616
  Route: [1, 49, 32, 45, 41, 19, 8, 9, 10, 43, 33, 51, 11, 52, 14, 13, 27, 47, 26, 28, 12, 25, 15, 4, 6, 5, 24, 36, 35, 38, 37, 44, 34, 39, 40, 48, 46, 16, 29, 50, 20, 23, 30, 42, 2, 7, 21, 17, 3, 18, 31, 22]

Individual 83:
  Route length: 8296
  Contribution to Diversity: 0.00018980923772016212
  Route: [1, 49, 32, 19, 45, 41, 8, 9, 10, 43, 33, 51, 11, 52, 14, 13, 47, 26, 27, 28, 12, 25, 4, 48, 6, 24, 38, 5, 15, 37, 39, 35, 44, 34, 36, 40, 46, 16, 29, 50, 20, 23, 42, 7, 2, 30, 21, 17, 3, 18, 31, 22]

Individual 84:
  Route length: 8269
  Contribution to Diversity: 0.00012461121203877212
  Route: [1, 49, 32, 45, 19, 10, 9, 8, 41, 43, 33, 51, 11, 52, 14, 13, 47, 26, 27, 28, 12, 25, 24, 5, 6, 4, 15, 37, 48, 40, 39, 35, 36, 34, 38, 44, 46, 16, 29, 50, 20, 23, 30, 2, 7, 42, 21, 17, 3, 18, 31, 22]

Individual 85:
  Route length: 8292
  Contribution to Diversity: -1.1786176354000588e-05
  Route: [1, 32, 49, 19, 45, 8, 41, 9, 10, 43, 33, 51, 11, 52, 14, 13, 47, 26, 27, 28, 12, 25, 4, 6, 5, 24, 15, 38, 40, 37, 39, 48, 46, 36, 35, 34, 44, 16, 29, 50, 20, 23, 30, 42, 7, 2, 21, 31, 18, 17, 3, 22]

Individual 86:
  Route length: 8255
  Contribution to Diversity: 0.00015926567768698163
  Route: [1, 49, 32, 45, 19, 41, 8, 9, 10, 43, 33, 51, 11, 52, 14, 13, 47, 26, 27, 28, 12, 25, 4, 6, 38, 36, 37, 5, 15, 48, 24, 39, 40, 35, 34, 44, 46, 29, 16, 50, 20, 23, 30, 7, 2, 42, 21, 18, 3, 17, 31, 22]

Individual 87:
  Route length: 8296
  Contribution to Diversity: 0.00018892414004945124
  Route: [1, 32, 49, 45, 19, 41, 8, 9, 10, 43, 33, 51, 11, 52, 14, 13, 12, 28, 27, 26, 47, 25, 4, 6, 48, 5, 15, 38, 24, 37, 40, 39, 36, 35, 34, 44, 46, 16, 20, 23, 50, 29, 30, 2, 7, 42, 21, 17, 3, 18, 31, 22]

Individual 88:
  Route length: 8271
  Contribution to Diversity: -3.595767918351811e-05
  Route: [1, 45, 32, 49, 19, 41, 8, 9, 10, 43, 33, 51, 11, 52, 14, 13, 27, 47, 26, 28, 12, 4, 25, 6, 5, 15, 38, 48, 24, 37, 34, 35, 36, 39, 40, 46, 44, 16, 29, 50, 20, 23, 30, 42, 2, 7, 21, 17, 3, 18, 31, 22]

Individual 89:
  Route length: 8272
  Contribution to Diversity: -9.171995372092567e-06
  Route: [1, 32, 49, 45, 19, 41, 8, 10, 9, 43, 33, 51, 11, 52, 13, 14, 47, 26, 27, 28, 12, 4, 6, 24, 15, 25, 5, 48, 38, 40, 37, 35, 39, 36, 34, 46, 44, 16, 29, 30, 20, 50, 23, 21, 42, 2, 7, 17, 3, 18, 31, 22]

Individual 90:
  Route length: 8288
  Contribution to Diversity: 0.0003169702567946686
  Route: [1, 49, 32, 45, 19, 41, 8, 9, 10, 43, 33, 51, 11, 52, 14, 26, 47, 13, 27, 12, 28, 25, 4, 6, 15, 5, 38, 24, 48, 35, 36, 39, 34, 40, 37, 46, 44, 16, 29, 50, 20, 23, 30, 2, 7, 42, 21, 17, 3, 18, 31, 22]

Individual 91:
  Route length: 8288
  Contribution to Diversity: 0.00024145649164797334
  Route: [1, 49, 32, 45, 19, 41, 8, 10, 9, 43, 33, 51, 11, 52, 13, 14, 47, 26, 27, 28, 12, 6, 4, 25, 24, 5, 15, 48, 37, 38, 40, 35, 36, 39, 34, 46, 44, 16, 29, 30, 23, 20, 50, 21, 2, 7, 42, 17, 3, 18, 31, 22]

Individual 92:
  Route length: 8277
  Contribution to Diversity: 7.659396591108703e-05
  Route: [1, 49, 32, 45, 19, 41, 8, 10, 9, 43, 33, 51, 11, 52, 14, 13, 47, 26, 27, 28, 12, 15, 4, 25, 6, 5, 24, 48, 37, 38, 40, 34, 39, 36, 35, 44, 46, 16, 50, 20, 23, 30, 29, 42, 7, 2, 21, 17, 3, 18, 31, 22]

Individual 93:
  Route length: 8284
  Contribution to Diversity: 0.00013095417464725756
  Route: [1, 49, 32, 19, 45, 41, 8, 9, 10, 43, 33, 51, 11, 52, 14, 13, 47, 26, 27, 28, 12, 25, 4, 15, 38, 24, 5, 48, 6, 37, 39, 35, 44, 34, 36, 40, 46, 16, 29, 50, 20, 23, 42, 7, 2, 30, 21, 17, 3, 18, 31, 22]

Individual 94:
  Route length: 8288
  Contribution to Diversity: -7.245108154396718e-05
  Route: [1, 45, 32, 49, 19, 41, 8, 9, 10, 43, 33, 51, 11, 52, 14, 13, 27, 26, 47, 28, 12, 4, 25, 6, 15, 5, 38, 48, 24, 37, 34, 35, 36, 39, 40, 46, 44, 16, 29, 50, 20, 23, 30, 42, 7, 2, 21, 17, 3, 18, 31, 22]

Individual 95:
  Route length: 8247
  Contribution to Diversity: 9.216739949824415e-05
  Route: [1, 49, 32, 45, 19, 41, 8, 9, 10, 43, 33, 51, 11, 52, 14, 13, 47, 26, 27, 28, 12, 25, 4, 6, 38, 36, 37, 24, 48, 15, 5, 39, 40, 35, 34, 44, 46, 29, 16, 50, 20, 23, 30, 7, 2, 42, 21, 18, 3, 17, 31, 22]

Individual 96:
  Route length: 8294
  Contribution to Diversity: 0.00023676867324340378
  Route: [1, 32, 49, 45, 19, 41, 8, 10, 9, 43, 33, 51, 11, 52, 13, 14, 47, 26, 27, 28, 12, 24, 6, 4, 25, 15, 5, 48, 38, 40, 37, 35, 39, 36, 34, 46, 44, 16, 29, 30, 20, 50, 23, 21, 42, 2, 7, 17, 3, 18, 31, 22]

Individual 97:
  Route length: 8290
  Contribution to Diversity: 0.00017261198974605207
  Route: [1, 32, 49, 45, 19, 41, 8, 10, 9, 43, 33, 51, 11, 52, 13, 14, 47, 26, 27, 28, 12, 4, 6, 24, 15, 25, 5, 48, 38, 40, 37, 46, 34, 36, 39, 35, 44, 16, 29, 30, 20, 50, 23, 21, 42, 2, 7, 17, 3, 18, 31, 22]

Individual 98:
  Route length: 8292
  Contribution to Diversity: 7.334009364878824e-05
  Route: [1, 49, 32, 45, 19, 9, 10, 8, 41, 43, 33, 51, 11, 52, 14, 13, 47, 26, 27, 28, 12, 25, 4, 15, 6, 5, 48, 24, 40, 38, 37, 39, 44, 35, 36, 34, 46, 16, 29, 50, 20, 23, 30, 7, 2, 42, 21, 31, 18, 3, 17, 22]

Individual 99:
  Route length: 8262
  Contribution to Diversity: 0.0001884209035747375
  Route: [1, 49, 32, 45, 19, 8, 41, 9, 10, 43, 33, 51, 11, 52, 13, 14, 47, 26, 27, 28, 12, 4, 25, 6, 5, 15, 24, 35, 34, 37, 38, 48, 36, 39, 40, 46, 44, 16, 29, 50, 20, 23, 30, 2, 42, 7, 21, 17, 3, 18, 31, 22]

Individual 100:
  Route length: 8280
  Contribution to Diversity: 0.00030560351126940333
  Route: [1, 49, 32, 45, 19, 41, 8, 9, 10, 43, 33, 51, 11, 52, 14, 13, 47, 26, 27, 28, 12, 25, 4, 6, 38, 36, 37, 5, 24, 48, 15, 39, 40, 35, 34, 44, 46, 29, 16, 50, 20, 23, 30, 7, 2, 42, 21, 18, 3, 17, 31, 22]

Individual 101:
  Route length: 8243
  Contribution to Diversity: 0.00015114441016361724
  Route: [1, 49, 32, 45, 41, 19, 8, 9, 10, 43, 33, 51, 11, 52, 14, 13, 26, 47, 27, 28, 12, 25, 4, 6, 15, 5, 38, 36, 35, 37, 24, 40, 39, 34, 44, 48, 46, 16, 29, 20, 50, 23, 30, 42, 2, 7, 21, 17, 3, 18, 31, 22]

Individual 102:
  Route length: 8287
  Contribution to Diversity: 0.0001805321210381905
  Route: [1, 49, 32, 45, 19, 41, 8, 9, 10, 43, 33, 51, 11, 52, 13, 14, 47, 26, 28, 27, 12, 25, 4, 6, 15, 5, 24, 48, 38, 40, 37, 44, 39, 36, 34, 35, 46, 16, 29, 50, 20, 23, 30, 7, 2, 42, 21, 22, 31, 18, 3, 17]

Individual 103:
  Route length: 8275
  Contribution to Diversity: 0.00013938335996499518
  Route: [1, 49, 32, 19, 45, 41, 8, 9, 10, 43, 33, 51, 11, 52, 14, 13, 47, 26, 27, 28, 12, 25, 4, 15, 48, 5, 6, 24, 38, 39, 40, 44, 36, 37, 34, 35, 46, 16, 29, 50, 20, 23, 21, 30, 42, 7, 2, 17, 3, 18, 31, 22]

Individual 104:
  Route length: 8263
  Contribution to Diversity: 0.00036048619033568485
  Route: [1, 49, 32, 45, 19, 41, 8, 9, 10, 33, 43, 51, 11, 52, 14, 13, 27, 26, 47, 28, 12, 25, 4, 6, 15, 5, 40, 39, 37, 24, 48, 38, 46, 16, 44, 34, 35, 36, 23, 20, 50, 29, 30, 42, 7, 2, 21, 17, 3, 18, 31, 22]

Individual 105:
  Route length: 8291
  Contribution to Diversity: 0.00018402165347364274
  Route: [1, 32, 49, 19, 45, 8, 41, 9, 10, 43, 33, 51, 11, 52, 13, 14, 47, 26, 27, 28, 12, 25, 4, 6, 5, 48, 15, 24, 46, 38, 40, 37, 35, 39, 36, 34, 44, 16, 29, 50, 20, 23, 30, 2, 7, 42, 21, 31, 18, 17, 3, 22]

Individual 106:
  Route length: 8279
  Contribution to Diversity: 8.02578236651641e-05
  Route: [1, 32, 49, 45, 19, 41, 8, 9, 10, 43, 33, 51, 11, 52, 13, 14, 47, 26, 27, 28, 12, 15, 5, 6, 4, 25, 48, 24, 38, 37, 40, 39, 36, 35, 34, 44, 46, 16, 29, 23, 20, 50, 30, 2, 7, 42, 18, 3, 17, 21, 31, 22]

Individual 107:
  Route length: 8253
  Contribution to Diversity: 0.0002192681541730579
  Route: [1, 32, 49, 45, 19, 8, 41, 10, 9, 43, 33, 51, 11, 52, 13, 14, 47, 26, 27, 28, 12, 25, 6, 4, 48, 15, 24, 5, 38, 40, 37, 35, 39, 36, 34, 46, 44, 16, 29, 50, 20, 30, 23, 21, 42, 2, 7, 17, 3, 18, 31, 22]

Individual 108:
  Route length: 8292
  Contribution to Diversity: 0.0003643238809063476
  Route: [1, 32, 49, 45, 19, 8, 41, 10, 9, 43, 33, 51, 11, 52, 13, 14, 47, 26, 27, 28, 12, 25, 6, 4, 5, 24, 15, 40, 38, 48, 37, 46, 34, 35, 39, 36, 44, 16, 29, 30, 20, 50, 23, 21, 42, 2, 7, 17, 3, 18, 31, 22]

Individual 109:
  Route length: 8276
  Contribution to Diversity: 2.1632097016777152e-05
  Route: [1, 49, 32, 19, 45, 41, 8, 9, 10, 43, 33, 51, 11, 52, 13, 14, 47, 26, 28, 27, 12, 25, 4, 15, 5, 24, 6, 48, 40, 39, 37, 36, 35, 34, 44, 38, 46, 16, 29, 50, 23, 20, 30, 2, 7, 42, 21, 17, 3, 18, 31, 22]

Individual 110:
  Route length: 8267
  Contribution to Diversity: 0.00023616239785617665
  Route: [1, 32, 49, 45, 19, 41, 8, 10, 9, 43, 33, 51, 11, 52, 13, 14, 47, 26, 27, 28, 12, 4, 6, 25, 5, 24, 48, 37, 40, 38, 15, 46, 34, 36, 39, 35, 44, 16, 29, 30, 20, 50, 23, 21, 42, 2, 7, 17, 3, 18, 31, 22]

Individual 111:
  Route length: 8285
  Contribution to Diversity: 0.0004069278471776627
  Route: [1, 32, 49, 45, 19, 8, 41, 10, 9, 43, 33, 51, 11, 52, 13, 14, 47, 26, 27, 28, 12, 25, 6, 4, 48, 38, 5, 24, 15, 40, 37, 35, 39, 36, 34, 46, 44, 16, 29, 50, 20, 30, 23, 21, 42, 2, 7, 17, 3, 18, 31, 22]

Individual 112:
  Route length: 8275
  Contribution to Diversity: 0.00030642622158971733
  Route: [1, 49, 32, 41, 19, 45, 8, 9, 10, 43, 33, 51, 11, 52, 13, 14, 47, 26, 27, 28, 12, 25, 4, 6, 5, 15, 24, 48, 37, 38, 40, 39, 34, 36, 35, 44, 46, 50, 29, 16, 20, 23, 30, 2, 7, 42, 17, 3, 18, 21, 31, 22]

Individual 113:
  Route length: 8287
  Contribution to Diversity: 7.289440206470488e-05
  Route: [1, 49, 32, 45, 19, 41, 8, 10, 9, 43, 33, 51, 11, 52, 13, 14, 47, 26, 27, 28, 12, 5, 15, 4, 25, 6, 24, 38, 37, 40, 48, 34, 35, 36, 39, 46, 44, 16, 29, 30, 50, 20, 23, 21, 7, 2, 42, 17, 3, 18, 31, 22]

Individual 114:
  Route length: 8286
  Contribution to Diversity: 0.00013282227530275748
  Route: [1, 49, 32, 19, 45, 41, 8, 9, 10, 43, 33, 51, 11, 52, 14, 13, 47, 26, 27, 28, 12, 25, 4, 15, 48, 5, 6, 24, 38, 39, 37, 34, 36, 40, 44, 35, 46, 16, 29, 50, 20, 23, 21, 30, 42, 7, 2, 17, 3, 18, 31, 22]

Individual 115:
  Route length: 8259
  Contribution to Diversity: 0.00036011875434205365
  Route: [1, 49, 32, 45, 19, 41, 8, 9, 10, 43, 33, 51, 11, 52, 14, 13, 47, 26, 28, 27, 12, 25, 4, 5, 15, 24, 6, 48, 38, 37, 40, 39, 36, 35, 34, 44, 46, 16, 50, 29, 30, 23, 20, 2, 7, 42, 21, 31, 17, 3, 18, 22]

Individual 116:
  Route length: 8285
  Contribution to Diversity: 0.0002701386266359407
  Route: [1, 49, 32, 45, 19, 41, 8, 9, 10, 43, 33, 51, 11, 52, 14, 27, 26, 47, 13, 28, 12, 25, 4, 6, 15, 5, 37, 48, 24, 38, 40, 39, 36, 35, 34, 29, 16, 46, 44, 50, 20, 23, 30, 7, 2, 42, 21, 17, 3, 18, 31, 22]

Individual 117:
  Route length: 8234
  Contribution to Diversity: 0.00015156656852877148
  Route: [1, 49, 32, 45, 19, 41, 8, 9, 10, 33, 43, 51, 11, 52, 14, 13, 27, 26, 47, 28, 12, 25, 4, 6, 15, 5, 40, 38, 37, 39, 24, 48, 46, 16, 44, 34, 36, 35, 23, 20, 50, 29, 30, 2, 7, 42, 21, 17, 3, 18, 31, 22]

Individual 118:
  Route length: 8282
  Contribution to Diversity: 0.0001906339103285859
  Route: [1, 32, 49, 45, 19, 8, 41, 10, 9, 43, 33, 51, 11, 52, 13, 14, 47, 26, 27, 28, 12, 25, 6, 4, 5, 24, 15, 48, 38, 40, 37, 46, 35, 34, 39, 36, 44, 16, 29, 30, 20, 50, 23, 21, 42, 2, 7, 17, 3, 18, 31, 22]

Individual 119:
  Route length: 8286
  Contribution to Diversity: 0.00018242061833273482
  Route: [1, 49, 32, 45, 19, 41, 8, 9, 10, 43, 33, 51, 11, 52, 14, 13, 47, 26, 28, 27, 12, 25, 4, 6, 15, 5, 24, 48, 38, 39, 40, 37, 36, 34, 35, 44, 20, 50, 29, 16, 46, 23, 30, 42, 7, 2, 17, 3, 18, 31, 21, 22]

Individual 120:
  Route length: 8284
  Contribution to Diversity: 0.00034429320817075393
  Route: [1, 49, 32, 45, 41, 19, 8, 9, 10, 43, 33, 51, 11, 52, 14, 13, 47, 26, 27, 28, 12, 25, 4, 24, 5, 15, 6, 36, 35, 44, 37, 34, 40, 38, 48, 39, 46, 16, 29, 50, 20, 23, 30, 7, 2, 42, 21, 17, 3, 18, 31, 22]

Individual 121:
  Route length: 8291
  Contribution to Diversity: 0.0001431355336016793
  Route: [1, 49, 32, 45, 19, 41, 8, 9, 10, 43, 33, 51, 11, 52, 13, 14, 47, 26, 28, 27, 12, 25, 4, 6, 15, 5, 24, 48, 38, 39, 40, 37, 35, 34, 36, 44, 50, 20, 29, 16, 46, 23, 30, 2, 7, 42, 17, 3, 18, 31, 21, 22]

Individual 122:
  Route length: 8293
  Contribution to Diversity: 0.0002502873705356734
  Route: [1, 49, 32, 45, 19, 41, 8, 9, 10, 43, 33, 51, 11, 52, 14, 13, 47, 26, 27, 28, 12, 25, 4, 6, 15, 5, 39, 38, 24, 48, 40, 37, 34, 35, 36, 44, 20, 50, 29, 16, 46, 23, 30, 7, 2, 42, 21, 31, 18, 3, 17, 22]

Individual 123:
  Route length: 8253
  Contribution to Diversity: 0.00010625661471319603
  Route: [1, 32, 49, 45, 19, 41, 8, 9, 10, 43, 33, 51, 11, 52, 13, 14, 47, 26, 27, 28, 12, 15, 5, 6, 4, 25, 48, 24, 38, 37, 40, 39, 36, 35, 34, 44, 46, 16, 50, 20, 23, 29, 30, 2, 7, 42, 18, 3, 17, 21, 31, 22]

Individual 124:
  Route length: 8260
  Contribution to Diversity: 0.00011300493567656389
  Route: [1, 49, 32, 45, 19, 41, 8, 9, 10, 43, 33, 51, 11, 52, 14, 13, 47, 26, 27, 28, 12, 25, 4, 6, 38, 37, 36, 24, 48, 15, 5, 39, 40, 35, 34, 44, 46, 29, 16, 50, 20, 23, 30, 42, 2, 7, 21, 18, 3, 17, 31, 22]

Individual 125:
  Route length: 8282
  Contribution to Diversity: 5.673122199478797e-05
  Route: [1, 49, 32, 45, 19, 10, 9, 8, 41, 43, 33, 51, 11, 52, 13, 14, 47, 26, 27, 28, 12, 25, 24, 5, 4, 15, 6, 37, 48, 40, 38, 34, 36, 35, 39, 44, 46, 16, 29, 50, 20, 23, 30, 2, 7, 42, 21, 17, 3, 18, 31, 22]

Individual 126:
  Route length: 8267
  Contribution to Diversity: 0.0005274389469205332
  Route: [1, 32, 49, 19, 45, 8, 41, 9, 10, 43, 33, 51, 11, 52, 13, 14, 47, 26, 27, 28, 12, 25, 4, 6, 46, 24, 15, 48, 5, 38, 40, 37, 39, 35, 36, 34, 44, 16, 29, 50, 20, 23, 30, 2, 7, 42, 21, 31, 18, 17, 3, 22]

Individual 127:
  Route length: 8287
  Contribution to Diversity: -1.6128985969032783e-05
  Route: [1, 32, 49, 19, 45, 8, 41, 9, 10, 43, 33, 51, 11, 52, 14, 13, 47, 26, 27, 28, 12, 25, 4, 6, 5, 24, 15, 38, 37, 40, 39, 48, 46, 36, 35, 34, 44, 16, 29, 50, 20, 23, 30, 42, 7, 2, 21, 31, 18, 17, 3, 22]

Individual 128:
  Route length: 8269
  Contribution to Diversity: 0.00013255114496413256
  Route: [1, 45, 49, 32, 19, 41, 8, 9, 10, 43, 33, 51, 11, 52, 14, 13, 27, 47, 26, 28, 12, 4, 25, 6, 5, 15, 38, 48, 24, 37, 34, 35, 36, 39, 40, 46, 44, 16, 29, 50, 20, 23, 30, 42, 2, 7, 21, 17, 3, 18, 31, 22]

Individual 129:
  Route length: 8193
  Contribution to Diversity: 4.283193891740922e-05
  Route: [1, 49, 32, 45, 19, 41, 8, 10, 9, 43, 33, 51, 11, 52, 13, 14, 47, 26, 27, 28, 12, 4, 5, 6, 25, 24, 15, 48, 38, 40, 36, 39, 35, 34, 37, 46, 44, 16, 29, 30, 20, 50, 23, 21, 42, 2, 7, 17, 3, 18, 31, 22]

Individual 130:
  Route length: 8289
  Contribution to Diversity: -4.185433733727706e-05
  Route: [1, 45, 32, 49, 19, 41, 8, 9, 10, 43, 33, 51, 11, 52, 14, 13, 27, 26, 47, 28, 12, 4, 25, 6, 5, 15, 38, 48, 24, 37, 34, 35, 36, 39, 40, 46, 44, 16, 29, 50, 20, 23, 30, 7, 2, 42, 21, 17, 3, 18, 31, 22]

Individual 131:
  Route length: 8252
  Contribution to Diversity: 0.00026754114899141257
  Route: [1, 49, 32, 45, 19, 41, 8, 9, 10, 33, 43, 51, 11, 52, 14, 13, 27, 26, 47, 28, 12, 25, 4, 6, 15, 5, 40, 39, 37, 48, 24, 38, 46, 16, 44, 34, 35, 36, 23, 20, 50, 29, 30, 42, 7, 2, 21, 17, 3, 18, 31, 22]

Individual 132:
  Route length: 8281
  Contribution to Diversity: 0.00019140293980335343
  Route: [1, 32, 49, 45, 19, 41, 8, 10, 9, 43, 33, 51, 11, 52, 13, 14, 47, 26, 27, 28, 12, 4, 6, 25, 5, 38, 40, 37, 48, 24, 15, 46, 34, 36, 39, 35, 44, 16, 29, 30, 20, 50, 23, 21, 42, 2, 7, 17, 3, 18, 31, 22]

Individual 133:
  Route length: 8291
  Contribution to Diversity: 0.0002601240904596125
  Route: [1, 32, 49, 19, 45, 8, 41, 9, 10, 43, 33, 51, 11, 52, 13, 14, 47, 26, 27, 28, 12, 25, 4, 5, 6, 48, 15, 24, 46, 38, 40, 37, 39, 35, 36, 34, 44, 16, 29, 50, 20, 23, 30, 2, 7, 42, 21, 31, 18, 17, 3, 22]

Individual 134:
  Route length: 8284
  Contribution to Diversity: 0.00025830963017980935
  Route: [1, 49, 32, 45, 19, 41, 8, 9, 10, 33, 43, 51, 11, 52, 14, 13, 27, 26, 47, 28, 12, 25, 4, 6, 15, 5, 37, 40, 38, 24, 48, 39, 46, 35, 36, 34, 44, 16, 23, 20, 50, 29, 30, 2, 7, 42, 21, 17, 3, 18, 31, 22]

Individual 135:
  Route length: 8288
  Contribution to Diversity: 0.0001591607395940997
  Route: [1, 49, 32, 45, 19, 41, 8, 9, 10, 33, 43, 51, 11, 52, 14, 13, 27, 26, 47, 28, 12, 25, 4, 6, 15, 5, 37, 40, 38, 48, 24, 39, 46, 16, 44, 34, 36, 35, 23, 20, 50, 29, 30, 2, 7, 42, 21, 17, 3, 18, 31, 22]

Individual 136:
  Route length: 8277
  Contribution to Diversity: 0.00033004574798845
  Route: [1, 49, 32, 45, 19, 41, 8, 9, 10, 33, 43, 51, 11, 52, 14, 13, 27, 26, 47, 28, 12, 25, 4, 6, 15, 5, 48, 37, 39, 40, 24, 38, 46, 16, 44, 34, 35, 36, 23, 20, 50, 29, 30, 42, 7, 2, 21, 17, 3, 18, 31, 22]

Individual 137:
  Route length: 8289
  Contribution to Diversity: 2.050016846055769e-06
  Route: [1, 32, 49, 45, 19, 41, 8, 9, 10, 43, 33, 51, 11, 52, 13, 14, 47, 26, 27, 28, 12, 5, 15, 6, 4, 25, 48, 24, 38, 40, 37, 39, 36, 35, 34, 44, 46, 16, 29, 20, 23, 50, 30, 2, 7, 42, 18, 3, 17, 21, 31, 22]

Individual 138:
  Route length: 8293
  Contribution to Diversity: 0.0002545522528087929
  Route: [1, 49, 32, 45, 19, 41, 8, 9, 10, 43, 33, 51, 11, 52, 13, 14, 47, 26, 27, 28, 12, 25, 4, 6, 48, 5, 15, 24, 38, 37, 40, 39, 36, 35, 34, 44, 50, 29, 16, 46, 20, 23, 42, 7, 2, 30, 21, 31, 18, 3, 17, 22]

Individual 139:
  Route length: 8292
  Contribution to Diversity: 0.00020079406568829228
  Route: [1, 49, 32, 45, 19, 41, 8, 9, 10, 43, 33, 51, 11, 52, 14, 13, 47, 26, 28, 27, 12, 25, 4, 5, 15, 24, 6, 48, 38, 37, 40, 39, 36, 35, 34, 44, 46, 16, 50, 29, 30, 42, 7, 2, 20, 23, 21, 31, 17, 3, 18, 22]

Individual 140:
  Route length: 8282
  Contribution to Diversity: -2.496721830258508e-05
  Route: [1, 49, 32, 45, 19, 41, 8, 10, 9, 43, 33, 51, 11, 52, 14, 13, 47, 26, 27, 28, 12, 15, 4, 25, 6, 5, 24, 48, 40, 38, 37, 34, 39, 36, 35, 44, 46, 16, 50, 20, 23, 30, 29, 42, 7, 2, 21, 17, 3, 18, 31, 22]

Individual 141:
  Route length: 8295
  Contribution to Diversity: 0.000446285583953987
  Route: [1, 32, 49, 45, 19, 8, 41, 10, 9, 43, 33, 51, 11, 52, 13, 14, 47, 26, 27, 28, 12, 25, 6, 4, 5, 24, 48, 38, 40, 15, 37, 46, 34, 35, 39, 36, 44, 16, 29, 30, 20, 50, 23, 21, 42, 2, 7, 17, 3, 18, 31, 22]

Individual 142:
  Route length: 8294
  Contribution to Diversity: 0.0003912432594699311
  Route: [1, 32, 49, 45, 19, 41, 8, 9, 10, 43, 33, 51, 11, 13, 52, 14, 27, 26, 47, 28, 12, 25, 4, 6, 5, 15, 24, 48, 40, 37, 38, 39, 34, 36, 35, 44, 46, 16, 50, 20, 29, 23, 30, 2, 7, 42, 21, 17, 3, 18, 31, 22]

Individual 143:
  Route length: 8286
  Contribution to Diversity: 0.00015289235274718038
  Route: [1, 32, 49, 45, 19, 41, 8, 10, 9, 43, 33, 51, 11, 52, 13, 14, 47, 26, 27, 28, 12, 4, 6, 25, 5, 38, 40, 37, 48, 24, 15, 46, 35, 39, 36, 34, 44, 16, 29, 30, 20, 50, 23, 21, 42, 2, 7, 17, 3, 18, 31, 22]

Individual 144:
  Route length: 8290
  Contribution to Diversity: 2.530671586775668e-05
  Route: [1, 49, 32, 45, 19, 9, 10, 8, 41, 43, 33, 51, 11, 52, 13, 14, 47, 26, 27, 28, 12, 25, 4, 15, 5, 6, 24, 48, 40, 38, 37, 39, 44, 35, 36, 34, 46, 16, 29, 50, 20, 23, 30, 7, 2, 42, 21, 31, 18, 3, 17, 22]

Individual 145:
  Route length: 8289
  Contribution to Diversity: -4.637448507871511e-05
  Route: [1, 49, 32, 45, 19, 41, 8, 9, 10, 43, 33, 51, 11, 52, 13, 14, 47, 26, 28, 27, 12, 25, 4, 6, 15, 5, 24, 48, 38, 40, 37, 36, 39, 44, 34, 35, 46, 16, 29, 50, 20, 23, 30, 42, 2, 7, 21, 22, 31, 18, 3, 17]

Individual 146:
  Route length: 8282
  Contribution to Diversity: 0.00046210570910787396
  Route: [1, 32, 49, 19, 45, 8, 41, 9, 10, 43, 33, 51, 11, 52, 14, 13, 47, 26, 27, 28, 12, 25, 4, 24, 5, 6, 15, 38, 40, 39, 37, 48, 46, 36, 35, 34, 44, 16, 29, 50, 20, 23, 30, 42, 7, 2, 21, 3, 17, 18, 31, 22]

Individual 147:
  Route length: 8282
  Contribution to Diversity: 0.0005461829556123732
  Route: [1, 32, 49, 45, 19, 8, 41, 10, 9, 43, 33, 51, 11, 52, 13, 14, 47, 26, 27, 28, 12, 25, 6, 4, 24, 5, 15, 40, 38, 48, 37, 46, 34, 35, 39, 36, 44, 16, 29, 30, 20, 50, 23, 21, 42, 2, 7, 17, 3, 18, 31, 22]

Individual 148:
  Route length: 8295
  Contribution to Diversity: -2.9935577394724078e-06
  Route: [1, 32, 49, 19, 45, 8, 41, 9, 10, 43, 33, 51, 11, 52, 13, 14, 47, 26, 27, 28, 12, 25, 4, 6, 5, 24, 15, 38, 40, 37, 39, 48, 46, 36, 35, 34, 44, 16, 29, 50, 20, 23, 30, 42, 7, 2, 21, 3, 17, 18, 31, 22]

Individual 149:
  Route length: 8278
  Contribution to Diversity: -2.2478357791122505e-05
  Route: [1, 49, 32, 19, 45, 8, 41, 9, 10, 43, 33, 51, 11, 52, 14, 13, 47, 26, 27, 28, 12, 25, 4, 6, 24, 5, 15, 38, 40, 37, 39, 48, 44, 34, 35, 36, 46, 16, 29, 50, 20, 23, 30, 42, 7, 2, 21, 31, 18, 17, 3, 22]

Total Entropy H: 5.177376729156968
