Individual 0:
  Route length: 13090
  Contribution to Diversity: 2.2335608296231158e-05
  Route: [1, 49, 32, 45, 19, 41, 39, 40, 37, 38, 48, 24, 5, 15, 6, 4, 25, 12, 28, 27, 26, 47, 13, 14, 52, 11, 42, 16, 46, 44, 34, 35, 36, 8, 9, 10, 2, 7, 29, 50, 20, 23, 17, 21, 51, 33, 43, 30, 3, 18, 31, 22]

Individual 1:
  Route length: 11520
  Contribution to Diversity: 0.0006301080347332899
  Route: [1, 49, 32, 45, 19, 41, 8, 9, 10, 51, 33, 43, 11, 52, 30, 2, 7, 42, 21, 17, 3, 18, 31, 46, 44, 34, 35, 36, 39, 20, 23, 14, 13, 47, 26, 27, 28, 12, 25, 4, 6, 15, 5, 24, 48, 38, 37, 40, 50, 29, 16, 22]

Individual 2:
  Route length: 12852
  Contribution to Diversity: 0.0002709097480799727
  Route: [1, 49, 32, 45, 19, 41, 39, 40, 37, 38, 48, 24, 5, 15, 52, 11, 42, 7, 2, 30, 25, 4, 6, 14, 13, 47, 26, 27, 28, 12, 23, 20, 50, 29, 16, 46, 44, 34, 35, 51, 33, 43, 10, 9, 8, 36, 21, 17, 3, 18, 31, 22]

Individual 3:
  Route length: 12577
  Contribution to Diversity: 0.0004393808316747183
  Route: [19, 41, 8, 9, 10, 43, 33, 51, 49, 1, 45, 32, 11, 52, 14, 13, 47, 26, 27, 42, 21, 34, 48, 38, 37, 40, 39, 36, 35, 24, 5, 15, 6, 4, 25, 12, 28, 7, 2, 30, 23, 20, 50, 29, 16, 46, 44, 17, 3, 18, 31, 22]

Individual 4:
  Route length: 13141
  Contribution to Diversity: 0.0014950137396274599
  Route: [1, 49, 32, 45, 19, 41, 39, 35, 34, 44, 9, 10, 2, 7, 42, 11, 52, 14, 13, 47, 26, 27, 28, 12, 25, 4, 6, 15, 5, 24, 48, 38, 37, 40, 36, 8, 46, 16, 29, 50, 20, 23, 17, 21, 51, 33, 43, 30, 3, 18, 31, 22]

Individual 5:
  Route length: 12560
  Contribution to Diversity: 0.0008991519921677238
  Route: [1, 49, 32, 45, 19, 41, 13, 14, 52, 11, 51, 33, 3, 12, 25, 4, 6, 15, 5, 24, 48, 35, 36, 39, 40, 37, 38, 34, 44, 46, 16, 29, 50, 20, 23, 30, 2, 7, 42, 31, 18, 28, 27, 26, 47, 8, 9, 10, 43, 17, 21, 22]

Individual 6:
  Route length: 12970
  Contribution to Diversity: 0.0006805226207928783
  Route: [5, 24, 48, 38, 37, 23, 30, 2, 7, 34, 35, 36, 39, 40, 20, 50, 29, 16, 46, 44, 42, 21, 17, 11, 52, 14, 13, 47, 26, 27, 28, 32, 49, 1, 15, 6, 4, 25, 12, 45, 19, 41, 8, 9, 10, 43, 33, 51, 3, 18, 31, 22]

Individual 7:
  Route length: 9633
  Contribution to Diversity: 0.00022839760678916576
  Route: [40, 37, 38, 48, 24, 20, 50, 29, 16, 46, 44, 34, 35, 36, 39, 1, 49, 32, 45, 19, 41, 8, 9, 10, 43, 33, 51, 11, 52, 14, 13, 6, 4, 25, 12, 28, 27, 26, 47, 15, 5, 23, 30, 2, 7, 42, 21, 17, 3, 18, 31, 22]

Individual 8:
  Route length: 12994
  Contribution to Diversity: 0.001991718783543206
  Route: [1, 49, 14, 11, 52, 51, 33, 43, 10, 9, 17, 21, 42, 7, 2, 30, 23, 20, 50, 29, 16, 46, 44, 34, 35, 36, 39, 40, 37, 38, 48, 24, 45, 32, 13, 47, 26, 27, 19, 5, 15, 6, 4, 25, 12, 28, 41, 8, 3, 18, 31, 22]

Individual 9:
  Route length: 13136
  Contribution to Diversity: 0.001763841898934082
  Route: [19, 41, 8, 9, 10, 43, 33, 51, 49, 1, 45, 32, 11, 52, 14, 13, 47, 26, 27, 42, 21, 34, 48, 38, 37, 40, 50, 20, 23, 30, 2, 7, 28, 12, 25, 4, 6, 15, 5, 24, 35, 36, 39, 29, 16, 46, 44, 17, 3, 18, 31, 22]

Individual 10:
  Route length: 13024
  Contribution to Diversity: 0.0022018769620038015
  Route: [1, 49, 32, 45, 19, 41, 13, 14, 52, 11, 51, 33, 3, 12, 25, 4, 6, 15, 5, 24, 48, 35, 36, 20, 50, 29, 16, 46, 44, 34, 38, 37, 40, 39, 23, 30, 2, 7, 42, 31, 18, 28, 27, 26, 47, 8, 9, 10, 43, 17, 21, 22]

Individual 11:
  Route length: 10312
  Contribution to Diversity: 0.0004709737916241963
  Route: [1, 41, 19, 45, 32, 33, 43, 10, 9, 8, 49, 51, 11, 52, 14, 13, 47, 26, 27, 28, 12, 25, 4, 36, 39, 40, 37, 38, 48, 24, 5, 50, 29, 16, 46, 44, 34, 35, 6, 15, 20, 23, 30, 2, 7, 42, 21, 17, 3, 18, 31, 22]

Individual 12:
  Route length: 12860
  Contribution to Diversity: 0.00041792888907554726
  Route: [1, 49, 32, 45, 50, 29, 16, 46, 10, 43, 33, 51, 11, 52, 14, 13, 47, 26, 27, 36, 35, 34, 44, 9, 8, 28, 12, 25, 4, 2, 7, 42, 21, 17, 3, 18, 23, 20, 19, 41, 39, 40, 37, 38, 48, 24, 5, 15, 6, 30, 31, 22]

Individual 13:
  Route length: 12828
  Contribution to Diversity: 0.00029376597524155557
  Route: [1, 49, 32, 25, 12, 37, 40, 39, 36, 35, 34, 44, 46, 16, 29, 50, 20, 23, 30, 2, 38, 48, 24, 5, 15, 6, 4, 45, 19, 33, 51, 11, 52, 14, 43, 10, 9, 8, 41, 13, 47, 26, 27, 28, 7, 42, 21, 17, 3, 18, 31, 22]

Individual 14:
  Route length: 11973
  Contribution to Diversity: 0.001083864255021716
  Route: [1, 49, 32, 39, 40, 37, 38, 47, 13, 14, 52, 11, 3, 19, 41, 8, 9, 10, 43, 33, 46, 44, 51, 16, 29, 50, 20, 23, 30, 2, 7, 42, 21, 17, 34, 35, 24, 48, 26, 27, 28, 12, 25, 4, 6, 15, 5, 36, 45, 18, 31, 22]

Individual 15:
  Route length: 11454
  Contribution to Diversity: 0.0010116808782703046
  Route: [1, 49, 32, 45, 19, 41, 31, 48, 38, 37, 40, 39, 36, 35, 34, 25, 12, 28, 27, 26, 47, 13, 14, 52, 11, 30, 2, 7, 42, 21, 17, 3, 18, 24, 5, 15, 33, 51, 23, 20, 50, 29, 16, 46, 44, 4, 6, 43, 10, 9, 8, 22]

Individual 16:
  Route length: 10724
  Contribution to Diversity: 0.00045197853541179
  Route: [1, 49, 32, 39, 33, 51, 44, 46, 16, 29, 50, 20, 23, 30, 2, 7, 42, 21, 17, 34, 35, 24, 48, 38, 37, 40, 43, 10, 9, 8, 41, 19, 3, 11, 52, 14, 13, 47, 26, 27, 28, 12, 25, 4, 6, 15, 5, 36, 45, 18, 31, 22]

Individual 17:
  Route length: 12870
  Contribution to Diversity: 0.0008001551261793693
  Route: [1, 49, 32, 45, 50, 29, 16, 46, 10, 43, 33, 51, 11, 52, 14, 13, 47, 26, 27, 24, 48, 38, 37, 40, 39, 41, 19, 20, 23, 18, 3, 17, 21, 42, 7, 2, 4, 25, 12, 28, 8, 9, 44, 34, 35, 36, 5, 15, 6, 30, 31, 22]

Individual 18:
  Route length: 11533
  Contribution to Diversity: 0.00017546256706602037
  Route: [1, 49, 32, 45, 19, 41, 8, 9, 10, 42, 7, 2, 30, 23, 20, 50, 29, 16, 46, 44, 34, 35, 36, 39, 40, 37, 38, 48, 24, 27, 26, 17, 21, 43, 33, 51, 11, 52, 14, 13, 47, 5, 15, 6, 4, 25, 12, 28, 3, 18, 31, 22]

Individual 19:
  Route length: 12498
  Contribution to Diversity: 0.000660179440981068
  Route: [1, 49, 14, 39, 40, 37, 38, 48, 24, 5, 15, 6, 4, 47, 26, 27, 28, 12, 25, 13, 32, 45, 19, 41, 8, 9, 10, 43, 33, 51, 52, 11, 36, 35, 34, 50, 29, 16, 46, 44, 20, 23, 30, 2, 7, 42, 21, 17, 3, 18, 31, 22]

Individual 20:
  Route length: 12556
  Contribution to Diversity: 0.00020175390333587728
  Route: [1, 49, 32, 45, 19, 41, 8, 9, 12, 46, 16, 29, 50, 20, 23, 30, 2, 7, 42, 11, 51, 33, 43, 10, 28, 27, 26, 47, 13, 14, 52, 21, 40, 39, 36, 35, 34, 44, 25, 4, 6, 15, 5, 24, 48, 38, 37, 17, 3, 18, 31, 22]

Individual 21:
  Route length: 12383
  Contribution to Diversity: 0.00064648380011878
  Route: [1, 49, 32, 45, 19, 41, 39, 40, 37, 38, 48, 24, 5, 35, 36, 8, 9, 43, 30, 23, 20, 50, 29, 16, 34, 44, 46, 15, 6, 4, 25, 12, 28, 27, 26, 47, 13, 14, 52, 11, 42, 7, 2, 10, 33, 51, 21, 17, 3, 18, 31, 22]

Individual 22:
  Route length: 11927
  Contribution to Diversity: 0.0016544631278527788
  Route: [1, 49, 14, 52, 25, 12, 28, 27, 26, 47, 13, 32, 45, 19, 41, 8, 9, 10, 43, 33, 51, 11, 4, 6, 15, 5, 24, 46, 44, 34, 35, 36, 39, 40, 37, 21, 42, 7, 2, 30, 17, 38, 48, 16, 29, 50, 20, 23, 3, 18, 31, 22]

Individual 23:
  Route length: 12511
  Contribution to Diversity: 0.00031578552832822737
  Route: [1, 49, 32, 45, 20, 19, 41, 39, 40, 37, 38, 48, 24, 5, 15, 6, 4, 25, 12, 28, 18, 23, 50, 29, 16, 52, 11, 51, 33, 43, 10, 9, 8, 36, 35, 34, 44, 46, 14, 13, 47, 26, 27, 3, 17, 21, 42, 7, 2, 30, 31, 22]

Individual 24:
  Route length: 9776
  Contribution to Diversity: 0.00032511162133008753
  Route: [1, 49, 32, 45, 19, 41, 8, 9, 10, 43, 33, 51, 11, 52, 14, 13, 47, 26, 27, 28, 12, 25, 4, 42, 7, 2, 30, 37, 38, 16, 29, 50, 20, 23, 40, 39, 36, 35, 34, 44, 46, 48, 24, 5, 15, 6, 21, 3, 17, 18, 31, 22]

Individual 25:
  Route length: 11089
  Contribution to Diversity: 0.00025542478043227845
  Route: [1, 49, 32, 25, 12, 28, 38, 2, 30, 23, 20, 50, 29, 45, 19, 41, 8, 9, 10, 43, 33, 51, 11, 52, 14, 13, 47, 26, 27, 48, 24, 5, 15, 6, 4, 16, 46, 44, 34, 35, 36, 39, 40, 37, 42, 7, 21, 17, 3, 18, 31, 22]

Individual 26:
  Route length: 10077
  Contribution to Diversity: 0.0014751042681222515
  Route: [1, 49, 9, 10, 43, 33, 21, 42, 7, 2, 30, 23, 20, 50, 29, 16, 46, 44, 34, 35, 32, 8, 41, 19, 45, 36, 39, 40, 37, 38, 6, 15, 5, 24, 48, 4, 25, 12, 28, 27, 26, 47, 13, 14, 52, 11, 51, 17, 3, 18, 31, 22]

Individual 27:
  Route length: 11994
  Contribution to Diversity: 0.00047319756394426093
  Route: [10, 43, 33, 51, 11, 52, 14, 25, 12, 28, 27, 26, 38, 37, 40, 39, 36, 35, 34, 23, 20, 50, 29, 16, 46, 44, 30, 2, 7, 42, 21, 17, 3, 19, 45, 32, 6, 15, 5, 24, 48, 47, 13, 4, 49, 1, 9, 8, 41, 18, 31, 22]

Individual 28:
  Route length: 13088
  Contribution to Diversity: 0.0010980932415689537
  Route: [1, 49, 32, 45, 19, 7, 2, 30, 23, 20, 50, 29, 16, 46, 25, 4, 6, 15, 5, 24, 48, 38, 37, 40, 39, 36, 42, 41, 8, 9, 10, 43, 33, 51, 44, 12, 28, 27, 26, 47, 13, 14, 34, 11, 52, 35, 21, 17, 3, 18, 31, 22]

Individual 29:
  Route length: 11650
  Contribution to Diversity: 6.300621721599953e-05
  Route: [1, 49, 32, 45, 19, 41, 8, 9, 10, 23, 14, 13, 47, 26, 27, 28, 12, 25, 4, 6, 15, 5, 24, 48, 38, 37, 40, 39, 36, 35, 34, 44, 46, 31, 18, 3, 17, 21, 42, 7, 2, 30, 52, 11, 43, 33, 51, 20, 50, 29, 16, 22]

Individual 30:
  Route length: 11018
  Contribution to Diversity: 0
  Route: [1, 49, 32, 45, 19, 41, 20, 23, 30, 2, 27, 26, 47, 13, 14, 52, 11, 51, 33, 43, 10, 9, 8, 31, 18, 3, 17, 21, 42, 7, 28, 12, 25, 4, 6, 15, 5, 24, 48, 38, 37, 40, 39, 36, 35, 34, 44, 46, 16, 29, 50, 22]

Individual 31:
  Route length: 10773
  Contribution to Diversity: 0
  Route: [1, 49, 32, 45, 19, 41, 8, 9, 10, 34, 35, 36, 39, 40, 37, 38, 7, 42, 21, 17, 3, 18, 6, 15, 5, 24, 48, 2, 30, 23, 20, 50, 29, 16, 46, 44, 43, 33, 51, 11, 52, 14, 13, 47, 26, 27, 28, 12, 4, 25, 31, 22]

Individual 32:
  Route length: 8898
  Contribution to Diversity: 0
  Route: [1, 46, 44, 34, 35, 36, 39, 40, 4, 6, 15, 5, 24, 48, 38, 3, 17, 21, 42, 7, 2, 30, 29, 50, 20, 23, 16, 49, 32, 45, 19, 41, 8, 9, 10, 43, 33, 51, 11, 52, 14, 13, 47, 26, 27, 28, 12, 25, 37, 18, 31, 22]

Individual 33:
  Route length: 10911
  Contribution to Diversity: 0
  Route: [1, 49, 32, 45, 19, 41, 37, 40, 39, 36, 35, 34, 44, 46, 16, 29, 50, 20, 23, 30, 2, 7, 42, 21, 17, 3, 18, 31, 38, 48, 14, 52, 11, 51, 33, 15, 5, 24, 13, 12, 28, 27, 26, 47, 25, 4, 6, 43, 10, 9, 8, 22]

Individual 34:
  Route length: 10707
  Contribution to Diversity: 0
  Route: [1, 49, 32, 45, 35, 37, 38, 48, 24, 5, 15, 6, 4, 25, 12, 18, 3, 17, 21, 42, 7, 2, 30, 23, 20, 29, 16, 46, 44, 34, 40, 39, 41, 19, 50, 36, 8, 9, 10, 43, 33, 51, 11, 52, 14, 13, 47, 26, 27, 28, 31, 22]

Individual 35:
  Route length: 12429
  Contribution to Diversity: 0
  Route: [1, 7, 2, 30, 23, 20, 50, 8, 41, 19, 26, 44, 34, 35, 36, 39, 40, 37, 38, 48, 24, 5, 15, 6, 4, 25, 12, 28, 27, 46, 16, 29, 9, 10, 43, 33, 51, 11, 52, 14, 13, 47, 45, 32, 49, 42, 21, 17, 3, 18, 31, 22]

Individual 36:
  Route length: 10598
  Contribution to Diversity: 0
  Route: [1, 49, 52, 11, 51, 33, 43, 10, 9, 32, 45, 19, 41, 8, 14, 13, 47, 26, 27, 28, 12, 25, 4, 6, 15, 5, 24, 48, 35, 36, 39, 40, 37, 38, 34, 44, 46, 16, 29, 50, 20, 23, 30, 2, 7, 42, 31, 18, 3, 17, 21, 22]

Individual 37:
  Route length: 12309
  Contribution to Diversity: 0.00026296367115286046
  Route: [1, 49, 32, 45, 19, 41, 39, 40, 37, 38, 48, 24, 5, 23, 30, 6, 4, 25, 12, 28, 27, 26, 47, 13, 14, 52, 11, 42, 7, 2, 10, 9, 8, 36, 35, 20, 50, 29, 16, 46, 44, 34, 15, 43, 33, 51, 21, 17, 3, 18, 31, 22]

Individual 38:
  Route length: 10352
  Contribution to Diversity: 0.0004074200627410818
  Route: [1, 49, 32, 45, 19, 41, 8, 9, 10, 13, 14, 52, 11, 51, 33, 43, 47, 26, 27, 16, 34, 44, 46, 35, 36, 39, 40, 37, 38, 48, 24, 5, 15, 6, 4, 25, 12, 28, 29, 50, 20, 23, 30, 2, 7, 42, 21, 18, 3, 17, 31, 22]

Individual 39:
  Route length: 10838
  Contribution to Diversity: 0
  Route: [1, 41, 19, 45, 32, 50, 29, 16, 46, 44, 34, 35, 6, 15, 5, 2, 30, 23, 20, 49, 8, 9, 10, 43, 33, 51, 11, 52, 14, 13, 47, 26, 27, 28, 12, 25, 4, 36, 39, 40, 37, 38, 48, 24, 7, 42, 21, 17, 3, 18, 31, 22]

Individual 40:
  Route length: 13195
  Contribution to Diversity: 0.0007434086328599321
  Route: [1, 49, 32, 45, 50, 19, 41, 39, 9, 8, 36, 35, 34, 44, 46, 16, 29, 20, 23, 30, 33, 43, 10, 40, 37, 38, 48, 24, 5, 15, 6, 4, 25, 12, 18, 3, 17, 21, 42, 7, 2, 51, 11, 52, 14, 13, 47, 26, 27, 28, 31, 22]

Individual 41:
  Route length: 11940
  Contribution to Diversity: 0.0003181512370087347
  Route: [1, 49, 52, 11, 51, 33, 43, 10, 9, 32, 45, 19, 41, 8, 14, 13, 47, 26, 27, 28, 42, 7, 2, 30, 23, 20, 50, 29, 16, 46, 44, 34, 38, 37, 40, 39, 36, 35, 48, 24, 5, 15, 6, 4, 25, 12, 31, 18, 3, 17, 21, 22]

Individual 42:
  Route length: 11004
  Contribution to Diversity: 0
  Route: [1, 49, 20, 23, 30, 2, 7, 42, 21, 17, 3, 18, 31, 41, 19, 45, 32, 50, 29, 16, 46, 44, 34, 35, 36, 39, 40, 37, 38, 48, 14, 52, 11, 51, 33, 15, 5, 24, 13, 12, 28, 27, 26, 47, 25, 4, 6, 43, 10, 9, 8, 22]

Individual 43:
  Route length: 12420
  Contribution to Diversity: 0.0008234391200936386
  Route: [1, 7, 2, 30, 23, 20, 50, 44, 34, 35, 36, 39, 40, 37, 38, 48, 24, 5, 15, 6, 4, 14, 52, 11, 51, 33, 43, 10, 9, 8, 41, 19, 27, 46, 16, 29, 26, 28, 12, 25, 13, 47, 45, 32, 49, 42, 21, 17, 3, 18, 31, 22]

Individual 44:
  Route length: 10358
  Contribution to Diversity: 0
  Route: [1, 49, 32, 39, 40, 4, 25, 12, 28, 27, 26, 47, 13, 14, 52, 11, 3, 19, 41, 8, 9, 10, 43, 33, 51, 44, 46, 16, 29, 50, 20, 23, 30, 2, 7, 42, 21, 17, 34, 35, 24, 48, 38, 37, 6, 15, 5, 36, 45, 18, 31, 22]

Individual 45:
  Route length: 10388
  Contribution to Diversity: 0.001639032957876374
  Route: [1, 49, 32, 45, 19, 41, 8, 9, 10, 43, 33, 51, 11, 52, 14, 13, 47, 26, 27, 28, 12, 25, 4, 42, 7, 2, 30, 37, 38, 16, 29, 50, 20, 23, 40, 39, 36, 35, 34, 44, 46, 48, 31, 18, 17, 3, 21, 6, 15, 5, 24, 22]

Individual 46:
  Route length: 10040
  Contribution to Diversity: 0
  Route: [1, 49, 29, 16, 23, 30, 2, 48, 24, 5, 15, 6, 4, 25, 12, 28, 27, 26, 47, 13, 14, 52, 11, 51, 33, 43, 10, 9, 8, 41, 19, 45, 32, 50, 20, 46, 44, 34, 35, 36, 39, 40, 37, 38, 7, 42, 21, 17, 3, 18, 31, 22]

Individual 47:
  Route length: 12818
  Contribution to Diversity: 0.0012907483895290284
  Route: [1, 49, 32, 45, 20, 19, 41, 39, 40, 37, 38, 48, 24, 5, 15, 6, 4, 25, 8, 9, 10, 43, 33, 51, 44, 46, 16, 29, 50, 23, 18, 28, 12, 36, 35, 34, 11, 52, 14, 13, 47, 26, 27, 3, 17, 21, 42, 7, 2, 30, 31, 22]

Individual 48:
  Route length: 11069
  Contribution to Diversity: 0
  Route: [1, 49, 24, 5, 15, 6, 4, 45, 32, 48, 38, 37, 40, 39, 36, 35, 34, 44, 46, 16, 29, 50, 20, 23, 30, 2, 7, 42, 21, 17, 3, 11, 52, 14, 28, 27, 26, 47, 13, 12, 25, 19, 41, 8, 9, 10, 43, 33, 51, 18, 31, 22]

Individual 49:
  Route length: 10734
  Contribution to Diversity: 0
  Route: [1, 49, 24, 5, 15, 6, 4, 25, 12, 13, 47, 26, 27, 28, 14, 52, 11, 3, 17, 21, 42, 7, 2, 30, 23, 20, 50, 29, 35, 34, 44, 46, 16, 36, 39, 40, 37, 38, 48, 32, 45, 19, 41, 8, 9, 10, 43, 33, 51, 18, 31, 22]

Individual 50:
  Route length: 8379
  Contribution to Diversity: 0.000753555099359815
  Route: [1, 29, 50, 20, 23, 30, 42, 7, 2, 21, 17, 32, 49, 16, 46, 44, 39, 36, 35, 34, 40, 37, 38, 48, 24, 5, 15, 6, 4, 25, 12, 28, 27, 26, 47, 13, 14, 52, 11, 51, 33, 43, 10, 9, 8, 41, 19, 45, 3, 18, 31, 22]

Individual 51:
  Route length: 12646
  Contribution to Diversity: 0.0010898025955929924
  Route: [1, 6, 14, 52, 25, 51, 33, 43, 10, 26, 27, 28, 12, 11, 4, 13, 47, 9, 8, 41, 19, 45, 32, 49, 15, 5, 24, 48, 38, 37, 40, 39, 36, 35, 34, 44, 46, 16, 29, 50, 20, 23, 30, 2, 7, 42, 21, 17, 3, 18, 31, 22]

Individual 52:
  Route length: 10780
  Contribution to Diversity: 0.0005253338326323131
  Route: [1, 49, 32, 12, 28, 27, 26, 47, 43, 33, 51, 11, 52, 14, 13, 10, 9, 8, 41, 19, 45, 25, 4, 6, 15, 5, 24, 48, 38, 37, 40, 39, 36, 30, 23, 20, 50, 29, 16, 46, 44, 34, 35, 2, 7, 42, 21, 18, 3, 17, 31, 22]

Individual 53:
  Route length: 9704
  Contribution to Diversity: 0
  Route: [50, 20, 23, 30, 2, 7, 42, 21, 45, 19, 3, 17, 32, 49, 1, 29, 16, 46, 44, 34, 35, 36, 39, 40, 37, 38, 26, 27, 28, 12, 25, 4, 6, 15, 5, 24, 48, 47, 13, 14, 52, 11, 51, 33, 43, 10, 9, 8, 41, 18, 31, 22]

Individual 54:
  Route length: 10188
  Contribution to Diversity: 0.0006657834389063311
  Route: [1, 49, 32, 45, 19, 41, 8, 9, 10, 43, 33, 51, 11, 52, 14, 13, 47, 16, 38, 4, 6, 15, 5, 24, 48, 29, 50, 20, 23, 30, 2, 7, 44, 34, 35, 36, 39, 40, 37, 25, 12, 28, 27, 26, 46, 42, 21, 17, 3, 18, 31, 22]

Individual 55:
  Route length: 9560
  Contribution to Diversity: 0
  Route: [1, 49, 32, 45, 50, 19, 41, 39, 40, 37, 38, 48, 24, 34, 35, 36, 8, 9, 10, 43, 33, 51, 11, 52, 14, 13, 47, 26, 27, 28, 12, 25, 4, 6, 15, 5, 44, 46, 16, 20, 29, 23, 30, 2, 7, 42, 21, 17, 3, 18, 31, 22]

Individual 56:
  Route length: 12806
  Contribution to Diversity: 3.244068487617824e-06
  Route: [1, 49, 32, 45, 19, 41, 8, 9, 47, 13, 4, 25, 12, 28, 27, 26, 10, 43, 33, 51, 11, 52, 14, 6, 15, 5, 24, 48, 38, 37, 2, 30, 20, 23, 50, 29, 40, 39, 36, 35, 34, 44, 46, 16, 7, 42, 21, 17, 3, 18, 31, 22]

Individual 57:
  Route length: 13101
  Contribution to Diversity: 0.001819674622145051
  Route: [5, 24, 48, 38, 37, 23, 30, 2, 7, 34, 35, 49, 32, 28, 27, 26, 47, 13, 14, 52, 11, 17, 21, 42, 44, 46, 16, 29, 50, 20, 40, 39, 36, 1, 15, 6, 4, 25, 12, 45, 19, 41, 8, 9, 10, 43, 33, 51, 3, 18, 31, 22]

Individual 58:
  Route length: 11952
  Contribution to Diversity: 0
  Route: [1, 49, 32, 45, 19, 41, 8, 9, 10, 34, 35, 36, 39, 40, 37, 38, 7, 42, 21, 17, 3, 18, 6, 15, 5, 24, 48, 2, 30, 23, 20, 50, 33, 43, 44, 46, 16, 29, 51, 11, 52, 14, 13, 47, 26, 27, 28, 12, 4, 25, 31, 22]

Individual 59:
  Route length: 9132
  Contribution to Diversity: 0
  Route: [1, 49, 32, 39, 40, 4, 25, 12, 28, 27, 26, 47, 13, 14, 52, 11, 51, 33, 43, 10, 9, 8, 41, 19, 3, 44, 46, 16, 29, 50, 20, 23, 30, 2, 7, 42, 21, 17, 34, 35, 24, 48, 38, 37, 6, 15, 5, 36, 45, 18, 31, 22]

Individual 60:
  Route length: 11912
  Contribution to Diversity: 0
  Route: [1, 49, 32, 45, 19, 41, 8, 31, 18, 3, 34, 35, 36, 39, 40, 37, 38, 48, 24, 5, 15, 6, 4, 25, 12, 28, 27, 26, 10, 43, 33, 51, 11, 52, 14, 13, 50, 20, 23, 30, 2, 7, 42, 21, 17, 44, 46, 16, 29, 47, 9, 22]

Individual 61:
  Route length: 11584
  Contribution to Diversity: 3.305062806990833e-05
  Route: [1, 49, 24, 5, 15, 6, 8, 41, 19, 45, 32, 48, 38, 37, 40, 39, 36, 16, 46, 44, 34, 35, 29, 50, 20, 23, 30, 2, 7, 42, 21, 17, 3, 11, 52, 14, 28, 27, 26, 47, 13, 12, 25, 4, 9, 10, 43, 33, 51, 18, 31, 22]

Individual 62:
  Route length: 12926
  Contribution to Diversity: 0.0011153948205402386
  Route: [1, 41, 19, 45, 32, 50, 29, 16, 46, 44, 34, 35, 6, 15, 5, 2, 30, 23, 20, 49, 8, 9, 11, 51, 33, 43, 10, 52, 14, 13, 47, 26, 27, 28, 12, 25, 4, 36, 39, 40, 37, 38, 48, 24, 7, 42, 21, 17, 3, 18, 31, 22]

Individual 63:
  Route length: 10898
  Contribution to Diversity: 0
  Route: [1, 9, 10, 43, 33, 51, 11, 52, 14, 13, 47, 26, 27, 28, 12, 25, 37, 38, 48, 24, 5, 15, 6, 4, 40, 39, 41, 19, 20, 23, 30, 2, 7, 42, 21, 17, 46, 16, 29, 50, 45, 32, 49, 8, 36, 35, 34, 44, 3, 18, 31, 22]

Individual 64:
  Route length: 12957
  Contribution to Diversity: 0.0015073251015431666
  Route: [1, 49, 32, 45, 19, 41, 39, 40, 37, 3, 17, 21, 51, 33, 10, 2, 7, 42, 11, 52, 14, 13, 47, 26, 27, 28, 12, 25, 4, 6, 15, 34, 44, 46, 16, 29, 50, 20, 23, 30, 43, 9, 8, 36, 35, 5, 24, 48, 38, 18, 31, 22]

Individual 65:
  Route length: 13046
  Contribution to Diversity: 0.0009309352579780494
  Route: [1, 49, 32, 45, 19, 26, 27, 28, 12, 25, 3, 17, 21, 42, 7, 2, 30, 23, 20, 50, 29, 16, 46, 44, 52, 14, 13, 35, 34, 11, 51, 33, 43, 10, 9, 8, 41, 47, 36, 39, 40, 37, 38, 48, 24, 5, 15, 6, 4, 18, 31, 22]

Individual 66:
  Route length: 9669
  Contribution to Diversity: 0
  Route: [1, 49, 32, 45, 50, 19, 41, 39, 40, 37, 38, 48, 24, 5, 15, 6, 4, 25, 12, 28, 27, 26, 47, 13, 14, 52, 11, 51, 33, 43, 10, 9, 8, 36, 35, 34, 44, 46, 16, 20, 31, 18, 3, 17, 21, 42, 7, 2, 30, 23, 29, 22]

Individual 67:
  Route length: 11379
  Contribution to Diversity: 0
  Route: [1, 49, 32, 45, 19, 7, 44, 34, 35, 36, 39, 40, 37, 38, 48, 26, 27, 28, 12, 25, 4, 6, 15, 5, 24, 47, 13, 14, 52, 11, 51, 33, 43, 10, 9, 8, 41, 2, 30, 23, 20, 50, 29, 16, 46, 42, 21, 17, 3, 18, 31, 22]

Individual 68:
  Route length: 11548
  Contribution to Diversity: 0
  Route: [1, 49, 24, 5, 15, 6, 4, 45, 32, 48, 10, 9, 8, 41, 19, 25, 12, 13, 47, 26, 27, 28, 14, 52, 11, 3, 17, 21, 42, 7, 2, 30, 23, 20, 50, 29, 16, 46, 44, 34, 35, 36, 39, 40, 37, 38, 43, 33, 51, 18, 31, 22]

Individual 69:
  Route length: 11974
  Contribution to Diversity: 0
  Route: [1, 49, 30, 2, 7, 42, 21, 17, 3, 11, 52, 14, 28, 27, 26, 47, 13, 12, 25, 19, 41, 8, 9, 10, 48, 32, 45, 4, 6, 15, 5, 24, 23, 20, 50, 29, 16, 46, 44, 34, 35, 36, 39, 40, 37, 38, 43, 33, 51, 18, 31, 22]

Individual 70:
  Route length: 11575
  Contribution to Diversity: 0
  Route: [1, 49, 32, 45, 47, 29, 16, 46, 44, 4, 6, 15, 5, 24, 48, 38, 37, 40, 39, 36, 35, 34, 25, 12, 28, 27, 26, 10, 43, 33, 51, 11, 52, 14, 13, 50, 20, 23, 30, 2, 7, 42, 21, 17, 3, 18, 31, 8, 41, 19, 9, 22]

Individual 71:
  Route length: 9481
  Contribution to Diversity: 0
  Route: [1, 49, 32, 31, 18, 3, 17, 21, 42, 7, 2, 30, 23, 20, 50, 29, 16, 46, 44, 34, 5, 15, 6, 4, 25, 36, 35, 47, 26, 27, 28, 12, 39, 40, 37, 38, 48, 24, 13, 14, 52, 11, 51, 33, 43, 10, 9, 8, 41, 19, 45, 22]

Individual 72:
  Route length: 11071
  Contribution to Diversity: 0.0007194469100406664
  Route: [1, 49, 32, 45, 19, 41, 8, 9, 10, 43, 31, 18, 3, 17, 34, 44, 46, 16, 29, 7, 2, 30, 23, 20, 50, 42, 21, 35, 36, 39, 40, 37, 38, 48, 11, 52, 14, 13, 47, 26, 27, 28, 12, 25, 4, 6, 15, 5, 24, 51, 33, 22]

Individual 73:
  Route length: 11080
  Contribution to Diversity: 0
  Route: [1, 49, 32, 45, 35, 34, 44, 46, 16, 29, 20, 23, 30, 2, 7, 42, 21, 17, 3, 18, 12, 25, 4, 6, 15, 5, 24, 48, 38, 37, 40, 39, 41, 19, 50, 36, 8, 9, 10, 43, 33, 51, 11, 52, 47, 13, 14, 26, 27, 28, 31, 22]

Individual 74:
  Route length: 11753
  Contribution to Diversity: 0
  Route: [50, 20, 23, 30, 2, 7, 42, 11, 52, 14, 13, 47, 48, 24, 5, 15, 6, 4, 25, 12, 28, 27, 26, 38, 37, 40, 39, 36, 35, 34, 44, 46, 16, 29, 1, 49, 32, 17, 3, 19, 45, 21, 51, 33, 43, 10, 9, 8, 41, 18, 31, 22]

Individual 75:
  Route length: 12458
  Contribution to Diversity: 7.984805012739571e-07
  Route: [1, 49, 32, 45, 19, 41, 39, 40, 37, 38, 48, 24, 5, 15, 6, 4, 47, 26, 27, 28, 12, 23, 20, 50, 29, 13, 14, 52, 11, 42, 7, 2, 30, 25, 16, 46, 44, 34, 35, 36, 8, 9, 10, 43, 33, 51, 21, 17, 3, 18, 31, 22]

Individual 76:
  Route length: 11157
  Contribution to Diversity: 0.0006563235186609617
  Route: [1, 49, 19, 45, 32, 41, 8, 51, 11, 52, 14, 13, 47, 10, 9, 33, 43, 26, 27, 28, 12, 25, 37, 38, 23, 20, 50, 29, 16, 46, 44, 34, 35, 36, 39, 40, 4, 6, 15, 5, 24, 48, 30, 2, 7, 42, 21, 17, 3, 18, 31, 22]

Individual 77:
  Route length: 11120
  Contribution to Diversity: 0
  Route: [1, 49, 29, 16, 23, 30, 2, 48, 24, 5, 15, 6, 4, 25, 3, 17, 21, 42, 7, 38, 37, 40, 39, 36, 35, 34, 44, 46, 20, 50, 32, 45, 19, 41, 8, 9, 10, 43, 33, 51, 11, 52, 14, 13, 47, 26, 27, 28, 12, 18, 31, 22]

Individual 78:
  Route length: 10403
  Contribution to Diversity: 0
  Route: [1, 49, 32, 45, 28, 27, 26, 47, 13, 14, 52, 11, 51, 33, 43, 44, 46, 16, 29, 50, 20, 23, 30, 2, 7, 42, 21, 17, 3, 18, 6, 15, 5, 24, 48, 38, 37, 40, 39, 36, 35, 34, 10, 9, 8, 41, 19, 12, 4, 25, 31, 22]

Individual 79:
  Route length: 12848
  Contribution to Diversity: 0.00033151932953146
  Route: [1, 49, 32, 45, 28, 27, 26, 47, 13, 14, 10, 43, 33, 51, 11, 52, 37, 38, 48, 24, 21, 17, 9, 8, 41, 19, 12, 25, 4, 6, 15, 5, 42, 7, 2, 30, 23, 20, 50, 29, 16, 46, 44, 34, 35, 36, 39, 40, 3, 18, 31, 22]

Individual 80:
  Route length: 11416
  Contribution to Diversity: 0.0005111198598664046
  Route: [10, 43, 33, 51, 11, 52, 14, 13, 47, 48, 24, 31, 18, 41, 8, 9, 1, 49, 4, 25, 12, 28, 27, 26, 38, 37, 40, 39, 36, 35, 34, 23, 20, 50, 29, 16, 46, 44, 30, 2, 7, 42, 21, 17, 3, 19, 45, 32, 6, 15, 5, 22]

Individual 81:
  Route length: 11232
  Contribution to Diversity: 0
  Route: [1, 49, 32, 45, 35, 30, 2, 7, 42, 21, 17, 3, 18, 12, 25, 4, 6, 15, 5, 24, 48, 38, 37, 23, 20, 29, 16, 46, 44, 34, 40, 39, 41, 19, 50, 36, 8, 9, 10, 43, 33, 51, 11, 52, 14, 13, 47, 26, 27, 28, 31, 22]

Individual 82:
  Route length: 10773
  Contribution to Diversity: 0
  Route: [1, 49, 32, 45, 19, 41, 8, 9, 10, 34, 35, 14, 52, 11, 51, 33, 43, 44, 46, 16, 29, 50, 20, 23, 30, 2, 7, 42, 21, 17, 3, 18, 6, 15, 5, 24, 48, 38, 37, 40, 39, 36, 13, 47, 26, 27, 28, 12, 4, 25, 31, 22]

Individual 83:
  Route length: 12307
  Contribution to Diversity: 0.0011320408579154062
  Route: [1, 49, 32, 45, 19, 41, 37, 40, 39, 36, 35, 34, 44, 46, 16, 29, 11, 52, 14, 48, 38, 31, 18, 3, 17, 21, 42, 7, 2, 30, 23, 20, 50, 51, 33, 15, 5, 24, 13, 12, 28, 27, 26, 47, 25, 4, 6, 43, 10, 9, 8, 22]

Individual 84:
  Route length: 12694
  Contribution to Diversity: 0.0012210218245849447
  Route: [1, 49, 20, 23, 30, 2, 7, 42, 21, 26, 27, 28, 12, 13, 24, 5, 15, 33, 51, 11, 52, 14, 48, 38, 37, 40, 39, 36, 35, 34, 44, 46, 16, 29, 50, 32, 45, 19, 41, 31, 18, 3, 17, 47, 25, 4, 6, 43, 10, 9, 8, 22]

Individual 85:
  Route length: 11921
  Contribution to Diversity: 0
  Route: [1, 49, 32, 45, 52, 14, 13, 47, 26, 27, 28, 12, 25, 4, 6, 15, 5, 24, 48, 19, 41, 39, 40, 37, 38, 50, 11, 51, 33, 43, 10, 34, 35, 36, 8, 9, 44, 46, 16, 29, 20, 23, 30, 2, 7, 42, 21, 17, 3, 18, 31, 22]

Individual 86:
  Route length: 12299
  Contribution to Diversity: 0.0007345373314855408
  Route: [1, 49, 32, 45, 19, 41, 8, 9, 17, 16, 29, 50, 20, 23, 30, 2, 7, 42, 5, 15, 6, 4, 25, 12, 28, 27, 26, 47, 13, 14, 10, 43, 33, 51, 11, 52, 37, 38, 48, 24, 21, 46, 44, 34, 35, 36, 39, 40, 3, 18, 31, 22]

Individual 87:
  Route length: 13078
  Contribution to Diversity: 0.0010805891299909831
  Route: [1, 49, 19, 45, 32, 41, 8, 51, 11, 52, 14, 13, 47, 10, 9, 33, 43, 26, 7, 2, 30, 23, 34, 44, 46, 16, 29, 50, 20, 35, 36, 39, 40, 4, 6, 15, 5, 24, 48, 38, 37, 25, 12, 28, 27, 42, 21, 17, 3, 18, 31, 22]

Individual 88:
  Route length: 11018
  Contribution to Diversity: 0
  Route: [1, 49, 32, 45, 50, 38, 37, 40, 39, 41, 19, 48, 24, 5, 15, 6, 4, 25, 12, 28, 13, 47, 26, 27, 14, 52, 11, 51, 18, 3, 17, 21, 42, 7, 2, 30, 23, 20, 29, 16, 46, 44, 34, 35, 36, 8, 9, 10, 43, 33, 31, 22]

Individual 89:
  Route length: 13063
  Contribution to Diversity: 0.0016910693873724014
  Route: [1, 49, 32, 45, 19, 41, 8, 30, 23, 6, 15, 5, 24, 48, 38, 37, 40, 39, 36, 35, 34, 44, 46, 16, 29, 50, 20, 4, 25, 12, 28, 9, 2, 7, 42, 21, 17, 3, 18, 31, 13, 14, 52, 11, 51, 33, 43, 10, 27, 26, 47, 22]

Individual 90:
  Route length: 10371
  Contribution to Diversity: 0
  Route: [1, 49, 32, 45, 19, 16, 46, 44, 34, 5, 15, 6, 4, 25, 36, 35, 47, 26, 27, 28, 12, 39, 40, 37, 38, 48, 24, 13, 14, 52, 11, 51, 33, 43, 10, 9, 8, 41, 29, 50, 20, 23, 30, 2, 7, 42, 21, 17, 3, 18, 31, 22]

Individual 91:
  Route length: 10169
  Contribution to Diversity: 0
  Route: [1, 49, 32, 45, 19, 41, 8, 51, 11, 52, 14, 13, 47, 10, 9, 33, 43, 26, 27, 28, 12, 25, 37, 38, 48, 44, 34, 35, 36, 39, 40, 4, 6, 15, 5, 24, 46, 16, 29, 50, 20, 23, 30, 2, 7, 42, 21, 17, 3, 18, 31, 22]

Individual 92:
  Route length: 12610
  Contribution to Diversity: 0.0010836824528404065
  Route: [1, 49, 14, 39, 40, 34, 35, 36, 11, 52, 51, 33, 43, 10, 9, 8, 41, 19, 45, 32, 13, 25, 12, 28, 27, 26, 47, 4, 6, 15, 5, 24, 48, 38, 37, 50, 29, 16, 46, 44, 20, 23, 30, 2, 7, 42, 21, 17, 3, 18, 31, 22]

Individual 93:
  Route length: 12870
  Contribution to Diversity: 0.0004441555373695394
  Route: [1, 9, 26, 47, 13, 14, 52, 11, 51, 33, 43, 10, 27, 28, 12, 25, 37, 38, 48, 24, 5, 15, 6, 4, 40, 39, 41, 19, 20, 23, 30, 2, 7, 42, 21, 17, 46, 16, 29, 50, 45, 32, 49, 8, 36, 35, 34, 44, 3, 18, 31, 22]

Individual 94:
  Route length: 13146
  Contribution to Diversity: 0.0011274157727001466
  Route: [1, 49, 32, 45, 19, 41, 8, 9, 47, 13, 4, 25, 12, 28, 27, 26, 50, 23, 20, 30, 2, 37, 38, 48, 24, 5, 15, 6, 14, 52, 11, 51, 33, 43, 10, 29, 40, 39, 36, 35, 34, 44, 46, 16, 7, 42, 21, 17, 3, 18, 31, 22]

Individual 95:
  Route length: 12768
  Contribution to Diversity: 0.0015785199467899247
  Route: [1, 49, 32, 45, 20, 19, 41, 39, 40, 37, 38, 48, 24, 5, 15, 6, 4, 25, 51, 11, 52, 16, 29, 50, 23, 18, 28, 12, 33, 43, 10, 9, 8, 36, 35, 34, 44, 46, 14, 13, 47, 26, 27, 3, 17, 21, 42, 7, 2, 30, 31, 22]

Individual 96:
  Route length: 11317
  Contribution to Diversity: 0.001428307458959388
  Route: [1, 49, 32, 25, 12, 28, 38, 2, 30, 21, 7, 42, 37, 40, 39, 36, 35, 34, 44, 46, 16, 4, 6, 15, 5, 24, 48, 27, 26, 47, 13, 14, 52, 11, 51, 33, 43, 10, 9, 8, 41, 19, 45, 29, 50, 20, 23, 17, 3, 18, 31, 22]

Individual 97:
  Route length: 13024
  Contribution to Diversity: 0.0018049131112931605
  Route: [1, 49, 32, 45, 19, 7, 2, 30, 23, 20, 50, 29, 16, 34, 14, 13, 47, 26, 27, 28, 12, 44, 51, 33, 43, 10, 9, 8, 41, 42, 36, 39, 40, 37, 38, 48, 24, 5, 15, 6, 4, 25, 46, 11, 52, 35, 21, 17, 3, 18, 31, 22]

Individual 98:
  Route length: 12658
  Contribution to Diversity: 0
  Route: [1, 49, 32, 45, 19, 41, 8, 9, 47, 13, 4, 25, 51, 33, 43, 10, 26, 27, 31, 18, 3, 17, 21, 42, 7, 2, 30, 23, 20, 50, 29, 16, 46, 44, 34, 35, 36, 39, 40, 37, 38, 48, 24, 5, 15, 6, 14, 52, 11, 12, 28, 22]

Individual 99:
  Route length: 11992
  Contribution to Diversity: 0.0006959766598022554
  Route: [10, 43, 33, 51, 11, 52, 14, 25, 12, 28, 27, 26, 38, 37, 40, 39, 36, 35, 34, 23, 20, 50, 29, 16, 46, 44, 30, 2, 7, 42, 21, 17, 3, 19, 45, 32, 4, 13, 47, 48, 24, 5, 15, 6, 49, 1, 9, 8, 41, 18, 31, 22]

Individual 100:
  Route length: 12772
  Contribution to Diversity: 0.0012296213450238014
  Route: [1, 49, 32, 45, 19, 41, 8, 9, 12, 46, 35, 36, 39, 40, 21, 52, 14, 13, 47, 26, 27, 28, 10, 43, 33, 51, 11, 42, 7, 2, 30, 23, 20, 50, 29, 16, 34, 44, 25, 4, 6, 15, 5, 24, 48, 38, 37, 17, 3, 18, 31, 22]

Individual 101:
  Route length: 12766
  Contribution to Diversity: 0.0012981276412320497
  Route: [1, 49, 51, 33, 43, 10, 9, 8, 41, 19, 45, 12, 28, 7, 2, 30, 23, 20, 50, 27, 26, 47, 13, 14, 52, 11, 32, 25, 4, 6, 15, 5, 24, 35, 36, 39, 40, 37, 38, 48, 34, 21, 42, 29, 16, 46, 44, 17, 3, 18, 31, 22]

Individual 102:
  Route length: 12931
  Contribution to Diversity: 0.0007139431500498006
  Route: [1, 13, 12, 25, 19, 41, 8, 9, 10, 48, 32, 45, 4, 6, 15, 5, 24, 49, 47, 26, 27, 28, 14, 52, 11, 3, 17, 21, 42, 7, 2, 30, 23, 20, 50, 29, 16, 46, 44, 34, 35, 36, 39, 40, 37, 38, 43, 33, 51, 18, 31, 22]

Individual 103:
  Route length: 12173
  Contribution to Diversity: 0.00022922633757183064
  Route: [1, 7, 2, 30, 23, 20, 50, 44, 34, 35, 36, 39, 40, 37, 38, 48, 24, 5, 15, 6, 4, 25, 12, 28, 27, 46, 16, 29, 26, 19, 41, 8, 9, 10, 43, 18, 3, 17, 21, 42, 49, 32, 45, 47, 13, 14, 52, 11, 51, 33, 31, 22]

Individual 104:
  Route length: 13198
  Contribution to Diversity: 0.0007599066246841701
  Route: [1, 49, 32, 45, 47, 29, 16, 46, 44, 4, 6, 15, 5, 24, 7, 2, 30, 23, 20, 50, 13, 14, 52, 11, 51, 33, 43, 10, 26, 27, 28, 12, 25, 34, 35, 36, 39, 40, 37, 38, 48, 42, 21, 17, 3, 18, 31, 8, 41, 19, 9, 22]

Individual 105:
  Route length: 10464
  Contribution to Diversity: 0.00023427597901459762
  Route: [1, 49, 32, 45, 19, 41, 8, 51, 47, 13, 14, 52, 11, 10, 9, 33, 43, 26, 27, 28, 12, 25, 37, 38, 48, 44, 34, 35, 36, 39, 40, 4, 6, 15, 5, 24, 46, 16, 29, 50, 20, 23, 30, 2, 7, 42, 21, 17, 3, 18, 31, 22]

Individual 106:
  Route length: 11255
  Contribution to Diversity: 0.0008777508509929532
  Route: [1, 49, 32, 45, 15, 5, 24, 48, 19, 41, 39, 40, 37, 38, 50, 6, 4, 25, 12, 28, 13, 47, 26, 27, 14, 52, 11, 51, 18, 3, 17, 21, 42, 7, 2, 30, 23, 20, 29, 16, 46, 44, 34, 35, 36, 8, 9, 10, 43, 33, 31, 22]

Individual 107:
  Route length: 12068
  Contribution to Diversity: 0.0012132334355383634
  Route: [1, 49, 32, 45, 19, 41, 8, 9, 10, 34, 35, 36, 39, 40, 37, 38, 7, 42, 21, 17, 3, 18, 6, 15, 4, 12, 28, 27, 26, 47, 13, 14, 52, 11, 51, 29, 16, 46, 44, 43, 33, 50, 20, 23, 30, 2, 48, 24, 5, 25, 31, 22]

Individual 108:
  Route length: 10836
  Contribution to Diversity: 0
  Route: [1, 49, 32, 45, 6, 4, 25, 12, 18, 3, 17, 21, 42, 7, 2, 30, 23, 20, 29, 16, 46, 44, 34, 35, 15, 5, 24, 48, 38, 37, 40, 39, 41, 19, 50, 36, 8, 9, 10, 43, 33, 51, 11, 52, 14, 13, 47, 26, 27, 28, 31, 22]

Individual 109:
  Route length: 11751
  Contribution to Diversity: 0.0005097656017198915
  Route: [1, 49, 32, 12, 28, 27, 26, 41, 8, 9, 10, 13, 14, 52, 11, 51, 33, 43, 47, 19, 45, 25, 4, 6, 15, 5, 24, 48, 38, 37, 40, 39, 36, 35, 34, 44, 46, 16, 29, 50, 20, 23, 30, 2, 7, 42, 21, 18, 3, 17, 31, 22]

Individual 110:
  Route length: 12062
  Contribution to Diversity: 0.000611685102034798
  Route: [1, 35, 17, 21, 42, 49, 32, 45, 47, 13, 14, 52, 11, 51, 33, 43, 10, 9, 8, 41, 19, 26, 44, 34, 7, 2, 30, 23, 20, 50, 29, 16, 46, 27, 28, 12, 25, 4, 6, 15, 5, 24, 48, 38, 37, 40, 39, 36, 3, 18, 31, 22]

Individual 111:
  Route length: 12186
  Contribution to Diversity: 0
  Route: [1, 49, 32, 18, 3, 48, 24, 5, 15, 6, 4, 25, 12, 28, 7, 42, 21, 17, 38, 37, 40, 39, 36, 35, 34, 44, 46, 16, 29, 50, 8, 9, 10, 43, 33, 51, 11, 52, 14, 13, 47, 26, 27, 2, 30, 23, 20, 41, 19, 45, 31, 22]

Individual 112:
  Route length: 10277
  Contribution to Diversity: 0
  Route: [1, 49, 29, 16, 23, 30, 2, 48, 24, 5, 15, 6, 4, 25, 12, 28, 27, 26, 47, 13, 14, 52, 11, 51, 33, 43, 10, 9, 19, 41, 8, 45, 32, 50, 20, 46, 44, 34, 35, 36, 39, 40, 37, 38, 7, 42, 21, 17, 3, 18, 31, 22]

Individual 113:
  Route length: 12345
  Contribution to Diversity: 0.0009265484630525123
  Route: [1, 49, 30, 2, 7, 42, 21, 17, 3, 11, 52, 14, 28, 27, 26, 47, 13, 12, 25, 9, 8, 41, 19, 10, 48, 32, 45, 4, 6, 15, 5, 24, 23, 20, 50, 29, 16, 46, 44, 34, 35, 36, 39, 40, 37, 38, 43, 33, 51, 18, 31, 22]

Individual 114:
  Route length: 12336
  Contribution to Diversity: 0
  Route: [16, 29, 50, 8, 9, 10, 43, 33, 51, 11, 52, 14, 13, 47, 26, 27, 2, 30, 23, 20, 41, 19, 45, 32, 49, 1, 46, 44, 34, 35, 36, 39, 40, 37, 38, 17, 21, 42, 7, 28, 12, 25, 4, 6, 15, 5, 24, 48, 3, 18, 31, 22]

Individual 115:
  Route length: 8609
  Contribution to Diversity: 0
  Route: [1, 46, 44, 34, 35, 36, 39, 40, 4, 6, 15, 5, 24, 48, 38, 37, 25, 12, 28, 27, 26, 47, 13, 14, 52, 11, 51, 33, 43, 10, 9, 8, 41, 19, 45, 32, 49, 16, 21, 42, 7, 2, 30, 29, 50, 20, 23, 17, 3, 18, 31, 22]

Individual 116:
  Route length: 11483
  Contribution to Diversity: 0.0008662014904681214
  Route: [1, 49, 32, 39, 40, 4, 25, 12, 28, 27, 26, 34, 17, 21, 42, 7, 2, 30, 23, 20, 50, 29, 16, 46, 44, 51, 33, 43, 10, 9, 8, 41, 19, 3, 11, 52, 14, 13, 47, 35, 24, 48, 38, 37, 6, 15, 5, 36, 45, 18, 31, 22]

Individual 117:
  Route length: 13088
  Contribution to Diversity: 0.0011080166770351951
  Route: [1, 49, 30, 2, 7, 42, 21, 17, 3, 11, 43, 38, 37, 40, 39, 36, 35, 34, 44, 46, 16, 29, 50, 20, 23, 24, 5, 15, 6, 4, 45, 32, 48, 10, 9, 8, 41, 19, 25, 12, 13, 47, 26, 27, 28, 14, 52, 33, 51, 18, 31, 22]

Individual 118:
  Route length: 13191
  Contribution to Diversity: 0.0015601049304612147
  Route: [10, 43, 33, 51, 11, 1, 9, 8, 41, 18, 31, 24, 48, 47, 13, 14, 52, 49, 4, 25, 12, 28, 27, 26, 38, 37, 40, 39, 36, 35, 34, 23, 20, 50, 29, 16, 46, 44, 30, 2, 7, 42, 21, 17, 3, 19, 45, 32, 6, 15, 5, 22]

Individual 119:
  Route length: 10020
  Contribution to Diversity: 0
  Route: [1, 8, 9, 10, 43, 33, 51, 11, 52, 14, 13, 47, 26, 27, 28, 12, 25, 4, 6, 15, 5, 24, 48, 38, 37, 40, 39, 41, 19, 50, 45, 32, 49, 36, 35, 34, 44, 46, 16, 20, 29, 7, 2, 30, 23, 42, 21, 17, 3, 18, 31, 22]

Individual 120:
  Route length: 11251
  Contribution to Diversity: 0.0003323626730171725
  Route: [1, 7, 2, 30, 23, 20, 50, 44, 34, 35, 36, 39, 40, 37, 38, 48, 24, 5, 15, 6, 47, 13, 14, 52, 11, 51, 33, 43, 10, 9, 8, 41, 19, 27, 46, 16, 29, 26, 28, 12, 25, 4, 45, 32, 49, 42, 21, 17, 3, 18, 31, 22]

Individual 121:
  Route length: 12260
  Contribution to Diversity: 0.0015475867407142019
  Route: [1, 49, 32, 45, 50, 29, 16, 48, 38, 37, 40, 39, 41, 19, 20, 23, 36, 27, 26, 47, 13, 14, 52, 11, 51, 33, 43, 10, 9, 8, 28, 12, 25, 4, 2, 7, 42, 21, 17, 3, 18, 35, 34, 44, 46, 24, 5, 15, 6, 30, 31, 22]

Individual 122:
  Route length: 11709
  Contribution to Diversity: 0
  Route: [1, 49, 32, 45, 19, 34, 35, 36, 39, 40, 37, 38, 48, 24, 5, 15, 6, 4, 25, 12, 28, 7, 42, 21, 17, 3, 18, 31, 8, 9, 10, 43, 33, 51, 11, 52, 14, 13, 47, 26, 27, 2, 30, 23, 20, 41, 44, 46, 16, 29, 50, 22]

Individual 123:
  Route length: 9500
  Contribution to Diversity: 0
  Route: [1, 49, 32, 3, 17, 21, 42, 7, 2, 30, 23, 20, 50, 29, 16, 46, 44, 34, 5, 15, 6, 4, 25, 36, 35, 47, 26, 27, 28, 12, 39, 40, 37, 38, 48, 24, 13, 14, 52, 11, 51, 33, 43, 10, 9, 8, 41, 19, 45, 18, 31, 22]

Individual 124:
  Route length: 9346
  Contribution to Diversity: 0
  Route: [1, 49, 32, 45, 21, 42, 7, 2, 30, 23, 20, 50, 29, 16, 46, 44, 34, 51, 33, 11, 52, 14, 13, 47, 26, 27, 28, 12, 25, 4, 6, 15, 5, 24, 48, 38, 37, 40, 39, 36, 35, 43, 10, 9, 19, 41, 8, 17, 3, 18, 31, 22]

Individual 125:
  Route length: 12827
  Contribution to Diversity: 0.0023956162436720163
  Route: [1, 49, 32, 39, 40, 37, 38, 47, 13, 14, 52, 11, 3, 19, 41, 8, 9, 10, 43, 33, 46, 44, 51, 16, 29, 50, 20, 23, 30, 2, 7, 42, 21, 17, 34, 35, 24, 48, 26, 27, 28, 12, 25, 4, 18, 45, 36, 5, 15, 6, 31, 22]

Individual 126:
  Route length: 9725
  Contribution to Diversity: 0
  Route: [1, 49, 32, 45, 21, 42, 7, 2, 30, 23, 20, 50, 29, 16, 46, 44, 34, 51, 33, 11, 52, 14, 13, 47, 26, 27, 28, 12, 25, 4, 6, 15, 5, 24, 48, 38, 37, 40, 39, 41, 8, 9, 10, 43, 35, 36, 19, 17, 3, 18, 31, 22]

Individual 127:
  Route length: 10853
  Contribution to Diversity: 0.00036957321813080313
  Route: [1, 49, 32, 45, 19, 41, 50, 35, 36, 39, 40, 37, 16, 29, 8, 9, 10, 43, 33, 51, 11, 52, 14, 6, 4, 25, 12, 28, 27, 26, 47, 13, 15, 5, 24, 48, 38, 46, 44, 34, 20, 23, 30, 2, 7, 42, 21, 17, 3, 18, 31, 22]

Individual 128:
  Route length: 13193
  Contribution to Diversity: 0.0011826100169329834
  Route: [1, 49, 19, 45, 32, 41, 8, 51, 11, 52, 14, 13, 47, 10, 9, 33, 43, 26, 7, 2, 30, 23, 39, 36, 35, 34, 44, 46, 16, 29, 50, 20, 40, 4, 6, 15, 5, 24, 48, 38, 37, 25, 12, 28, 27, 42, 21, 17, 3, 18, 31, 22]

Individual 129:
  Route length: 10405
  Contribution to Diversity: 0
  Route: [1, 12, 39, 40, 37, 38, 48, 24, 13, 14, 52, 11, 51, 33, 43, 10, 9, 8, 41, 19, 45, 32, 49, 28, 27, 26, 47, 35, 36, 25, 4, 6, 15, 5, 34, 44, 46, 16, 29, 50, 20, 23, 30, 2, 7, 42, 21, 17, 3, 18, 31, 22]

Individual 130:
  Route length: 12293
  Contribution to Diversity: 0.001122322716465618
  Route: [1, 49, 32, 45, 19, 41, 50, 35, 36, 39, 40, 37, 16, 29, 8, 9, 10, 43, 33, 51, 11, 52, 14, 6, 4, 25, 12, 28, 27, 26, 47, 13, 7, 2, 30, 23, 20, 34, 44, 46, 38, 48, 24, 5, 15, 42, 21, 17, 3, 18, 31, 22]

Individual 131:
  Route length: 12996
  Contribution to Diversity: 0.0025832681144466463
  Route: [5, 24, 48, 38, 37, 23, 30, 11, 52, 14, 13, 47, 26, 27, 28, 32, 49, 35, 34, 7, 2, 17, 21, 42, 44, 46, 16, 29, 50, 20, 40, 39, 36, 1, 15, 6, 4, 25, 12, 45, 19, 41, 8, 9, 10, 43, 33, 51, 3, 18, 31, 22]

Individual 132:
  Route length: 11977
  Contribution to Diversity: 0.000736299105363436
  Route: [1, 49, 32, 45, 35, 37, 38, 48, 24, 5, 15, 6, 4, 25, 12, 18, 3, 17, 21, 42, 7, 2, 30, 23, 13, 14, 52, 11, 51, 33, 43, 10, 9, 8, 36, 50, 19, 41, 39, 40, 34, 44, 46, 16, 29, 20, 47, 26, 27, 28, 31, 22]

Individual 133:
  Route length: 12210
  Contribution to Diversity: 0.0014807770057823078
  Route: [10, 43, 33, 51, 11, 52, 14, 13, 47, 48, 24, 31, 18, 41, 8, 9, 1, 49, 4, 25, 12, 28, 27, 26, 38, 37, 40, 39, 36, 35, 34, 23, 20, 50, 29, 16, 46, 17, 21, 42, 7, 2, 30, 44, 3, 19, 45, 32, 6, 15, 5, 22]

Individual 134:
  Route length: 11279
  Contribution to Diversity: 0.0009803061534547908
  Route: [1, 49, 20, 23, 30, 2, 7, 42, 21, 17, 3, 18, 31, 41, 19, 45, 32, 50, 29, 16, 46, 44, 34, 35, 5, 15, 33, 51, 11, 52, 14, 48, 38, 37, 40, 39, 36, 24, 13, 12, 28, 27, 26, 47, 25, 4, 6, 43, 10, 9, 8, 22]

Individual 135:
  Route length: 11835
  Contribution to Diversity: 0.00010767417031232185
  Route: [1, 49, 32, 45, 47, 29, 16, 46, 44, 34, 35, 36, 39, 40, 37, 38, 48, 24, 12, 25, 4, 6, 15, 5, 28, 27, 26, 10, 43, 33, 51, 11, 52, 14, 13, 50, 20, 23, 30, 2, 7, 42, 21, 17, 3, 18, 31, 8, 41, 19, 9, 22]

Individual 136:
  Route length: 12611
  Contribution to Diversity: 0
  Route: [1, 11, 51, 33, 43, 10, 9, 8, 36, 50, 19, 41, 39, 40, 37, 38, 48, 24, 5, 15, 35, 34, 44, 46, 16, 29, 20, 23, 30, 2, 7, 42, 21, 17, 3, 18, 12, 25, 4, 6, 45, 32, 49, 52, 14, 13, 47, 26, 27, 28, 31, 22]

Individual 137:
  Route length: 10823
  Contribution to Diversity: 0
  Route: [1, 46, 44, 34, 35, 36, 39, 40, 4, 6, 15, 5, 24, 48, 38, 37, 25, 12, 28, 27, 42, 21, 16, 49, 32, 45, 19, 41, 8, 9, 10, 43, 33, 51, 11, 52, 14, 13, 47, 26, 7, 2, 30, 29, 50, 20, 23, 17, 3, 18, 31, 22]

Individual 138:
  Route length: 12168
  Contribution to Diversity: 0.0002963939808529048
  Route: [1, 49, 32, 45, 47, 37, 38, 48, 24, 5, 15, 6, 4, 44, 46, 16, 29, 40, 39, 36, 35, 34, 25, 12, 28, 27, 26, 10, 43, 33, 51, 11, 52, 14, 13, 50, 20, 23, 30, 2, 7, 42, 21, 17, 3, 18, 31, 8, 41, 19, 9, 22]

Individual 139:
  Route length: 10064
  Contribution to Diversity: 0
  Route: [1, 49, 32, 45, 50, 19, 41, 39, 40, 37, 38, 48, 24, 5, 29, 23, 30, 2, 7, 42, 21, 17, 3, 18, 31, 20, 16, 46, 44, 34, 35, 36, 8, 9, 10, 43, 33, 51, 11, 52, 14, 13, 47, 26, 27, 28, 12, 25, 4, 6, 15, 22]

Individual 140:
  Route length: 10641
  Contribution to Diversity: 0
  Route: [1, 49, 32, 45, 50, 19, 41, 39, 40, 37, 38, 48, 24, 5, 15, 6, 4, 25, 12, 28, 27, 26, 47, 13, 14, 52, 11, 51, 33, 20, 16, 46, 44, 34, 35, 36, 8, 9, 10, 43, 31, 18, 3, 17, 21, 42, 7, 2, 30, 23, 29, 22]

Individual 141:
  Route length: 10833
  Contribution to Diversity: 0
  Route: [1, 49, 24, 5, 15, 6, 4, 51, 33, 43, 38, 37, 40, 39, 36, 35, 34, 44, 46, 16, 29, 50, 20, 23, 30, 2, 7, 42, 21, 17, 3, 11, 52, 14, 28, 27, 26, 47, 13, 12, 25, 19, 41, 8, 9, 10, 48, 32, 45, 18, 31, 22]

Individual 142:
  Route length: 11544
  Contribution to Diversity: 5.327197033011544e-05
  Route: [1, 49, 32, 45, 19, 41, 8, 9, 10, 34, 35, 36, 39, 40, 37, 38, 7, 42, 21, 17, 3, 24, 5, 15, 6, 18, 48, 2, 30, 23, 20, 50, 29, 16, 46, 44, 43, 33, 51, 11, 52, 14, 13, 47, 26, 27, 28, 12, 4, 25, 31, 22]

Individual 143:
  Route length: 11367
  Contribution to Diversity: 0
  Route: [1, 49, 32, 45, 6, 4, 25, 12, 18, 3, 17, 21, 42, 7, 2, 30, 23, 20, 29, 16, 46, 44, 34, 35, 15, 5, 24, 48, 38, 37, 40, 39, 41, 19, 50, 36, 8, 9, 10, 43, 33, 51, 11, 28, 27, 26, 47, 13, 14, 52, 31, 22]

Individual 144:
  Route length: 11026
  Contribution to Diversity: 0.000229345391256075
  Route: [1, 37, 40, 39, 36, 16, 46, 44, 34, 35, 29, 50, 20, 23, 30, 2, 7, 42, 21, 17, 3, 11, 52, 14, 28, 27, 26, 47, 13, 12, 25, 4, 6, 15, 5, 24, 49, 38, 48, 32, 45, 19, 41, 8, 9, 10, 43, 33, 51, 18, 31, 22]

Individual 145:
  Route length: 9805
  Contribution to Diversity: 0
  Route: [1, 9, 8, 41, 19, 45, 32, 49, 16, 23, 20, 50, 29, 30, 2, 7, 42, 21, 17, 3, 38, 48, 24, 5, 15, 6, 4, 40, 39, 36, 35, 34, 44, 46, 10, 43, 33, 51, 11, 52, 14, 13, 47, 26, 27, 28, 12, 25, 37, 18, 31, 22]

Individual 146:
  Route length: 12822
  Contribution to Diversity: 0.002030582443917517
  Route: [10, 43, 33, 51, 11, 52, 14, 25, 12, 28, 27, 26, 38, 37, 40, 39, 36, 35, 34, 23, 20, 50, 29, 16, 46, 44, 30, 2, 7, 42, 21, 17, 3, 19, 45, 32, 4, 13, 47, 48, 24, 5, 15, 9, 1, 49, 6, 8, 41, 18, 31, 22]

Individual 147:
  Route length: 12066
  Contribution to Diversity: 0
  Route: [1, 49, 32, 45, 19, 7, 44, 34, 21, 42, 46, 16, 29, 50, 20, 23, 30, 2, 41, 8, 9, 10, 43, 33, 51, 11, 52, 14, 13, 47, 24, 5, 15, 6, 4, 25, 12, 28, 27, 26, 48, 38, 37, 40, 39, 36, 35, 17, 3, 18, 31, 22]

Individual 148:
  Route length: 12915
  Contribution to Diversity: 0.0010781449247412311
  Route: [1, 49, 32, 18, 3, 48, 24, 5, 15, 6, 4, 25, 12, 38, 17, 21, 42, 7, 28, 37, 40, 39, 36, 35, 34, 44, 46, 16, 29, 50, 8, 9, 10, 43, 33, 51, 11, 52, 14, 13, 47, 26, 27, 2, 30, 23, 20, 41, 19, 45, 31, 22]

Individual 149:
  Route length: 11471
  Contribution to Diversity: 0
  Route: [1, 49, 32, 45, 50, 19, 41, 39, 40, 37, 38, 48, 24, 5, 15, 6, 4, 25, 12, 29, 23, 30, 2, 7, 42, 21, 17, 3, 18, 31, 43, 10, 9, 8, 36, 35, 34, 44, 46, 16, 20, 33, 51, 11, 52, 14, 13, 47, 26, 27, 28, 22]

Total Entropy H: 4.775691844326398
