Individual 0:
  Route length: 13151
  Contribution to Diversity: 0.0004665198278592797
  Route: [18, 3, 17, 21, 42, 7, 2, 12, 25, 5, 34, 30, 23, 20, 50, 29, 16, 46, 44, 45, 32, 49, 1, 36, 19, 8, 4, 11, 51, 33, 43, 6, 35, 39, 40, 37, 15, 41, 10, 9, 52, 14, 13, 47, 26, 27, 28, 24, 48, 38, 31, 22]

Individual 1:
  Route length: 13138
  Contribution to Diversity: 0.0015527501599450488
  Route: [31, 1, 36, 39, 19, 45, 32, 49, 18, 8, 9, 10, 3, 17, 21, 42, 23, 15, 48, 40, 43, 33, 24, 5, 38, 29, 16, 46, 35, 25, 11, 52, 14, 13, 47, 26, 27, 28, 12, 51, 6, 4, 44, 34, 30, 2, 7, 41, 37, 50, 20, 22]

Individual 2:
  Route length: 13184
  Contribution to Diversity: 0.0018392700962754915
  Route: [50, 29, 16, 36, 48, 20, 42, 7, 2, 30, 23, 1, 49, 32, 25, 33, 4, 43, 38, 5, 46, 12, 51, 28, 27, 26, 47, 13, 14, 52, 11, 35, 19, 10, 41, 3, 17, 8, 9, 34, 45, 40, 6, 15, 39, 37, 24, 44, 18, 21, 31, 22]

Individual 3:
  Route length: 13167
  Contribution to Diversity: 0.0019084135811393566
  Route: [18, 19, 41, 8, 9, 10, 40, 38, 37, 26, 47, 13, 27, 28, 12, 25, 4, 6, 24, 34, 44, 48, 39, 1, 49, 32, 45, 42, 7, 2, 21, 17, 3, 15, 5, 33, 20, 43, 51, 11, 52, 14, 16, 23, 30, 31, 36, 35, 46, 29, 50, 22]

Individual 4:
  Route length: 13122
  Contribution to Diversity: 0.0012135436749192152
  Route: [1, 10, 50, 29, 16, 46, 19, 3, 18, 45, 43, 32, 49, 30, 2, 7, 42, 21, 17, 38, 37, 39, 44, 36, 6, 5, 15, 40, 33, 51, 11, 52, 14, 13, 47, 26, 27, 28, 25, 12, 4, 24, 48, 31, 41, 8, 9, 20, 23, 34, 35, 22]

Individual 5:
  Route length: 13186
  Contribution to Diversity: 0.0012696039683834925
  Route: [24, 10, 43, 33, 51, 11, 52, 14, 13, 47, 26, 27, 28, 12, 6, 49, 18, 30, 23, 20, 32, 34, 44, 1, 50, 16, 29, 42, 2, 7, 21, 46, 39, 3, 41, 8, 9, 40, 37, 38, 48, 17, 19, 45, 35, 15, 4, 36, 5, 25, 31, 22]

Individual 6:
  Route length: 13184
  Contribution to Diversity: 0.0014643003284993128
  Route: [3, 17, 21, 7, 42, 2, 30, 18, 20, 48, 38, 8, 1, 51, 11, 52, 14, 46, 13, 47, 26, 27, 28, 12, 25, 6, 39, 40, 31, 35, 49, 32, 16, 44, 34, 50, 29, 36, 37, 5, 15, 24, 4, 43, 33, 10, 9, 41, 19, 45, 23, 22]

Individual 7:
  Route length: 13119
  Contribution to Diversity: 0.0017954351034132898
  Route: [36, 39, 40, 43, 48, 38, 4, 18, 8, 9, 10, 3, 19, 50, 42, 7, 2, 30, 31, 17, 21, 20, 23, 5, 15, 45, 32, 41, 33, 51, 11, 52, 14, 12, 28, 27, 13, 47, 26, 37, 25, 6, 24, 34, 35, 49, 1, 44, 46, 16, 29, 22]

Individual 8:
  Route length: 13194
  Contribution to Diversity: 0.00047279020131707483
  Route: [26, 47, 13, 14, 52, 51, 12, 25, 4, 1, 20, 23, 29, 16, 46, 49, 50, 31, 18, 3, 17, 34, 35, 36, 38, 48, 44, 10, 41, 8, 9, 40, 15, 6, 5, 24, 39, 37, 28, 27, 11, 33, 43, 32, 19, 45, 21, 30, 2, 42, 7, 22]

Individual 9:
  Route length: 13190
  Contribution to Diversity: 0.0012986003127295476
  Route: [1, 25, 44, 51, 33, 43, 19, 41, 8, 9, 3, 18, 2, 7, 42, 21, 17, 46, 16, 29, 49, 32, 50, 4, 12, 28, 27, 11, 52, 13, 14, 47, 26, 38, 24, 48, 5, 15, 6, 45, 10, 36, 20, 23, 30, 39, 40, 37, 34, 35, 31, 22]

Individual 10:
  Route length: 12935
  Contribution to Diversity: 0.0008409814630807588
  Route: [35, 32, 37, 40, 48, 5, 51, 11, 52, 14, 13, 47, 26, 27, 28, 12, 25, 4, 6, 15, 38, 33, 43, 10, 20, 17, 45, 19, 7, 2, 42, 30, 44, 36, 39, 1, 34, 8, 41, 49, 31, 18, 23, 21, 50, 29, 16, 46, 24, 9, 3, 22]

Individual 11:
  Route length: 13113
  Contribution to Diversity: 0.0016199802732987933
  Route: [5, 15, 48, 49, 43, 33, 51, 11, 52, 14, 13, 47, 26, 27, 28, 35, 4, 12, 10, 38, 20, 30, 2, 7, 42, 21, 17, 23, 31, 50, 16, 46, 25, 24, 37, 40, 44, 34, 18, 29, 39, 6, 36, 32, 9, 8, 41, 3, 45, 19, 1, 22]

Individual 12:
  Route length: 13121
  Contribution to Diversity: 0.0018932428204747609
  Route: [48, 6, 4, 15, 5, 24, 25, 12, 28, 27, 26, 47, 3, 32, 45, 19, 41, 8, 9, 10, 43, 33, 30, 21, 42, 7, 2, 17, 49, 38, 34, 35, 36, 39, 40, 16, 18, 37, 44, 50, 20, 23, 29, 52, 11, 51, 13, 14, 46, 1, 31, 22]

Individual 13:
  Route length: 12869
  Contribution to Diversity: 0.0006068903074245569
  Route: [1, 49, 31, 18, 3, 17, 30, 23, 20, 2, 7, 42, 21, 50, 29, 16, 27, 26, 47, 12, 15, 24, 48, 28, 6, 4, 43, 5, 40, 39, 44, 46, 38, 32, 13, 14, 52, 11, 51, 33, 45, 34, 35, 36, 37, 25, 19, 41, 8, 9, 10, 22]

Individual 14:
  Route length: 13182
  Contribution to Diversity: 0.0007044116554633106
  Route: [30, 31, 4, 46, 16, 37, 24, 38, 25, 48, 29, 1, 35, 5, 15, 6, 26, 34, 3, 17, 21, 42, 7, 2, 50, 20, 23, 44, 36, 12, 28, 27, 47, 13, 14, 52, 11, 51, 33, 43, 40, 19, 41, 45, 39, 49, 32, 18, 10, 9, 8, 22]

Individual 15:
  Route length: 13073
  Contribution to Diversity: 0.000567376314346113
  Route: [30, 31, 4, 46, 16, 37, 24, 38, 25, 48, 29, 20, 50, 2, 7, 42, 21, 17, 3, 34, 26, 6, 15, 5, 35, 1, 23, 44, 36, 12, 28, 27, 47, 13, 14, 52, 11, 51, 33, 43, 40, 19, 41, 45, 39, 49, 32, 18, 10, 9, 8, 22]

Individual 16:
  Route length: 13160
  Contribution to Diversity: 0.0004615552393500977
  Route: [28, 27, 1, 49, 32, 48, 12, 26, 47, 13, 14, 52, 6, 34, 35, 40, 39, 45, 19, 41, 8, 9, 10, 43, 46, 33, 51, 11, 5, 15, 24, 4, 25, 37, 38, 36, 44, 31, 16, 29, 50, 42, 7, 2, 30, 23, 20, 21, 17, 18, 3, 22]

Individual 17:
  Route length: 13136
  Contribution to Diversity: 0.0008916041962452326
  Route: [20, 30, 2, 7, 42, 21, 17, 41, 8, 9, 12, 4, 25, 46, 16, 37, 18, 29, 50, 49, 43, 33, 51, 11, 52, 13, 14, 47, 26, 27, 28, 3, 23, 31, 32, 10, 48, 34, 44, 5, 6, 36, 38, 39, 35, 15, 24, 40, 45, 19, 1, 22]

Individual 18:
  Route length: 13089
  Contribution to Diversity: 0.0011545823293550583
  Route: [1, 49, 8, 9, 43, 34, 19, 41, 17, 45, 3, 32, 24, 47, 26, 36, 35, 10, 4, 6, 15, 5, 46, 38, 48, 28, 27, 14, 13, 52, 11, 51, 33, 12, 25, 44, 20, 23, 30, 2, 7, 42, 21, 50, 29, 16, 37, 40, 39, 18, 31, 22]

Individual 19:
  Route length: 13111
  Contribution to Diversity: 0.004232617476501055
  Route: [23, 35, 10, 43, 6, 50, 45, 19, 41, 9, 33, 20, 49, 1, 39, 15, 5, 40, 24, 38, 37, 48, 51, 11, 26, 47, 13, 14, 52, 27, 28, 12, 25, 4, 34, 36, 46, 16, 29, 21, 42, 2, 7, 30, 44, 8, 32, 3, 17, 18, 31, 22]

Individual 20:
  Route length: 13147
  Contribution to Diversity: 0.0007705202249876919
  Route: [35, 32, 37, 40, 48, 5, 44, 30, 42, 2, 7, 19, 45, 17, 20, 10, 43, 33, 38, 15, 6, 4, 25, 12, 28, 27, 26, 47, 13, 14, 52, 11, 51, 36, 39, 41, 8, 34, 1, 49, 31, 18, 23, 21, 50, 29, 16, 46, 24, 9, 3, 22]

Individual 21:
  Route length: 13174
  Contribution to Diversity: 0.0017635950464036654
  Route: [5, 15, 8, 9, 10, 43, 33, 51, 11, 52, 14, 13, 27, 47, 26, 6, 34, 44, 46, 4, 24, 48, 36, 39, 35, 25, 38, 1, 19, 41, 2, 7, 42, 21, 17, 32, 49, 40, 37, 16, 50, 45, 30, 29, 12, 28, 23, 20, 3, 18, 31, 22]

Individual 22:
  Route length: 13112
  Contribution to Diversity: 0.0014510410461001655
  Route: [1, 49, 32, 31, 42, 7, 17, 3, 39, 36, 35, 34, 15, 24, 48, 38, 16, 50, 20, 29, 23, 4, 27, 26, 47, 18, 2, 30, 21, 25, 12, 28, 5, 6, 44, 40, 46, 13, 14, 52, 11, 51, 33, 43, 10, 9, 8, 41, 19, 45, 37, 22]

Individual 23:
  Route length: 12886
  Contribution to Diversity: 0.002610496455886846
  Route: [18, 17, 3, 40, 6, 39, 32, 1, 49, 28, 51, 45, 38, 34, 35, 36, 15, 20, 19, 10, 41, 8, 9, 43, 4, 33, 25, 27, 26, 47, 13, 14, 52, 11, 12, 46, 5, 48, 37, 24, 44, 50, 29, 16, 23, 30, 2, 7, 42, 21, 31, 22]

Individual 24:
  Route length: 13143
  Contribution to Diversity: 0.0010672998088931962
  Route: [35, 34, 44, 23, 50, 29, 16, 46, 43, 33, 6, 37, 1, 49, 39, 36, 41, 48, 24, 5, 38, 51, 12, 28, 27, 26, 47, 13, 14, 52, 11, 25, 30, 42, 20, 31, 18, 32, 45, 10, 9, 8, 3, 17, 19, 4, 15, 40, 7, 2, 21, 22]

Individual 25:
  Route length: 13120
  Contribution to Diversity: 0.0018957717606049584
  Route: [49, 25, 24, 37, 4, 48, 6, 15, 5, 1, 50, 20, 29, 2, 7, 42, 17, 32, 8, 41, 19, 9, 10, 43, 33, 51, 12, 16, 36, 46, 34, 44, 21, 31, 30, 3, 18, 35, 45, 27, 28, 11, 52, 14, 13, 47, 26, 40, 39, 38, 23, 22]

Individual 26:
  Route length: 12761
  Contribution to Diversity: 0.0002070170592682885
  Route: [32, 44, 39, 34, 36, 35, 45, 19, 41, 6, 46, 16, 1, 49, 26, 47, 28, 12, 25, 14, 13, 27, 5, 38, 37, 24, 4, 52, 11, 51, 33, 43, 10, 9, 8, 48, 15, 40, 20, 23, 42, 7, 2, 30, 29, 50, 17, 21, 3, 18, 31, 22]

Individual 27:
  Route length: 13045
  Contribution to Diversity: 0.0015374460642521015
  Route: [20, 50, 29, 3, 17, 21, 42, 7, 2, 32, 28, 27, 26, 47, 14, 46, 39, 37, 24, 48, 1, 31, 36, 40, 38, 30, 23, 16, 35, 34, 18, 49, 45, 19, 41, 8, 9, 10, 43, 33, 4, 25, 12, 5, 15, 6, 51, 11, 52, 13, 44, 22]

Individual 28:
  Route length: 13153
  Contribution to Diversity: 0.0010230299667766118
  Route: [23, 50, 29, 16, 44, 30, 2, 7, 42, 21, 3, 17, 37, 40, 51, 11, 52, 47, 13, 14, 27, 28, 26, 12, 25, 4, 6, 35, 39, 36, 5, 15, 43, 33, 48, 20, 31, 41, 8, 10, 46, 38, 18, 32, 34, 24, 49, 1, 45, 19, 9, 22]

Individual 29:
  Route length: 12992
  Contribution to Diversity: 0.001069820299188784
  Route: [43, 37, 5, 25, 15, 45, 21, 17, 3, 19, 41, 8, 9, 10, 49, 48, 44, 46, 36, 50, 38, 39, 40, 24, 6, 4, 31, 23, 20, 32, 1, 16, 29, 26, 47, 13, 27, 28, 12, 14, 52, 11, 51, 33, 34, 35, 42, 7, 2, 30, 18, 22]

Individual 30:
  Route length: 13131
  Contribution to Diversity: 0.001310403993101339
  Route: [44, 17, 3, 45, 40, 23, 21, 2, 7, 42, 38, 15, 6, 46, 39, 34, 49, 5, 12, 13, 52, 11, 51, 28, 27, 14, 47, 26, 24, 48, 29, 50, 30, 20, 36, 1, 31, 37, 32, 35, 19, 41, 8, 9, 10, 43, 33, 4, 25, 16, 18, 22]

Individual 31:
  Route length: 13185
  Contribution to Diversity: 0.0014675764023932558
  Route: [1, 49, 34, 15, 24, 4, 48, 38, 37, 6, 51, 33, 9, 8, 41, 16, 29, 50, 21, 42, 7, 2, 30, 23, 20, 40, 32, 3, 17, 45, 19, 10, 25, 44, 46, 5, 52, 14, 13, 47, 26, 28, 27, 11, 43, 12, 35, 36, 39, 18, 31, 22]

Individual 32:
  Route length: 13099
  Contribution to Diversity: 0.0019268064591670964
  Route: [32, 31, 20, 23, 30, 2, 7, 17, 21, 48, 39, 38, 6, 49, 1, 3, 41, 8, 9, 12, 25, 5, 45, 19, 10, 43, 33, 51, 11, 52, 14, 13, 28, 27, 26, 47, 40, 36, 4, 15, 35, 37, 44, 34, 50, 16, 29, 42, 18, 46, 24, 22]

Individual 33:
  Route length: 13146
  Contribution to Diversity: 0.0016743983394125195
  Route: [18, 41, 8, 10, 17, 3, 1, 20, 48, 34, 9, 19, 32, 39, 6, 28, 51, 27, 26, 47, 13, 14, 52, 11, 12, 46, 5, 15, 36, 45, 38, 43, 4, 33, 25, 49, 40, 35, 37, 24, 44, 50, 29, 16, 23, 30, 2, 7, 42, 21, 31, 22]

Individual 34:
  Route length: 12879
  Contribution to Diversity: 0.000979569489683918
  Route: [39, 36, 40, 21, 2, 30, 1, 49, 32, 37, 35, 23, 29, 50, 20, 16, 28, 12, 25, 15, 27, 26, 47, 18, 3, 17, 7, 42, 31, 45, 19, 41, 8, 9, 10, 43, 33, 51, 11, 52, 14, 13, 34, 24, 4, 38, 48, 5, 6, 44, 46, 22]

Individual 35:
  Route length: 13180
  Contribution to Diversity: 0.001158485289884048
  Route: [39, 36, 40, 21, 2, 30, 1, 45, 19, 41, 8, 9, 10, 43, 33, 51, 11, 52, 14, 13, 34, 24, 4, 16, 20, 50, 29, 23, 35, 37, 32, 49, 31, 42, 7, 17, 3, 18, 47, 26, 27, 15, 25, 12, 28, 38, 48, 5, 6, 44, 46, 22]

Individual 36:
  Route length: 13139
  Contribution to Diversity: 0.0013405146671692236
  Route: [32, 31, 20, 23, 30, 2, 7, 21, 17, 34, 50, 16, 29, 42, 18, 46, 15, 4, 36, 40, 47, 26, 27, 28, 13, 14, 52, 11, 51, 33, 43, 10, 19, 45, 5, 25, 12, 9, 8, 41, 3, 1, 49, 48, 44, 37, 35, 24, 39, 6, 38, 22]

Individual 37:
  Route length: 13154
  Contribution to Diversity: 0.0015320759165087239
  Route: [38, 16, 20, 36, 1, 31, 34, 39, 40, 46, 6, 45, 3, 17, 49, 24, 28, 26, 27, 47, 14, 51, 11, 52, 13, 12, 5, 48, 29, 50, 30, 23, 21, 42, 7, 2, 44, 25, 4, 15, 33, 43, 10, 9, 8, 41, 19, 37, 32, 35, 18, 22]

Individual 38:
  Route length: 13170
  Contribution to Diversity: 0.0011931136934766329
  Route: [25, 5, 44, 48, 49, 10, 9, 8, 41, 19, 3, 17, 21, 45, 15, 43, 37, 46, 36, 50, 38, 39, 40, 24, 6, 4, 31, 23, 20, 32, 1, 16, 29, 26, 47, 13, 27, 28, 12, 14, 52, 11, 51, 33, 34, 35, 42, 7, 2, 30, 18, 22]

Individual 39:
  Route length: 13157
  Contribution to Diversity: 0.0016617823455638003
  Route: [3, 17, 21, 7, 42, 2, 30, 18, 23, 45, 19, 41, 9, 10, 33, 43, 4, 24, 15, 5, 37, 36, 29, 50, 34, 44, 16, 32, 49, 35, 31, 40, 39, 6, 25, 12, 28, 27, 26, 47, 14, 46, 13, 52, 11, 51, 1, 8, 38, 48, 20, 22]

Individual 40:
  Route length: 13195
  Contribution to Diversity: 0.0005804444162773592
  Route: [37, 18, 39, 38, 36, 6, 5, 44, 34, 48, 40, 49, 43, 33, 12, 4, 25, 46, 16, 20, 30, 2, 7, 42, 21, 17, 41, 8, 9, 51, 11, 52, 13, 14, 47, 26, 27, 28, 3, 23, 31, 50, 29, 35, 15, 24, 10, 32, 45, 19, 1, 22]

Individual 41:
  Route length: 12915
  Contribution to Diversity: 0.00026457688598302553
  Route: [49, 25, 39, 38, 36, 16, 12, 51, 33, 43, 10, 9, 19, 41, 8, 45, 27, 28, 11, 52, 14, 13, 47, 26, 40, 37, 15, 34, 35, 18, 3, 30, 31, 21, 44, 32, 17, 42, 2, 7, 29, 50, 20, 1, 6, 4, 48, 24, 5, 46, 23, 22]

Individual 42:
  Route length: 12768
  Contribution to Diversity: 0.0013955377143854975
  Route: [35, 43, 41, 10, 9, 8, 18, 25, 45, 32, 24, 46, 29, 16, 50, 19, 3, 42, 7, 2, 30, 31, 17, 21, 20, 23, 37, 4, 6, 48, 38, 15, 5, 26, 47, 13, 27, 28, 12, 14, 52, 11, 51, 33, 40, 39, 36, 34, 44, 1, 49, 22]

Individual 43:
  Route length: 13077
  Contribution to Diversity: 0.0009640773244559142
  Route: [1, 46, 44, 35, 49, 32, 45, 19, 41, 8, 9, 10, 43, 33, 51, 11, 5, 38, 36, 34, 40, 24, 48, 16, 20, 50, 12, 28, 27, 26, 14, 52, 13, 23, 47, 6, 29, 37, 15, 39, 4, 25, 30, 21, 2, 7, 42, 3, 17, 18, 31, 22]

Individual 44:
  Route length: 13040
  Contribution to Diversity: 0.00034090170423528576
  Route: [41, 8, 43, 33, 51, 11, 52, 14, 13, 47, 26, 28, 12, 10, 9, 19, 45, 44, 34, 35, 40, 37, 4, 39, 30, 23, 2, 7, 42, 29, 16, 46, 31, 18, 3, 20, 50, 27, 6, 15, 5, 24, 1, 38, 48, 36, 25, 49, 32, 17, 21, 22]

Individual 45:
  Route length: 13007
  Contribution to Diversity: 0.0005422601706328578
  Route: [35, 23, 41, 9, 45, 19, 34, 36, 10, 43, 33, 46, 39, 15, 5, 40, 24, 37, 38, 51, 11, 52, 14, 13, 47, 26, 27, 28, 12, 25, 4, 6, 48, 50, 1, 49, 20, 16, 29, 32, 8, 42, 2, 7, 30, 44, 21, 3, 17, 18, 31, 22]

Individual 46:
  Route length: 13121
  Contribution to Diversity: 0.0009411242311569978
  Route: [3, 45, 49, 5, 12, 51, 11, 52, 13, 14, 47, 26, 27, 28, 33, 43, 10, 9, 8, 41, 19, 35, 39, 34, 20, 36, 37, 38, 17, 16, 18, 1, 32, 40, 46, 6, 15, 23, 30, 50, 44, 25, 4, 21, 2, 7, 42, 29, 48, 24, 31, 22]

Individual 47:
  Route length: 13055
  Contribution to Diversity: 0.0010282765105111835
  Route: [35, 23, 41, 9, 45, 19, 34, 36, 10, 43, 33, 49, 1, 50, 48, 6, 4, 25, 12, 28, 27, 26, 47, 13, 14, 52, 11, 51, 38, 37, 24, 40, 5, 15, 39, 46, 20, 16, 29, 32, 8, 42, 2, 7, 30, 44, 21, 3, 17, 18, 31, 22]

Individual 48:
  Route length: 12819
  Contribution to Diversity: 0.0004993649818620938
  Route: [18, 36, 37, 34, 31, 3, 17, 21, 42, 7, 2, 45, 19, 41, 8, 1, 46, 30, 23, 20, 32, 49, 35, 51, 11, 52, 14, 16, 29, 50, 39, 40, 38, 44, 13, 47, 26, 27, 28, 12, 25, 10, 9, 33, 43, 4, 6, 48, 24, 5, 15, 22]

Individual 49:
  Route length: 13109
  Contribution to Diversity: 0.00041361909268555763
  Route: [1, 34, 30, 2, 7, 42, 21, 17, 50, 20, 29, 16, 46, 35, 44, 23, 25, 33, 37, 41, 40, 4, 6, 15, 19, 43, 12, 51, 28, 27, 26, 47, 13, 14, 52, 11, 5, 38, 24, 48, 45, 32, 49, 3, 9, 10, 8, 39, 36, 18, 31, 22]

Individual 50:
  Route length: 13151
  Contribution to Diversity: 0.001273412150700537
  Route: [32, 33, 43, 40, 24, 23, 36, 49, 34, 39, 35, 4, 6, 20, 50, 29, 16, 46, 25, 30, 2, 7, 42, 21, 17, 31, 18, 3, 41, 19, 45, 1, 10, 38, 48, 26, 47, 13, 14, 52, 11, 51, 28, 27, 12, 44, 5, 15, 37, 9, 8, 22]

Individual 51:
  Route length: 13148
  Contribution to Diversity: 0.0017964791885587417
  Route: [1, 7, 2, 30, 17, 3, 18, 21, 42, 49, 23, 35, 34, 44, 46, 47, 26, 51, 33, 43, 10, 9, 31, 16, 29, 50, 20, 36, 5, 24, 48, 13, 14, 52, 11, 27, 28, 12, 15, 19, 41, 8, 25, 6, 4, 38, 37, 40, 39, 32, 45, 22]

Individual 52:
  Route length: 13140
  Contribution to Diversity: 0.0009838036864211475
  Route: [50, 29, 16, 36, 39, 15, 6, 1, 49, 32, 25, 33, 4, 43, 38, 34, 11, 52, 14, 13, 47, 26, 27, 28, 51, 12, 48, 40, 18, 44, 24, 37, 45, 35, 19, 10, 41, 3, 17, 8, 9, 5, 46, 20, 23, 30, 2, 7, 42, 21, 31, 22]

Individual 53:
  Route length: 12958
  Contribution to Diversity: 0.0006300217866606062
  Route: [39, 44, 1, 49, 32, 45, 41, 8, 10, 9, 18, 25, 38, 48, 43, 40, 19, 3, 33, 51, 11, 52, 14, 12, 28, 27, 13, 47, 26, 37, 5, 6, 4, 35, 29, 16, 46, 50, 42, 7, 2, 30, 31, 17, 21, 20, 23, 36, 15, 24, 34, 22]

Individual 54:
  Route length: 13170
  Contribution to Diversity: 0.0020926022404639255
  Route: [18, 1, 36, 39, 37, 34, 31, 16, 50, 20, 49, 35, 30, 21, 2, 7, 42, 38, 48, 40, 46, 24, 28, 14, 47, 26, 27, 25, 4, 33, 43, 10, 9, 8, 41, 19, 45, 3, 23, 32, 17, 29, 6, 15, 5, 12, 51, 11, 52, 13, 44, 22]

Individual 55:
  Route length: 13081
  Contribution to Diversity: 0.0004962447024832173
  Route: [38, 48, 4, 36, 17, 21, 7, 2, 30, 23, 20, 32, 35, 45, 3, 1, 50, 16, 29, 42, 18, 49, 10, 33, 51, 11, 52, 14, 13, 47, 26, 27, 28, 12, 6, 43, 24, 39, 46, 19, 41, 8, 9, 40, 37, 44, 34, 15, 5, 25, 31, 22]

Individual 56:
  Route length: 12968
  Contribution to Diversity: 0.0011507119580693725
  Route: [44, 36, 20, 30, 50, 29, 48, 24, 26, 47, 14, 27, 28, 51, 11, 52, 13, 12, 5, 49, 34, 39, 46, 6, 15, 38, 42, 7, 2, 21, 23, 40, 45, 3, 17, 1, 31, 37, 32, 35, 19, 41, 8, 9, 10, 43, 33, 4, 25, 16, 18, 22]

Individual 57:
  Route length: 12890
  Contribution to Diversity: 0.0007015354671224827
  Route: [1, 49, 31, 18, 3, 17, 23, 30, 20, 2, 7, 42, 21, 50, 29, 16, 27, 26, 47, 12, 15, 24, 48, 28, 6, 4, 43, 5, 40, 39, 44, 46, 38, 32, 13, 14, 52, 11, 51, 33, 45, 34, 35, 36, 37, 25, 19, 41, 8, 9, 10, 22]

Individual 58:
  Route length: 13034
  Contribution to Diversity: 0.0011401842667044804
  Route: [1, 23, 50, 16, 29, 37, 9, 17, 3, 31, 41, 8, 10, 39, 36, 40, 35, 5, 24, 49, 34, 32, 43, 33, 48, 51, 11, 52, 14, 13, 47, 27, 26, 28, 12, 25, 4, 6, 46, 15, 44, 30, 2, 7, 42, 21, 20, 45, 19, 18, 38, 22]

Individual 59:
  Route length: 12917
  Contribution to Diversity: 0
  Route: [1, 34, 30, 2, 7, 42, 21, 17, 50, 20, 29, 16, 46, 23, 44, 35, 25, 33, 37, 41, 40, 4, 6, 15, 19, 43, 51, 12, 28, 27, 26, 47, 13, 14, 52, 11, 5, 38, 24, 48, 45, 32, 49, 3, 9, 10, 8, 39, 36, 18, 31, 22]

Individual 60:
  Route length: 13109
  Contribution to Diversity: 0.0017141641312514722
  Route: [23, 18, 16, 29, 50, 46, 43, 33, 48, 36, 38, 15, 5, 51, 11, 52, 47, 13, 14, 27, 28, 26, 12, 25, 4, 6, 40, 37, 9, 17, 3, 21, 42, 7, 2, 30, 31, 20, 44, 41, 8, 10, 35, 39, 32, 24, 34, 49, 1, 45, 19, 22]

Individual 61:
  Route length: 13079
  Contribution to Diversity: 0.0019121825483461308
  Route: [1, 31, 17, 3, 49, 21, 42, 18, 19, 41, 9, 10, 43, 33, 51, 26, 47, 14, 52, 11, 27, 28, 12, 25, 8, 50, 20, 7, 2, 30, 23, 29, 16, 39, 40, 38, 37, 4, 6, 15, 35, 34, 44, 46, 5, 24, 48, 13, 36, 32, 45, 22]

Individual 62:
  Route length: 12707
  Contribution to Diversity: 0.002050273655541446
  Route: [31, 18, 50, 29, 16, 43, 36, 34, 35, 32, 3, 17, 21, 42, 7, 2, 30, 23, 20, 49, 44, 46, 51, 33, 6, 10, 45, 19, 41, 8, 9, 15, 11, 12, 25, 4, 5, 14, 52, 13, 47, 26, 28, 27, 24, 48, 38, 37, 40, 39, 1, 22]

Individual 63:
  Route length: 12833
  Contribution to Diversity: 0.00032379593974951604
  Route: [32, 44, 39, 37, 38, 5, 27, 13, 14, 25, 12, 28, 47, 26, 49, 1, 16, 46, 6, 41, 19, 45, 35, 36, 34, 24, 4, 52, 11, 51, 33, 43, 10, 9, 8, 48, 15, 40, 20, 23, 42, 7, 2, 30, 29, 50, 17, 21, 3, 18, 31, 22]

Individual 64:
  Route length: 13188
  Contribution to Diversity: 0.001818473319934455
  Route: [45, 25, 14, 13, 47, 4, 6, 15, 39, 46, 26, 27, 28, 12, 33, 43, 10, 9, 8, 19, 41, 44, 38, 40, 37, 24, 48, 11, 51, 52, 5, 34, 35, 23, 30, 20, 50, 29, 16, 36, 3, 17, 21, 42, 7, 2, 31, 1, 18, 49, 32, 22]

Individual 65:
  Route length: 13116
  Contribution to Diversity: 0.0009066621733717639
  Route: [18, 41, 8, 9, 34, 48, 44, 50, 29, 16, 23, 30, 2, 7, 42, 21, 20, 28, 51, 27, 26, 47, 13, 14, 52, 11, 12, 46, 15, 5, 36, 45, 38, 43, 4, 33, 25, 49, 40, 35, 37, 24, 6, 39, 32, 10, 19, 17, 3, 1, 31, 22]

Individual 66:
  Route length: 12856
  Contribution to Diversity: 0.00031187455661019214
  Route: [44, 38, 39, 32, 29, 24, 25, 46, 16, 50, 31, 23, 17, 21, 42, 7, 2, 30, 20, 6, 36, 49, 43, 33, 51, 11, 52, 14, 13, 47, 26, 27, 28, 35, 48, 37, 40, 15, 5, 4, 12, 10, 34, 18, 9, 8, 41, 3, 45, 19, 1, 22]

Individual 67:
  Route length: 13182
  Contribution to Diversity: 0.00012246102006496784
  Route: [29, 34, 49, 37, 38, 39, 45, 3, 19, 32, 18, 17, 21, 42, 7, 2, 30, 23, 20, 31, 50, 16, 46, 15, 35, 25, 40, 48, 12, 4, 28, 26, 27, 47, 14, 13, 52, 11, 51, 33, 43, 10, 24, 6, 9, 5, 44, 1, 41, 8, 36, 22]

Individual 68:
  Route length: 12831
  Contribution to Diversity: 0
  Route: [49, 25, 32, 17, 42, 2, 7, 29, 50, 20, 1, 6, 4, 48, 24, 5, 15, 37, 40, 26, 47, 13, 14, 52, 11, 28, 27, 45, 8, 41, 19, 9, 10, 43, 33, 51, 12, 16, 36, 38, 39, 44, 21, 31, 30, 3, 18, 35, 34, 46, 23, 22]

Individual 69:
  Route length: 12798
  Contribution to Diversity: 0
  Route: [49, 25, 39, 38, 36, 16, 12, 51, 33, 43, 10, 9, 19, 41, 8, 32, 30, 31, 21, 44, 45, 27, 28, 11, 52, 14, 13, 47, 26, 15, 37, 40, 5, 24, 48, 4, 6, 1, 20, 50, 29, 7, 2, 42, 17, 3, 18, 35, 34, 46, 23, 22]

Individual 70:
  Route length: 13166
  Contribution to Diversity: 0.0014981769529942568
  Route: [35, 39, 49, 1, 37, 6, 33, 43, 46, 16, 29, 50, 23, 44, 34, 36, 41, 48, 24, 5, 38, 51, 12, 28, 27, 26, 47, 13, 14, 52, 11, 25, 30, 42, 20, 31, 18, 32, 45, 10, 9, 8, 3, 17, 19, 4, 15, 40, 7, 2, 21, 22]

Individual 71:
  Route length: 12845
  Contribution to Diversity: 0
  Route: [1, 8, 9, 10, 6, 4, 12, 28, 49, 15, 5, 37, 40, 19, 41, 45, 24, 38, 48, 25, 35, 18, 32, 29, 46, 39, 36, 44, 3, 17, 21, 42, 7, 2, 50, 20, 23, 47, 27, 26, 13, 14, 52, 11, 51, 33, 43, 34, 16, 30, 31, 22]

Individual 72:
  Route length: 13128
  Contribution to Diversity: 0
  Route: [29, 34, 25, 35, 15, 46, 16, 50, 31, 20, 23, 30, 2, 7, 42, 21, 17, 18, 32, 19, 3, 45, 39, 38, 37, 49, 40, 48, 12, 4, 28, 27, 26, 47, 14, 13, 52, 11, 51, 33, 43, 10, 24, 6, 9, 5, 44, 1, 41, 8, 36, 22]

Individual 73:
  Route length: 12923
  Contribution to Diversity: 0
  Route: [1, 8, 9, 10, 6, 4, 12, 28, 49, 15, 5, 37, 40, 19, 41, 45, 24, 38, 48, 25, 35, 18, 32, 29, 46, 39, 36, 44, 3, 17, 21, 42, 7, 2, 31, 30, 16, 34, 43, 33, 51, 11, 52, 14, 13, 26, 27, 47, 23, 20, 50, 22]

Individual 74:
  Route length: 13119
  Contribution to Diversity: 0
  Route: [26, 47, 13, 14, 52, 51, 12, 25, 4, 1, 20, 23, 49, 32, 43, 33, 11, 27, 28, 37, 39, 24, 5, 6, 15, 40, 9, 8, 41, 10, 44, 48, 38, 34, 35, 36, 17, 3, 18, 31, 50, 29, 16, 46, 19, 45, 21, 30, 2, 42, 7, 22]

Individual 75:
  Route length: 12577
  Contribution to Diversity: 0.0013405618277451126
  Route: [1, 16, 44, 34, 37, 46, 29, 28, 27, 47, 13, 14, 52, 11, 51, 33, 43, 35, 39, 36, 25, 48, 38, 24, 5, 40, 12, 4, 31, 2, 7, 42, 30, 50, 20, 23, 26, 6, 15, 10, 9, 8, 18, 32, 49, 19, 41, 45, 21, 17, 3, 22]

Individual 76:
  Route length: 12912
  Contribution to Diversity: 0
  Route: [1, 45, 10, 33, 51, 12, 28, 27, 4, 5, 24, 34, 35, 20, 23, 6, 15, 43, 9, 8, 41, 19, 49, 37, 46, 44, 36, 50, 3, 17, 21, 42, 7, 2, 30, 48, 40, 16, 25, 26, 29, 47, 13, 14, 52, 11, 38, 39, 32, 18, 31, 22]

Individual 77:
  Route length: 13038
  Contribution to Diversity: 0.001042765284723579
  Route: [3, 45, 49, 35, 19, 41, 8, 9, 10, 43, 33, 28, 27, 26, 47, 14, 13, 52, 11, 51, 12, 5, 39, 34, 20, 36, 37, 38, 17, 16, 18, 1, 32, 40, 46, 6, 15, 23, 30, 50, 44, 25, 4, 21, 2, 7, 42, 29, 48, 24, 31, 22]

Individual 78:
  Route length: 13088
  Contribution to Diversity: 0.001770995712269574
  Route: [30, 2, 7, 42, 20, 31, 17, 21, 36, 24, 4, 6, 40, 39, 34, 35, 29, 16, 46, 44, 1, 38, 15, 5, 18, 14, 52, 11, 51, 33, 10, 9, 8, 41, 19, 3, 43, 50, 23, 48, 25, 12, 28, 27, 13, 47, 26, 37, 45, 32, 49, 22]

Individual 79:
  Route length: 12922
  Contribution to Diversity: 0.0011364169710583738
  Route: [38, 6, 46, 24, 28, 27, 26, 47, 14, 51, 11, 52, 13, 12, 33, 15, 4, 25, 44, 2, 7, 42, 21, 23, 32, 37, 36, 35, 20, 30, 50, 29, 48, 5, 43, 10, 9, 8, 41, 19, 1, 31, 34, 39, 40, 49, 17, 3, 45, 16, 18, 22]

Individual 80:
  Route length: 13026
  Contribution to Diversity: 0.0009844782508361405
  Route: [39, 44, 1, 49, 32, 45, 41, 8, 10, 9, 17, 21, 20, 23, 36, 15, 5, 6, 4, 35, 29, 16, 46, 40, 37, 26, 47, 27, 13, 28, 12, 14, 52, 11, 51, 33, 3, 19, 50, 42, 7, 2, 30, 31, 18, 25, 38, 48, 43, 24, 34, 22]

Individual 81:
  Route length: 13039
  Contribution to Diversity: 0
  Route: [1, 8, 9, 10, 6, 4, 28, 12, 49, 15, 5, 37, 40, 19, 45, 41, 24, 38, 48, 25, 35, 18, 32, 29, 46, 39, 36, 44, 3, 17, 21, 42, 7, 2, 50, 20, 23, 47, 27, 26, 13, 14, 52, 11, 51, 33, 43, 34, 16, 30, 31, 22]

Individual 82:
  Route length: 13092
  Contribution to Diversity: 0.0015112439130433586
  Route: [18, 41, 8, 9, 34, 48, 44, 50, 29, 16, 23, 30, 2, 7, 42, 21, 20, 28, 51, 27, 26, 47, 13, 14, 52, 11, 12, 46, 15, 5, 36, 45, 38, 6, 24, 37, 35, 40, 49, 25, 33, 4, 43, 39, 32, 19, 10, 17, 3, 1, 31, 22]

Individual 83:
  Route length: 12850
  Contribution to Diversity: 0.0015211175439571178
  Route: [23, 30, 2, 7, 42, 21, 17, 3, 32, 49, 1, 35, 34, 52, 12, 25, 45, 43, 10, 41, 19, 8, 9, 33, 51, 11, 16, 29, 46, 37, 39, 15, 6, 4, 27, 28, 14, 13, 47, 26, 48, 38, 40, 44, 36, 24, 5, 50, 20, 31, 18, 22]

Individual 84:
  Route length: 12896
  Contribution to Diversity: 0
  Route: [41, 8, 43, 33, 51, 11, 52, 14, 13, 47, 26, 50, 20, 3, 18, 31, 46, 16, 29, 42, 7, 2, 23, 30, 39, 4, 37, 40, 35, 34, 44, 45, 19, 9, 10, 12, 28, 27, 6, 15, 5, 24, 1, 38, 48, 36, 25, 49, 32, 17, 21, 22]

Individual 85:
  Route length: 12688
  Contribution to Diversity: 0
  Route: [1, 6, 15, 43, 9, 8, 41, 19, 49, 37, 40, 48, 30, 2, 7, 42, 21, 17, 3, 50, 36, 44, 46, 16, 25, 26, 29, 47, 13, 14, 52, 11, 38, 39, 24, 5, 4, 27, 28, 12, 51, 33, 10, 45, 23, 20, 35, 34, 32, 18, 31, 22]

Individual 86:
  Route length: 13087
  Contribution to Diversity: 0.00017027882737608024
  Route: [1, 34, 30, 2, 7, 42, 21, 17, 50, 20, 29, 16, 46, 35, 44, 23, 25, 33, 38, 5, 11, 52, 14, 13, 47, 26, 27, 28, 51, 12, 43, 19, 15, 6, 4, 40, 41, 37, 24, 48, 45, 32, 49, 3, 9, 10, 8, 39, 36, 18, 31, 22]

Individual 87:
  Route length: 13131
  Contribution to Diversity: 0.0009556046358394354
  Route: [26, 47, 13, 14, 52, 51, 28, 27, 37, 39, 24, 5, 6, 15, 40, 9, 8, 41, 10, 44, 48, 38, 36, 35, 34, 17, 3, 18, 31, 50, 29, 16, 46, 49, 20, 23, 1, 4, 25, 12, 11, 33, 43, 32, 45, 19, 21, 30, 42, 2, 7, 22]

Individual 88:
  Route length: 12798
  Contribution to Diversity: 0
  Route: [1, 45, 10, 33, 51, 12, 28, 27, 4, 5, 24, 39, 38, 11, 52, 14, 13, 47, 29, 26, 25, 16, 46, 44, 36, 50, 3, 18, 32, 34, 35, 20, 23, 6, 15, 43, 9, 8, 41, 19, 49, 37, 40, 48, 30, 2, 7, 42, 21, 17, 31, 22]

Individual 89:
  Route length: 12955
  Contribution to Diversity: 0.0009711718316269824
  Route: [5, 15, 40, 37, 48, 35, 24, 25, 46, 16, 50, 31, 19, 45, 3, 41, 8, 9, 18, 34, 10, 12, 4, 44, 38, 39, 32, 29, 28, 27, 26, 47, 13, 14, 52, 11, 51, 33, 43, 49, 36, 6, 20, 30, 2, 7, 42, 21, 17, 23, 1, 22]

Individual 90:
  Route length: 12963
  Contribution to Diversity: 0.0010069773045993102
  Route: [38, 6, 46, 40, 39, 34, 31, 1, 19, 41, 8, 9, 10, 43, 5, 48, 29, 50, 30, 20, 35, 45, 3, 17, 49, 24, 28, 27, 26, 47, 14, 51, 11, 52, 13, 12, 33, 15, 4, 25, 44, 2, 7, 42, 21, 23, 32, 36, 37, 16, 18, 22]

Individual 91:
  Route length: 13032
  Contribution to Diversity: 0.0009669869204094184
  Route: [1, 20, 50, 12, 28, 27, 26, 14, 52, 13, 23, 47, 44, 35, 49, 32, 45, 19, 41, 8, 9, 10, 43, 33, 51, 11, 5, 15, 39, 4, 25, 48, 16, 46, 6, 29, 38, 37, 36, 34, 40, 24, 30, 21, 2, 7, 42, 3, 17, 31, 18, 22]

Individual 92:
  Route length: 13029
  Contribution to Diversity: 0.0020789768742908166
  Route: [31, 17, 21, 1, 40, 37, 48, 24, 5, 39, 34, 35, 36, 19, 45, 32, 10, 9, 8, 49, 38, 43, 33, 51, 11, 52, 14, 13, 47, 26, 7, 2, 30, 46, 16, 29, 50, 20, 23, 42, 41, 15, 6, 4, 25, 28, 12, 27, 44, 18, 3, 22]

Individual 93:
  Route length: 12971
  Contribution to Diversity: 0.000493621643603781
  Route: [23, 50, 29, 16, 44, 30, 2, 7, 42, 21, 3, 17, 37, 40, 43, 15, 5, 36, 39, 35, 6, 4, 25, 12, 26, 28, 27, 14, 13, 47, 52, 11, 51, 33, 48, 20, 31, 41, 8, 10, 46, 38, 18, 32, 34, 24, 49, 1, 45, 19, 9, 22]

Individual 94:
  Route length: 13055
  Contribution to Diversity: 0.001261652302964933
  Route: [1, 23, 50, 16, 29, 37, 9, 17, 3, 31, 41, 8, 10, 39, 36, 40, 6, 4, 25, 12, 28, 26, 27, 47, 13, 14, 52, 11, 51, 48, 33, 43, 32, 34, 49, 24, 5, 35, 46, 15, 18, 19, 45, 20, 21, 42, 7, 2, 30, 44, 38, 22]

Individual 95:
  Route length: 13158
  Contribution to Diversity: 0.0006090206050997082
  Route: [35, 36, 39, 30, 23, 20, 2, 7, 42, 21, 17, 51, 33, 43, 10, 31, 8, 41, 19, 45, 9, 18, 3, 1, 34, 44, 25, 46, 16, 50, 4, 12, 28, 27, 11, 52, 14, 13, 47, 26, 48, 38, 24, 5, 37, 6, 15, 40, 29, 49, 32, 22]

Individual 96:
  Route length: 12994
  Contribution to Diversity: 0.0014352526060266158
  Route: [42, 30, 32, 39, 20, 50, 29, 48, 24, 40, 28, 27, 26, 47, 14, 51, 11, 52, 13, 46, 4, 25, 12, 5, 6, 15, 38, 33, 43, 10, 9, 8, 41, 19, 45, 3, 23, 18, 31, 1, 36, 35, 34, 37, 49, 7, 2, 21, 17, 16, 44, 22]

Individual 97:
  Route length: 12965
  Contribution to Diversity: 0
  Route: [29, 34, 25, 35, 49, 37, 38, 39, 45, 3, 19, 32, 18, 17, 21, 42, 7, 2, 30, 23, 20, 31, 50, 16, 46, 15, 40, 48, 12, 4, 28, 27, 26, 47, 14, 13, 52, 11, 51, 33, 43, 10, 24, 6, 9, 5, 44, 1, 41, 8, 36, 22]

Individual 98:
  Route length: 13069
  Contribution to Diversity: 0
  Route: [29, 34, 25, 35, 49, 37, 38, 39, 45, 3, 19, 32, 18, 17, 21, 42, 7, 2, 31, 20, 23, 30, 50, 16, 46, 15, 40, 48, 12, 4, 28, 27, 26, 47, 14, 13, 52, 11, 51, 33, 43, 10, 24, 6, 9, 5, 44, 1, 41, 8, 36, 22]

Individual 99:
  Route length: 13099
  Contribution to Diversity: 0
  Route: [49, 25, 39, 38, 36, 16, 12, 51, 33, 43, 10, 9, 3, 17, 42, 2, 7, 29, 50, 20, 1, 6, 4, 48, 24, 5, 40, 37, 15, 26, 47, 13, 14, 52, 11, 28, 27, 45, 44, 21, 31, 30, 32, 8, 41, 19, 18, 35, 34, 46, 23, 22]

Total Entropy H: 5.869500554405101
