Individual 0:
  Route length: 22603
  Contribution to Diversity: 0.041477027857081517
  Route: [33, 28, 12, 10, 9, 8, 43, 25, 36, 51, 47, 52, 13, 49, 21, 45, 42, 1, 5, 20, 50, 34, 35, 24, 38, 48, 19, 15, 4, 14, 11, 18, 23, 31, 3, 2, 27, 26, 7, 39, 6, 32, 46, 44, 16, 40, 30, 29, 17, 41, 37, 22]

Individual 1:
  Route length: 22575
  Contribution to Diversity: 0.039270429568181164
  Route: [29, 46, 33, 49, 52, 25, 4, 8, 37, 32, 45, 41, 39, 9, 10, 19, 40, 1, 50, 18, 21, 23, 36, 35, 20, 2, 38, 51, 28, 27, 11, 48, 17, 30, 14, 13, 24, 43, 15, 3, 26, 47, 12, 5, 6, 34, 7, 31, 16, 44, 42, 22]

Individual 2:
  Route length: 22581
  Contribution to Diversity: 0.029959986805625505
  Route: [4, 46, 44, 45, 17, 32, 51, 13, 11, 36, 33, 28, 14, 26, 38, 31, 30, 2, 7, 48, 35, 6, 25, 15, 20, 18, 49, 9, 1, 50, 34, 42, 37, 8, 19, 39, 23, 24, 52, 12, 5, 43, 27, 47, 16, 29, 10, 41, 40, 21, 3, 22]

Individual 3:
  Route length: 22494
  Contribution to Diversity: 0.03612024050357743
  Route: [19, 36, 25, 14, 47, 1, 31, 42, 49, 29, 50, 37, 27, 12, 16, 41, 33, 51, 39, 3, 7, 2, 21, 23, 32, 46, 30, 26, 52, 28, 4, 5, 11, 17, 18, 9, 48, 6, 35, 13, 40, 34, 43, 44, 20, 45, 8, 10, 24, 15, 38, 22]

Individual 4:
  Route length: 22422
  Contribution to Diversity: 0.02623948845349844
  Route: [6, 19, 17, 51, 26, 50, 47, 34, 43, 40, 36, 15, 45, 31, 32, 1, 16, 5, 33, 48, 39, 38, 11, 27, 28, 20, 4, 29, 24, 23, 44, 35, 25, 12, 14, 52, 13, 42, 49, 30, 7, 9, 8, 2, 21, 3, 10, 41, 37, 46, 18, 22]

Individual 5:
  Route length: 22213
  Contribution to Diversity: 0.03297005143897014
  Route: [29, 47, 27, 37, 2, 34, 11, 52, 28, 13, 14, 26, 24, 12, 50, 30, 31, 49, 43, 38, 17, 45, 36, 32, 33, 8, 6, 5, 9, 40, 35, 48, 15, 23, 7, 20, 39, 18, 21, 16, 51, 10, 25, 1, 19, 3, 41, 4, 46, 44, 42, 22]

Individual 6:
  Route length: 22124
  Contribution to Diversity: 0.029645417942410823
  Route: [37, 8, 5, 49, 32, 1, 30, 2, 23, 15, 6, 29, 28, 51, 17, 40, 4, 20, 50, 10, 48, 43, 33, 38, 16, 35, 44, 19, 45, 9, 25, 13, 11, 52, 14, 26, 36, 27, 31, 3, 18, 34, 41, 47, 24, 12, 46, 7, 42, 21, 39, 22]

Individual 7:
  Route length: 22371
  Contribution to Diversity: 0.03673113988030785
  Route: [6, 45, 31, 15, 34, 17, 16, 3, 20, 19, 38, 1, 36, 35, 10, 30, 2, 7, 4, 18, 8, 50, 37, 27, 29, 14, 52, 13, 51, 33, 11, 39, 5, 28, 24, 25, 49, 40, 48, 26, 12, 47, 41, 9, 43, 32, 44, 46, 21, 42, 23, 22]

Individual 8:
  Route length: 22313
  Contribution to Diversity: 0.028604333709419727
  Route: [18, 49, 23, 17, 30, 10, 24, 21, 20, 32, 1, 33, 43, 51, 11, 37, 4, 38, 35, 6, 5, 39, 44, 3, 31, 15, 47, 46, 45, 9, 8, 2, 7, 14, 52, 26, 27, 42, 48, 12, 34, 36, 28, 40, 25, 13, 29, 19, 41, 16, 50, 22]

Individual 9:
  Route length: 21161
  Contribution to Diversity: 0
  Route: [21, 8, 38, 19, 2, 7, 42, 24, 33, 10, 43, 17, 39, 29, 36, 16, 46, 25, 26, 50, 27, 40, 20, 5, 4, 15, 1, 23, 30, 34, 45, 6, 9, 3, 13, 14, 47, 49, 41, 32, 18, 12, 11, 52, 28, 51, 37, 44, 48, 35, 31, 22]

Individual 10:
  Route length: 22514
  Contribution to Diversity: 0.0279753117969177
  Route: [32, 52, 28, 16, 46, 44, 26, 13, 1, 34, 27, 39, 48, 29, 25, 6, 9, 47, 40, 51, 11, 12, 50, 20, 23, 30, 2, 36, 4, 15, 37, 38, 33, 35, 49, 21, 17, 3, 24, 10, 43, 14, 31, 42, 7, 8, 19, 45, 41, 18, 5, 22]

Individual 11:
  Route length: 21554
  Contribution to Diversity: 0.03232483206153702
  Route: [34, 17, 46, 1, 18, 31, 29, 38, 43, 5, 52, 13, 27, 28, 25, 24, 41, 47, 35, 2, 30, 44, 20, 48, 23, 21, 3, 9, 36, 32, 49, 45, 6, 51, 50, 39, 19, 42, 7, 16, 40, 15, 8, 10, 33, 11, 37, 12, 14, 26, 4, 22]

Individual 12:
  Route length: 22267
  Contribution to Diversity: 0.038466963223728
  Route: [49, 29, 50, 39, 32, 16, 20, 42, 2, 23, 19, 6, 5, 24, 30, 7, 17, 18, 44, 11, 33, 4, 51, 14, 37, 21, 13, 38, 46, 52, 36, 15, 10, 1, 3, 25, 45, 8, 9, 26, 28, 12, 47, 27, 43, 40, 35, 34, 48, 41, 31, 22]

Individual 13:
  Route length: 22527
  Contribution to Diversity: 0
  Route: [37, 38, 49, 30, 29, 2, 17, 1, 23, 8, 4, 5, 46, 25, 48, 18, 31, 9, 40, 39, 36, 7, 21, 11, 51, 20, 34, 12, 44, 35, 3, 13, 26, 47, 27, 10, 41, 14, 52, 19, 45, 43, 33, 28, 16, 6, 15, 32, 24, 50, 42, 22]

Individual 14:
  Route length: 22558
  Contribution to Diversity: 0
  Route: [21, 8, 38, 19, 2, 37, 51, 28, 52, 11, 12, 18, 32, 41, 49, 47, 14, 13, 3, 9, 6, 1, 23, 30, 34, 45, 15, 4, 5, 20, 40, 27, 50, 26, 25, 46, 16, 36, 29, 39, 17, 43, 10, 33, 24, 42, 7, 44, 48, 35, 31, 22]

Individual 15:
  Route length: 22427
  Contribution to Diversity: 0.024161780819127898
  Route: [23, 50, 29, 42, 18, 9, 41, 32, 20, 48, 44, 34, 46, 24, 3, 37, 27, 14, 30, 2, 7, 17, 15, 28, 36, 47, 16, 25, 26, 51, 11, 6, 39, 38, 12, 52, 4, 8, 45, 35, 31, 40, 13, 1, 33, 19, 21, 10, 43, 5, 49, 22]

Individual 16:
  Route length: 22488
  Contribution to Diversity: 0.021984538842715118
  Route: [49, 19, 36, 16, 18, 44, 12, 15, 4, 6, 40, 31, 30, 29, 1, 11, 52, 14, 28, 13, 26, 3, 50, 51, 17, 23, 24, 34, 48, 8, 9, 5, 42, 2, 21, 20, 7, 10, 38, 37, 41, 45, 32, 43, 25, 39, 46, 27, 35, 33, 47, 22]

Individual 17:
  Route length: 21941
  Contribution to Diversity: 0.0017165175821620693
  Route: [37, 24, 32, 15, 6, 16, 28, 33, 43, 45, 19, 52, 14, 41, 10, 42, 50, 38, 49, 30, 29, 2, 17, 1, 23, 8, 39, 40, 9, 31, 18, 48, 25, 46, 5, 4, 36, 7, 21, 11, 51, 12, 34, 20, 44, 35, 3, 13, 26, 47, 27, 22]

Individual 18:
  Route length: 22478
  Contribution to Diversity: 0.03805297583239753
  Route: [32, 13, 14, 47, 38, 35, 37, 20, 41, 4, 10, 7, 29, 21, 31, 17, 40, 42, 2, 19, 34, 15, 36, 24, 51, 26, 27, 6, 39, 48, 11, 52, 50, 23, 3, 8, 25, 45, 16, 44, 49, 1, 43, 5, 9, 12, 28, 33, 46, 18, 30, 22]

Individual 19:
  Route length: 22600
  Contribution to Diversity: 0.03305134743131788
  Route: [48, 39, 23, 16, 34, 36, 28, 5, 3, 45, 32, 49, 46, 13, 47, 27, 35, 41, 19, 31, 50, 2, 20, 7, 37, 38, 15, 4, 26, 51, 17, 11, 25, 40, 12, 14, 52, 33, 43, 18, 42, 30, 24, 29, 44, 1, 10, 9, 21, 6, 8, 22]

Total Entropy H: 6.290266432878963
