Individual 0:
  Route length: 7917
  Contribution to Diversity: 0.01946042044014984
  Route: [1, 18, 31, 3, 17, 21, 42, 7, 2, 30, 23, 20, 50, 29, 16, 46, 44, 34, 35, 36, 39, 40, 37, 15, 24, 6, 5, 38, 48, 4, 25, 12, 28, 27, 26, 47, 13, 14, 52, 11, 51, 33, 43, 10, 9, 8, 41, 19, 45, 32, 49, 22]

Individual 1:
  Route length: 7904
  Contribution to Diversity: 0.02357052558137429
  Route: [31, 18, 3, 17, 21, 42, 7, 2, 30, 50, 23, 20, 29, 16, 46, 44, 34, 39, 40, 37, 38, 24, 5, 48, 15, 6, 4, 25, 12, 28, 27, 26, 47, 13, 14, 52, 11, 51, 33, 43, 10, 9, 8, 41, 19, 45, 32, 49, 35, 36, 1, 22]

Individual 2:
  Route length: 7898
  Contribution to Diversity: 0.011897544739380983
  Route: [1, 49, 32, 45, 19, 41, 8, 9, 10, 43, 33, 51, 11, 52, 13, 14, 47, 26, 27, 28, 12, 25, 46, 24, 48, 37, 38, 6, 4, 5, 15, 40, 34, 36, 35, 39, 44, 16, 29, 50, 20, 23, 30, 2, 7, 42, 21, 17, 3, 18, 31, 22]

Individual 3:
  Route length: 7891
  Contribution to Diversity: 0.01087997077029712
  Route: [18, 31, 3, 17, 21, 42, 7, 2, 30, 23, 20, 50, 29, 16, 46, 44, 34, 35, 36, 39, 40, 5, 15, 38, 6, 24, 37, 48, 4, 25, 12, 28, 27, 26, 47, 14, 13, 52, 11, 51, 33, 43, 10, 9, 8, 41, 19, 45, 32, 49, 1, 22]

Individual 4:
  Route length: 7901
  Contribution to Diversity: 0.012679657569909075
  Route: [31, 18, 3, 17, 21, 7, 2, 42, 30, 23, 20, 50, 29, 16, 46, 44, 40, 38, 39, 37, 48, 24, 5, 15, 6, 4, 25, 12, 28, 27, 26, 47, 13, 14, 52, 11, 51, 33, 43, 9, 10, 8, 41, 19, 45, 32, 49, 34, 35, 36, 1, 22]

Individual 5:
  Route length: 7897
  Contribution to Diversity: 0.008973635987699957
  Route: [1, 49, 32, 45, 19, 41, 8, 9, 10, 43, 33, 51, 11, 52, 13, 14, 47, 26, 27, 28, 12, 25, 4, 6, 24, 48, 46, 38, 37, 5, 15, 40, 35, 39, 34, 36, 44, 16, 29, 50, 20, 23, 30, 2, 7, 42, 21, 17, 3, 18, 31, 22]

Individual 6:
  Route length: 7835
  Contribution to Diversity: 0.002957196063875678
  Route: [1, 49, 32, 45, 19, 41, 8, 9, 10, 43, 33, 51, 11, 52, 14, 13, 47, 26, 27, 28, 12, 25, 4, 6, 15, 5, 38, 48, 37, 39, 40, 36, 35, 34, 44, 24, 46, 16, 29, 50, 20, 23, 30, 7, 2, 42, 21, 17, 3, 18, 31, 22]

Individual 7:
  Route length: 7918
  Contribution to Diversity: 0.020687877968589063
  Route: [32, 45, 19, 41, 8, 9, 10, 43, 33, 51, 11, 52, 14, 13, 47, 26, 27, 28, 12, 25, 4, 6, 15, 5, 38, 40, 48, 24, 39, 36, 49, 35, 34, 37, 44, 46, 16, 29, 50, 20, 23, 30, 2, 7, 42, 21, 17, 3, 18, 31, 1, 22]

Individual 8:
  Route length: 7878
  Contribution to Diversity: 0.004223401271079119
  Route: [31, 18, 3, 17, 21, 7, 2, 42, 30, 23, 20, 50, 29, 16, 46, 44, 38, 40, 39, 37, 48, 24, 5, 15, 6, 4, 25, 12, 28, 27, 26, 47, 13, 14, 52, 11, 51, 33, 43, 9, 10, 8, 41, 19, 45, 32, 49, 35, 34, 36, 1, 22]

Individual 9:
  Route length: 7869
  Contribution to Diversity: 0
  Route: [1, 49, 32, 45, 19, 41, 8, 9, 10, 43, 33, 51, 11, 52, 13, 14, 47, 26, 27, 28, 12, 25, 4, 6, 24, 48, 37, 38, 46, 5, 15, 40, 35, 39, 36, 34, 44, 16, 29, 50, 20, 23, 30, 2, 7, 42, 21, 17, 3, 18, 31, 22]

Total Entropy H: 4.424143387362517
