Individual 0:
  Route length: 9417
  Contribution to Diversity: 0.022142571616450724
  Route: [45, 32, 12, 28, 27, 26, 47, 13, 14, 52, 11, 51, 33, 43, 10, 41, 8, 9, 19, 1, 49, 6, 4, 25, 15, 46, 44, 34, 35, 36, 39, 40, 37, 38, 48, 24, 5, 16, 29, 50, 20, 23, 30, 2, 7, 42, 21, 17, 3, 18, 31, 22]

Individual 1:
  Route length: 9325
  Contribution to Diversity: 0.014373876394741636
  Route: [1, 49, 32, 4, 25, 12, 28, 27, 26, 47, 13, 14, 52, 11, 51, 33, 43, 10, 9, 8, 41, 19, 45, 17, 21, 42, 7, 2, 30, 24, 48, 38, 37, 40, 34, 35, 36, 39, 6, 15, 5, 50, 20, 23, 29, 16, 46, 44, 3, 18, 31, 22]

Individual 2:
  Route length: 9381
  Contribution to Diversity: 0.008655361039098253
  Route: [46, 16, 50, 29, 20, 23, 30, 2, 40, 37, 44, 34, 35, 36, 39, 38, 48, 24, 5, 15, 6, 4, 25, 12, 28, 27, 26, 47, 13, 14, 52, 11, 51, 33, 43, 10, 9, 8, 41, 19, 45, 32, 49, 1, 7, 42, 21, 17, 3, 18, 31, 22]

Individual 3:
  Route length: 9356
  Contribution to Diversity: 0.0028765844639169202
  Route: [44, 46, 1, 15, 5, 24, 48, 37, 38, 40, 31, 18, 3, 17, 21, 42, 7, 2, 30, 23, 34, 20, 50, 29, 16, 35, 36, 49, 39, 25, 4, 6, 12, 28, 27, 26, 47, 13, 14, 52, 11, 51, 33, 43, 10, 9, 8, 41, 19, 45, 32, 22]

Individual 4:
  Route length: 9351
  Contribution to Diversity: 0.034321009765490906
  Route: [1, 49, 31, 18, 3, 17, 21, 42, 7, 2, 30, 23, 20, 50, 29, 16, 46, 39, 34, 44, 36, 38, 48, 24, 5, 15, 6, 4, 51, 11, 52, 14, 13, 47, 26, 27, 28, 12, 25, 43, 33, 10, 37, 40, 35, 9, 8, 41, 19, 45, 32, 22]

Individual 5:
  Route length: 9384
  Contribution to Diversity: 0.01624601652915114
  Route: [50, 20, 34, 44, 46, 16, 29, 25, 4, 6, 15, 5, 24, 48, 37, 38, 40, 1, 49, 39, 36, 31, 18, 3, 17, 21, 42, 7, 2, 30, 23, 35, 12, 28, 27, 26, 47, 13, 14, 52, 11, 51, 33, 43, 10, 9, 8, 41, 45, 19, 32, 22]

Individual 6:
  Route length: 9374
  Contribution to Diversity: 0.029949281028688546
  Route: [49, 32, 34, 44, 46, 16, 29, 50, 35, 36, 39, 40, 37, 38, 24, 48, 4, 25, 51, 11, 52, 14, 26, 47, 13, 27, 28, 12, 33, 43, 10, 9, 8, 41, 19, 45, 6, 15, 5, 23, 20, 30, 2, 7, 42, 21, 17, 3, 1, 18, 31, 22]

Individual 7:
  Route length: 9376
  Contribution to Diversity: 0.00865301021861331
  Route: [44, 23, 30, 2, 7, 42, 21, 17, 3, 18, 31, 40, 38, 37, 48, 24, 5, 15, 1, 36, 35, 16, 29, 50, 20, 34, 46, 49, 39, 25, 4, 6, 12, 28, 27, 26, 47, 13, 14, 52, 11, 51, 33, 43, 10, 9, 8, 41, 19, 45, 32, 22]

Individual 8:
  Route length: 9387
  Contribution to Diversity: 0.014684237574257963
  Route: [49, 32, 4, 25, 12, 28, 27, 13, 47, 26, 14, 52, 11, 51, 33, 43, 10, 9, 8, 41, 19, 45, 6, 15, 5, 23, 20, 35, 36, 39, 37, 40, 38, 48, 24, 34, 44, 46, 16, 29, 50, 30, 2, 7, 42, 21, 17, 3, 1, 18, 31, 22]

Individual 9:
  Route length: 9316
  Contribution to Diversity: 0.020810327933354245
  Route: [35, 34, 44, 18, 3, 17, 21, 42, 7, 2, 30, 23, 20, 50, 29, 16, 46, 31, 40, 37, 38, 6, 15, 4, 25, 48, 5, 24, 36, 39, 49, 1, 12, 28, 27, 26, 47, 13, 14, 52, 11, 51, 33, 43, 10, 9, 8, 41, 19, 45, 32, 22]

Total Entropy H: 4.544149904042146
