Individual 0:
  Route length: 15040
  Contribution to Diversity: 0.00040880389221875646
  Route: [8, 10, 43, 39, 45, 32, 40, 50, 20, 27, 26, 47, 24, 48, 13, 14, 52, 11, 51, 33, 18, 9, 12, 28, 16, 29, 35, 21, 42, 7, 2, 30, 23, 49, 1, 34, 44, 38, 36, 37, 5, 19, 41, 3, 17, 15, 4, 6, 25, 46, 31, 22]

Individual 1:
  Route length: 15084
  Contribution to Diversity: 0.0005108863929725871
  Route: [1, 17, 3, 42, 7, 2, 29, 50, 20, 37, 44, 34, 35, 19, 40, 45, 41, 21, 46, 16, 30, 14, 13, 47, 11, 52, 12, 15, 5, 24, 48, 49, 32, 39, 36, 28, 26, 27, 51, 33, 43, 10, 9, 8, 23, 38, 18, 31, 25, 6, 4, 22]

Individual 2:
  Route length: 15039
  Contribution to Diversity: 0.0005004943518285287
  Route: [11, 52, 14, 13, 26, 47, 39, 44, 29, 31, 19, 41, 18, 21, 8, 9, 51, 28, 27, 12, 25, 4, 6, 15, 5, 45, 20, 49, 17, 3, 42, 7, 2, 30, 23, 33, 43, 10, 1, 35, 34, 40, 37, 16, 46, 24, 50, 38, 48, 36, 32, 22]

Individual 3:
  Route length: 14942
  Contribution to Diversity: 0.0013834708966120601
  Route: [21, 17, 51, 52, 11, 14, 13, 47, 28, 27, 6, 37, 40, 39, 36, 35, 34, 24, 5, 41, 19, 45, 49, 1, 16, 29, 50, 20, 23, 30, 2, 7, 18, 44, 48, 38, 4, 25, 43, 33, 42, 32, 8, 9, 10, 12, 26, 46, 15, 3, 31, 22]

Individual 4:
  Route length: 14991
  Contribution to Diversity: 0.00023929775989195434
  Route: [26, 37, 4, 25, 12, 40, 30, 2, 7, 42, 21, 1, 19, 3, 17, 8, 41, 49, 44, 16, 14, 52, 11, 51, 33, 43, 10, 9, 46, 45, 38, 18, 29, 27, 13, 47, 28, 34, 39, 24, 5, 15, 6, 48, 35, 36, 31, 23, 50, 20, 32, 22]

Individual 5:
  Route length: 15067
  Contribution to Diversity: 0.000733982215527007
  Route: [16, 1, 4, 12, 28, 29, 31, 37, 44, 34, 36, 39, 46, 25, 6, 15, 11, 13, 47, 14, 52, 26, 27, 51, 33, 43, 10, 9, 8, 41, 48, 35, 21, 20, 3, 42, 7, 2, 30, 50, 17, 38, 49, 45, 24, 5, 19, 40, 23, 32, 18, 22]

Individual 6:
  Route length: 15029
  Contribution to Diversity: 0.0007732565642211142
  Route: [1, 9, 49, 10, 32, 44, 25, 40, 39, 23, 30, 2, 7, 42, 21, 17, 41, 19, 6, 15, 5, 46, 16, 31, 36, 35, 8, 3, 18, 34, 37, 38, 48, 52, 11, 51, 33, 43, 27, 26, 28, 12, 4, 45, 24, 14, 13, 47, 29, 50, 20, 22]

Individual 7:
  Route length: 15014
  Contribution to Diversity: 0.0012721781120612619
  Route: [1, 44, 23, 31, 18, 4, 6, 39, 5, 24, 45, 48, 38, 37, 40, 27, 26, 14, 28, 12, 25, 35, 33, 43, 15, 13, 47, 52, 11, 51, 3, 34, 30, 2, 17, 21, 42, 7, 46, 16, 29, 50, 20, 32, 49, 36, 8, 9, 10, 41, 19, 22]

Individual 8:
  Route length: 15062
  Contribution to Diversity: 0.0008658219461352701
  Route: [35, 25, 48, 12, 28, 5, 44, 34, 39, 18, 23, 20, 50, 30, 2, 7, 42, 21, 49, 1, 38, 13, 14, 52, 11, 51, 33, 15, 4, 6, 41, 8, 19, 45, 32, 37, 10, 43, 16, 29, 40, 36, 9, 17, 46, 47, 26, 27, 24, 3, 31, 22]

Individual 9:
  Route length: 14856
  Contribution to Diversity: 0.0008930133708267007
  Route: [38, 49, 27, 28, 18, 3, 31, 1, 6, 37, 10, 9, 45, 19, 41, 8, 33, 43, 25, 7, 42, 21, 17, 23, 32, 34, 44, 16, 29, 30, 2, 35, 36, 50, 40, 24, 5, 15, 39, 48, 46, 12, 47, 26, 13, 14, 52, 11, 51, 4, 20, 22]

Individual 10:
  Route length: 15012
  Contribution to Diversity: 0.0012558229236523388
  Route: [1, 35, 29, 46, 33, 10, 9, 18, 32, 49, 50, 30, 23, 20, 31, 47, 15, 45, 34, 44, 19, 41, 8, 3, 17, 21, 42, 7, 2, 5, 16, 43, 6, 24, 48, 38, 39, 51, 11, 52, 14, 26, 27, 28, 13, 4, 37, 40, 12, 25, 36, 22]

Individual 11:
  Route length: 15049
  Contribution to Diversity: 0.0002992959333489864
  Route: [45, 1, 30, 2, 7, 16, 20, 32, 34, 50, 46, 5, 15, 38, 48, 28, 51, 33, 12, 27, 11, 52, 44, 29, 23, 42, 21, 17, 47, 26, 13, 14, 24, 6, 4, 37, 35, 41, 19, 8, 9, 10, 43, 25, 39, 36, 49, 40, 3, 18, 31, 22]

Individual 12:
  Route length: 14973
  Contribution to Diversity: 0.0008639304463216035
  Route: [3, 7, 2, 21, 18, 20, 5, 39, 37, 29, 36, 4, 41, 19, 45, 8, 9, 33, 43, 10, 31, 44, 40, 6, 15, 48, 24, 35, 34, 30, 23, 28, 26, 14, 13, 47, 52, 27, 11, 51, 12, 25, 46, 16, 32, 49, 17, 42, 1, 50, 38, 22]

Individual 13:
  Route length: 14837
  Contribution to Diversity: 0.0008922453907729277
  Route: [34, 25, 12, 28, 14, 52, 11, 51, 33, 43, 10, 9, 32, 49, 1, 48, 38, 15, 8, 39, 27, 24, 18, 3, 17, 21, 42, 29, 46, 40, 31, 20, 30, 2, 7, 50, 16, 13, 47, 26, 4, 5, 6, 23, 37, 44, 35, 36, 45, 19, 41, 22]

Individual 14:
  Route length: 15023
  Contribution to Diversity: 0.0008232457328221088
  Route: [1, 3, 20, 21, 38, 29, 31, 49, 28, 12, 25, 50, 30, 2, 7, 42, 19, 41, 17, 37, 46, 16, 48, 11, 13, 47, 14, 52, 26, 27, 51, 33, 43, 10, 9, 8, 15, 4, 6, 44, 35, 40, 23, 32, 45, 34, 36, 39, 5, 24, 18, 22]

Individual 15:
  Route length: 14977
  Contribution to Diversity: 0.0006502206840508507
  Route: [1, 30, 2, 7, 45, 19, 8, 9, 10, 43, 25, 37, 35, 41, 40, 49, 36, 39, 4, 6, 38, 48, 28, 51, 33, 12, 17, 21, 42, 23, 29, 44, 50, 46, 5, 15, 24, 14, 13, 47, 26, 27, 11, 52, 34, 32, 20, 16, 3, 18, 31, 22]

Individual 16:
  Route length: 15075
  Contribution to Diversity: 0.0015224290450515099
  Route: [40, 24, 48, 38, 37, 47, 36, 39, 18, 8, 44, 33, 6, 25, 28, 12, 27, 14, 26, 52, 11, 51, 13, 4, 35, 20, 16, 29, 2, 42, 7, 21, 17, 3, 50, 31, 34, 46, 15, 5, 30, 23, 43, 10, 9, 41, 19, 45, 32, 49, 1, 22]

Individual 17:
  Route length: 14949
  Contribution to Diversity: 0.0005548040604228532
  Route: [1, 49, 32, 48, 17, 21, 42, 7, 2, 47, 13, 30, 23, 20, 16, 29, 36, 12, 9, 25, 4, 50, 28, 27, 26, 14, 52, 11, 51, 33, 43, 8, 10, 44, 34, 40, 38, 37, 35, 41, 45, 39, 46, 6, 24, 5, 15, 19, 3, 18, 31, 22]

Individual 18:
  Route length: 15076
  Contribution to Diversity: 0.0009503448769550005
  Route: [49, 18, 17, 21, 4, 39, 35, 36, 46, 44, 1, 32, 45, 38, 37, 15, 40, 28, 12, 5, 33, 51, 11, 52, 16, 29, 31, 2, 7, 6, 34, 47, 27, 26, 13, 14, 25, 42, 30, 23, 20, 50, 48, 24, 43, 10, 9, 8, 41, 19, 3, 22]

Individual 19:
  Route length: 15051
  Contribution to Diversity: 0.000549637957042215
  Route: [31, 17, 32, 18, 23, 44, 20, 42, 2, 7, 1, 49, 40, 35, 48, 16, 47, 12, 28, 11, 14, 13, 52, 26, 27, 51, 9, 8, 41, 19, 33, 10, 43, 38, 30, 6, 25, 15, 50, 29, 21, 37, 34, 36, 39, 5, 24, 4, 46, 45, 3, 22]

Individual 20:
  Route length: 14883
  Contribution to Diversity: 0.00042873686700151126
  Route: [14, 52, 21, 46, 16, 25, 28, 27, 26, 47, 13, 35, 7, 42, 2, 30, 23, 20, 50, 34, 44, 40, 37, 48, 12, 29, 24, 6, 4, 39, 36, 11, 51, 33, 43, 5, 15, 38, 1, 49, 32, 45, 19, 41, 8, 9, 10, 17, 18, 3, 31, 22]

Individual 21:
  Route length: 15082
  Contribution to Diversity: 0.0011602993782036108
  Route: [1, 39, 16, 30, 23, 42, 21, 17, 28, 24, 48, 44, 3, 18, 19, 36, 35, 49, 31, 45, 32, 5, 27, 4, 25, 12, 26, 47, 13, 14, 52, 11, 51, 33, 43, 6, 46, 37, 34, 38, 40, 15, 10, 9, 29, 2, 7, 20, 50, 8, 41, 22]

Individual 22:
  Route length: 15054
  Contribution to Diversity: 0.001075290177521282
  Route: [1, 38, 21, 17, 3, 41, 19, 8, 9, 10, 45, 44, 20, 50, 46, 32, 29, 47, 26, 25, 13, 14, 52, 27, 31, 15, 43, 33, 51, 11, 28, 12, 6, 30, 16, 49, 18, 7, 42, 2, 39, 36, 35, 4, 37, 5, 24, 48, 34, 23, 40, 22]

Individual 23:
  Route length: 14759
  Contribution to Diversity: 0.0007697565363224967
  Route: [1, 29, 50, 23, 24, 5, 49, 35, 37, 45, 16, 34, 32, 38, 18, 20, 6, 15, 36, 39, 3, 41, 8, 9, 10, 19, 43, 33, 51, 12, 28, 4, 48, 27, 26, 52, 14, 13, 47, 11, 25, 21, 30, 2, 7, 42, 40, 44, 46, 31, 17, 22]

Individual 24:
  Route length: 15021
  Contribution to Diversity: 0.0006268482616436089
  Route: [36, 14, 13, 47, 27, 26, 52, 11, 51, 33, 24, 6, 48, 20, 5, 38, 2, 19, 10, 9, 8, 41, 43, 4, 28, 25, 12, 44, 1, 17, 31, 46, 40, 37, 18, 3, 45, 15, 34, 35, 39, 32, 49, 21, 42, 7, 30, 23, 50, 29, 16, 22]

Individual 25:
  Route length: 14917
  Contribution to Diversity: 0.0006185692960194444
  Route: [2, 41, 8, 9, 10, 19, 24, 1, 49, 15, 35, 34, 39, 32, 44, 46, 12, 28, 25, 4, 6, 5, 45, 3, 18, 31, 43, 20, 33, 51, 11, 52, 26, 27, 47, 14, 13, 40, 17, 30, 7, 42, 21, 23, 50, 16, 29, 36, 37, 48, 38, 22]

Individual 26:
  Route length: 14986
  Contribution to Diversity: 0.0005352819433008804
  Route: [1, 48, 49, 52, 11, 33, 43, 38, 25, 6, 23, 42, 2, 7, 21, 19, 45, 32, 36, 39, 40, 37, 20, 50, 18, 29, 17, 16, 30, 14, 47, 13, 26, 27, 28, 12, 51, 15, 5, 24, 3, 31, 41, 8, 9, 10, 4, 46, 35, 34, 44, 22]

Individual 27:
  Route length: 15058
  Contribution to Diversity: 0.0014143278287575
  Route: [3, 7, 2, 21, 18, 20, 5, 39, 37, 29, 36, 4, 41, 19, 45, 8, 9, 33, 43, 10, 31, 44, 40, 6, 15, 48, 24, 35, 34, 32, 16, 46, 25, 12, 51, 11, 27, 52, 47, 13, 14, 26, 28, 23, 30, 49, 17, 42, 1, 50, 38, 22]

Individual 28:
  Route length: 14987
  Contribution to Diversity: 0.0004579508027715562
  Route: [3, 2, 7, 42, 29, 16, 46, 5, 50, 15, 6, 37, 49, 41, 17, 31, 18, 1, 4, 43, 33, 51, 11, 52, 14, 13, 47, 26, 40, 21, 32, 34, 27, 12, 25, 39, 35, 36, 10, 9, 8, 23, 30, 20, 38, 48, 24, 44, 28, 45, 19, 22]

Individual 29:
  Route length: 14790
  Contribution to Diversity: 0.0003247012521887527
  Route: [1, 48, 49, 52, 11, 33, 25, 38, 43, 6, 23, 42, 2, 7, 21, 19, 45, 32, 36, 39, 40, 37, 20, 50, 29, 18, 17, 16, 30, 14, 47, 13, 26, 27, 28, 12, 51, 15, 5, 24, 3, 31, 41, 8, 9, 10, 4, 46, 35, 34, 44, 22]

Individual 30:
  Route length: 15059
  Contribution to Diversity: 0.00028470020059501167
  Route: [1, 12, 25, 36, 37, 43, 19, 10, 9, 35, 49, 32, 18, 29, 16, 38, 39, 48, 24, 27, 26, 15, 5, 4, 13, 28, 47, 14, 52, 11, 51, 46, 34, 45, 31, 8, 3, 17, 21, 23, 20, 2, 7, 42, 30, 50, 44, 40, 33, 6, 41, 22]

Individual 31:
  Route length: 15037
  Contribution to Diversity: 0.0016475954908541368
  Route: [40, 24, 48, 38, 37, 47, 6, 33, 44, 39, 18, 43, 16, 29, 2, 42, 7, 21, 17, 3, 50, 31, 34, 46, 15, 5, 30, 23, 20, 35, 4, 25, 28, 12, 27, 14, 26, 52, 11, 51, 13, 36, 8, 10, 9, 41, 19, 45, 32, 49, 1, 22]

Individual 32:
  Route length: 15002
  Contribution to Diversity: 0.0005350762974902779
  Route: [44, 46, 16, 50, 7, 2, 30, 18, 3, 17, 21, 42, 29, 20, 4, 6, 28, 12, 24, 40, 31, 45, 14, 52, 11, 51, 33, 43, 19, 41, 39, 9, 10, 8, 15, 1, 49, 32, 13, 47, 26, 27, 37, 38, 48, 5, 25, 34, 35, 36, 23, 22]

Individual 33:
  Route length: 14719
  Contribution to Diversity: 0.0004325271475993375
  Route: [2, 40, 13, 14, 47, 27, 26, 52, 11, 51, 33, 20, 43, 31, 18, 3, 45, 5, 6, 4, 25, 28, 12, 46, 44, 32, 39, 34, 35, 15, 49, 1, 24, 19, 10, 9, 8, 41, 17, 30, 7, 42, 21, 23, 50, 16, 29, 36, 37, 48, 38, 22]

Individual 34:
  Route length: 15017
  Contribution to Diversity: 0.0008648756584967998
  Route: [33, 43, 34, 49, 1, 20, 38, 5, 10, 9, 8, 41, 50, 32, 35, 47, 21, 31, 18, 3, 17, 19, 45, 6, 12, 51, 11, 52, 14, 46, 23, 30, 2, 7, 42, 16, 37, 15, 48, 24, 28, 27, 26, 13, 25, 4, 44, 36, 39, 40, 29, 22]

Individual 35:
  Route length: 15063
  Contribution to Diversity: 0.0009390415251608886
  Route: [1, 37, 5, 34, 31, 44, 23, 45, 6, 49, 8, 41, 4, 39, 30, 16, 50, 20, 36, 35, 19, 10, 9, 24, 48, 38, 32, 40, 46, 13, 14, 52, 11, 51, 33, 43, 15, 27, 28, 12, 25, 26, 47, 29, 2, 18, 3, 21, 17, 42, 7, 22]

Individual 36:
  Route length: 15081
  Contribution to Diversity: 0.000720121564869558
  Route: [1, 38, 37, 40, 24, 44, 35, 36, 5, 46, 20, 50, 29, 15, 6, 26, 47, 13, 31, 18, 14, 52, 11, 27, 49, 32, 21, 17, 19, 45, 42, 7, 2, 23, 30, 4, 34, 16, 39, 48, 12, 25, 28, 51, 33, 43, 10, 9, 8, 41, 3, 22]

Individual 37:
  Route length: 14895
  Contribution to Diversity: 0.0005090902422839605
  Route: [1, 40, 25, 27, 26, 52, 14, 13, 47, 11, 24, 23, 50, 29, 42, 7, 2, 30, 21, 44, 37, 36, 43, 33, 51, 12, 28, 4, 5, 49, 46, 48, 31, 17, 35, 15, 6, 20, 18, 38, 32, 34, 16, 41, 8, 9, 10, 19, 39, 3, 45, 22]

Individual 38:
  Route length: 14672
  Contribution to Diversity: 0.0006762112008038557
  Route: [1, 49, 46, 27, 26, 52, 14, 13, 47, 11, 25, 40, 5, 32, 38, 18, 20, 6, 15, 35, 17, 31, 48, 4, 44, 37, 36, 43, 33, 51, 12, 28, 39, 19, 10, 9, 8, 41, 16, 34, 24, 23, 50, 29, 42, 7, 2, 30, 21, 3, 45, 22]

Individual 39:
  Route length: 15042
  Contribution to Diversity: 0.0007818782787722967
  Route: [17, 20, 50, 13, 14, 52, 11, 51, 33, 18, 10, 9, 43, 45, 32, 49, 1, 12, 28, 44, 46, 21, 42, 7, 2, 30, 23, 36, 6, 4, 25, 48, 37, 38, 34, 8, 41, 19, 16, 29, 35, 5, 15, 24, 40, 27, 26, 47, 3, 39, 31, 22]

Individual 40:
  Route length: 14751
  Contribution to Diversity: 0.0006437919535118297
  Route: [44, 46, 16, 31, 37, 38, 6, 40, 1, 17, 36, 18, 23, 30, 29, 50, 20, 49, 4, 25, 12, 43, 15, 5, 24, 35, 32, 2, 7, 42, 21, 3, 19, 45, 39, 10, 9, 28, 34, 48, 8, 41, 33, 51, 11, 52, 14, 47, 13, 26, 27, 22]

Individual 41:
  Route length: 15041
  Contribution to Diversity: 0.00041715595631242053
  Route: [44, 46, 16, 27, 26, 47, 13, 32, 49, 1, 15, 8, 10, 9, 33, 51, 11, 52, 14, 45, 31, 40, 24, 12, 28, 20, 29, 42, 21, 17, 3, 18, 30, 2, 7, 50, 43, 19, 41, 39, 37, 38, 48, 6, 4, 5, 25, 34, 35, 36, 23, 22]

Individual 42:
  Route length: 15077
  Contribution to Diversity: 0.0004646438422444277
  Route: [1, 39, 37, 34, 38, 40, 32, 45, 31, 49, 35, 15, 5, 27, 4, 25, 12, 26, 47, 13, 14, 52, 11, 51, 33, 43, 6, 46, 16, 23, 30, 41, 8, 50, 20, 7, 2, 29, 44, 3, 18, 19, 36, 10, 9, 48, 24, 28, 17, 21, 42, 22]

Individual 43:
  Route length: 14689
  Contribution to Diversity: 0.000960448007486292
  Route: [16, 1, 4, 12, 28, 29, 31, 23, 40, 19, 5, 24, 48, 41, 8, 9, 10, 43, 33, 51, 27, 26, 52, 14, 47, 13, 11, 15, 6, 25, 46, 39, 36, 34, 44, 37, 30, 50, 17, 38, 49, 45, 35, 32, 18, 42, 7, 2, 21, 20, 3, 22]

Individual 44:
  Route length: 14507
  Contribution to Diversity: 0.0008521820830846849
  Route: [43, 38, 32, 49, 16, 36, 41, 19, 45, 2, 7, 42, 18, 9, 10, 8, 3, 17, 21, 30, 23, 20, 50, 44, 25, 46, 15, 33, 26, 27, 28, 12, 11, 52, 14, 13, 47, 24, 35, 39, 34, 40, 29, 51, 37, 4, 6, 5, 1, 31, 48, 22]

Individual 45:
  Route length: 14922
  Contribution to Diversity: 0.000645634422582475
  Route: [3, 2, 7, 42, 29, 16, 46, 37, 49, 41, 17, 31, 21, 38, 26, 47, 13, 14, 52, 11, 51, 6, 50, 15, 40, 5, 43, 33, 48, 24, 44, 25, 39, 35, 36, 10, 9, 8, 30, 23, 20, 12, 27, 28, 45, 19, 32, 4, 34, 1, 18, 22]

Individual 46:
  Route length: 15079
  Contribution to Diversity: 0.00047013449018251663
  Route: [1, 48, 49, 21, 7, 2, 42, 23, 6, 43, 38, 25, 33, 11, 52, 19, 45, 32, 36, 39, 40, 37, 20, 50, 29, 18, 17, 16, 30, 14, 47, 13, 26, 27, 28, 12, 51, 15, 5, 24, 3, 31, 10, 9, 8, 41, 4, 46, 35, 34, 44, 22]

Individual 47:
  Route length: 14972
  Contribution to Diversity: 0.001580551706439337
  Route: [21, 24, 32, 49, 38, 1, 19, 45, 10, 9, 8, 41, 42, 7, 2, 29, 39, 44, 17, 18, 50, 20, 23, 4, 37, 43, 33, 14, 13, 47, 26, 27, 28, 12, 6, 52, 11, 51, 15, 5, 48, 40, 34, 35, 46, 16, 30, 3, 31, 25, 36, 22]

Individual 48:
  Route length: 15043
  Contribution to Diversity: 0.0006052604647388549
  Route: [47, 4, 28, 13, 14, 52, 11, 51, 25, 12, 43, 33, 45, 19, 17, 38, 40, 35, 37, 6, 24, 48, 3, 18, 31, 36, 41, 21, 42, 7, 2, 30, 23, 34, 50, 27, 26, 46, 32, 49, 1, 15, 5, 10, 9, 8, 39, 16, 44, 20, 29, 22]

Individual 49:
  Route length: 14987
  Contribution to Diversity: 0.0013696809173717739
  Route: [42, 18, 31, 15, 38, 48, 37, 5, 10, 9, 8, 41, 19, 20, 50, 29, 16, 6, 4, 25, 3, 17, 21, 7, 2, 45, 23, 30, 32, 49, 1, 43, 52, 51, 11, 13, 14, 33, 12, 26, 47, 28, 27, 24, 40, 35, 36, 39, 34, 44, 46, 22]

Individual 50:
  Route length: 14866
  Contribution to Diversity: 3.1007797838711326e-05
  Route: [20, 15, 33, 43, 6, 5, 39, 37, 29, 50, 1, 34, 35, 36, 30, 23, 38, 31, 9, 8, 12, 25, 32, 49, 17, 3, 19, 41, 45, 10, 48, 28, 27, 52, 47, 13, 14, 26, 11, 51, 4, 24, 40, 44, 46, 16, 7, 42, 2, 21, 18, 22]

Individual 51:
  Route length: 15012
  Contribution to Diversity: 0.0004541323745499426
  Route: [21, 8, 9, 18, 41, 19, 45, 20, 49, 32, 1, 35, 34, 40, 11, 52, 14, 13, 47, 26, 39, 38, 15, 50, 37, 6, 4, 25, 12, 27, 28, 51, 46, 16, 24, 44, 29, 31, 5, 48, 36, 17, 3, 42, 7, 2, 30, 23, 33, 43, 10, 22]

Individual 52:
  Route length: 15044
  Contribution to Diversity: 0.0011045491858592271
  Route: [1, 31, 6, 30, 16, 49, 36, 39, 38, 35, 37, 40, 34, 50, 18, 2, 29, 47, 26, 25, 12, 28, 27, 3, 7, 42, 17, 21, 20, 23, 5, 24, 48, 44, 15, 41, 19, 8, 9, 10, 45, 32, 46, 13, 52, 14, 11, 51, 33, 43, 4, 22]

Individual 53:
  Route length: 14912
  Contribution to Diversity: 0.000880850360961638
  Route: [45, 1, 30, 2, 7, 16, 20, 49, 36, 39, 25, 43, 10, 9, 8, 19, 41, 35, 37, 4, 6, 24, 13, 14, 26, 47, 27, 11, 52, 44, 29, 23, 42, 21, 17, 12, 33, 51, 28, 48, 38, 15, 5, 46, 50, 34, 32, 40, 3, 18, 31, 22]

Individual 54:
  Route length: 15082
  Contribution to Diversity: 0.0007743228411456471
  Route: [3, 17, 42, 7, 2, 50, 46, 44, 34, 24, 48, 5, 12, 25, 37, 18, 9, 45, 19, 41, 8, 33, 43, 10, 21, 35, 29, 31, 49, 32, 4, 51, 11, 26, 14, 13, 47, 52, 27, 28, 23, 30, 36, 1, 16, 15, 6, 38, 39, 20, 40, 22]

Individual 55:
  Route length: 15075
  Contribution to Diversity: 0.0005302428413092031
  Route: [1, 32, 35, 37, 2, 39, 50, 47, 14, 13, 52, 11, 51, 15, 38, 36, 23, 20, 6, 4, 25, 12, 48, 21, 17, 31, 29, 30, 7, 42, 3, 44, 46, 16, 28, 27, 26, 24, 5, 33, 43, 10, 8, 41, 19, 45, 9, 18, 40, 49, 34, 22]

Individual 56:
  Route length: 14959
  Contribution to Diversity: 0.0003609375811901572
  Route: [2, 31, 18, 3, 32, 39, 34, 35, 15, 45, 44, 46, 12, 28, 25, 4, 6, 5, 48, 37, 36, 29, 16, 40, 17, 30, 7, 42, 21, 1, 24, 19, 10, 9, 8, 41, 43, 20, 33, 51, 11, 52, 26, 27, 47, 14, 13, 50, 23, 49, 38, 22]

Individual 57:
  Route length: 15029
  Contribution to Diversity: 0.00020442954573862693
  Route: [3, 30, 23, 20, 26, 47, 13, 14, 52, 11, 51, 33, 10, 9, 8, 2, 7, 42, 28, 12, 27, 25, 39, 1, 18, 31, 32, 19, 45, 15, 43, 50, 6, 37, 24, 40, 36, 48, 38, 4, 16, 49, 41, 17, 29, 5, 46, 34, 35, 44, 21, 22]

Individual 58:
  Route length: 14865
  Contribution to Diversity: 0.0006605587381214306
  Route: [49, 18, 17, 21, 16, 52, 11, 51, 24, 34, 15, 42, 30, 7, 2, 31, 29, 4, 39, 35, 36, 50, 20, 23, 38, 37, 46, 44, 1, 32, 45, 6, 48, 27, 26, 47, 13, 14, 25, 40, 28, 12, 5, 33, 43, 10, 9, 8, 41, 19, 3, 22]

Individual 59:
  Route length: 14767
  Contribution to Diversity: 0.000488936195789158
  Route: [49, 42, 30, 7, 2, 31, 29, 4, 39, 35, 36, 50, 20, 23, 38, 37, 46, 44, 1, 32, 45, 6, 48, 27, 26, 47, 13, 14, 25, 40, 28, 12, 5, 33, 51, 11, 52, 16, 21, 17, 18, 15, 34, 24, 43, 10, 9, 8, 41, 19, 3, 22]

Individual 60:
  Route length: 15046
  Contribution to Diversity: 0.0006871426423922244
  Route: [2, 31, 18, 3, 32, 39, 34, 35, 15, 45, 44, 38, 49, 23, 50, 13, 14, 47, 27, 26, 52, 11, 51, 33, 20, 43, 41, 8, 9, 10, 19, 24, 1, 21, 42, 7, 30, 17, 40, 16, 29, 36, 37, 48, 5, 6, 4, 25, 28, 12, 46, 22]

Individual 61:
  Route length: 14928
  Contribution to Diversity: 0.00026250824474338685
  Route: [20, 40, 24, 4, 51, 11, 26, 14, 13, 47, 52, 27, 28, 34, 29, 50, 1, 36, 35, 37, 39, 5, 6, 43, 33, 15, 44, 46, 16, 38, 23, 30, 48, 10, 45, 12, 25, 19, 3, 17, 49, 32, 41, 8, 9, 31, 7, 42, 2, 21, 18, 22]

Individual 62:
  Route length: 14934
  Contribution to Diversity: 0.0010570799076310422
  Route: [1, 40, 43, 36, 37, 44, 21, 30, 2, 7, 42, 29, 50, 23, 24, 34, 16, 20, 18, 38, 32, 5, 49, 46, 27, 26, 52, 14, 13, 47, 11, 25, 33, 51, 12, 28, 4, 48, 31, 17, 35, 15, 6, 41, 8, 9, 10, 39, 19, 3, 45, 22]

Individual 63:
  Route length: 15054
  Contribution to Diversity: 0.0008671822235841731
  Route: [3, 17, 42, 7, 2, 50, 46, 38, 6, 15, 16, 1, 36, 30, 23, 28, 27, 52, 47, 13, 14, 26, 11, 51, 4, 32, 35, 21, 29, 31, 49, 10, 43, 33, 8, 41, 19, 45, 9, 18, 37, 25, 12, 5, 48, 24, 34, 44, 39, 20, 40, 22]

Individual 64:
  Route length: 15002
  Contribution to Diversity: 0.0012374212269339324
  Route: [19, 38, 36, 39, 20, 29, 50, 24, 15, 17, 5, 21, 18, 25, 27, 26, 52, 14, 13, 47, 11, 51, 33, 4, 28, 12, 44, 40, 6, 43, 10, 9, 8, 41, 37, 35, 3, 45, 49, 1, 32, 42, 7, 2, 30, 23, 34, 16, 46, 48, 31, 22]

Individual 65:
  Route length: 14990
  Contribution to Diversity: 0.0004917138244877606
  Route: [3, 19, 45, 28, 27, 12, 20, 23, 30, 8, 9, 10, 36, 35, 39, 25, 44, 24, 48, 33, 43, 5, 40, 15, 50, 6, 51, 11, 52, 14, 13, 47, 26, 38, 21, 31, 17, 41, 49, 37, 46, 16, 29, 42, 7, 2, 32, 4, 34, 1, 18, 22]

Individual 66:
  Route length: 15073
  Contribution to Diversity: 0.0003922098968889287
  Route: [31, 17, 32, 18, 23, 44, 20, 42, 2, 7, 1, 49, 40, 35, 48, 29, 50, 15, 6, 25, 30, 38, 43, 10, 33, 19, 41, 8, 9, 51, 27, 26, 52, 13, 14, 11, 28, 12, 47, 16, 21, 37, 34, 46, 4, 24, 5, 39, 36, 45, 3, 22]

Individual 67:
  Route length: 15030
  Contribution to Diversity: 0.0005258337339455466
  Route: [18, 32, 49, 35, 9, 10, 1, 29, 16, 38, 39, 48, 24, 27, 26, 15, 5, 4, 13, 28, 47, 14, 52, 11, 51, 46, 34, 45, 31, 6, 33, 40, 41, 19, 8, 3, 17, 21, 23, 20, 2, 7, 42, 30, 50, 44, 43, 37, 36, 25, 12, 22]

Individual 68:
  Route length: 14901
  Contribution to Diversity: 0.0011954499602877533
  Route: [6, 17, 21, 29, 16, 44, 34, 39, 15, 45, 25, 38, 10, 9, 43, 33, 8, 41, 19, 37, 40, 24, 5, 48, 50, 28, 26, 47, 20, 30, 2, 35, 36, 46, 12, 27, 13, 14, 52, 11, 51, 4, 49, 7, 42, 32, 3, 18, 31, 1, 23, 22]

Individual 69:
  Route length: 14965
  Contribution to Diversity: 0.00040089852609082044
  Route: [31, 17, 32, 18, 23, 44, 20, 42, 2, 7, 1, 49, 40, 35, 48, 29, 50, 15, 6, 25, 30, 38, 46, 34, 37, 21, 16, 47, 12, 28, 11, 14, 13, 52, 26, 27, 51, 9, 8, 41, 19, 33, 10, 43, 4, 24, 5, 39, 36, 45, 3, 22]

Individual 70:
  Route length: 14852
  Contribution to Diversity: 0.0009337925856129914
  Route: [21, 2, 7, 42, 30, 50, 44, 38, 1, 6, 4, 48, 37, 39, 16, 29, 27, 26, 47, 24, 46, 33, 10, 43, 36, 35, 40, 34, 20, 32, 15, 17, 23, 49, 25, 5, 13, 14, 52, 11, 51, 28, 12, 9, 19, 45, 41, 3, 18, 8, 31, 22]

Individual 71:
  Route length: 14906
  Contribution to Diversity: 0.0008531578685708752
  Route: [1, 24, 5, 46, 16, 40, 37, 35, 31, 17, 3, 18, 6, 25, 29, 41, 10, 8, 9, 15, 39, 48, 44, 12, 47, 13, 14, 52, 28, 34, 11, 51, 33, 43, 19, 45, 32, 49, 21, 42, 7, 2, 30, 23, 20, 36, 38, 26, 27, 4, 50, 22]

Individual 72:
  Route length: 14930
  Contribution to Diversity: 0.0006566349803103222
  Route: [35, 50, 39, 10, 43, 33, 51, 11, 52, 14, 13, 47, 20, 12, 25, 4, 6, 48, 26, 27, 28, 49, 18, 21, 17, 8, 41, 19, 45, 9, 3, 37, 36, 5, 24, 44, 34, 1, 15, 38, 40, 23, 2, 30, 29, 31, 32, 46, 16, 7, 42, 22]

Individual 73:
  Route length: 14795
  Contribution to Diversity: 0.0011581115573049416
  Route: [28, 27, 13, 47, 26, 37, 30, 42, 7, 2, 21, 48, 6, 16, 35, 34, 29, 50, 20, 32, 49, 19, 41, 8, 9, 10, 1, 45, 4, 25, 12, 40, 31, 23, 18, 39, 36, 3, 17, 46, 38, 24, 5, 44, 43, 33, 51, 11, 52, 14, 15, 22]

Individual 74:
  Route length: 14839
  Contribution to Diversity: 0.0005175076732228945
  Route: [31, 17, 32, 18, 23, 44, 20, 42, 2, 7, 1, 49, 40, 35, 48, 29, 50, 15, 6, 25, 30, 38, 46, 34, 37, 45, 36, 39, 5, 24, 4, 43, 10, 33, 19, 41, 8, 9, 51, 27, 26, 52, 13, 14, 11, 28, 12, 47, 16, 21, 3, 22]

Individual 75:
  Route length: 14941
  Contribution to Diversity: 0.000368428029217327
  Route: [1, 36, 2, 30, 50, 34, 35, 43, 6, 29, 33, 51, 5, 39, 16, 46, 44, 49, 37, 40, 9, 10, 8, 41, 19, 18, 31, 24, 48, 38, 23, 20, 7, 42, 21, 17, 3, 45, 32, 4, 13, 14, 52, 11, 26, 27, 28, 12, 25, 47, 15, 22]

Individual 76:
  Route length: 14875
  Contribution to Diversity: 0.0004782158466563047
  Route: [9, 8, 21, 18, 41, 19, 10, 43, 33, 23, 30, 2, 7, 42, 3, 17, 39, 37, 50, 15, 38, 6, 4, 25, 12, 27, 28, 51, 46, 16, 24, 44, 29, 31, 5, 48, 36, 26, 47, 13, 14, 52, 11, 40, 34, 35, 1, 32, 49, 20, 45, 22]

Individual 77:
  Route length: 15035
  Contribution to Diversity: 0.0009709320475641547
  Route: [1, 23, 8, 45, 21, 31, 44, 7, 42, 17, 19, 3, 18, 2, 29, 47, 26, 25, 12, 28, 27, 15, 43, 33, 51, 11, 52, 14, 13, 46, 38, 48, 24, 5, 34, 35, 36, 39, 49, 6, 40, 37, 16, 50, 9, 10, 41, 4, 20, 32, 30, 22]

Individual 78:
  Route length: 14906
  Contribution to Diversity: 0.00041210258507362596
  Route: [23, 33, 51, 39, 1, 30, 2, 7, 42, 21, 17, 19, 16, 34, 36, 12, 25, 28, 5, 15, 4, 48, 14, 52, 11, 27, 26, 47, 13, 46, 50, 20, 29, 40, 37, 38, 24, 49, 43, 10, 9, 8, 41, 32, 35, 44, 3, 45, 6, 18, 31, 22]

Individual 79:
  Route length: 15070
  Contribution to Diversity: 0.00037351142854902264
  Route: [30, 16, 44, 11, 52, 51, 15, 36, 38, 1, 19, 45, 10, 9, 8, 41, 21, 20, 3, 42, 7, 2, 29, 23, 6, 34, 4, 37, 40, 39, 50, 14, 13, 47, 26, 27, 28, 12, 33, 43, 48, 49, 32, 31, 18, 17, 46, 35, 5, 25, 24, 22]

Individual 80:
  Route length: 14974
  Contribution to Diversity: 0.0004921303662497323
  Route: [1, 25, 6, 18, 3, 17, 50, 4, 11, 51, 28, 52, 14, 13, 47, 12, 34, 37, 48, 15, 27, 26, 23, 30, 2, 7, 42, 21, 19, 45, 32, 43, 33, 40, 5, 24, 49, 39, 9, 8, 10, 41, 29, 16, 46, 44, 38, 36, 20, 35, 31, 22]

Individual 81:
  Route length: 15033
  Contribution to Diversity: 0.0002107991935877962
  Route: [20, 15, 51, 11, 26, 14, 27, 52, 47, 13, 28, 48, 10, 45, 12, 25, 32, 49, 17, 3, 19, 41, 8, 9, 31, 38, 23, 30, 34, 35, 36, 1, 50, 29, 37, 39, 5, 6, 43, 33, 4, 24, 40, 44, 46, 16, 7, 42, 2, 21, 18, 22]

Individual 82:
  Route length: 14716
  Contribution to Diversity: 0.0007815961462602772
  Route: [28, 5, 15, 6, 4, 25, 46, 37, 20, 31, 48, 45, 12, 19, 41, 8, 9, 10, 43, 33, 51, 11, 52, 14, 29, 38, 27, 13, 47, 26, 24, 39, 36, 35, 34, 17, 3, 1, 44, 49, 32, 18, 23, 40, 16, 30, 2, 7, 42, 21, 50, 22]

Individual 83:
  Route length: 15002
  Contribution to Diversity: 0.0006013961364388365
  Route: [41, 8, 9, 10, 43, 33, 51, 17, 19, 32, 1, 15, 38, 37, 31, 49, 44, 35, 40, 50, 29, 23, 5, 24, 16, 48, 25, 27, 26, 52, 14, 13, 11, 47, 12, 28, 4, 6, 3, 42, 7, 2, 30, 20, 46, 18, 39, 36, 34, 21, 45, 22]

Individual 84:
  Route length: 14488
  Contribution to Diversity: 0.0003825194698006129
  Route: [39, 36, 25, 27, 26, 52, 13, 14, 47, 40, 49, 24, 38, 15, 5, 1, 32, 31, 34, 23, 30, 29, 50, 45, 3, 17, 37, 42, 7, 2, 20, 48, 21, 18, 35, 44, 6, 4, 28, 12, 11, 51, 33, 16, 46, 43, 10, 9, 8, 41, 19, 22]

Individual 85:
  Route length: 14818
  Contribution to Diversity: 0.00046011754134589467
  Route: [35, 49, 5, 24, 20, 29, 50, 23, 18, 48, 39, 3, 17, 31, 4, 6, 43, 45, 46, 44, 16, 25, 33, 51, 27, 26, 52, 47, 13, 14, 11, 28, 12, 32, 19, 38, 36, 21, 30, 2, 7, 42, 41, 8, 9, 10, 40, 1, 34, 15, 37, 22]

Individual 86:
  Route length: 15036
  Contribution to Diversity: 0.0002309775211086773
  Route: [32, 6, 15, 43, 4, 38, 37, 44, 34, 36, 5, 24, 49, 35, 17, 39, 19, 45, 21, 42, 7, 2, 16, 46, 1, 41, 33, 51, 11, 52, 14, 13, 47, 26, 27, 48, 8, 40, 18, 10, 9, 25, 12, 28, 30, 29, 23, 3, 50, 20, 31, 22]

Individual 87:
  Route length: 14748
  Contribution to Diversity: 0.0004114329447473253
  Route: [19, 10, 9, 8, 41, 18, 31, 46, 28, 52, 11, 51, 33, 16, 35, 3, 45, 43, 24, 5, 38, 48, 1, 49, 32, 39, 34, 2, 20, 30, 7, 42, 21, 17, 44, 4, 6, 15, 25, 12, 37, 40, 23, 50, 29, 26, 27, 47, 13, 14, 36, 22]

Individual 88:
  Route length: 15033
  Contribution to Diversity: 0.0012299030429918645
  Route: [42, 21, 20, 19, 41, 34, 44, 35, 48, 40, 39, 9, 8, 43, 25, 12, 28, 10, 37, 38, 6, 4, 27, 13, 14, 47, 26, 52, 11, 51, 33, 45, 32, 18, 17, 7, 2, 50, 29, 16, 23, 30, 36, 46, 15, 5, 1, 49, 3, 24, 31, 22]

Individual 89:
  Route length: 14927
  Contribution to Diversity: 0.00019471203898913103
  Route: [32, 17, 39, 19, 45, 21, 42, 7, 2, 16, 46, 1, 41, 33, 51, 11, 52, 14, 13, 47, 26, 27, 48, 6, 15, 43, 12, 25, 24, 5, 36, 34, 44, 49, 35, 8, 40, 18, 10, 9, 37, 38, 4, 28, 30, 29, 23, 3, 50, 20, 31, 22]

Individual 90:
  Route length: 14966
  Contribution to Diversity: 0.0006122309792324643
  Route: [3, 7, 2, 21, 29, 37, 39, 5, 20, 18, 36, 4, 41, 19, 45, 8, 9, 33, 43, 10, 31, 44, 50, 24, 38, 48, 15, 6, 40, 1, 42, 17, 49, 32, 16, 46, 25, 12, 51, 11, 26, 14, 13, 47, 52, 27, 28, 23, 30, 34, 35, 22]

Individual 91:
  Route length: 15018
  Contribution to Diversity: 0.00035645752219082283
  Route: [30, 16, 44, 11, 52, 51, 15, 36, 38, 1, 19, 45, 10, 9, 8, 41, 21, 20, 3, 42, 7, 2, 29, 23, 6, 34, 4, 37, 40, 39, 50, 14, 13, 47, 26, 27, 28, 12, 33, 43, 48, 49, 32, 17, 18, 31, 46, 35, 5, 25, 24, 22]

Individual 92:
  Route length: 15044
  Contribution to Diversity: 0.0002175230014991314
  Route: [30, 16, 44, 11, 52, 51, 15, 36, 39, 40, 37, 4, 34, 6, 23, 29, 2, 7, 42, 3, 20, 21, 41, 8, 9, 10, 45, 19, 1, 38, 50, 14, 13, 47, 26, 27, 28, 12, 33, 43, 48, 49, 32, 31, 18, 17, 46, 35, 5, 25, 24, 22]

Individual 93:
  Route length: 15030
  Contribution to Diversity: 0.0008803646140558286
  Route: [18, 32, 49, 35, 9, 10, 1, 29, 16, 38, 39, 48, 26, 27, 24, 15, 5, 4, 13, 28, 47, 14, 52, 11, 51, 46, 34, 45, 31, 6, 33, 40, 41, 19, 8, 3, 17, 21, 23, 20, 2, 7, 42, 30, 50, 44, 43, 37, 36, 25, 12, 22]

Individual 94:
  Route length: 14633
  Contribution to Diversity: 0
  Route: [32, 17, 39, 19, 45, 21, 42, 7, 2, 16, 46, 1, 41, 33, 51, 11, 52, 14, 13, 47, 26, 27, 48, 6, 15, 43, 12, 25, 24, 5, 36, 34, 44, 49, 35, 8, 40, 18, 10, 9, 37, 38, 4, 28, 30, 29, 23, 20, 50, 3, 31, 22]

Individual 95:
  Route length: 15009
  Contribution to Diversity: 0
  Route: [34, 50, 44, 27, 28, 2, 42, 7, 18, 3, 17, 21, 15, 6, 33, 43, 10, 9, 8, 45, 48, 35, 36, 16, 46, 51, 11, 52, 14, 13, 38, 5, 24, 26, 47, 1, 20, 23, 29, 30, 37, 32, 49, 39, 25, 12, 4, 40, 19, 41, 31, 22]

Individual 96:
  Route length: 14989
  Contribution to Diversity: 0.000725971875016107
  Route: [17, 20, 39, 49, 32, 45, 43, 38, 34, 44, 47, 27, 26, 24, 40, 25, 12, 28, 35, 50, 48, 37, 36, 6, 4, 15, 5, 46, 1, 9, 10, 18, 33, 51, 11, 52, 14, 13, 8, 41, 19, 16, 29, 3, 21, 42, 7, 2, 30, 23, 31, 22]

Individual 97:
  Route length: 14870
  Contribution to Diversity: 0
  Route: [5, 38, 20, 1, 49, 34, 43, 33, 10, 9, 8, 41, 36, 44, 4, 25, 13, 16, 37, 15, 48, 46, 14, 52, 11, 51, 12, 6, 31, 19, 17, 3, 50, 32, 35, 47, 26, 27, 28, 24, 45, 18, 23, 30, 2, 7, 42, 21, 29, 40, 39, 22]

Individual 98:
  Route length: 14178
  Contribution to Diversity: 0
  Route: [31, 45, 3, 50, 29, 46, 16, 48, 25, 12, 28, 11, 14, 52, 13, 26, 27, 47, 34, 1, 7, 2, 42, 49, 40, 35, 44, 23, 18, 32, 36, 39, 5, 24, 20, 6, 51, 33, 19, 41, 8, 9, 10, 43, 38, 4, 15, 30, 21, 17, 37, 22]

Individual 99:
  Route length: 15002
  Contribution to Diversity: 0.00028785124623187386
  Route: [20, 44, 2, 30, 23, 1, 17, 42, 7, 49, 4, 51, 11, 52, 14, 13, 26, 47, 6, 32, 3, 18, 39, 15, 45, 25, 38, 10, 9, 43, 33, 8, 41, 19, 37, 40, 35, 36, 46, 12, 27, 28, 50, 5, 48, 24, 16, 29, 21, 31, 34, 22]

Individual 100:
  Route length: 14694
  Contribution to Diversity: 0
  Route: [35, 28, 29, 30, 23, 4, 37, 39, 1, 34, 46, 32, 49, 45, 19, 3, 43, 10, 9, 25, 12, 38, 17, 18, 36, 48, 24, 5, 15, 6, 44, 20, 31, 50, 16, 2, 7, 42, 21, 27, 26, 47, 13, 14, 52, 11, 51, 33, 41, 8, 40, 22]

Individual 101:
  Route length: 14603
  Contribution to Diversity: 0
  Route: [35, 28, 29, 30, 23, 4, 37, 39, 6, 15, 5, 24, 48, 36, 18, 17, 38, 12, 25, 9, 10, 43, 3, 19, 45, 49, 32, 46, 34, 1, 44, 20, 31, 50, 16, 2, 7, 42, 21, 27, 26, 47, 13, 14, 52, 11, 51, 33, 41, 8, 40, 22]

Individual 102:
  Route length: 14848
  Contribution to Diversity: 0
  Route: [31, 9, 8, 41, 32, 49, 17, 3, 19, 25, 12, 45, 10, 48, 30, 23, 38, 16, 46, 44, 15, 33, 43, 6, 5, 39, 37, 35, 36, 1, 50, 29, 34, 28, 27, 52, 47, 13, 14, 26, 11, 51, 4, 24, 40, 20, 7, 42, 2, 21, 18, 22]

Individual 103:
  Route length: 14805
  Contribution to Diversity: 0
  Route: [3, 30, 23, 20, 44, 40, 36, 35, 34, 29, 45, 19, 32, 31, 18, 8, 9, 10, 43, 50, 6, 37, 24, 48, 38, 4, 17, 41, 49, 16, 46, 25, 47, 26, 13, 14, 52, 11, 51, 33, 15, 5, 39, 1, 2, 7, 42, 28, 27, 12, 21, 22]

Individual 104:
  Route length: 14587
  Contribution to Diversity: 0
  Route: [5, 38, 35, 32, 50, 3, 17, 19, 31, 6, 12, 51, 11, 52, 14, 46, 48, 15, 37, 16, 13, 25, 4, 44, 36, 41, 8, 9, 10, 33, 43, 34, 49, 1, 20, 47, 26, 27, 28, 24, 45, 18, 23, 30, 2, 7, 42, 21, 29, 40, 39, 22]

Individual 105:
  Route length: 14889
  Contribution to Diversity: 0.0009038702170363067
  Route: [35, 24, 5, 49, 20, 29, 50, 18, 23, 40, 1, 28, 12, 33, 51, 27, 26, 52, 14, 13, 47, 11, 25, 10, 9, 8, 41, 43, 6, 4, 31, 17, 3, 38, 46, 44, 34, 32, 19, 37, 15, 16, 48, 39, 36, 21, 30, 2, 7, 42, 45, 22]

Individual 106:
  Route length: 14812
  Contribution to Diversity: 0.0008362722131343148
  Route: [1, 34, 4, 25, 40, 5, 24, 16, 3, 41, 44, 36, 37, 48, 9, 10, 43, 35, 32, 49, 33, 28, 12, 39, 15, 38, 50, 46, 29, 23, 7, 30, 20, 51, 11, 52, 14, 13, 27, 26, 47, 6, 8, 19, 45, 17, 21, 42, 2, 18, 31, 22]

Individual 107:
  Route length: 15030
  Contribution to Diversity: 0.0006293480139829555
  Route: [25, 4, 6, 10, 23, 31, 15, 48, 30, 42, 21, 40, 45, 32, 49, 1, 36, 35, 29, 50, 20, 5, 24, 38, 9, 8, 41, 19, 43, 27, 26, 47, 13, 52, 14, 11, 51, 33, 34, 16, 44, 46, 39, 37, 28, 12, 2, 7, 17, 3, 18, 22]

Individual 108:
  Route length: 15038
  Contribution to Diversity: 0.0003769351604425708
  Route: [5, 24, 16, 40, 50, 29, 23, 41, 8, 9, 10, 43, 33, 51, 17, 19, 21, 34, 36, 39, 18, 1, 15, 38, 37, 31, 49, 44, 35, 48, 25, 27, 26, 52, 14, 13, 11, 47, 12, 28, 4, 6, 3, 42, 7, 2, 30, 20, 46, 32, 45, 22]

Individual 109:
  Route length: 14948
  Contribution to Diversity: 0.0009848301037900242
  Route: [35, 49, 5, 24, 20, 29, 50, 23, 18, 48, 39, 3, 17, 31, 4, 6, 43, 45, 46, 44, 16, 25, 33, 51, 27, 26, 52, 47, 13, 14, 11, 12, 28, 32, 1, 40, 10, 9, 8, 41, 42, 7, 2, 30, 21, 36, 38, 19, 34, 15, 37, 22]

Individual 110:
  Route length: 14761
  Contribution to Diversity: 0
  Route: [26, 37, 4, 25, 12, 40, 9, 10, 43, 33, 51, 11, 52, 14, 16, 44, 49, 41, 8, 17, 3, 19, 1, 21, 42, 7, 2, 30, 46, 45, 38, 18, 29, 27, 13, 47, 28, 34, 39, 24, 5, 15, 6, 48, 35, 36, 31, 23, 50, 20, 32, 22]

Individual 111:
  Route length: 14941
  Contribution to Diversity: 0.0004766815036072458
  Route: [21, 15, 4, 16, 29, 13, 14, 52, 11, 51, 33, 18, 37, 34, 40, 35, 36, 45, 41, 43, 10, 8, 32, 19, 3, 17, 42, 7, 2, 30, 23, 1, 49, 38, 44, 50, 39, 6, 25, 5, 28, 46, 24, 47, 26, 27, 12, 9, 48, 20, 31, 22]

Individual 112:
  Route length: 14718
  Contribution to Diversity: 0.000190452024060761
  Route: [1, 36, 25, 12, 43, 5, 44, 50, 30, 42, 2, 7, 20, 23, 21, 17, 3, 9, 10, 37, 49, 32, 18, 8, 41, 19, 40, 33, 46, 35, 38, 48, 24, 16, 15, 39, 34, 45, 31, 6, 27, 26, 47, 28, 13, 4, 51, 11, 52, 14, 29, 22]

Individual 113:
  Route length: 15016
  Contribution to Diversity: 0.0006599706867209676
  Route: [31, 45, 10, 43, 38, 4, 15, 30, 21, 20, 24, 5, 39, 36, 32, 18, 23, 44, 35, 40, 49, 42, 2, 7, 1, 34, 47, 27, 26, 13, 52, 14, 11, 28, 12, 25, 48, 16, 46, 29, 50, 3, 9, 8, 41, 19, 33, 51, 6, 17, 37, 22]

Individual 114:
  Route length: 14963
  Contribution to Diversity: 0.00032084309333679784
  Route: [2, 7, 31, 46, 34, 27, 28, 14, 13, 47, 26, 12, 25, 44, 50, 29, 30, 23, 20, 37, 38, 10, 9, 8, 41, 19, 3, 18, 6, 15, 1, 49, 42, 16, 52, 11, 51, 33, 5, 36, 4, 39, 35, 40, 43, 48, 24, 45, 32, 21, 17, 22]

Individual 115:
  Route length: 14804
  Contribution to Diversity: 0
  Route: [1, 49, 4, 10, 44, 50, 46, 16, 29, 42, 2, 7, 9, 8, 41, 45, 48, 24, 33, 43, 34, 6, 5, 11, 52, 14, 13, 47, 26, 27, 51, 19, 15, 32, 40, 37, 38, 35, 23, 30, 21, 36, 39, 25, 12, 28, 20, 17, 3, 18, 31, 22]

Individual 116:
  Route length: 14953
  Contribution to Diversity: 0.000578756036321515
  Route: [1, 12, 25, 36, 37, 43, 19, 10, 9, 35, 49, 32, 18, 29, 16, 38, 39, 48, 24, 51, 11, 52, 14, 47, 28, 13, 4, 5, 15, 26, 27, 46, 34, 45, 31, 8, 3, 17, 21, 23, 20, 2, 7, 42, 30, 50, 44, 40, 33, 6, 41, 22]

Individual 117:
  Route length: 14810
  Contribution to Diversity: 0.00042103300618645534
  Route: [1, 36, 25, 12, 43, 5, 4, 13, 28, 47, 26, 27, 6, 31, 45, 34, 39, 49, 32, 18, 8, 41, 19, 40, 33, 46, 35, 38, 48, 24, 16, 15, 37, 10, 9, 3, 17, 21, 23, 20, 7, 2, 42, 30, 50, 44, 51, 11, 52, 14, 29, 22]

Individual 118:
  Route length: 14885
  Contribution to Diversity: 0.0006973841135469172
  Route: [21, 15, 4, 16, 29, 13, 14, 52, 11, 51, 33, 18, 37, 48, 34, 40, 35, 36, 45, 41, 43, 10, 8, 32, 19, 3, 17, 42, 7, 2, 30, 23, 1, 49, 38, 44, 50, 39, 6, 25, 5, 28, 46, 24, 47, 26, 27, 12, 9, 20, 31, 22]

Individual 119:
  Route length: 15075
  Contribution to Diversity: 0.000871099932092001
  Route: [42, 21, 20, 35, 44, 34, 41, 19, 48, 5, 15, 46, 36, 30, 23, 16, 29, 50, 2, 7, 17, 24, 3, 8, 9, 39, 40, 1, 49, 43, 25, 12, 28, 10, 37, 38, 6, 4, 27, 13, 14, 47, 26, 52, 11, 51, 33, 45, 32, 18, 31, 22]

Individual 120:
  Route length: 14897
  Contribution to Diversity: 0.0002955617001898503
  Route: [25, 4, 6, 10, 23, 31, 15, 48, 30, 42, 21, 40, 45, 32, 49, 1, 36, 35, 29, 50, 20, 5, 24, 38, 9, 8, 41, 19, 43, 27, 26, 47, 13, 52, 14, 11, 51, 33, 34, 37, 39, 46, 44, 16, 28, 12, 2, 7, 17, 3, 18, 22]

Individual 121:
  Route length: 14961
  Contribution to Diversity: 0.0002029687913012168
  Route: [1, 25, 6, 18, 3, 17, 50, 4, 11, 51, 28, 52, 14, 13, 47, 12, 34, 44, 35, 20, 36, 38, 37, 48, 15, 27, 26, 23, 30, 2, 7, 42, 21, 19, 45, 32, 43, 33, 40, 5, 24, 49, 39, 9, 8, 10, 41, 29, 16, 46, 31, 22]

Individual 122:
  Route length: 15075
  Contribution to Diversity: 0.0008694264138773278
  Route: [1, 48, 34, 45, 19, 8, 7, 2, 42, 29, 6, 18, 41, 44, 20, 50, 46, 17, 3, 21, 30, 23, 10, 9, 51, 33, 4, 15, 39, 37, 38, 36, 40, 5, 11, 52, 14, 13, 47, 26, 27, 25, 12, 28, 16, 35, 49, 24, 43, 32, 31, 22]

Individual 123:
  Route length: 14852
  Contribution to Diversity: 0.0004162613108871227
  Route: [35, 49, 5, 24, 20, 29, 50, 23, 18, 48, 39, 3, 17, 31, 4, 6, 43, 45, 46, 44, 16, 25, 33, 51, 27, 26, 52, 47, 13, 14, 11, 28, 12, 42, 7, 2, 30, 21, 36, 38, 19, 32, 41, 8, 9, 10, 40, 1, 34, 15, 37, 22]

Individual 124:
  Route length: 13951
  Contribution to Diversity: 0.00013991795093204473
  Route: [43, 6, 5, 1, 49, 2, 7, 42, 18, 9, 10, 8, 3, 17, 21, 30, 23, 20, 50, 44, 25, 46, 15, 33, 26, 27, 28, 12, 11, 52, 14, 13, 47, 24, 35, 39, 34, 40, 29, 51, 37, 48, 4, 38, 32, 45, 19, 41, 36, 16, 31, 22]

Individual 125:
  Route length: 14691
  Contribution to Diversity: 0
  Route: [26, 37, 46, 30, 2, 7, 42, 21, 1, 19, 3, 17, 8, 41, 49, 44, 16, 14, 52, 11, 51, 33, 43, 10, 9, 40, 12, 25, 4, 45, 38, 18, 29, 27, 13, 47, 28, 34, 39, 24, 5, 15, 6, 48, 35, 36, 31, 23, 50, 20, 32, 22]

Individual 126:
  Route length: 14853
  Contribution to Diversity: 0.00043416291658626704
  Route: [20, 44, 2, 30, 23, 1, 17, 42, 7, 49, 4, 51, 11, 52, 14, 13, 26, 47, 6, 32, 3, 18, 39, 15, 45, 25, 38, 10, 9, 43, 33, 8, 41, 19, 50, 28, 27, 12, 46, 36, 35, 40, 37, 5, 48, 24, 16, 29, 21, 31, 34, 22]

Individual 127:
  Route length: 14601
  Contribution to Diversity: 0
  Route: [5, 38, 20, 1, 49, 34, 43, 33, 10, 9, 8, 41, 36, 44, 35, 32, 50, 3, 17, 19, 31, 6, 12, 51, 11, 52, 14, 46, 48, 15, 37, 16, 13, 25, 4, 47, 26, 27, 28, 24, 45, 18, 23, 30, 2, 7, 42, 21, 29, 40, 39, 22]

Individual 128:
  Route length: 15021
  Contribution to Diversity: 0.0014960661044733925
  Route: [18, 19, 41, 8, 9, 10, 45, 37, 40, 16, 29, 50, 26, 47, 5, 24, 31, 1, 39, 36, 30, 23, 3, 17, 21, 42, 7, 20, 46, 44, 38, 33, 43, 51, 11, 52, 14, 13, 15, 35, 48, 32, 27, 28, 12, 25, 4, 6, 2, 49, 34, 22]

Individual 129:
  Route length: 14438
  Contribution to Diversity: 0.000159637584334682
  Route: [21, 2, 7, 42, 30, 50, 44, 38, 1, 49, 23, 17, 15, 32, 20, 34, 40, 35, 36, 43, 10, 33, 46, 6, 4, 48, 39, 37, 16, 29, 27, 26, 47, 24, 25, 5, 13, 14, 52, 11, 51, 28, 12, 9, 19, 45, 41, 3, 18, 8, 31, 22]

Individual 130:
  Route length: 14480
  Contribution to Diversity: 0
  Route: [5, 38, 20, 50, 3, 17, 19, 31, 6, 12, 51, 11, 52, 14, 46, 48, 15, 37, 16, 13, 25, 4, 44, 36, 41, 8, 9, 10, 33, 43, 34, 49, 1, 32, 35, 47, 26, 27, 28, 24, 45, 18, 23, 30, 2, 7, 42, 21, 29, 40, 39, 22]

Individual 131:
  Route length: 15055
  Contribution to Diversity: 0.000783440007832148
  Route: [16, 29, 50, 1, 20, 23, 7, 2, 32, 30, 42, 28, 27, 5, 24, 15, 6, 36, 39, 3, 17, 21, 41, 38, 4, 25, 12, 45, 19, 37, 40, 46, 44, 35, 34, 49, 26, 47, 14, 52, 13, 11, 51, 33, 43, 9, 10, 48, 8, 18, 31, 22]

Individual 132:
  Route length: 14858
  Contribution to Diversity: 0
  Route: [1, 49, 4, 10, 7, 2, 42, 29, 16, 46, 50, 44, 9, 8, 41, 45, 48, 24, 33, 43, 34, 6, 5, 11, 52, 14, 13, 47, 26, 27, 51, 19, 15, 32, 40, 37, 38, 35, 23, 30, 21, 36, 39, 25, 12, 28, 20, 17, 3, 18, 31, 22]

Individual 133:
  Route length: 14973
  Contribution to Diversity: 0.0003044753994974059
  Route: [16, 39, 8, 9, 10, 5, 15, 1, 49, 40, 38, 46, 32, 37, 6, 24, 48, 23, 30, 2, 7, 42, 21, 41, 36, 35, 31, 18, 3, 34, 50, 25, 51, 11, 52, 14, 13, 26, 4, 28, 27, 12, 43, 33, 45, 19, 17, 47, 44, 20, 29, 22]

Individual 134:
  Route length: 14844
  Contribution to Diversity: 0.00040136210793839666
  Route: [20, 44, 2, 30, 23, 1, 17, 42, 7, 49, 4, 51, 11, 52, 14, 13, 26, 47, 6, 24, 37, 40, 35, 36, 46, 12, 27, 28, 50, 48, 5, 19, 41, 8, 33, 43, 9, 10, 38, 25, 45, 15, 39, 18, 3, 32, 16, 29, 21, 31, 34, 22]

Individual 135:
  Route length: 15063
  Contribution to Diversity: 1.37088721627876e-05
  Route: [1, 9, 49, 10, 32, 44, 25, 40, 39, 19, 41, 17, 21, 42, 7, 2, 30, 23, 6, 15, 5, 46, 16, 31, 36, 35, 8, 3, 18, 34, 37, 38, 48, 52, 11, 51, 33, 43, 27, 26, 28, 12, 4, 45, 24, 14, 13, 47, 29, 50, 20, 22]

Individual 136:
  Route length: 14818
  Contribution to Diversity: 0
  Route: [1, 49, 4, 10, 44, 50, 46, 16, 29, 42, 2, 7, 9, 8, 41, 45, 48, 24, 33, 43, 34, 6, 5, 19, 51, 27, 26, 47, 13, 14, 52, 11, 15, 32, 40, 37, 38, 35, 23, 30, 21, 36, 39, 25, 12, 28, 20, 17, 3, 18, 31, 22]

Individual 137:
  Route length: 14978
  Contribution to Diversity: 0.00036825052635158784
  Route: [16, 39, 8, 9, 10, 5, 15, 1, 49, 40, 38, 6, 37, 32, 46, 24, 48, 23, 30, 2, 7, 42, 21, 41, 36, 35, 31, 18, 3, 34, 50, 25, 51, 11, 52, 14, 13, 26, 4, 28, 27, 12, 43, 33, 45, 19, 17, 47, 44, 20, 29, 22]

Individual 138:
  Route length: 14875
  Contribution to Diversity: 0.0006466440922059391
  Route: [19, 10, 9, 8, 41, 18, 31, 46, 28, 52, 11, 51, 33, 16, 35, 3, 45, 43, 24, 5, 38, 48, 1, 49, 32, 39, 34, 2, 20, 17, 21, 42, 7, 30, 44, 4, 6, 15, 25, 12, 37, 40, 23, 50, 29, 26, 27, 47, 13, 14, 36, 22]

Individual 139:
  Route length: 15062
  Contribution to Diversity: 0
  Route: [5, 38, 20, 50, 3, 17, 48, 46, 14, 52, 11, 51, 12, 6, 31, 19, 15, 37, 16, 13, 25, 4, 44, 36, 41, 8, 9, 10, 33, 43, 34, 49, 1, 32, 35, 47, 26, 27, 28, 24, 45, 18, 23, 30, 2, 7, 42, 21, 29, 40, 39, 22]

Individual 140:
  Route length: 14992
  Contribution to Diversity: 0.0002529658644796484
  Route: [20, 15, 51, 11, 26, 14, 27, 52, 47, 13, 28, 48, 10, 45, 12, 25, 32, 49, 17, 3, 19, 41, 8, 9, 31, 38, 23, 30, 34, 35, 36, 1, 50, 29, 37, 40, 24, 4, 33, 43, 6, 5, 39, 44, 46, 16, 7, 42, 2, 21, 18, 22]

Individual 141:
  Route length: 14785
  Contribution to Diversity: 0.0005909105126784553
  Route: [1, 34, 29, 46, 50, 38, 15, 39, 5, 24, 40, 12, 28, 25, 16, 2, 42, 21, 17, 45, 19, 8, 6, 47, 26, 27, 13, 14, 52, 11, 51, 20, 30, 7, 23, 35, 43, 10, 9, 48, 37, 32, 49, 33, 4, 36, 44, 41, 3, 18, 31, 22]

Individual 142:
  Route length: 15007
  Contribution to Diversity: 0
  Route: [3, 30, 23, 20, 44, 40, 36, 48, 24, 37, 6, 50, 43, 10, 9, 8, 18, 31, 32, 19, 45, 29, 34, 35, 38, 4, 17, 41, 49, 16, 46, 25, 47, 26, 13, 14, 52, 11, 51, 33, 15, 5, 39, 1, 2, 7, 42, 28, 27, 12, 21, 22]

Individual 143:
  Route length: 14956
  Contribution to Diversity: 0.00031376982719244495
  Route: [3, 30, 23, 20, 26, 47, 13, 14, 52, 11, 51, 33, 10, 9, 8, 2, 7, 42, 28, 12, 27, 25, 39, 1, 18, 31, 32, 19, 45, 15, 43, 24, 37, 6, 50, 40, 36, 48, 38, 4, 16, 49, 41, 17, 29, 5, 46, 34, 35, 44, 21, 22]

Individual 144:
  Route length: 14910
  Contribution to Diversity: 0.0003820397763574235
  Route: [1, 37, 6, 49, 8, 19, 35, 36, 20, 44, 31, 34, 5, 24, 48, 38, 32, 40, 46, 13, 14, 52, 11, 51, 33, 43, 15, 27, 28, 12, 25, 26, 47, 29, 16, 30, 39, 4, 41, 10, 9, 18, 2, 50, 23, 45, 3, 21, 17, 42, 7, 22]

Individual 145:
  Route length: 14530
  Contribution to Diversity: 0.0006892867659793467
  Route: [21, 2, 7, 42, 30, 50, 44, 38, 1, 35, 40, 34, 20, 32, 15, 17, 23, 49, 36, 43, 10, 33, 46, 6, 4, 48, 37, 39, 16, 29, 27, 26, 47, 24, 25, 5, 13, 14, 52, 11, 51, 28, 12, 9, 19, 45, 41, 3, 18, 8, 31, 22]

Individual 146:
  Route length: 15033
  Contribution to Diversity: 0.0013488955522769075
  Route: [1, 34, 4, 25, 40, 5, 24, 16, 2, 42, 21, 17, 45, 32, 35, 43, 10, 8, 19, 49, 33, 28, 12, 39, 15, 38, 50, 46, 29, 23, 7, 30, 20, 51, 11, 52, 14, 13, 27, 26, 47, 6, 9, 48, 37, 36, 44, 41, 3, 18, 31, 22]

Individual 147:
  Route length: 14512
  Contribution to Diversity: 0
  Route: [1, 37, 6, 49, 8, 19, 35, 36, 20, 44, 31, 34, 5, 24, 48, 38, 32, 40, 46, 13, 14, 52, 11, 51, 33, 43, 15, 27, 28, 12, 25, 26, 47, 29, 16, 30, 2, 18, 9, 10, 41, 4, 39, 50, 23, 45, 3, 21, 17, 42, 7, 22]

Individual 148:
  Route length: 15023
  Contribution to Diversity: 0.0006668245759930969
  Route: [39, 36, 25, 27, 26, 52, 13, 14, 47, 40, 49, 24, 38, 15, 5, 1, 32, 31, 34, 23, 30, 29, 50, 45, 3, 17, 37, 42, 7, 2, 20, 28, 4, 6, 44, 35, 18, 21, 48, 12, 11, 51, 33, 16, 46, 43, 10, 9, 8, 41, 19, 22]

Individual 149:
  Route length: 15065
  Contribution to Diversity: 0.000132613007359339
  Route: [34, 50, 44, 27, 28, 2, 42, 7, 18, 3, 17, 21, 15, 6, 33, 43, 10, 9, 8, 45, 48, 35, 36, 16, 46, 51, 11, 52, 14, 13, 38, 5, 24, 26, 47, 1, 31, 41, 19, 40, 4, 12, 25, 39, 49, 32, 37, 30, 29, 23, 20, 22]

Total Entropy H: 6.170641681220653
