Individual 0:
  Route length: 22605
  Contribution to Diversity: 0.000506949916354138
  Route: [48, 1, 49, 51, 33, 9, 40, 36, 16, 19, 8, 41, 44, 45, 30, 32, 21, 17, 23, 13, 35, 37, 39, 10, 46, 50, 29, 43, 6, 28, 4, 42, 34, 38, 24, 27, 3, 2, 7, 12, 25, 15, 11, 26, 14, 52, 47, 20, 5, 18, 31, 22]

Individual 1:
  Route length: 22341
  Contribution to Diversity: 0.0017366048082561036
  Route: [52, 11, 34, 41, 51, 33, 43, 10, 9, 47, 13, 12, 37, 36, 6, 23, 42, 19, 28, 27, 16, 40, 48, 50, 20, 38, 25, 14, 21, 8, 45, 4, 18, 3, 7, 2, 17, 24, 46, 35, 5, 15, 49, 32, 1, 29, 44, 31, 30, 39, 26, 22]

Individual 2:
  Route length: 22099
  Contribution to Diversity: 0.0002359985996118752
  Route: [2, 14, 11, 52, 26, 47, 42, 7, 21, 15, 46, 43, 33, 51, 6, 25, 3, 4, 9, 24, 38, 29, 31, 20, 16, 48, 49, 39, 28, 13, 27, 19, 32, 37, 17, 36, 34, 35, 41, 50, 12, 45, 8, 18, 30, 10, 5, 44, 1, 40, 23, 22]

Individual 3:
  Route length: 22558
  Contribution to Diversity: 0.0018873813640256643
  Route: [6, 3, 38, 47, 35, 41, 45, 44, 26, 16, 46, 1, 29, 50, 4, 25, 12, 28, 2, 7, 42, 40, 37, 15, 52, 14, 17, 33, 51, 24, 34, 49, 32, 30, 43, 5, 31, 21, 36, 13, 27, 20, 23, 18, 39, 8, 10, 9, 19, 11, 48, 22]

Individual 4:
  Route length: 22577
  Contribution to Diversity: 0.002406914673139582
  Route: [20, 44, 48, 36, 13, 26, 35, 16, 27, 29, 51, 1, 23, 38, 5, 52, 14, 37, 18, 41, 8, 12, 4, 24, 42, 21, 50, 7, 2, 30, 39, 49, 32, 33, 45, 19, 31, 11, 47, 9, 17, 3, 40, 15, 6, 25, 10, 43, 28, 46, 34, 22]

Individual 5:
  Route length: 22565
  Contribution to Diversity: 0.0003257305843167302
  Route: [7, 39, 5, 46, 15, 24, 33, 11, 51, 16, 47, 52, 14, 30, 31, 49, 9, 42, 18, 20, 37, 28, 27, 26, 23, 40, 1, 25, 13, 2, 12, 48, 34, 38, 32, 4, 44, 21, 50, 8, 43, 10, 41, 19, 45, 35, 36, 29, 3, 17, 6, 22]

Individual 6:
  Route length: 22584
  Contribution to Diversity: 0.0006687772539937242
  Route: [31, 25, 19, 3, 42, 45, 6, 24, 16, 15, 36, 11, 10, 18, 14, 13, 12, 26, 20, 23, 30, 47, 28, 27, 5, 49, 37, 40, 39, 32, 41, 52, 8, 9, 33, 29, 50, 35, 48, 46, 44, 34, 43, 4, 51, 2, 7, 21, 1, 17, 38, 22]

Individual 7:
  Route length: 22426
  Contribution to Diversity: 0.0007483595729809167
  Route: [44, 18, 45, 42, 23, 30, 7, 15, 6, 32, 49, 11, 14, 16, 46, 52, 13, 28, 27, 12, 33, 38, 26, 29, 24, 47, 20, 37, 19, 41, 31, 3, 21, 34, 17, 25, 36, 50, 5, 40, 43, 48, 39, 4, 1, 51, 35, 2, 10, 9, 8, 22]

Individual 8:
  Route length: 22254
  Contribution to Diversity: 0.0009065203398233024
  Route: [39, 51, 25, 38, 26, 47, 13, 14, 52, 10, 41, 43, 33, 48, 32, 23, 44, 21, 45, 8, 9, 19, 37, 6, 27, 1, 50, 5, 4, 12, 35, 17, 42, 46, 16, 36, 49, 7, 18, 40, 29, 2, 30, 15, 28, 34, 24, 31, 11, 20, 3, 22]

Individual 9:
  Route length: 22495
  Contribution to Diversity: 0.0006279956346491034
  Route: [32, 44, 50, 29, 28, 52, 36, 34, 15, 6, 48, 17, 37, 43, 16, 47, 24, 45, 19, 10, 8, 31, 21, 7, 42, 35, 49, 38, 1, 18, 40, 33, 51, 12, 46, 13, 5, 39, 14, 26, 23, 9, 2, 20, 4, 11, 25, 27, 30, 3, 41, 22]

Individual 10:
  Route length: 22554
  Contribution to Diversity: 0.000907721761961966
  Route: [38, 5, 7, 32, 31, 1, 35, 45, 2, 44, 16, 37, 3, 34, 6, 48, 25, 28, 27, 12, 33, 4, 43, 21, 42, 49, 20, 51, 11, 52, 14, 39, 13, 47, 36, 10, 9, 17, 40, 30, 41, 24, 8, 19, 50, 23, 15, 18, 26, 29, 46, 22]

Individual 11:
  Route length: 22515
  Contribution to Diversity: 0.0006960434440879126
  Route: [32, 44, 50, 29, 28, 52, 36, 34, 15, 5, 13, 46, 12, 51, 33, 40, 18, 1, 38, 49, 35, 42, 7, 21, 31, 8, 10, 19, 45, 24, 47, 16, 43, 37, 17, 48, 6, 39, 14, 26, 23, 9, 2, 20, 4, 11, 25, 27, 30, 3, 41, 22]

Individual 12:
  Route length: 22615
  Contribution to Diversity: 0.0006904036606778519
  Route: [31, 25, 19, 3, 42, 45, 6, 24, 16, 15, 36, 11, 10, 18, 14, 13, 12, 26, 20, 23, 30, 47, 28, 27, 5, 49, 32, 39, 40, 37, 41, 52, 8, 9, 33, 29, 50, 35, 48, 46, 44, 34, 43, 4, 51, 2, 7, 21, 1, 17, 38, 22]

Individual 13:
  Route length: 22617
  Contribution to Diversity: 0.0009500499632171255
  Route: [37, 10, 41, 39, 42, 33, 48, 5, 40, 34, 8, 51, 31, 19, 15, 27, 12, 25, 4, 32, 49, 29, 47, 13, 6, 44, 46, 23, 20, 36, 2, 7, 17, 21, 43, 38, 1, 30, 50, 16, 24, 45, 35, 28, 52, 18, 3, 9, 11, 14, 26, 22]

Individual 14:
  Route length: 22583
  Contribution to Diversity: 0.0012888886914392828
  Route: [1, 34, 15, 21, 7, 2, 39, 5, 49, 10, 32, 45, 6, 19, 9, 8, 52, 11, 27, 13, 37, 44, 17, 25, 16, 12, 18, 41, 26, 51, 33, 14, 50, 23, 30, 47, 28, 4, 3, 42, 31, 43, 40, 24, 29, 48, 36, 46, 38, 20, 35, 22]

Individual 15:
  Route length: 22443
  Contribution to Diversity: 0.0003291954576836176
  Route: [17, 24, 30, 31, 32, 5, 51, 11, 41, 9, 3, 38, 36, 43, 33, 4, 25, 47, 46, 48, 27, 14, 52, 29, 39, 21, 2, 7, 26, 8, 10, 49, 28, 42, 35, 1, 15, 12, 13, 23, 16, 18, 19, 45, 37, 20, 44, 50, 40, 6, 34, 22]

Individual 16:
  Route length: 22286
  Contribution to Diversity: 0.00021835120489033244
  Route: [46, 35, 20, 23, 24, 49, 44, 4, 6, 15, 16, 19, 37, 31, 21, 42, 9, 30, 38, 48, 18, 34, 3, 26, 27, 28, 12, 41, 8, 10, 36, 39, 40, 51, 5, 1, 52, 14, 45, 25, 32, 17, 7, 2, 50, 29, 11, 33, 47, 13, 43, 22]

Individual 17:
  Route length: 22592
  Contribution to Diversity: 0.000964473576509306
  Route: [38, 48, 49, 10, 46, 16, 34, 26, 28, 13, 47, 50, 30, 11, 40, 37, 44, 18, 24, 5, 6, 27, 12, 43, 14, 3, 41, 15, 29, 7, 42, 39, 8, 19, 9, 32, 45, 36, 25, 33, 51, 52, 2, 35, 23, 20, 4, 1, 17, 31, 21, 22]

Individual 18:
  Route length: 22596
  Contribution to Diversity: 0.0015094387877381266
  Route: [23, 17, 42, 7, 28, 36, 30, 50, 29, 2, 31, 43, 51, 46, 34, 5, 39, 44, 26, 27, 40, 10, 9, 38, 33, 11, 8, 41, 3, 45, 47, 25, 13, 18, 49, 48, 16, 21, 35, 4, 6, 20, 12, 14, 52, 32, 24, 19, 15, 37, 1, 22]

Individual 19:
  Route length: 22555
  Contribution to Diversity: 0.0014246839947889
  Route: [27, 35, 17, 48, 23, 49, 1, 9, 3, 18, 43, 11, 13, 26, 14, 33, 25, 20, 50, 37, 46, 36, 31, 42, 7, 2, 6, 21, 41, 8, 44, 5, 15, 4, 16, 39, 34, 38, 40, 47, 51, 10, 12, 28, 29, 52, 24, 19, 30, 45, 32, 22]

Individual 20:
  Route length: 22340
  Contribution to Diversity: 0.000827139323632764
  Route: [19, 16, 31, 33, 15, 5, 18, 38, 43, 47, 26, 50, 2, 42, 30, 23, 8, 36, 1, 17, 3, 41, 21, 20, 39, 29, 14, 46, 45, 12, 27, 13, 24, 44, 49, 35, 7, 32, 11, 51, 9, 10, 37, 25, 4, 34, 48, 40, 52, 28, 6, 22]

Individual 21:
  Route length: 22565
  Contribution to Diversity: 0.0011200300604921054
  Route: [43, 14, 13, 6, 35, 19, 21, 52, 29, 50, 4, 12, 33, 38, 42, 24, 1, 49, 20, 17, 3, 18, 34, 37, 36, 7, 2, 39, 30, 15, 44, 32, 31, 9, 40, 46, 16, 48, 23, 45, 8, 51, 11, 5, 25, 47, 26, 27, 28, 10, 41, 22]

Individual 22:
  Route length: 22587
  Contribution to Diversity: 0.0006948801202240062
  Route: [37, 33, 43, 27, 26, 24, 1, 12, 51, 49, 45, 20, 18, 35, 47, 42, 32, 21, 11, 13, 28, 52, 14, 38, 15, 39, 46, 16, 29, 30, 9, 3, 23, 40, 31, 50, 34, 48, 10, 17, 8, 19, 5, 7, 2, 44, 36, 4, 6, 41, 25, 22]

Individual 23:
  Route length: 22619
  Contribution to Diversity: 0.0012200746767270232
  Route: [38, 37, 50, 35, 27, 34, 39, 43, 11, 26, 13, 14, 33, 17, 32, 45, 30, 19, 24, 52, 29, 28, 12, 10, 51, 47, 40, 46, 36, 31, 21, 6, 2, 7, 42, 41, 8, 44, 5, 15, 4, 16, 18, 3, 9, 1, 49, 23, 48, 25, 20, 22]

Individual 24:
  Route length: 22619
  Contribution to Diversity: 0.00032573058431761837
  Route: [7, 39, 5, 46, 15, 24, 33, 11, 51, 16, 47, 52, 14, 30, 31, 49, 9, 42, 18, 20, 37, 28, 27, 26, 23, 40, 1, 25, 13, 2, 12, 48, 34, 38, 32, 4, 44, 17, 3, 29, 36, 35, 45, 19, 41, 10, 43, 8, 50, 21, 6, 22]

Individual 25:
  Route length: 22300
  Contribution to Diversity: 0.0009696928033706698
  Route: [19, 16, 31, 33, 15, 5, 18, 6, 28, 52, 40, 48, 34, 4, 25, 37, 10, 9, 51, 11, 32, 7, 35, 49, 44, 24, 39, 29, 14, 46, 45, 12, 27, 13, 20, 21, 41, 3, 17, 1, 36, 8, 23, 30, 42, 2, 50, 26, 47, 43, 38, 22]

Individual 26:
  Route length: 21979
  Contribution to Diversity: 0.002180767694267338
  Route: [23, 31, 16, 27, 4, 8, 41, 10, 50, 49, 52, 47, 34, 35, 17, 30, 13, 14, 11, 39, 40, 44, 37, 29, 26, 51, 15, 5, 20, 32, 1, 36, 43, 24, 9, 7, 21, 42, 2, 6, 33, 28, 25, 12, 3, 18, 46, 45, 19, 38, 48, 22]

Individual 27:
  Route length: 22198
  Contribution to Diversity: 0.0013050828418572635
  Route: [1, 34, 15, 21, 7, 2, 39, 5, 49, 10, 32, 45, 6, 19, 9, 42, 31, 3, 8, 52, 11, 27, 13, 29, 24, 40, 43, 44, 37, 48, 36, 46, 26, 51, 33, 14, 50, 23, 30, 47, 28, 4, 17, 25, 16, 12, 18, 41, 38, 20, 35, 22]

Individual 28:
  Route length: 22621
  Contribution to Diversity: 0.0007060660630981985
  Route: [20, 44, 48, 51, 13, 39, 49, 32, 1, 5, 52, 14, 37, 8, 16, 23, 33, 45, 29, 27, 10, 43, 28, 12, 26, 38, 35, 36, 30, 2, 7, 50, 21, 42, 24, 4, 25, 9, 47, 11, 40, 3, 17, 41, 18, 19, 31, 15, 6, 46, 34, 22]

Individual 29:
  Route length: 22538
  Contribution to Diversity: 0.000759142438051974
  Route: [21, 34, 13, 26, 27, 51, 14, 32, 44, 47, 38, 40, 28, 29, 16, 48, 37, 8, 9, 2, 30, 20, 50, 49, 25, 23, 35, 24, 3, 6, 4, 31, 17, 43, 5, 36, 7, 1, 15, 46, 12, 52, 11, 42, 18, 45, 19, 41, 39, 33, 10, 22]

Individual 30:
  Route length: 22175
  Contribution to Diversity: 0.0007839587632805234
  Route: [26, 47, 13, 14, 52, 28, 12, 2, 41, 11, 44, 32, 42, 36, 33, 27, 1, 17, 31, 24, 37, 6, 16, 50, 30, 48, 39, 25, 51, 46, 38, 3, 10, 43, 21, 49, 40, 4, 5, 19, 29, 7, 18, 23, 35, 34, 20, 15, 9, 8, 45, 22]

Individual 31:
  Route length: 22371
  Contribution to Diversity: 0.001013623206296721
  Route: [5, 40, 44, 8, 13, 30, 34, 29, 3, 17, 1, 48, 38, 50, 39, 15, 28, 6, 14, 47, 23, 52, 4, 18, 16, 49, 7, 21, 42, 2, 37, 46, 25, 11, 26, 27, 35, 36, 12, 51, 33, 9, 19, 45, 43, 24, 10, 41, 31, 32, 20, 22]

Individual 32:
  Route length: 22435
  Contribution to Diversity: 0.0005824399976948058
  Route: [12, 49, 18, 32, 25, 44, 4, 46, 37, 38, 11, 51, 31, 30, 29, 8, 3, 39, 24, 13, 14, 52, 36, 15, 20, 7, 16, 50, 17, 21, 34, 41, 1, 5, 23, 40, 42, 2, 47, 43, 33, 10, 6, 9, 35, 26, 27, 28, 48, 19, 45, 22]

Individual 33:
  Route length: 22555
  Contribution to Diversity: 0.0006989649243918095
  Route: [49, 1, 45, 10, 38, 5, 24, 15, 4, 28, 27, 39, 23, 42, 32, 17, 34, 44, 16, 37, 40, 8, 46, 6, 41, 51, 26, 47, 52, 35, 36, 2, 20, 43, 9, 48, 31, 14, 29, 30, 50, 11, 13, 12, 19, 33, 25, 21, 7, 18, 3, 22]

Individual 34:
  Route length: 22326
  Contribution to Diversity: 0.0013940576215620837
  Route: [51, 33, 46, 36, 35, 10, 9, 38, 47, 18, 23, 5, 52, 14, 49, 32, 30, 20, 2, 7, 42, 37, 40, 15, 25, 6, 41, 39, 8, 3, 45, 44, 26, 16, 21, 31, 17, 50, 29, 1, 4, 24, 43, 12, 28, 34, 27, 13, 19, 11, 48, 22]

Individual 35:
  Route length: 22432
  Contribution to Diversity: 0.00038896777897612367
  Route: [19, 43, 52, 42, 7, 20, 50, 25, 12, 38, 6, 36, 46, 33, 24, 27, 28, 30, 21, 11, 48, 26, 13, 14, 40, 37, 32, 3, 18, 31, 16, 23, 8, 9, 10, 39, 44, 5, 29, 1, 47, 51, 34, 35, 49, 45, 4, 15, 17, 41, 2, 22]

Individual 36:
  Route length: 22576
  Contribution to Diversity: 0.001017405526373416
  Route: [44, 8, 9, 21, 45, 28, 2, 50, 39, 23, 46, 20, 6, 49, 16, 43, 4, 5, 24, 14, 47, 12, 48, 51, 19, 40, 35, 32, 15, 26, 27, 13, 52, 11, 1, 29, 30, 31, 17, 42, 18, 36, 41, 10, 3, 38, 7, 25, 33, 34, 37, 22]

Individual 37:
  Route length: 22530
  Contribution to Diversity: 0.0005479002052650728
  Route: [15, 36, 52, 14, 13, 24, 39, 3, 8, 29, 30, 31, 51, 11, 38, 37, 46, 4, 44, 25, 32, 18, 12, 49, 20, 7, 16, 50, 17, 21, 34, 41, 1, 5, 23, 40, 42, 2, 47, 43, 33, 10, 6, 9, 35, 26, 27, 28, 48, 19, 45, 22]

Individual 38:
  Route length: 20795
  Contribution to Diversity: 0.00048196818852375145
  Route: [1, 17, 8, 39, 38, 16, 34, 23, 37, 43, 33, 51, 42, 21, 30, 3, 2, 29, 48, 5, 12, 20, 31, 32, 41, 10, 49, 26, 36, 9, 19, 40, 4, 25, 50, 28, 11, 52, 13, 14, 47, 15, 46, 6, 24, 7, 27, 44, 35, 45, 18, 22]

Individual 39:
  Route length: 22403
  Contribution to Diversity: 0.0005687393177913336
  Route: [18, 35, 40, 23, 28, 2, 38, 5, 39, 46, 24, 29, 7, 25, 43, 21, 1, 49, 37, 42, 3, 12, 50, 20, 48, 4, 13, 52, 11, 34, 31, 30, 44, 16, 6, 27, 26, 47, 17, 45, 10, 15, 19, 41, 8, 9, 33, 51, 14, 32, 36, 22]

Individual 40:
  Route length: 22423
  Contribution to Diversity: 0.0006941483110560753
  Route: [40, 38, 33, 51, 10, 8, 1, 13, 15, 18, 3, 17, 11, 34, 20, 23, 39, 45, 5, 25, 41, 19, 12, 46, 16, 14, 52, 44, 21, 37, 43, 29, 6, 9, 28, 27, 26, 47, 49, 32, 4, 24, 36, 2, 7, 42, 30, 48, 31, 35, 50, 22]

Individual 41:
  Route length: 22612
  Contribution to Diversity: 0.00038288283799303713
  Route: [5, 20, 47, 52, 14, 26, 11, 15, 25, 12, 7, 2, 3, 27, 24, 38, 34, 42, 4, 28, 6, 43, 29, 50, 46, 10, 39, 37, 35, 13, 23, 17, 21, 32, 30, 45, 44, 41, 8, 19, 16, 36, 40, 9, 33, 51, 49, 1, 48, 18, 31, 22]

Individual 42:
  Route length: 22424
  Contribution to Diversity: 0.0008034334702999857
  Route: [43, 10, 9, 39, 3, 21, 1, 40, 36, 23, 50, 16, 47, 28, 11, 51, 19, 26, 27, 35, 8, 44, 32, 12, 38, 45, 20, 18, 37, 30, 2, 7, 17, 33, 31, 42, 48, 24, 46, 41, 52, 29, 49, 25, 15, 5, 6, 14, 13, 4, 34, 22]

Individual 43:
  Route length: 22311
  Contribution to Diversity: 0.0007414198526527471
  Route: [23, 16, 47, 44, 39, 45, 4, 15, 24, 3, 30, 17, 41, 7, 42, 25, 6, 32, 26, 14, 33, 52, 18, 31, 13, 51, 5, 1, 48, 11, 43, 19, 36, 12, 27, 28, 21, 8, 9, 10, 38, 37, 40, 46, 34, 35, 49, 29, 50, 20, 2, 22]

Individual 44:
  Route length: 22315
  Contribution to Diversity: 0.0010219069546577586
  Route: [45, 19, 34, 39, 25, 24, 2, 30, 35, 16, 29, 17, 48, 5, 51, 10, 43, 9, 15, 4, 36, 20, 42, 32, 50, 18, 27, 26, 6, 46, 13, 38, 40, 12, 33, 28, 37, 49, 3, 21, 23, 7, 14, 52, 47, 11, 1, 44, 31, 8, 41, 22]

Individual 45:
  Route length: 22333
  Contribution to Diversity: 0.0010385823654432969
  Route: [30, 27, 13, 14, 12, 28, 2, 7, 37, 18, 31, 46, 23, 41, 40, 11, 25, 15, 5, 24, 49, 43, 38, 44, 35, 4, 26, 47, 10, 9, 3, 19, 8, 29, 42, 52, 6, 48, 51, 50, 16, 33, 32, 36, 39, 1, 21, 17, 34, 45, 20, 22]

Individual 46:
  Route length: 22601
  Contribution to Diversity: 0.00010985312245281875
  Route: [36, 51, 11, 15, 5, 37, 21, 27, 46, 7, 2, 40, 44, 48, 45, 49, 34, 8, 10, 33, 31, 38, 1, 50, 6, 4, 19, 43, 24, 32, 42, 25, 39, 41, 9, 20, 17, 35, 30, 16, 18, 52, 14, 28, 12, 26, 13, 47, 23, 3, 29, 22]

Individual 47:
  Route length: 22417
  Contribution to Diversity: 0.0011367181700903117
  Route: [16, 40, 51, 33, 20, 21, 19, 41, 3, 18, 49, 15, 45, 42, 50, 12, 5, 35, 44, 17, 2, 7, 6, 4, 46, 26, 24, 27, 39, 36, 13, 11, 52, 14, 28, 34, 30, 10, 38, 48, 43, 37, 29, 1, 25, 47, 32, 9, 23, 31, 8, 22]

Individual 48:
  Route length: 22266
  Contribution to Diversity: 0.0015060829240223228
  Route: [5, 46, 16, 12, 4, 48, 2, 7, 15, 39, 36, 8, 41, 13, 14, 38, 25, 42, 20, 32, 44, 49, 43, 33, 10, 9, 11, 30, 40, 24, 23, 35, 47, 37, 1, 45, 51, 28, 26, 27, 29, 52, 6, 34, 50, 21, 19, 31, 18, 3, 17, 22]

Individual 49:
  Route length: 22430
  Contribution to Diversity: 0.0007870233050768505
  Route: [2, 51, 8, 49, 15, 26, 47, 16, 50, 32, 40, 21, 5, 38, 30, 24, 1, 36, 35, 34, 27, 33, 43, 10, 17, 3, 4, 44, 23, 39, 9, 19, 12, 25, 41, 7, 42, 37, 48, 20, 28, 13, 11, 52, 14, 46, 45, 18, 31, 29, 6, 22]

Individual 50:
  Route length: 22112
  Contribution to Diversity: 0.0001793007460832996
  Route: [24, 39, 3, 42, 26, 47, 13, 50, 52, 35, 29, 11, 43, 44, 30, 2, 7, 17, 21, 28, 12, 25, 23, 20, 45, 4, 1, 32, 49, 41, 19, 18, 6, 46, 15, 10, 9, 8, 51, 14, 5, 37, 38, 27, 33, 34, 16, 36, 40, 48, 31, 22]

Individual 51:
  Route length: 22250
  Contribution to Diversity: 0.0005879300709974444
  Route: [28, 27, 25, 29, 50, 47, 26, 17, 7, 2, 23, 31, 49, 48, 19, 43, 45, 36, 4, 39, 33, 44, 14, 52, 13, 24, 42, 38, 20, 3, 16, 46, 37, 11, 35, 10, 9, 8, 15, 18, 51, 12, 40, 30, 32, 21, 41, 5, 6, 34, 1, 22]

Individual 52:
  Route length: 22233
  Contribution to Diversity: 0.0011818416558924127
  Route: [43, 33, 51, 28, 44, 46, 24, 12, 5, 10, 9, 17, 11, 50, 13, 27, 29, 47, 26, 2, 15, 8, 31, 18, 45, 41, 19, 30, 6, 38, 4, 37, 49, 32, 36, 52, 14, 23, 39, 35, 21, 16, 34, 1, 25, 40, 20, 42, 7, 3, 48, 22]

Individual 53:
  Route length: 21769
  Contribution to Diversity: 0
  Route: [36, 51, 11, 15, 5, 37, 21, 27, 46, 1, 50, 6, 4, 19, 43, 24, 34, 49, 45, 48, 44, 40, 2, 7, 38, 31, 33, 10, 8, 9, 41, 39, 25, 42, 32, 20, 17, 35, 30, 16, 18, 52, 14, 28, 12, 26, 13, 47, 23, 3, 29, 22]

Individual 54:
  Route length: 22461
  Contribution to Diversity: 0.0006332266026563005
  Route: [44, 18, 45, 42, 23, 30, 7, 14, 11, 49, 32, 6, 15, 16, 46, 52, 13, 28, 27, 12, 33, 38, 26, 29, 24, 47, 20, 37, 19, 41, 31, 3, 21, 34, 17, 25, 36, 50, 5, 40, 43, 48, 39, 4, 1, 51, 35, 2, 10, 9, 8, 22]

Individual 55:
  Route length: 22256
  Contribution to Diversity: 0.0005436813578088007
  Route: [23, 50, 20, 30, 36, 33, 51, 26, 28, 4, 46, 49, 21, 17, 47, 10, 37, 18, 38, 34, 25, 6, 16, 14, 29, 12, 44, 35, 5, 45, 1, 31, 42, 32, 8, 11, 13, 52, 9, 27, 48, 24, 39, 19, 41, 43, 15, 40, 3, 7, 2, 22]

Individual 56:
  Route length: 22607
  Contribution to Diversity: 0.0005555136417010331
  Route: [28, 27, 25, 29, 50, 47, 26, 17, 7, 2, 23, 31, 19, 48, 49, 46, 16, 3, 20, 38, 42, 24, 13, 39, 4, 36, 45, 43, 37, 33, 44, 14, 52, 11, 35, 10, 9, 8, 15, 18, 51, 12, 40, 30, 32, 21, 41, 5, 6, 34, 1, 22]

Individual 57:
  Route length: 22239
  Contribution to Diversity: 0.001349407082938292
  Route: [19, 43, 27, 24, 33, 13, 6, 12, 25, 5, 38, 36, 18, 28, 52, 51, 14, 47, 1, 30, 21, 11, 32, 42, 7, 20, 50, 23, 44, 26, 48, 37, 3, 29, 46, 40, 39, 8, 9, 10, 31, 16, 34, 35, 49, 45, 4, 15, 17, 41, 2, 22]

Individual 58:
  Route length: 22301
  Contribution to Diversity: 0.0004750976000114093
  Route: [44, 8, 9, 46, 38, 7, 16, 43, 4, 5, 24, 48, 12, 18, 42, 17, 30, 29, 15, 26, 11, 52, 13, 27, 23, 19, 40, 20, 3, 10, 41, 36, 47, 14, 51, 37, 34, 33, 25, 49, 6, 35, 32, 1, 31, 39, 50, 2, 28, 45, 21, 22]

Individual 59:
  Route length: 22534
  Contribution to Diversity: 0.0008936460677464453
  Route: [18, 48, 35, 31, 49, 4, 21, 50, 12, 28, 29, 23, 46, 45, 43, 37, 44, 17, 3, 25, 14, 52, 11, 51, 27, 7, 40, 10, 9, 8, 34, 41, 36, 15, 5, 2, 19, 1, 6, 38, 33, 26, 24, 47, 13, 42, 30, 32, 20, 16, 39, 22]

Individual 60:
  Route length: 22137
  Contribution to Diversity: 0.0010072001364571648
  Route: [45, 19, 34, 39, 25, 24, 2, 30, 35, 16, 29, 17, 48, 5, 15, 9, 43, 10, 51, 4, 36, 20, 42, 32, 50, 18, 27, 26, 6, 46, 13, 38, 40, 12, 33, 28, 37, 49, 3, 21, 23, 7, 14, 52, 47, 11, 1, 44, 31, 8, 41, 22]

Individual 61:
  Route length: 22616
  Contribution to Diversity: 0.0006660123475770163
  Route: [37, 33, 43, 27, 26, 24, 1, 12, 51, 32, 42, 47, 35, 18, 20, 45, 49, 21, 11, 13, 28, 52, 14, 38, 15, 39, 46, 16, 29, 30, 9, 3, 23, 40, 31, 50, 34, 48, 10, 17, 8, 19, 5, 7, 2, 44, 36, 4, 6, 41, 25, 22]

Individual 62:
  Route length: 22270
  Contribution to Diversity: 0.0004922490336962682
  Route: [43, 27, 8, 17, 31, 44, 39, 3, 21, 1, 40, 41, 46, 42, 33, 5, 6, 14, 13, 26, 37, 30, 2, 7, 9, 10, 15, 25, 48, 24, 36, 49, 45, 52, 23, 50, 16, 47, 28, 11, 51, 19, 18, 20, 29, 38, 12, 32, 4, 35, 34, 22]

Individual 63:
  Route length: 22063
  Contribution to Diversity: 0.0008453522775937472
  Route: [23, 21, 51, 25, 26, 15, 36, 33, 43, 8, 4, 38, 30, 12, 14, 52, 11, 27, 47, 13, 28, 40, 5, 41, 34, 7, 6, 19, 10, 48, 1, 29, 3, 39, 37, 24, 50, 20, 42, 44, 31, 9, 35, 45, 18, 32, 46, 16, 2, 49, 17, 22]

Individual 64:
  Route length: 22480
  Contribution to Diversity: 0.001038158472281836
  Route: [23, 50, 31, 10, 37, 48, 34, 25, 6, 40, 15, 43, 38, 18, 41, 19, 29, 12, 26, 51, 33, 24, 9, 46, 49, 3, 17, 21, 32, 42, 30, 36, 8, 11, 13, 20, 1, 45, 5, 35, 44, 28, 4, 52, 14, 16, 27, 39, 2, 7, 47, 22]

Individual 65:
  Route length: 22440
  Contribution to Diversity: 0.0009091932107461176
  Route: [5, 4, 14, 12, 34, 35, 8, 9, 52, 13, 27, 28, 46, 25, 15, 32, 7, 16, 1, 40, 47, 26, 49, 2, 44, 11, 29, 43, 10, 24, 38, 48, 37, 41, 36, 17, 39, 50, 20, 3, 21, 45, 18, 19, 33, 51, 6, 42, 23, 30, 31, 22]

Individual 66:
  Route length: 22382
  Contribution to Diversity: 0.00036259322176679376
  Route: [1, 52, 13, 14, 21, 16, 29, 42, 31, 7, 2, 34, 3, 37, 26, 47, 45, 48, 38, 11, 20, 39, 18, 25, 15, 24, 27, 33, 43, 12, 46, 44, 50, 23, 19, 51, 28, 35, 32, 10, 8, 9, 17, 40, 6, 4, 49, 5, 41, 36, 30, 22]

Individual 67:
  Route length: 22313
  Contribution to Diversity: 0.0013805478344206534
  Route: [30, 50, 45, 43, 8, 15, 11, 25, 26, 1, 39, 36, 32, 35, 28, 12, 14, 13, 51, 48, 4, 3, 38, 27, 10, 9, 33, 19, 52, 6, 44, 31, 18, 37, 21, 7, 42, 29, 47, 40, 41, 23, 46, 16, 2, 17, 34, 5, 24, 49, 20, 22]

Individual 68:
  Route length: 22383
  Contribution to Diversity: 0.00025447328941741176
  Route: [1, 16, 17, 2, 44, 12, 29, 14, 13, 11, 52, 39, 4, 10, 15, 5, 28, 46, 20, 41, 19, 8, 6, 43, 45, 36, 35, 26, 47, 27, 24, 21, 37, 9, 34, 40, 23, 7, 3, 42, 30, 25, 50, 18, 38, 31, 48, 49, 33, 51, 32, 22]

Individual 69:
  Route length: 22476
  Contribution to Diversity: 0.0005721537019995893
  Route: [50, 30, 48, 38, 3, 18, 1, 19, 41, 11, 27, 52, 51, 24, 45, 7, 42, 2, 8, 32, 49, 16, 25, 21, 47, 37, 15, 4, 46, 10, 9, 44, 31, 20, 34, 5, 36, 13, 28, 26, 17, 33, 40, 6, 14, 43, 12, 29, 39, 35, 23, 22]

Individual 70:
  Route length: 22077
  Contribution to Diversity: 0.000274660623472478
  Route: [43, 27, 8, 17, 31, 44, 42, 46, 41, 40, 1, 21, 3, 39, 33, 5, 6, 14, 13, 26, 37, 30, 2, 7, 9, 10, 15, 25, 48, 24, 36, 49, 45, 52, 23, 50, 16, 47, 28, 11, 51, 19, 18, 20, 29, 38, 12, 32, 4, 35, 34, 22]

Individual 71:
  Route length: 22526
  Contribution to Diversity: 0.00017907875892309022
  Route: [28, 34, 5, 39, 36, 3, 31, 18, 9, 43, 6, 33, 27, 47, 29, 30, 2, 15, 24, 48, 50, 20, 46, 11, 52, 35, 13, 14, 21, 38, 49, 1, 7, 45, 4, 51, 10, 26, 32, 40, 37, 23, 16, 44, 12, 25, 42, 17, 19, 41, 8, 22]

Individual 72:
  Route length: 22036
  Contribution to Diversity: 0.0003735475357951046
  Route: [1, 16, 17, 2, 44, 12, 29, 14, 13, 11, 52, 39, 4, 43, 6, 8, 19, 41, 20, 46, 28, 5, 32, 51, 33, 49, 48, 26, 47, 27, 24, 21, 37, 9, 34, 40, 23, 7, 3, 42, 30, 25, 50, 38, 18, 31, 35, 36, 45, 10, 15, 22]

Individual 73:
  Route length: 22542
  Contribution to Diversity: 0.0007332236512436197
  Route: [1, 30, 5, 15, 34, 38, 12, 11, 28, 39, 25, 19, 32, 20, 24, 21, 9, 41, 10, 26, 47, 27, 4, 43, 44, 35, 23, 3, 18, 33, 16, 36, 37, 17, 8, 48, 6, 50, 29, 45, 14, 52, 31, 51, 13, 42, 7, 2, 46, 40, 49, 22]

Individual 74:
  Route length: 22560
  Contribution to Diversity: 0.00019986208307898323
  Route: [47, 38, 37, 48, 16, 4, 40, 24, 5, 35, 23, 1, 49, 25, 41, 19, 45, 8, 3, 31, 12, 52, 11, 42, 18, 9, 2, 30, 20, 50, 15, 46, 28, 29, 6, 17, 43, 36, 44, 32, 14, 51, 27, 26, 13, 34, 21, 7, 39, 33, 10, 22]

Individual 75:
  Route length: 22485
  Contribution to Diversity: 0.0005546052709837213
  Route: [33, 1, 50, 35, 17, 21, 45, 8, 9, 19, 10, 41, 31, 24, 34, 39, 48, 32, 46, 51, 28, 18, 40, 29, 44, 42, 12, 4, 5, 15, 30, 2, 23, 7, 11, 16, 25, 38, 26, 47, 13, 6, 37, 52, 14, 27, 20, 49, 36, 43, 3, 22]

Individual 76:
  Route length: 21858
  Contribution to Diversity: 0.001265367412886853
  Route: [41, 31, 42, 7, 25, 39, 35, 8, 29, 50, 33, 45, 11, 37, 15, 16, 13, 14, 52, 6, 27, 26, 47, 2, 30, 21, 17, 38, 5, 28, 1, 44, 48, 18, 3, 40, 34, 49, 4, 24, 12, 19, 46, 36, 32, 20, 23, 51, 43, 10, 9, 22]

Individual 77:
  Route length: 22174
  Contribution to Diversity: 0.0005303925379021024
  Route: [43, 21, 5, 27, 26, 31, 35, 1, 41, 19, 45, 32, 17, 39, 37, 49, 12, 33, 10, 6, 9, 8, 4, 52, 14, 13, 38, 48, 7, 3, 18, 28, 16, 23, 25, 29, 44, 46, 50, 30, 20, 24, 15, 34, 36, 51, 40, 11, 47, 2, 42, 22]

Individual 78:
  Route length: 22621
  Contribution to Diversity: 3.908181882472661e-05
  Route: [39, 13, 47, 27, 12, 33, 4, 43, 21, 17, 40, 7, 8, 24, 41, 30, 5, 38, 48, 25, 28, 44, 51, 11, 52, 14, 6, 34, 3, 37, 16, 20, 49, 42, 9, 10, 36, 2, 45, 35, 31, 1, 32, 19, 50, 23, 29, 26, 18, 15, 46, 22]

Individual 79:
  Route length: 22473
  Contribution to Diversity: 0.0005656726184097849
  Route: [2, 14, 11, 52, 26, 47, 42, 7, 21, 35, 41, 43, 46, 15, 34, 36, 17, 37, 32, 19, 27, 13, 28, 39, 49, 48, 16, 20, 31, 29, 38, 24, 9, 4, 3, 25, 6, 51, 33, 50, 12, 45, 8, 18, 30, 10, 5, 44, 1, 40, 23, 22]

Individual 80:
  Route length: 22473
  Contribution to Diversity: 0.0005760955716542782
  Route: [45, 33, 39, 51, 28, 13, 16, 20, 42, 7, 29, 44, 41, 12, 47, 26, 2, 3, 38, 5, 24, 46, 17, 10, 43, 1, 34, 8, 23, 30, 36, 6, 15, 40, 21, 48, 9, 4, 27, 49, 32, 50, 31, 18, 25, 37, 35, 14, 52, 11, 19, 22]

Individual 81:
  Route length: 21382
  Contribution to Diversity: 0.00020055477670410937
  Route: [40, 33, 51, 12, 26, 28, 13, 47, 50, 27, 2, 4, 29, 37, 36, 45, 8, 1, 17, 31, 44, 25, 11, 52, 39, 42, 7, 5, 24, 30, 23, 20, 14, 9, 10, 46, 16, 6, 15, 43, 35, 38, 48, 19, 49, 32, 41, 3, 21, 34, 18, 22]

Individual 82:
  Route length: 21621
  Contribution to Diversity: 0.0004958114860187379
  Route: [28, 36, 30, 6, 4, 19, 24, 32, 48, 49, 18, 13, 25, 11, 33, 38, 9, 10, 37, 15, 35, 23, 7, 42, 17, 21, 41, 45, 3, 40, 27, 26, 44, 16, 8, 47, 52, 14, 12, 20, 50, 29, 2, 31, 43, 51, 46, 34, 5, 39, 1, 22]

Individual 83:
  Route length: 22557
  Contribution to Diversity: 0.00028914389017931086
  Route: [47, 38, 37, 48, 16, 4, 40, 24, 5, 35, 23, 1, 49, 25, 41, 19, 45, 10, 33, 39, 7, 21, 34, 13, 26, 27, 51, 14, 32, 44, 36, 43, 17, 6, 29, 28, 46, 15, 50, 20, 30, 2, 9, 18, 42, 11, 52, 12, 31, 3, 8, 22]

Individual 84:
  Route length: 21306
  Contribution to Diversity: 0.0012472312489526516
  Route: [38, 36, 28, 13, 9, 41, 3, 27, 14, 52, 15, 20, 37, 11, 51, 5, 16, 23, 34, 44, 50, 46, 12, 10, 49, 48, 39, 29, 26, 8, 24, 6, 40, 45, 19, 18, 32, 35, 42, 43, 33, 4, 25, 47, 21, 2, 7, 30, 31, 17, 1, 22]

Individual 85:
  Route length: 21481
  Contribution to Diversity: 0.000996958368959966
  Route: [30, 3, 19, 8, 49, 43, 38, 44, 6, 52, 37, 18, 31, 46, 23, 41, 40, 11, 15, 25, 5, 24, 29, 42, 7, 2, 28, 12, 14, 13, 27, 9, 10, 47, 26, 4, 35, 48, 51, 50, 16, 33, 32, 36, 39, 1, 21, 17, 34, 45, 20, 22]

Individual 86:
  Route length: 22280
  Contribution to Diversity: 0.0009369122671776253
  Route: [44, 35, 30, 8, 14, 28, 20, 11, 51, 17, 9, 10, 27, 12, 36, 40, 37, 25, 52, 26, 29, 23, 16, 41, 19, 15, 46, 50, 13, 47, 42, 21, 43, 4, 45, 32, 7, 2, 39, 34, 3, 1, 49, 6, 24, 48, 38, 5, 33, 18, 31, 22]

Individual 87:
  Route length: 21648
  Contribution to Diversity: 0.0006931609860396648
  Route: [27, 49, 38, 4, 46, 23, 16, 2, 24, 48, 40, 15, 36, 10, 13, 14, 51, 11, 12, 39, 6, 44, 32, 7, 42, 21, 18, 29, 1, 3, 17, 19, 41, 34, 35, 25, 43, 47, 33, 26, 50, 20, 31, 45, 9, 8, 52, 28, 5, 37, 30, 22]

Individual 88:
  Route length: 22592
  Contribution to Diversity: 0.00044794590242158705
  Route: [36, 1, 16, 32, 9, 48, 24, 47, 26, 27, 12, 28, 35, 33, 43, 46, 44, 14, 4, 6, 51, 10, 49, 34, 29, 2, 17, 3, 21, 19, 39, 42, 38, 13, 50, 30, 7, 18, 31, 52, 11, 45, 23, 8, 41, 15, 25, 20, 40, 37, 5, 22]

Individual 89:
  Route length: 22416
  Contribution to Diversity: 0.00045426305636109277
  Route: [50, 30, 48, 38, 3, 18, 1, 19, 41, 11, 27, 52, 51, 24, 45, 7, 42, 2, 8, 32, 49, 16, 40, 33, 17, 26, 28, 13, 37, 15, 4, 46, 10, 9, 44, 31, 20, 34, 5, 36, 47, 21, 25, 6, 14, 43, 12, 29, 39, 35, 23, 22]

Individual 90:
  Route length: 22111
  Contribution to Diversity: 0.0008198732830182465
  Route: [37, 48, 45, 4, 5, 19, 1, 9, 10, 27, 26, 47, 51, 39, 38, 12, 28, 33, 15, 36, 35, 43, 8, 21, 7, 30, 41, 34, 24, 20, 49, 42, 6, 29, 13, 44, 32, 50, 16, 46, 2, 14, 52, 11, 23, 40, 25, 31, 18, 3, 17, 22]

Individual 91:
  Route length: 22153
  Contribution to Diversity: 0.0005240836857351994
  Route: [16, 40, 36, 25, 48, 49, 10, 9, 29, 21, 26, 47, 46, 12, 45, 32, 23, 44, 1, 4, 20, 27, 17, 3, 15, 14, 52, 13, 8, 5, 35, 50, 18, 31, 38, 28, 51, 33, 43, 6, 39, 11, 41, 19, 7, 42, 30, 2, 24, 37, 34, 22]

Individual 92:
  Route length: 22009
  Contribution to Diversity: 0.00035228916408502897
  Route: [12, 14, 52, 11, 25, 47, 17, 4, 39, 34, 3, 51, 9, 10, 41, 45, 1, 33, 6, 16, 32, 23, 37, 20, 36, 5, 19, 44, 29, 50, 46, 40, 21, 24, 13, 27, 31, 18, 48, 42, 7, 2, 30, 35, 15, 49, 43, 28, 26, 38, 8, 22]

Individual 93:
  Route length: 22130
  Contribution to Diversity: 0
  Route: [36, 1, 16, 37, 40, 20, 25, 15, 39, 42, 38, 13, 50, 30, 7, 18, 31, 52, 11, 45, 23, 8, 41, 19, 21, 3, 17, 2, 29, 34, 49, 10, 51, 6, 4, 14, 44, 46, 43, 33, 35, 28, 12, 27, 26, 47, 24, 48, 9, 32, 5, 22]

Individual 94:
  Route length: 21832
  Contribution to Diversity: 9.689683034963537e-05
  Route: [42, 44, 9, 8, 41, 20, 49, 43, 33, 23, 48, 5, 1, 4, 21, 50, 28, 12, 25, 30, 13, 47, 31, 45, 19, 18, 3, 35, 46, 37, 39, 38, 24, 16, 17, 7, 2, 32, 51, 11, 10, 15, 36, 27, 29, 52, 14, 26, 34, 6, 40, 22]

Individual 95:
  Route length: 21871
  Contribution to Diversity: 0.000500882232631561
  Route: [27, 49, 38, 4, 46, 23, 16, 2, 24, 48, 40, 15, 36, 10, 13, 14, 51, 11, 12, 39, 6, 44, 32, 7, 42, 21, 18, 29, 1, 3, 17, 19, 41, 34, 31, 20, 50, 26, 33, 47, 43, 25, 35, 45, 9, 8, 52, 28, 5, 37, 30, 22]

Individual 96:
  Route length: 21970
  Contribution to Diversity: 0.000585494983826429
  Route: [8, 23, 30, 48, 47, 27, 13, 37, 35, 19, 41, 24, 5, 49, 26, 28, 52, 11, 6, 32, 17, 3, 16, 29, 25, 45, 1, 7, 12, 44, 40, 34, 46, 38, 15, 33, 21, 31, 14, 4, 51, 18, 10, 9, 43, 39, 20, 42, 2, 50, 36, 22]

Individual 97:
  Route length: 22465
  Contribution to Diversity: 0.000558597734197086
  Route: [17, 24, 30, 31, 32, 5, 51, 11, 41, 9, 3, 38, 36, 6, 40, 50, 44, 20, 37, 45, 19, 18, 16, 23, 13, 12, 15, 1, 35, 42, 28, 49, 10, 8, 26, 7, 2, 21, 39, 29, 52, 14, 27, 48, 46, 47, 25, 4, 33, 43, 34, 22]

Individual 98:
  Route length: 22621
  Contribution to Diversity: 0.0002416817712376229
  Route: [39, 13, 47, 27, 12, 33, 4, 43, 21, 17, 40, 7, 8, 24, 41, 30, 5, 38, 48, 25, 28, 44, 51, 11, 52, 14, 6, 34, 3, 37, 16, 20, 49, 42, 46, 15, 18, 26, 29, 23, 50, 19, 32, 1, 31, 35, 45, 2, 36, 10, 9, 22]

Individual 99:
  Route length: 22446
  Contribution to Diversity: 0.0005361041013882684
  Route: [33, 1, 50, 35, 17, 21, 45, 8, 9, 19, 10, 41, 31, 24, 34, 39, 48, 32, 46, 51, 28, 18, 40, 29, 44, 42, 12, 4, 5, 15, 30, 2, 23, 7, 11, 16, 25, 38, 6, 13, 47, 26, 37, 52, 14, 27, 20, 49, 36, 43, 3, 22]

Individual 100:
  Route length: 21834
  Contribution to Diversity: 0.0008966553669198518
  Route: [36, 19, 44, 11, 12, 51, 13, 14, 28, 50, 23, 9, 40, 41, 38, 10, 5, 24, 15, 35, 18, 37, 4, 43, 8, 6, 29, 25, 47, 26, 46, 39, 34, 33, 52, 16, 30, 2, 1, 48, 7, 42, 17, 21, 27, 45, 32, 20, 3, 49, 31, 22]

Individual 101:
  Route length: 22583
  Contribution to Diversity: 0.0014131697008457067
  Route: [46, 44, 48, 52, 14, 13, 5, 38, 30, 10, 19, 45, 15, 29, 28, 50, 34, 27, 17, 21, 23, 36, 43, 16, 42, 7, 2, 41, 8, 35, 39, 37, 40, 31, 11, 51, 47, 6, 20, 32, 1, 25, 4, 49, 9, 18, 3, 33, 26, 24, 12, 22]

Individual 102:
  Route length: 22405
  Contribution to Diversity: 0.0001556053187865558
  Route: [1, 32, 45, 7, 23, 21, 16, 20, 18, 24, 29, 50, 43, 4, 46, 8, 9, 10, 26, 5, 15, 47, 13, 52, 39, 6, 37, 38, 34, 14, 42, 3, 17, 44, 48, 33, 40, 19, 12, 28, 11, 51, 27, 2, 49, 31, 36, 25, 35, 41, 30, 22]

Individual 103:
  Route length: 22512
  Contribution to Diversity: 0.000601952158731045
  Route: [18, 21, 17, 23, 42, 52, 12, 4, 15, 45, 51, 25, 48, 43, 28, 20, 30, 49, 46, 29, 39, 1, 27, 35, 38, 34, 31, 9, 6, 11, 26, 47, 13, 5, 40, 16, 24, 33, 36, 32, 19, 10, 41, 8, 3, 44, 7, 2, 37, 14, 50, 22]

Individual 104:
  Route length: 22377
  Contribution to Diversity: 0.00029481863039393374
  Route: [46, 35, 20, 23, 24, 49, 44, 4, 6, 15, 16, 19, 37, 31, 21, 42, 9, 30, 38, 48, 18, 29, 50, 2, 7, 17, 32, 25, 45, 14, 52, 1, 5, 51, 40, 39, 36, 10, 8, 41, 12, 28, 27, 26, 3, 34, 11, 33, 47, 13, 43, 22]

Individual 105:
  Route length: 22317
  Contribution to Diversity: 0.001054997940523883
  Route: [39, 10, 49, 32, 24, 48, 27, 26, 43, 9, 4, 11, 1, 23, 44, 16, 29, 36, 38, 51, 19, 41, 5, 52, 14, 34, 20, 12, 28, 33, 37, 8, 21, 42, 7, 2, 30, 47, 18, 35, 31, 3, 17, 45, 25, 50, 15, 40, 13, 46, 6, 22]

Individual 106:
  Route length: 22509
  Contribution to Diversity: 0
  Route: [10, 39, 36, 5, 37, 40, 29, 2, 19, 14, 52, 13, 50, 42, 47, 6, 15, 4, 7, 32, 1, 44, 38, 49, 9, 8, 41, 48, 3, 43, 33, 51, 11, 20, 16, 30, 23, 28, 26, 27, 21, 25, 18, 45, 35, 24, 46, 12, 17, 31, 34, 22]

Individual 107:
  Route length: 22387
  Contribution to Diversity: 0.0005138503870121269
  Route: [42, 44, 9, 18, 19, 45, 31, 47, 13, 30, 25, 12, 28, 50, 21, 4, 1, 5, 48, 23, 33, 43, 49, 20, 41, 8, 3, 35, 46, 37, 39, 38, 24, 16, 17, 7, 2, 32, 51, 11, 10, 15, 36, 27, 29, 52, 14, 26, 34, 6, 40, 22]

Individual 108:
  Route length: 22330
  Contribution to Diversity: 0.0006217819768457034
  Route: [44, 8, 9, 46, 38, 7, 25, 33, 34, 37, 51, 14, 47, 36, 41, 10, 3, 20, 40, 19, 23, 27, 13, 52, 11, 26, 15, 29, 30, 17, 42, 18, 12, 48, 24, 5, 4, 43, 16, 49, 6, 35, 32, 1, 31, 39, 45, 28, 2, 50, 21, 22]

Individual 109:
  Route length: 21635
  Contribution to Diversity: 7.548314062955086e-05
  Route: [17, 42, 28, 49, 10, 8, 26, 7, 2, 21, 39, 29, 52, 14, 27, 48, 46, 47, 25, 4, 33, 43, 36, 38, 3, 9, 41, 11, 51, 5, 32, 31, 30, 24, 35, 1, 15, 12, 13, 23, 16, 18, 19, 45, 37, 20, 44, 50, 40, 6, 34, 22]

Individual 110:
  Route length: 21051
  Contribution to Diversity: 0.000588893886237507
  Route: [36, 28, 30, 6, 4, 35, 23, 7, 42, 17, 21, 41, 45, 3, 47, 52, 14, 12, 20, 50, 29, 2, 31, 34, 46, 51, 43, 5, 39, 8, 16, 44, 26, 27, 15, 19, 24, 32, 48, 49, 18, 13, 25, 11, 33, 38, 9, 10, 40, 37, 1, 22]

Individual 111:
  Route length: 22428
  Contribution to Diversity: 0.0009476939828454434
  Route: [45, 18, 36, 15, 12, 47, 44, 20, 52, 33, 43, 41, 10, 8, 48, 1, 24, 38, 17, 21, 25, 9, 19, 40, 31, 51, 11, 4, 6, 32, 3, 35, 49, 2, 7, 46, 16, 29, 14, 28, 27, 26, 34, 50, 13, 23, 30, 5, 39, 42, 37, 22]

Individual 112:
  Route length: 22138
  Contribution to Diversity: 0.0004643299292776959
  Route: [16, 40, 36, 25, 48, 49, 10, 9, 29, 21, 26, 47, 46, 12, 45, 32, 23, 44, 31, 18, 50, 35, 5, 8, 13, 52, 14, 15, 3, 17, 27, 20, 4, 1, 38, 28, 51, 33, 43, 6, 39, 11, 41, 19, 7, 42, 30, 2, 24, 37, 34, 22]

Individual 113:
  Route length: 22301
  Contribution to Diversity: 0.0005974867045210885
  Route: [44, 8, 9, 46, 38, 7, 16, 43, 4, 5, 24, 48, 12, 18, 42, 17, 30, 29, 15, 26, 11, 52, 13, 27, 23, 19, 40, 34, 37, 51, 14, 47, 36, 41, 10, 3, 20, 33, 25, 49, 6, 35, 32, 1, 31, 39, 50, 2, 28, 45, 21, 22]

Individual 114:
  Route length: 22289
  Contribution to Diversity: 0.0015765187857859075
  Route: [1, 30, 23, 4, 16, 36, 38, 49, 29, 31, 3, 18, 40, 19, 21, 42, 7, 33, 14, 52, 13, 51, 27, 8, 2, 32, 46, 11, 6, 50, 10, 9, 34, 12, 26, 47, 45, 43, 37, 15, 24, 35, 20, 44, 48, 41, 5, 39, 25, 28, 17, 22]

Individual 115:
  Route length: 22556
  Contribution to Diversity: 0.0004379204670303949
  Route: [31, 25, 19, 3, 42, 45, 6, 16, 39, 40, 37, 48, 27, 28, 47, 30, 23, 20, 26, 12, 13, 14, 18, 10, 11, 38, 15, 36, 43, 29, 24, 50, 8, 9, 33, 4, 51, 2, 7, 21, 1, 17, 34, 44, 46, 5, 49, 35, 52, 41, 32, 22]

Individual 116:
  Route length: 21921
  Contribution to Diversity: 0
  Route: [1, 42, 47, 49, 7, 31, 18, 3, 24, 20, 17, 30, 33, 51, 11, 52, 14, 13, 16, 2, 8, 45, 29, 37, 9, 21, 44, 34, 23, 5, 6, 38, 40, 4, 19, 41, 39, 28, 10, 36, 50, 48, 15, 46, 12, 27, 26, 43, 35, 25, 32, 22]

Individual 117:
  Route length: 21497
  Contribution to Diversity: 0.00011049689148556752
  Route: [43, 21, 16, 28, 46, 44, 29, 25, 51, 36, 34, 15, 24, 20, 30, 50, 18, 3, 7, 48, 38, 13, 14, 52, 4, 8, 9, 6, 10, 33, 12, 49, 37, 39, 17, 32, 45, 19, 41, 1, 35, 31, 26, 27, 5, 23, 40, 11, 47, 2, 42, 22]

Individual 118:
  Route length: 22150
  Contribution to Diversity: 0.000545512827899941
  Route: [18, 21, 17, 23, 42, 52, 12, 4, 15, 45, 16, 40, 5, 36, 33, 6, 11, 26, 47, 13, 32, 8, 9, 24, 51, 25, 48, 43, 28, 20, 30, 49, 46, 29, 27, 1, 39, 35, 38, 34, 31, 41, 10, 19, 3, 44, 7, 2, 37, 14, 50, 22]

Individual 119:
  Route length: 22511
  Contribution to Diversity: 0
  Route: [24, 39, 3, 42, 11, 29, 35, 52, 50, 13, 47, 26, 43, 44, 30, 2, 7, 17, 21, 28, 12, 25, 23, 20, 45, 4, 1, 32, 49, 41, 19, 18, 6, 46, 15, 10, 9, 8, 51, 14, 5, 37, 38, 27, 33, 34, 16, 36, 40, 48, 31, 22]

Individual 120:
  Route length: 22144
  Contribution to Diversity: 0.0009139753620734936
  Route: [29, 23, 35, 7, 42, 27, 21, 37, 47, 13, 52, 14, 28, 12, 26, 25, 1, 30, 36, 4, 19, 8, 40, 44, 31, 33, 51, 11, 46, 32, 39, 38, 2, 3, 16, 18, 15, 5, 17, 20, 50, 9, 6, 41, 48, 45, 49, 34, 24, 43, 10, 22]

Individual 121:
  Route length: 22379
  Contribution to Diversity: 0.0008026564723273566
  Route: [21, 42, 1, 43, 12, 37, 31, 5, 2, 7, 52, 14, 35, 40, 48, 29, 23, 33, 49, 45, 20, 50, 13, 47, 28, 6, 15, 30, 17, 8, 38, 51, 11, 3, 32, 36, 44, 34, 10, 4, 16, 18, 19, 9, 41, 46, 25, 26, 27, 24, 39, 22]

Individual 122:
  Route length: 21813
  Contribution to Diversity: 0.00018882009657161802
  Route: [40, 33, 51, 12, 26, 28, 13, 47, 50, 27, 2, 4, 29, 37, 36, 45, 8, 1, 17, 31, 44, 25, 11, 52, 39, 42, 7, 5, 24, 30, 19, 48, 38, 35, 43, 15, 6, 16, 46, 10, 9, 14, 20, 23, 49, 32, 41, 3, 21, 34, 18, 22]

Individual 123:
  Route length: 22384
  Contribution to Diversity: 0
  Route: [10, 39, 36, 5, 37, 40, 29, 2, 19, 14, 52, 13, 50, 42, 1, 12, 46, 24, 35, 45, 18, 25, 21, 27, 26, 28, 23, 30, 16, 20, 11, 51, 33, 43, 3, 48, 41, 8, 9, 49, 38, 44, 47, 6, 15, 4, 7, 32, 17, 31, 34, 22]

Individual 124:
  Route length: 21212
  Contribution to Diversity: 0.0011290665856273918
  Route: [6, 50, 23, 35, 38, 34, 15, 5, 20, 8, 17, 3, 18, 31, 49, 21, 19, 39, 25, 28, 11, 12, 24, 43, 44, 51, 33, 16, 36, 37, 29, 45, 14, 52, 47, 27, 4, 48, 1, 30, 13, 9, 41, 10, 42, 7, 2, 46, 40, 26, 32, 22]

Individual 125:
  Route length: 22590
  Contribution to Diversity: 0.0007863095716498236
  Route: [1, 43, 35, 48, 50, 38, 44, 23, 16, 21, 37, 32, 12, 46, 47, 18, 45, 13, 14, 52, 11, 51, 9, 24, 30, 6, 4, 7, 42, 49, 2, 19, 34, 10, 36, 3, 25, 5, 28, 26, 27, 29, 20, 17, 31, 15, 8, 41, 39, 40, 33, 22]

Individual 126:
  Route length: 21826
  Contribution to Diversity: 0.0014582441545041291
  Route: [7, 30, 49, 9, 12, 5, 32, 34, 39, 46, 50, 3, 17, 20, 21, 4, 40, 37, 43, 52, 14, 2, 44, 23, 42, 18, 10, 41, 19, 45, 35, 36, 31, 48, 27, 26, 11, 6, 15, 38, 47, 13, 25, 1, 28, 51, 16, 29, 24, 33, 8, 22]

Individual 127:
  Route length: 21448
  Contribution to Diversity: 0.0009451039015422324
  Route: [16, 46, 32, 18, 45, 35, 9, 31, 44, 42, 20, 12, 14, 52, 11, 27, 47, 13, 28, 40, 5, 41, 34, 7, 6, 19, 10, 48, 1, 29, 3, 39, 37, 24, 50, 30, 38, 4, 8, 43, 33, 36, 15, 26, 25, 51, 21, 23, 2, 17, 49, 22]

Individual 128:
  Route length: 22202
  Contribution to Diversity: 0
  Route: [1, 42, 47, 49, 7, 31, 18, 3, 24, 20, 17, 30, 12, 46, 15, 48, 50, 36, 10, 28, 39, 41, 19, 4, 40, 38, 6, 5, 23, 34, 44, 21, 9, 37, 29, 45, 8, 2, 16, 13, 14, 52, 11, 51, 33, 27, 26, 43, 35, 25, 32, 22]

Individual 129:
  Route length: 22310
  Contribution to Diversity: 0.0007786955240662863
  Route: [45, 33, 13, 28, 51, 39, 16, 20, 42, 7, 29, 44, 41, 12, 47, 26, 2, 3, 38, 5, 24, 46, 17, 10, 43, 1, 34, 8, 23, 30, 36, 6, 15, 40, 21, 48, 9, 4, 27, 49, 32, 50, 31, 18, 25, 37, 35, 14, 52, 11, 19, 22]

Individual 130:
  Route length: 22222
  Contribution to Diversity: 0.0009122311952438622
  Route: [16, 4, 10, 34, 44, 36, 32, 3, 11, 51, 38, 8, 17, 30, 15, 6, 28, 47, 13, 50, 20, 45, 49, 33, 23, 29, 48, 40, 35, 14, 52, 7, 2, 5, 31, 37, 12, 43, 1, 42, 21, 18, 19, 9, 41, 46, 25, 26, 27, 24, 39, 22]

Individual 131:
  Route length: 22137
  Contribution to Diversity: 0
  Route: [10, 39, 36, 5, 37, 40, 29, 2, 35, 24, 46, 12, 1, 42, 50, 13, 52, 14, 19, 45, 18, 25, 21, 27, 26, 28, 23, 30, 16, 20, 11, 51, 33, 43, 3, 48, 41, 8, 9, 49, 38, 44, 47, 6, 15, 4, 7, 32, 17, 31, 34, 22]

Individual 132:
  Route length: 21385
  Contribution to Diversity: 0
  Route: [12, 14, 52, 11, 25, 47, 17, 4, 39, 34, 3, 51, 9, 10, 41, 45, 1, 33, 6, 16, 32, 23, 37, 20, 36, 5, 19, 44, 29, 50, 46, 40, 27, 13, 24, 21, 31, 18, 48, 42, 7, 2, 30, 35, 15, 49, 43, 28, 26, 38, 8, 22]

Individual 133:
  Route length: 22435
  Contribution to Diversity: 0.0007081301426374864
  Route: [1, 17, 8, 39, 38, 16, 34, 23, 37, 43, 33, 51, 42, 21, 30, 28, 50, 25, 4, 40, 19, 9, 36, 26, 49, 10, 41, 32, 31, 20, 12, 5, 48, 29, 2, 3, 11, 27, 7, 24, 6, 46, 15, 47, 14, 13, 52, 44, 35, 45, 18, 22]

Individual 134:
  Route length: 21549
  Contribution to Diversity: 0.0005779728585917354
  Route: [24, 4, 15, 1, 39, 40, 44, 43, 28, 25, 50, 35, 18, 49, 36, 9, 5, 11, 26, 45, 21, 7, 48, 38, 33, 51, 12, 10, 41, 8, 16, 29, 3, 46, 37, 32, 19, 34, 2, 42, 17, 30, 13, 14, 27, 6, 31, 23, 20, 47, 52, 22]

Individual 135:
  Route length: 21688
  Contribution to Diversity: 0
  Route: [1, 42, 47, 49, 7, 31, 18, 3, 24, 20, 17, 30, 33, 51, 11, 52, 14, 13, 16, 2, 8, 45, 29, 37, 9, 21, 44, 34, 23, 5, 6, 38, 40, 4, 19, 41, 39, 28, 10, 36, 50, 35, 43, 26, 27, 12, 46, 15, 48, 25, 32, 22]

Individual 136:
  Route length: 22241
  Contribution to Diversity: 0.0011261233413693006
  Route: [24, 4, 15, 1, 13, 14, 27, 6, 31, 23, 20, 32, 37, 46, 3, 29, 16, 8, 41, 10, 12, 51, 33, 38, 48, 7, 21, 45, 26, 11, 5, 9, 36, 49, 18, 35, 50, 25, 28, 43, 44, 40, 39, 30, 17, 42, 2, 34, 19, 47, 52, 22]

Individual 137:
  Route length: 22322
  Contribution to Diversity: 0.00011174908832689567
  Route: [1, 32, 45, 7, 23, 21, 16, 20, 18, 24, 29, 50, 43, 4, 46, 39, 52, 13, 47, 15, 5, 26, 10, 9, 8, 6, 37, 38, 34, 14, 42, 3, 17, 44, 48, 33, 40, 19, 12, 28, 11, 51, 27, 2, 49, 31, 36, 25, 35, 41, 30, 22]

Individual 138:
  Route length: 22506
  Contribution to Diversity: 0.0004350708141611648
  Route: [3, 32, 37, 40, 14, 13, 26, 48, 11, 21, 30, 28, 27, 24, 33, 46, 36, 6, 38, 12, 25, 50, 20, 7, 42, 52, 43, 19, 18, 31, 16, 23, 8, 9, 10, 39, 44, 5, 29, 1, 47, 51, 34, 35, 49, 45, 4, 15, 17, 41, 2, 22]

Individual 139:
  Route length: 22471
  Contribution to Diversity: 0
  Route: [10, 39, 36, 5, 37, 40, 29, 2, 19, 14, 52, 13, 50, 42, 47, 6, 15, 4, 7, 32, 1, 44, 38, 49, 9, 8, 41, 48, 3, 35, 45, 18, 25, 21, 27, 26, 28, 23, 30, 16, 20, 11, 51, 33, 43, 24, 46, 12, 17, 31, 34, 22]

Individual 140:
  Route length: 22069
  Contribution to Diversity: 0.0006330946366830403
  Route: [8, 23, 30, 48, 47, 27, 13, 37, 35, 12, 7, 1, 45, 25, 29, 16, 3, 17, 32, 6, 11, 52, 28, 26, 49, 5, 24, 41, 19, 44, 40, 34, 46, 38, 15, 33, 21, 31, 14, 4, 51, 18, 10, 9, 43, 39, 20, 42, 2, 50, 36, 22]

Individual 141:
  Route length: 22075
  Contribution to Diversity: 0.0008118226642590542
  Route: [36, 19, 44, 11, 12, 51, 13, 14, 28, 50, 21, 17, 42, 7, 48, 1, 2, 30, 16, 52, 33, 6, 29, 25, 47, 26, 46, 32, 45, 27, 23, 9, 40, 41, 38, 10, 5, 24, 15, 35, 18, 37, 43, 4, 8, 34, 39, 20, 3, 49, 31, 22]

Individual 142:
  Route length: 21985
  Contribution to Diversity: 0.0010412445771379453
  Route: [49, 1, 45, 10, 38, 5, 51, 26, 47, 52, 37, 42, 23, 39, 50, 30, 29, 14, 31, 48, 9, 43, 20, 2, 36, 35, 16, 44, 34, 18, 7, 21, 25, 4, 28, 27, 11, 13, 12, 19, 33, 15, 24, 41, 6, 32, 40, 8, 46, 17, 3, 22]

Individual 143:
  Route length: 21934
  Contribution to Diversity: 0.0007144746462426355
  Route: [18, 21, 17, 23, 42, 52, 12, 4, 15, 45, 16, 40, 5, 36, 33, 6, 11, 26, 37, 2, 7, 44, 3, 19, 10, 41, 31, 34, 38, 35, 39, 1, 27, 29, 46, 49, 30, 20, 28, 43, 48, 25, 51, 24, 9, 8, 32, 13, 47, 14, 50, 22]

Individual 144:
  Route length: 22473
  Contribution to Diversity: 0.0008888052845508199
  Route: [41, 33, 51, 1, 49, 32, 2, 31, 7, 24, 38, 19, 9, 36, 11, 52, 14, 45, 50, 20, 13, 29, 39, 12, 46, 3, 21, 27, 28, 26, 47, 15, 5, 35, 18, 16, 42, 37, 40, 6, 48, 25, 44, 34, 4, 10, 43, 17, 8, 30, 23, 22]

Individual 145:
  Route length: 22450
  Contribution to Diversity: 0.0004665639644771957
  Route: [3, 39, 2, 26, 52, 11, 42, 30, 20, 50, 29, 16, 15, 5, 4, 34, 9, 8, 19, 10, 36, 28, 27, 14, 6, 40, 7, 44, 47, 38, 46, 25, 12, 13, 43, 33, 18, 49, 21, 41, 23, 17, 35, 51, 24, 31, 32, 37, 1, 45, 48, 22]

Individual 146:
  Route length: 22450
  Contribution to Diversity: 0.00026253195429948306
  Route: [2, 14, 11, 52, 26, 47, 42, 7, 21, 43, 46, 15, 33, 51, 6, 25, 3, 4, 9, 24, 38, 29, 31, 20, 16, 48, 49, 39, 28, 13, 27, 19, 32, 37, 17, 36, 34, 35, 41, 50, 12, 45, 8, 18, 30, 10, 5, 44, 1, 40, 23, 22]

Individual 147:
  Route length: 22151
  Contribution to Diversity: 0.0003918241921132548
  Route: [23, 50, 31, 10, 37, 48, 34, 25, 6, 40, 15, 43, 38, 18, 41, 19, 29, 4, 52, 14, 16, 27, 1, 45, 5, 35, 44, 12, 28, 26, 51, 33, 24, 9, 46, 49, 3, 17, 21, 32, 42, 30, 36, 8, 11, 13, 20, 39, 2, 7, 47, 22]

Individual 148:
  Route length: 22487
  Contribution to Diversity: 0
  Route: [28, 34, 5, 39, 36, 17, 42, 25, 12, 44, 16, 23, 37, 40, 32, 26, 10, 51, 4, 45, 7, 1, 49, 38, 21, 14, 13, 35, 52, 11, 46, 20, 50, 48, 24, 15, 2, 30, 29, 47, 27, 33, 6, 43, 9, 18, 31, 3, 19, 41, 8, 22]

Individual 149:
  Route length: 21754
  Contribution to Diversity: 0
  Route: [36, 51, 11, 15, 5, 37, 21, 27, 46, 1, 50, 6, 4, 19, 43, 24, 34, 49, 45, 48, 44, 40, 2, 7, 38, 31, 33, 10, 8, 9, 41, 39, 25, 42, 32, 20, 3, 23, 47, 13, 26, 12, 28, 14, 52, 18, 16, 30, 35, 17, 29, 22]

Total Entropy H: 6.842644079236683
