Individual 0:
  Route length: 15059
  Contribution to Diversity: 0.061216162968046994
  Route: [19, 18, 45, 1, 7, 42, 2, 20, 21, 36, 39, 38, 34, 35, 48, 37, 4, 5, 51, 11, 52, 14, 13, 27, 28, 12, 6, 44, 43, 46, 23, 17, 3, 15, 24, 32, 50, 30, 47, 26, 29, 25, 33, 8, 10, 9, 41, 31, 49, 16, 40, 22]

Individual 1:
  Route length: 14941
  Contribution to Diversity: 0.06626010960402962
  Route: [40, 5, 24, 37, 48, 19, 38, 43, 4, 15, 10, 8, 9, 41, 32, 34, 1, 39, 36, 16, 49, 45, 3, 21, 23, 6, 29, 44, 47, 25, 33, 51, 12, 11, 26, 52, 13, 27, 14, 28, 35, 46, 30, 7, 2, 42, 17, 31, 18, 50, 20, 22]

Individual 2:
  Route length: 15013
  Contribution to Diversity: 0.06383377457863304
  Route: [24, 48, 37, 50, 4, 51, 12, 28, 26, 27, 47, 13, 14, 52, 11, 6, 10, 40, 5, 43, 1, 19, 31, 45, 20, 25, 33, 15, 38, 34, 36, 44, 35, 49, 41, 9, 21, 23, 30, 42, 2, 7, 17, 3, 16, 29, 46, 39, 8, 32, 18, 22]

Individual 3:
  Route length: 14646
  Contribution to Diversity: 0
  Route: [36, 19, 37, 43, 9, 10, 33, 51, 11, 28, 26, 47, 13, 52, 27, 48, 24, 46, 23, 29, 16, 40, 6, 15, 34, 44, 50, 32, 42, 7, 2, 30, 20, 31, 45, 38, 3, 17, 18, 8, 41, 39, 35, 5, 12, 14, 25, 4, 1, 49, 21, 22]

Individual 4:
  Route length: 15013
  Contribution to Diversity: 0
  Route: [36, 19, 37, 43, 9, 10, 33, 51, 11, 28, 26, 47, 13, 52, 27, 48, 24, 46, 23, 17, 3, 38, 45, 31, 20, 30, 2, 7, 42, 32, 50, 44, 34, 15, 6, 40, 16, 29, 18, 8, 41, 39, 35, 5, 12, 14, 25, 4, 1, 49, 21, 22]

Individual 5:
  Route length: 14987
  Contribution to Diversity: 0.08436312712572747
  Route: [1, 19, 41, 18, 50, 23, 20, 46, 38, 17, 36, 3, 21, 42, 30, 2, 7, 31, 29, 15, 35, 44, 40, 32, 9, 10, 8, 6, 25, 24, 45, 43, 33, 11, 51, 12, 4, 48, 28, 14, 13, 52, 47, 27, 26, 5, 39, 34, 37, 49, 16, 22]

Individual 6:
  Route length: 14822
  Contribution to Diversity: 0.05345177628083597
  Route: [8, 38, 46, 25, 30, 2, 7, 42, 16, 45, 1, 49, 34, 28, 27, 12, 40, 6, 23, 26, 47, 13, 14, 52, 11, 51, 33, 43, 10, 9, 41, 32, 35, 4, 5, 39, 24, 19, 31, 3, 21, 29, 17, 18, 50, 20, 44, 36, 37, 48, 15, 22]

Individual 7:
  Route length: 14712
  Contribution to Diversity: 0.056581504553453676
  Route: [35, 24, 43, 48, 40, 5, 32, 50, 46, 23, 12, 38, 21, 30, 45, 49, 18, 31, 17, 41, 8, 10, 9, 39, 36, 1, 6, 15, 34, 16, 44, 19, 33, 51, 11, 52, 13, 14, 47, 27, 26, 28, 25, 4, 37, 29, 20, 3, 2, 7, 42, 22]

Individual 8:
  Route length: 15052
  Contribution to Diversity: 0.08185516595041609
  Route: [35, 12, 24, 40, 23, 43, 51, 11, 52, 13, 14, 26, 46, 16, 47, 27, 28, 25, 15, 5, 39, 48, 37, 34, 1, 41, 6, 38, 36, 45, 9, 10, 33, 4, 44, 18, 32, 49, 31, 19, 3, 20, 29, 50, 21, 17, 8, 30, 2, 42, 7, 22]

Individual 9:
  Route length: 14921
  Contribution to Diversity: 0.0573695432507364
  Route: [10, 8, 41, 19, 48, 50, 34, 21, 2, 7, 42, 17, 18, 23, 3, 20, 31, 30, 43, 38, 15, 51, 11, 52, 14, 13, 27, 26, 47, 28, 4, 12, 24, 5, 40, 9, 33, 44, 45, 6, 25, 16, 29, 32, 49, 35, 46, 1, 39, 36, 37, 22]

Total Entropy H: 5.5315230041861385
