Individual 0:
  Route length: 13154
  Contribution to Diversity: 0.025835185303796138
  Route: [3, 19, 17, 41, 8, 10, 9, 43, 33, 51, 26, 47, 13, 52, 11, 27, 14, 28, 12, 4, 6, 5, 48, 24, 25, 39, 36, 35, 49, 44, 37, 38, 46, 34, 16, 50, 18, 32, 1, 7, 23, 42, 2, 21, 29, 20, 30, 15, 45, 40, 31, 22]

Individual 1:
  Route length: 13130
  Contribution to Diversity: 0.015482592157322728
  Route: [1, 2, 42, 7, 17, 3, 30, 16, 29, 50, 20, 46, 39, 37, 48, 5, 35, 47, 26, 14, 13, 27, 11, 52, 28, 25, 12, 6, 51, 33, 43, 10, 4, 15, 24, 38, 9, 8, 41, 19, 32, 49, 45, 44, 34, 36, 31, 18, 21, 23, 40, 22]

Individual 2:
  Route length: 13192
  Contribution to Diversity: 0.02575970017834628
  Route: [49, 50, 44, 39, 5, 6, 48, 40, 12, 43, 10, 41, 8, 9, 19, 23, 20, 42, 21, 17, 3, 18, 35, 38, 36, 32, 45, 34, 1, 37, 4, 16, 29, 2, 7, 30, 24, 46, 25, 28, 27, 26, 13, 47, 14, 52, 11, 51, 33, 15, 31, 22]

Individual 3:
  Route length: 13169
  Contribution to Diversity: 0.015829462343880607
  Route: [1, 30, 29, 20, 50, 42, 7, 2, 16, 15, 19, 9, 10, 17, 3, 36, 6, 41, 37, 46, 45, 8, 18, 49, 31, 32, 44, 35, 43, 33, 51, 11, 52, 14, 13, 47, 26, 27, 28, 12, 25, 34, 39, 40, 24, 5, 38, 4, 48, 21, 23, 22]

Individual 4:
  Route length: 12974
  Contribution to Diversity: 0.009798018609838088
  Route: [24, 36, 15, 8, 41, 19, 6, 46, 25, 39, 32, 45, 37, 48, 38, 51, 33, 43, 10, 9, 40, 35, 34, 5, 4, 28, 12, 47, 26, 13, 14, 52, 11, 27, 29, 20, 23, 2, 7, 42, 21, 50, 16, 44, 49, 18, 31, 1, 30, 17, 3, 22]

Individual 5:
  Route length: 13082
  Contribution to Diversity: 0.013815515112838739
  Route: [1, 35, 34, 44, 46, 38, 4, 15, 37, 24, 40, 31, 23, 50, 20, 16, 30, 21, 29, 42, 7, 2, 18, 19, 32, 39, 36, 45, 17, 3, 8, 41, 25, 48, 5, 11, 14, 13, 47, 26, 52, 27, 28, 12, 43, 10, 9, 33, 51, 6, 49, 22]

Individual 6:
  Route length: 13184
  Contribution to Diversity: 0.012098019964976281
  Route: [1, 49, 16, 30, 23, 34, 50, 42, 21, 29, 7, 2, 31, 18, 3, 17, 20, 35, 44, 46, 4, 48, 15, 36, 39, 38, 5, 28, 12, 25, 6, 9, 41, 8, 10, 43, 33, 51, 11, 52, 14, 13, 47, 26, 27, 24, 32, 45, 40, 37, 19, 22]

Individual 7:
  Route length: 13085
  Contribution to Diversity: 0.016295475971284112
  Route: [36, 3, 30, 50, 16, 39, 38, 44, 1, 18, 31, 20, 46, 29, 48, 4, 6, 25, 12, 28, 27, 13, 47, 26, 14, 52, 11, 51, 33, 43, 10, 9, 8, 41, 19, 49, 23, 45, 37, 24, 5, 40, 15, 32, 7, 42, 34, 35, 21, 2, 17, 22]

Individual 8:
  Route length: 13138
  Contribution to Diversity: 0.01401991087540111
  Route: [50, 29, 30, 2, 7, 42, 16, 20, 23, 46, 44, 49, 1, 40, 21, 17, 18, 3, 41, 19, 45, 32, 37, 51, 33, 14, 52, 11, 28, 27, 26, 47, 13, 25, 4, 12, 43, 8, 10, 9, 31, 5, 6, 36, 39, 38, 48, 24, 15, 34, 35, 22]

Individual 9:
  Route length: 12732
  Contribution to Diversity: 0.0019868948487147264
  Route: [1, 9, 10, 8, 19, 41, 45, 35, 49, 48, 40, 4, 15, 3, 32, 43, 25, 29, 30, 21, 42, 7, 2, 17, 31, 18, 16, 39, 37, 38, 33, 12, 51, 11, 26, 28, 13, 52, 14, 47, 27, 24, 36, 44, 46, 6, 5, 34, 23, 50, 20, 22]

Individual 10:
  Route length: 13065
  Contribution to Diversity: 0.021028292480314903
  Route: [32, 3, 17, 21, 23, 35, 30, 16, 36, 34, 48, 29, 50, 40, 1, 19, 41, 8, 9, 10, 18, 31, 7, 2, 42, 20, 44, 6, 28, 27, 12, 51, 47, 26, 13, 14, 52, 11, 25, 5, 15, 4, 46, 24, 33, 43, 38, 45, 39, 37, 49, 22]

Individual 11:
  Route length: 12995
  Contribution to Diversity: 0.019705737074635188
  Route: [18, 49, 46, 38, 35, 19, 41, 8, 3, 17, 42, 21, 2, 7, 34, 37, 32, 12, 28, 26, 47, 13, 14, 27, 52, 11, 51, 4, 6, 16, 44, 25, 5, 48, 15, 24, 20, 50, 29, 39, 40, 9, 10, 33, 43, 45, 31, 23, 30, 1, 36, 22]

Individual 12:
  Route length: 12804
  Contribution to Diversity: 0.004479589922689264
  Route: [45, 19, 32, 6, 39, 48, 12, 51, 33, 43, 10, 8, 9, 41, 31, 30, 42, 2, 7, 17, 21, 20, 46, 38, 15, 25, 37, 4, 28, 27, 14, 47, 11, 52, 13, 26, 16, 23, 40, 5, 24, 44, 36, 49, 34, 35, 1, 3, 18, 29, 50, 22]

Individual 13:
  Route length: 13144
  Contribution to Diversity: 0.026931972802106685
  Route: [23, 8, 19, 33, 25, 39, 37, 5, 6, 28, 27, 47, 26, 13, 52, 14, 11, 51, 12, 4, 24, 36, 35, 40, 48, 34, 32, 38, 16, 46, 15, 20, 1, 44, 43, 9, 10, 45, 18, 31, 50, 3, 41, 17, 21, 42, 7, 2, 30, 29, 49, 22]

Individual 14:
  Route length: 13173
  Contribution to Diversity: 0.015782686256292422
  Route: [8, 19, 9, 10, 4, 51, 11, 14, 52, 13, 28, 27, 47, 26, 12, 25, 36, 20, 30, 39, 40, 35, 37, 48, 15, 24, 31, 18, 2, 7, 42, 21, 23, 29, 50, 16, 44, 46, 34, 1, 49, 32, 45, 6, 41, 3, 17, 5, 33, 43, 38, 22]

Individual 15:
  Route length: 13024
  Contribution to Diversity: 0.02308162640814526
  Route: [31, 23, 3, 41, 45, 8, 49, 35, 34, 25, 4, 29, 37, 46, 16, 50, 38, 1, 21, 18, 17, 2, 7, 42, 30, 20, 44, 24, 6, 51, 33, 12, 28, 27, 26, 47, 13, 52, 14, 11, 43, 36, 39, 32, 40, 48, 5, 15, 9, 10, 19, 22]

Individual 16:
  Route length: 12967
  Contribution to Diversity: 0.001183428504269557
  Route: [24, 27, 47, 14, 52, 13, 28, 26, 11, 51, 12, 33, 38, 37, 39, 16, 18, 31, 17, 2, 7, 42, 21, 30, 29, 25, 35, 49, 48, 40, 4, 15, 3, 32, 43, 45, 41, 19, 8, 10, 9, 1, 36, 5, 6, 46, 44, 34, 23, 50, 20, 22]

Individual 17:
  Route length: 13040
  Contribution to Diversity: 0.022141139422211964
  Route: [36, 1, 15, 31, 32, 8, 41, 10, 9, 19, 45, 43, 33, 48, 6, 40, 20, 50, 37, 46, 16, 29, 44, 24, 38, 25, 11, 52, 14, 26, 47, 13, 28, 12, 4, 51, 27, 5, 49, 39, 34, 35, 23, 18, 3, 17, 21, 30, 2, 7, 42, 22]

Individual 18:
  Route length: 13149
  Contribution to Diversity: 0.02168064086616095
  Route: [3, 31, 49, 32, 18, 1, 29, 16, 44, 23, 20, 2, 7, 42, 21, 17, 45, 33, 43, 19, 41, 8, 9, 10, 40, 37, 5, 30, 50, 4, 6, 15, 24, 46, 34, 48, 38, 28, 27, 12, 51, 11, 52, 14, 13, 25, 35, 39, 47, 26, 36, 22]

Individual 19:
  Route length: 12744
  Contribution to Diversity: 0.003606061362612323
  Route: [45, 19, 32, 6, 39, 48, 12, 51, 33, 43, 10, 8, 9, 41, 31, 30, 42, 2, 7, 17, 21, 20, 46, 38, 15, 25, 37, 4, 28, 27, 14, 47, 11, 52, 13, 26, 16, 23, 40, 5, 24, 44, 36, 49, 34, 35, 1, 50, 29, 18, 3, 22]

Total Entropy H: 5.722915393308367
