Individual 0:
  Route length: 8258
  Contribution to Diversity: 0.00019165226405082336
  Route: [1, 5, 24, 48, 38, 37, 40, 15, 6, 4, 25, 12, 28, 27, 26, 47, 13, 14, 52, 11, 51, 33, 43, 10, 8, 9, 41, 19, 45, 32, 49, 39, 35, 36, 34, 46, 44, 16, 29, 50, 20, 23, 30, 2, 7, 42, 21, 17, 3, 18, 31, 22]

Individual 1:
  Route length: 8279
  Contribution to Diversity: 0.0005665679173292304
  Route: [18, 32, 45, 19, 41, 8, 9, 10, 43, 33, 51, 11, 52, 14, 13, 26, 47, 27, 28, 12, 25, 4, 6, 15, 5, 24, 48, 38, 37, 40, 39, 36, 35, 34, 44, 1, 49, 46, 16, 29, 50, 20, 23, 30, 2, 7, 42, 21, 31, 3, 17, 22]

Individual 2:
  Route length: 8256
  Contribution to Diversity: 0.00041913148985806004
  Route: [1, 49, 32, 45, 19, 41, 8, 9, 10, 43, 33, 51, 11, 52, 14, 13, 27, 28, 26, 47, 12, 25, 4, 40, 39, 36, 37, 5, 24, 48, 38, 15, 6, 35, 34, 44, 46, 16, 29, 20, 50, 23, 30, 2, 7, 42, 21, 17, 3, 18, 31, 22]

Individual 3:
  Route length: 8268
  Contribution to Diversity: 0.001018173700599867
  Route: [1, 49, 32, 45, 41, 19, 8, 9, 10, 33, 43, 51, 11, 52, 14, 13, 27, 28, 26, 47, 12, 25, 4, 6, 15, 5, 24, 48, 38, 37, 36, 39, 40, 35, 34, 44, 46, 16, 29, 50, 20, 23, 30, 2, 7, 42, 21, 17, 3, 18, 31, 22]

Individual 4:
  Route length: 8241
  Contribution to Diversity: 9.494151293765185e-05
  Route: [20, 50, 1, 49, 32, 45, 19, 41, 8, 9, 10, 43, 33, 51, 11, 52, 14, 13, 47, 26, 27, 28, 12, 25, 4, 6, 15, 5, 24, 48, 38, 37, 40, 34, 35, 36, 39, 44, 46, 16, 29, 23, 42, 7, 2, 30, 21, 17, 3, 18, 31, 22]

Individual 5:
  Route length: 8290
  Contribution to Diversity: 0.0010661573511079325
  Route: [49, 1, 40, 37, 39, 32, 45, 19, 41, 8, 9, 10, 43, 33, 51, 11, 52, 14, 13, 47, 26, 27, 28, 12, 25, 46, 44, 34, 35, 36, 48, 38, 24, 5, 15, 6, 4, 16, 29, 50, 20, 23, 30, 2, 7, 42, 21, 17, 3, 18, 31, 22]

Individual 6:
  Route length: 8258
  Contribution to Diversity: 5.3173642328374626e-05
  Route: [1, 49, 45, 32, 19, 41, 8, 9, 10, 43, 33, 51, 11, 52, 13, 14, 47, 26, 27, 28, 12, 25, 4, 6, 15, 5, 36, 35, 34, 44, 46, 37, 38, 24, 48, 39, 40, 16, 29, 50, 20, 23, 30, 2, 7, 42, 21, 17, 3, 18, 31, 22]

Individual 7:
  Route length: 8290
  Contribution to Diversity: 0.0010086403511859743
  Route: [1, 49, 32, 45, 19, 41, 9, 8, 10, 43, 33, 51, 11, 52, 14, 13, 47, 26, 27, 28, 12, 25, 4, 6, 15, 40, 37, 38, 48, 24, 5, 39, 35, 36, 34, 46, 44, 16, 29, 50, 20, 23, 21, 42, 7, 2, 30, 17, 3, 18, 31, 22]

Individual 8:
  Route length: 8288
  Contribution to Diversity: 0.000573367008182224
  Route: [18, 3, 17, 21, 42, 7, 2, 30, 23, 20, 50, 29, 16, 46, 44, 34, 35, 36, 39, 38, 37, 40, 48, 24, 5, 15, 6, 4, 25, 12, 26, 28, 27, 47, 13, 14, 52, 11, 51, 33, 43, 9, 10, 41, 8, 19, 45, 32, 49, 31, 1, 22]

Individual 9:
  Route length: 8232
  Contribution to Diversity: 0.000295426067743243
  Route: [18, 3, 17, 21, 42, 7, 2, 30, 23, 20, 50, 29, 16, 46, 44, 34, 35, 36, 39, 38, 37, 40, 48, 24, 5, 15, 6, 4, 25, 12, 26, 27, 28, 47, 14, 13, 52, 11, 51, 33, 43, 9, 10, 41, 8, 19, 45, 32, 49, 1, 31, 22]

Individual 10:
  Route length: 8252
  Contribution to Diversity: 0.0013462190222881532
  Route: [1, 49, 32, 45, 19, 41, 8, 9, 10, 43, 33, 51, 11, 52, 14, 13, 47, 28, 27, 26, 12, 25, 4, 5, 15, 6, 24, 48, 36, 38, 40, 39, 37, 35, 34, 44, 46, 16, 29, 50, 20, 23, 30, 21, 42, 7, 2, 17, 3, 18, 31, 22]

Individual 11:
  Route length: 8279
  Contribution to Diversity: 0.0003767839820367769
  Route: [18, 3, 17, 21, 42, 7, 2, 30, 23, 20, 50, 29, 16, 34, 40, 39, 36, 35, 44, 46, 37, 38, 15, 5, 24, 48, 6, 4, 25, 12, 28, 27, 26, 47, 52, 14, 13, 11, 51, 33, 43, 10, 9, 8, 41, 19, 45, 32, 49, 1, 31, 22]

Individual 12:
  Route length: 8294
  Contribution to Diversity: 0.000582915398005035
  Route: [1, 49, 32, 45, 19, 41, 8, 9, 10, 43, 33, 51, 11, 52, 14, 13, 47, 26, 27, 28, 12, 25, 4, 6, 15, 5, 40, 37, 44, 24, 39, 36, 35, 34, 38, 48, 46, 16, 29, 20, 50, 2, 7, 42, 30, 23, 21, 17, 3, 18, 31, 22]

Individual 13:
  Route length: 8261
  Contribution to Diversity: 0.0001515922634611755
  Route: [20, 50, 1, 49, 32, 45, 19, 41, 8, 9, 10, 43, 33, 51, 11, 52, 14, 13, 47, 26, 27, 28, 12, 25, 4, 6, 15, 5, 24, 48, 38, 37, 40, 39, 36, 35, 44, 34, 46, 16, 29, 23, 2, 7, 42, 30, 21, 17, 3, 18, 31, 22]

Individual 14:
  Route length: 8279
  Contribution to Diversity: 0.00038343608951674213
  Route: [45, 40, 39, 36, 35, 34, 37, 38, 48, 24, 5, 15, 6, 4, 25, 12, 28, 27, 26, 47, 13, 14, 52, 11, 51, 33, 43, 10, 9, 8, 41, 19, 32, 49, 1, 44, 46, 16, 29, 50, 20, 23, 30, 2, 7, 42, 21, 17, 18, 3, 31, 22]

Individual 15:
  Route length: 8286
  Contribution to Diversity: 0.0009650900596449574
  Route: [1, 49, 32, 40, 39, 37, 36, 44, 34, 35, 45, 19, 41, 9, 8, 10, 43, 33, 51, 11, 52, 14, 13, 47, 26, 27, 28, 12, 25, 4, 6, 15, 5, 48, 24, 38, 46, 16, 29, 50, 20, 23, 30, 42, 7, 2, 21, 17, 3, 18, 31, 22]

Individual 16:
  Route length: 8295
  Contribution to Diversity: 0.0012894936002494362
  Route: [1, 49, 32, 45, 19, 41, 10, 9, 8, 43, 33, 51, 11, 52, 14, 13, 47, 26, 27, 28, 12, 25, 4, 24, 39, 37, 36, 35, 34, 48, 40, 5, 15, 6, 38, 44, 46, 16, 29, 50, 20, 23, 30, 2, 7, 42, 21, 17, 3, 18, 31, 22]

Individual 17:
  Route length: 8276
  Contribution to Diversity: 0.000331136581833924
  Route: [32, 45, 19, 41, 9, 8, 10, 43, 33, 51, 11, 52, 14, 13, 47, 26, 27, 28, 12, 25, 4, 6, 15, 38, 48, 24, 5, 37, 1, 49, 40, 39, 36, 35, 34, 46, 44, 16, 29, 50, 20, 23, 30, 2, 7, 42, 21, 17, 3, 18, 31, 22]

Individual 18:
  Route length: 8254
  Contribution to Diversity: 0.0006908943799004419
  Route: [1, 48, 24, 5, 38, 49, 32, 45, 19, 41, 8, 9, 10, 43, 33, 51, 28, 27, 26, 47, 13, 14, 52, 11, 12, 25, 4, 6, 15, 37, 40, 39, 36, 35, 34, 44, 46, 16, 29, 50, 20, 23, 30, 42, 2, 7, 21, 17, 3, 18, 31, 22]

Individual 19:
  Route length: 8246
  Contribution to Diversity: 0.00041602164317033896
  Route: [1, 35, 34, 48, 24, 5, 15, 40, 38, 37, 49, 36, 39, 6, 4, 25, 12, 28, 27, 26, 47, 13, 14, 52, 11, 51, 33, 43, 10, 9, 41, 8, 19, 45, 32, 44, 46, 16, 29, 50, 20, 23, 30, 2, 7, 42, 21, 17, 3, 18, 31, 22]

Individual 20:
  Route length: 8246
  Contribution to Diversity: 3.120701539049975e-05
  Route: [31, 18, 3, 17, 21, 42, 7, 2, 30, 23, 20, 50, 29, 16, 46, 44, 34, 35, 36, 39, 6, 4, 25, 12, 11, 52, 13, 14, 47, 26, 27, 28, 51, 33, 43, 10, 9, 8, 41, 19, 45, 32, 40, 24, 48, 5, 15, 38, 37, 49, 1, 22]

Individual 21:
  Route length: 8292
  Contribution to Diversity: 0.0001717554757005857
  Route: [31, 18, 3, 17, 21, 2, 7, 42, 30, 23, 20, 50, 29, 16, 46, 44, 34, 36, 35, 39, 48, 24, 5, 38, 49, 32, 45, 19, 41, 8, 9, 10, 43, 33, 51, 28, 27, 26, 47, 13, 14, 52, 11, 12, 25, 4, 6, 15, 37, 40, 1, 22]

Individual 22:
  Route length: 8284
  Contribution to Diversity: 0.0005751123043573614
  Route: [18, 31, 21, 42, 7, 2, 30, 23, 50, 20, 29, 16, 46, 49, 1, 44, 34, 35, 36, 39, 40, 37, 38, 48, 24, 5, 15, 6, 4, 25, 12, 28, 27, 47, 26, 13, 14, 52, 11, 51, 33, 43, 10, 9, 8, 41, 19, 45, 32, 3, 17, 22]

Individual 23:
  Route length: 8293
  Contribution to Diversity: 0.00044134351530722427
  Route: [18, 31, 21, 42, 7, 2, 30, 23, 20, 50, 29, 16, 46, 49, 17, 3, 32, 45, 19, 41, 8, 9, 10, 43, 33, 51, 11, 52, 14, 13, 26, 47, 27, 28, 12, 25, 4, 6, 15, 5, 24, 48, 38, 37, 40, 39, 36, 35, 34, 44, 1, 22]

Individual 24:
  Route length: 8252
  Contribution to Diversity: 0.0006414990580161373
  Route: [1, 49, 32, 45, 19, 41, 8, 9, 10, 43, 33, 51, 11, 52, 14, 13, 47, 26, 27, 28, 12, 25, 4, 6, 15, 5, 24, 40, 39, 36, 35, 34, 37, 44, 38, 48, 46, 16, 29, 2, 42, 7, 30, 20, 50, 23, 21, 17, 3, 18, 31, 22]

Individual 25:
  Route length: 8276
  Contribution to Diversity: 0.0006853088650178307
  Route: [1, 49, 32, 45, 19, 41, 8, 9, 10, 43, 33, 51, 11, 52, 14, 13, 27, 28, 26, 47, 12, 25, 4, 6, 15, 24, 48, 38, 46, 44, 34, 35, 5, 40, 39, 37, 36, 16, 29, 50, 20, 23, 30, 2, 7, 42, 21, 17, 3, 18, 31, 22]

Individual 26:
  Route length: 8267
  Contribution to Diversity: 0.0007080300260451367
  Route: [1, 49, 32, 45, 19, 9, 8, 41, 10, 43, 33, 51, 11, 52, 14, 13, 47, 26, 27, 28, 12, 25, 5, 15, 4, 24, 40, 48, 6, 38, 37, 39, 36, 35, 34, 44, 46, 16, 29, 50, 20, 23, 30, 2, 7, 42, 21, 17, 3, 18, 31, 22]

Individual 27:
  Route length: 8245
  Contribution to Diversity: 0.001111928891083025
  Route: [1, 49, 32, 45, 19, 41, 8, 9, 10, 43, 33, 51, 11, 52, 14, 13, 47, 26, 27, 28, 12, 25, 4, 15, 6, 5, 40, 37, 39, 38, 34, 35, 36, 44, 24, 48, 46, 16, 29, 20, 50, 42, 7, 2, 30, 23, 21, 17, 3, 18, 31, 22]

Individual 28:
  Route length: 8130
  Contribution to Diversity: 0.00037701271520518276
  Route: [1, 18, 3, 17, 21, 42, 7, 2, 30, 23, 20, 50, 29, 16, 46, 37, 5, 24, 48, 40, 38, 15, 6, 4, 25, 12, 28, 47, 26, 27, 13, 14, 52, 11, 51, 33, 43, 10, 9, 8, 41, 19, 45, 32, 49, 36, 39, 35, 34, 44, 31, 22]

Individual 29:
  Route length: 8254
  Contribution to Diversity: 0.00017160075037558897
  Route: [1, 39, 38, 40, 37, 48, 24, 5, 15, 6, 4, 25, 12, 26, 27, 28, 47, 13, 14, 52, 11, 51, 33, 43, 10, 9, 8, 41, 19, 45, 32, 34, 35, 49, 36, 44, 46, 16, 29, 50, 20, 23, 30, 7, 2, 42, 21, 17, 3, 18, 31, 22]

Individual 30:
  Route length: 8250
  Contribution to Diversity: 0.00036214423930314155
  Route: [49, 1, 32, 45, 19, 41, 8, 9, 10, 43, 33, 51, 11, 52, 14, 13, 47, 26, 28, 27, 12, 25, 4, 6, 15, 24, 5, 38, 37, 48, 35, 40, 39, 36, 46, 44, 34, 16, 29, 50, 20, 23, 30, 2, 7, 42, 21, 17, 3, 18, 31, 22]

Individual 31:
  Route length: 8277
  Contribution to Diversity: 0.00021267389413193172
  Route: [1, 49, 32, 45, 19, 41, 8, 9, 10, 43, 33, 51, 11, 52, 14, 13, 47, 26, 27, 28, 12, 25, 4, 6, 15, 38, 39, 40, 37, 44, 36, 35, 34, 24, 5, 48, 46, 16, 29, 30, 2, 42, 7, 20, 50, 23, 21, 17, 3, 18, 31, 22]

Individual 32:
  Route length: 8244
  Contribution to Diversity: 0.00040911746198535326
  Route: [32, 45, 19, 8, 41, 9, 10, 43, 33, 51, 11, 52, 14, 13, 47, 26, 27, 28, 12, 25, 4, 6, 39, 36, 49, 37, 38, 40, 15, 5, 24, 48, 34, 35, 1, 44, 46, 16, 29, 50, 20, 23, 30, 2, 7, 42, 21, 17, 3, 18, 31, 22]

Individual 33:
  Route length: 8289
  Contribution to Diversity: 0.0016317038127162675
  Route: [39, 40, 37, 24, 48, 38, 5, 15, 25, 12, 28, 27, 26, 47, 13, 14, 52, 11, 51, 33, 4, 6, 43, 10, 9, 8, 41, 19, 45, 32, 49, 1, 36, 34, 35, 44, 46, 16, 29, 50, 20, 23, 30, 2, 7, 42, 21, 17, 3, 18, 31, 22]

Individual 34:
  Route length: 8278
  Contribution to Diversity: 0.00012064669708955478
  Route: [1, 49, 32, 45, 19, 41, 8, 9, 10, 43, 33, 51, 11, 52, 14, 13, 47, 26, 27, 28, 12, 25, 5, 48, 40, 37, 38, 39, 15, 24, 6, 4, 36, 35, 34, 44, 46, 16, 29, 50, 20, 23, 31, 18, 3, 17, 21, 42, 7, 2, 30, 22]

Individual 35:
  Route length: 8270
  Contribution to Diversity: 0.0010810718748546222
  Route: [35, 36, 39, 37, 40, 38, 48, 24, 5, 15, 6, 4, 25, 12, 28, 27, 26, 47, 13, 14, 52, 11, 51, 33, 43, 10, 9, 8, 41, 45, 19, 32, 49, 1, 34, 44, 46, 16, 29, 50, 31, 18, 3, 17, 21, 42, 7, 2, 30, 23, 20, 22]

Individual 36:
  Route length: 8250
  Contribution to Diversity: 0.00035821955717985077
  Route: [1, 49, 32, 45, 19, 41, 8, 9, 10, 43, 33, 51, 11, 52, 14, 13, 47, 26, 27, 28, 12, 25, 4, 6, 15, 5, 24, 38, 44, 37, 34, 35, 36, 39, 40, 48, 46, 16, 29, 30, 7, 42, 2, 20, 50, 23, 21, 17, 3, 18, 31, 22]

Individual 37:
  Route length: 8291
  Contribution to Diversity: 0.0004394531283198333
  Route: [1, 40, 37, 15, 6, 4, 25, 12, 11, 52, 14, 13, 47, 26, 27, 28, 51, 33, 43, 10, 9, 8, 41, 19, 45, 32, 49, 44, 34, 36, 35, 39, 48, 24, 5, 38, 46, 16, 29, 50, 20, 23, 30, 42, 7, 2, 21, 17, 3, 18, 31, 22]

Individual 38:
  Route length: 8175
  Contribution to Diversity: 0.0006005103207096241
  Route: [1, 39, 38, 40, 37, 48, 24, 5, 15, 6, 4, 25, 12, 26, 47, 28, 27, 13, 14, 52, 11, 51, 33, 43, 10, 9, 8, 41, 19, 45, 32, 34, 35, 49, 36, 44, 46, 16, 29, 50, 20, 23, 30, 7, 2, 42, 21, 17, 3, 18, 31, 22]

Individual 39:
  Route length: 8232
  Contribution to Diversity: 0.0007922337969770155
  Route: [49, 1, 32, 45, 19, 41, 8, 9, 10, 43, 33, 51, 11, 52, 14, 13, 47, 26, 28, 27, 12, 25, 4, 6, 5, 15, 24, 38, 37, 48, 35, 40, 39, 36, 46, 44, 34, 16, 29, 50, 20, 23, 30, 2, 7, 42, 21, 17, 3, 18, 31, 22]

Individual 40:
  Route length: 8253
  Contribution to Diversity: 0.0007181512107203858
  Route: [32, 49, 1, 45, 19, 41, 8, 9, 10, 43, 33, 51, 11, 52, 14, 13, 47, 26, 28, 27, 12, 25, 4, 6, 15, 5, 24, 37, 36, 34, 44, 46, 39, 35, 40, 38, 48, 16, 29, 50, 20, 23, 30, 2, 7, 42, 21, 17, 3, 18, 31, 22]

Individual 41:
  Route length: 8288
  Contribution to Diversity: 0.0012257537156417087
  Route: [1, 49, 32, 45, 19, 8, 41, 9, 10, 43, 33, 51, 11, 52, 14, 13, 47, 26, 28, 27, 12, 25, 4, 6, 48, 38, 40, 37, 24, 5, 15, 35, 39, 44, 46, 36, 34, 16, 29, 50, 20, 23, 30, 2, 7, 42, 21, 17, 3, 18, 31, 22]

Individual 42:
  Route length: 8294
  Contribution to Diversity: 0.0003622043562261368
  Route: [1, 49, 32, 45, 19, 41, 8, 9, 10, 43, 33, 51, 11, 52, 14, 13, 47, 26, 27, 28, 12, 25, 4, 5, 35, 39, 36, 40, 44, 46, 37, 24, 15, 6, 38, 48, 34, 16, 29, 50, 20, 23, 30, 42, 7, 2, 21, 17, 3, 18, 31, 22]

Individual 43:
  Route length: 8280
  Contribution to Diversity: 0.0005447837468866013
  Route: [1, 49, 32, 45, 19, 41, 8, 9, 10, 43, 33, 51, 11, 52, 14, 13, 47, 26, 27, 28, 12, 25, 4, 6, 15, 5, 24, 40, 39, 36, 35, 34, 37, 44, 48, 38, 46, 16, 29, 30, 2, 42, 7, 20, 50, 23, 21, 17, 3, 18, 31, 22]

Individual 44:
  Route length: 8293
  Contribution to Diversity: 0.00011951209306992894
  Route: [1, 49, 18, 32, 45, 3, 17, 21, 42, 7, 2, 30, 23, 50, 20, 29, 16, 46, 44, 34, 35, 36, 39, 40, 37, 38, 48, 24, 5, 4, 6, 15, 25, 12, 28, 27, 26, 47, 13, 14, 52, 11, 51, 33, 43, 10, 9, 8, 41, 19, 31, 22]

Individual 45:
  Route length: 8216
  Contribution to Diversity: 0.0002782043333366957
  Route: [1, 49, 32, 45, 19, 41, 8, 9, 10, 43, 33, 51, 11, 52, 14, 13, 47, 26, 27, 28, 12, 25, 4, 5, 24, 46, 37, 15, 6, 38, 40, 44, 35, 36, 39, 48, 34, 16, 29, 50, 20, 23, 30, 42, 7, 2, 21, 17, 3, 18, 31, 22]

Individual 46:
  Route length: 8271
  Contribution to Diversity: 0
  Route: [1, 49, 32, 45, 19, 41, 8, 9, 10, 43, 33, 51, 11, 52, 14, 13, 47, 26, 27, 28, 12, 25, 37, 6, 48, 24, 5, 15, 38, 4, 34, 35, 40, 36, 39, 44, 46, 16, 29, 50, 20, 23, 30, 7, 2, 42, 21, 17, 3, 18, 31, 22]

Individual 47:
  Route length: 8247
  Contribution to Diversity: 0.0009321080862303432
  Route: [1, 49, 18, 32, 45, 3, 19, 41, 8, 9, 10, 43, 33, 51, 11, 52, 14, 13, 47, 26, 27, 28, 12, 25, 15, 6, 4, 5, 24, 48, 38, 37, 40, 39, 36, 35, 34, 44, 46, 16, 29, 20, 50, 23, 30, 2, 7, 42, 21, 17, 31, 22]

Individual 48:
  Route length: 8239
  Contribution to Diversity: 0
  Route: [1, 49, 32, 45, 19, 41, 8, 9, 10, 43, 33, 51, 11, 52, 14, 13, 47, 28, 27, 26, 12, 25, 4, 5, 15, 6, 24, 48, 37, 36, 39, 40, 38, 34, 35, 46, 44, 16, 29, 50, 23, 20, 30, 2, 7, 42, 21, 17, 3, 18, 31, 22]

Individual 49:
  Route length: 8191
  Contribution to Diversity: 0
  Route: [1, 49, 32, 45, 19, 41, 8, 9, 10, 43, 33, 51, 11, 52, 14, 13, 47, 26, 27, 28, 12, 25, 24, 48, 40, 37, 38, 39, 15, 5, 6, 4, 36, 35, 34, 44, 46, 16, 29, 50, 20, 23, 31, 18, 3, 17, 21, 42, 7, 2, 30, 22]

Individual 50:
  Route length: 8259
  Contribution to Diversity: 0.00011287380699620542
  Route: [18, 31, 21, 42, 7, 2, 30, 23, 20, 29, 50, 16, 46, 34, 35, 49, 32, 45, 19, 41, 8, 9, 10, 43, 33, 51, 11, 52, 14, 13, 47, 26, 27, 28, 12, 25, 4, 6, 15, 5, 24, 48, 38, 37, 40, 39, 36, 44, 1, 3, 17, 22]

Individual 51:
  Route length: 8220
  Contribution to Diversity: 0.0005138195430598458
  Route: [31, 18, 3, 17, 21, 42, 7, 2, 30, 23, 20, 50, 29, 16, 46, 44, 34, 37, 38, 15, 5, 48, 24, 40, 32, 45, 19, 41, 8, 9, 10, 43, 33, 51, 28, 27, 26, 47, 14, 13, 52, 11, 12, 25, 4, 6, 39, 36, 35, 49, 1, 22]

Individual 52:
  Route length: 8272
  Contribution to Diversity: 0.0003000096250982409
  Route: [1, 35, 36, 39, 40, 37, 6, 24, 44, 46, 34, 48, 38, 15, 5, 4, 25, 12, 28, 27, 26, 47, 13, 14, 52, 11, 51, 33, 43, 10, 9, 8, 41, 19, 45, 32, 49, 16, 29, 50, 20, 23, 30, 42, 7, 2, 21, 17, 3, 18, 31, 22]

Individual 53:
  Route length: 8143
  Contribution to Diversity: 0
  Route: [1, 49, 32, 45, 19, 41, 8, 9, 10, 43, 33, 51, 11, 52, 14, 13, 47, 26, 27, 28, 12, 25, 4, 15, 6, 38, 40, 44, 35, 36, 39, 48, 34, 24, 5, 37, 46, 16, 29, 50, 20, 23, 30, 42, 7, 2, 21, 17, 3, 18, 31, 22]

Individual 54:
  Route length: 8276
  Contribution to Diversity: 0.00046052598086099295
  Route: [1, 49, 32, 45, 19, 41, 8, 9, 10, 43, 33, 51, 11, 52, 14, 13, 47, 28, 27, 26, 12, 25, 4, 5, 48, 24, 6, 15, 40, 39, 36, 37, 38, 34, 35, 44, 46, 16, 29, 23, 20, 50, 30, 2, 7, 42, 21, 17, 3, 18, 31, 22]

Individual 55:
  Route length: 8083
  Contribution to Diversity: 0
  Route: [31, 18, 3, 17, 21, 42, 7, 2, 30, 23, 20, 50, 29, 16, 46, 44, 35, 36, 39, 4, 5, 15, 6, 38, 48, 34, 40, 37, 24, 25, 12, 28, 27, 26, 47, 13, 14, 52, 11, 51, 33, 43, 10, 9, 8, 41, 19, 45, 32, 49, 1, 22]

Individual 56:
  Route length: 8226
  Contribution to Diversity: 5.4229094891056207e-05
  Route: [1, 49, 32, 45, 19, 41, 8, 9, 10, 43, 33, 51, 11, 52, 14, 13, 47, 26, 27, 28, 12, 25, 24, 48, 6, 37, 5, 15, 38, 4, 34, 35, 36, 39, 40, 44, 46, 16, 29, 50, 20, 23, 30, 21, 42, 2, 7, 17, 3, 18, 31, 22]

Individual 57:
  Route length: 8283
  Contribution to Diversity: 0.0010471676172487676
  Route: [1, 31, 18, 3, 17, 21, 42, 7, 2, 30, 23, 20, 50, 29, 16, 44, 15, 5, 24, 48, 38, 39, 36, 35, 46, 37, 40, 34, 6, 4, 25, 12, 27, 28, 26, 47, 13, 14, 52, 11, 51, 33, 43, 10, 9, 8, 41, 19, 45, 32, 49, 22]

Individual 58:
  Route length: 8241
  Contribution to Diversity: 0.001399834883800466
  Route: [1, 49, 32, 45, 9, 10, 43, 33, 51, 11, 52, 14, 13, 47, 26, 27, 28, 12, 25, 4, 6, 15, 5, 38, 48, 24, 37, 40, 39, 36, 35, 34, 44, 16, 46, 29, 50, 20, 23, 30, 2, 7, 42, 21, 17, 3, 41, 8, 19, 18, 31, 22]

Individual 59:
  Route length: 8094
  Contribution to Diversity: 0
  Route: [1, 49, 32, 45, 19, 41, 8, 9, 10, 43, 33, 51, 11, 52, 13, 14, 47, 26, 27, 28, 12, 25, 4, 6, 37, 46, 44, 36, 35, 34, 5, 15, 38, 24, 48, 39, 40, 16, 29, 50, 20, 23, 30, 2, 7, 42, 21, 17, 3, 18, 31, 22]

Individual 60:
  Route length: 8284
  Contribution to Diversity: 0.0006024021031185711
  Route: [18, 31, 21, 42, 7, 2, 30, 23, 20, 29, 50, 16, 46, 34, 35, 36, 39, 40, 37, 38, 5, 24, 48, 15, 6, 4, 25, 12, 28, 27, 26, 47, 13, 14, 52, 11, 51, 33, 43, 10, 9, 8, 41, 19, 45, 32, 49, 44, 1, 3, 17, 22]

Individual 61:
  Route length: 8290
  Contribution to Diversity: 0.00014039895649986533
  Route: [1, 49, 32, 45, 19, 41, 8, 9, 10, 43, 33, 51, 11, 52, 14, 13, 47, 26, 27, 28, 12, 25, 38, 15, 5, 24, 48, 6, 37, 4, 34, 35, 40, 36, 39, 44, 46, 16, 29, 50, 20, 23, 30, 7, 2, 42, 21, 17, 3, 18, 31, 22]

Individual 62:
  Route length: 8199
  Contribution to Diversity: 0
  Route: [1, 49, 32, 45, 19, 41, 8, 9, 10, 43, 33, 51, 11, 52, 14, 13, 47, 26, 27, 28, 12, 25, 34, 4, 38, 15, 5, 24, 48, 6, 37, 40, 39, 36, 35, 44, 46, 16, 29, 50, 20, 23, 30, 7, 2, 42, 21, 17, 3, 18, 31, 22]

Individual 63:
  Route length: 8235
  Contribution to Diversity: 0.0003286782870075555
  Route: [1, 49, 31, 18, 3, 17, 21, 42, 7, 2, 30, 23, 20, 50, 29, 16, 40, 39, 48, 24, 38, 15, 5, 34, 35, 36, 44, 46, 37, 6, 4, 25, 12, 28, 27, 26, 47, 14, 13, 52, 11, 51, 33, 43, 10, 9, 8, 41, 19, 45, 32, 22]

Individual 64:
  Route length: 8234
  Contribution to Diversity: 0
  Route: [1, 31, 18, 3, 17, 21, 42, 7, 2, 30, 23, 20, 50, 29, 16, 44, 34, 40, 37, 49, 32, 45, 19, 41, 8, 9, 10, 43, 33, 51, 11, 52, 14, 13, 47, 26, 28, 27, 12, 25, 4, 6, 15, 5, 24, 48, 38, 39, 36, 35, 46, 22]

Individual 65:
  Route length: 8223
  Contribution to Diversity: 0
  Route: [1, 49, 32, 45, 19, 41, 8, 9, 10, 43, 33, 51, 11, 52, 14, 13, 47, 26, 27, 28, 12, 25, 4, 48, 39, 36, 35, 44, 40, 38, 6, 15, 34, 24, 5, 37, 46, 16, 29, 50, 20, 23, 30, 42, 7, 2, 21, 17, 3, 18, 31, 22]

Individual 66:
  Route length: 8259
  Contribution to Diversity: 0.0006934396120481523
  Route: [31, 18, 3, 17, 21, 42, 7, 2, 30, 23, 50, 20, 29, 16, 48, 24, 5, 34, 44, 36, 39, 40, 37, 35, 46, 38, 15, 6, 4, 25, 12, 28, 26, 47, 27, 13, 14, 52, 11, 51, 33, 43, 10, 9, 8, 41, 19, 45, 32, 49, 1, 22]

Individual 67:
  Route length: 8262
  Contribution to Diversity: 0
  Route: [18, 31, 21, 42, 7, 2, 30, 23, 20, 29, 50, 16, 46, 34, 44, 49, 32, 45, 19, 41, 8, 9, 10, 43, 33, 51, 11, 52, 14, 13, 47, 26, 27, 28, 12, 25, 4, 6, 15, 5, 24, 48, 38, 37, 40, 39, 36, 35, 1, 3, 17, 22]

Individual 68:
  Route length: 8253
  Contribution to Diversity: 0.0001339959427069104
  Route: [49, 1, 32, 45, 19, 41, 8, 9, 10, 43, 33, 51, 11, 52, 14, 13, 47, 26, 28, 27, 12, 25, 4, 6, 15, 37, 38, 5, 24, 48, 35, 40, 39, 36, 46, 44, 34, 16, 29, 50, 20, 23, 30, 2, 7, 42, 21, 17, 3, 18, 31, 22]

Individual 69:
  Route length: 7866
  Contribution to Diversity: 0
  Route: [1, 49, 32, 45, 19, 41, 8, 9, 10, 43, 33, 51, 11, 52, 14, 13, 47, 26, 27, 28, 12, 25, 4, 5, 15, 6, 24, 48, 37, 36, 39, 40, 38, 34, 35, 44, 46, 16, 29, 50, 23, 20, 30, 2, 7, 42, 21, 17, 3, 18, 31, 22]

Individual 70:
  Route length: 8283
  Contribution to Diversity: 0.0011112691411820919
  Route: [32, 49, 1, 45, 19, 41, 8, 9, 10, 43, 33, 51, 11, 52, 14, 13, 47, 26, 28, 27, 12, 25, 4, 6, 15, 5, 24, 37, 36, 46, 44, 34, 39, 35, 40, 38, 48, 16, 29, 50, 20, 23, 30, 2, 7, 42, 21, 17, 3, 18, 31, 22]

Individual 71:
  Route length: 8203
  Contribution to Diversity: 0
  Route: [1, 49, 32, 45, 19, 41, 8, 9, 10, 43, 33, 51, 11, 52, 13, 14, 47, 26, 27, 28, 12, 25, 4, 6, 15, 5, 24, 34, 44, 37, 38, 48, 40, 35, 36, 39, 46, 16, 29, 50, 20, 42, 7, 2, 30, 23, 21, 17, 3, 18, 31, 22]

Individual 72:
  Route length: 8247
  Contribution to Diversity: 1.6142205350178074e-05
  Route: [1, 40, 37, 38, 48, 24, 25, 5, 15, 6, 4, 12, 28, 27, 26, 47, 13, 14, 52, 11, 51, 33, 43, 10, 9, 8, 45, 19, 41, 32, 49, 39, 36, 35, 34, 44, 46, 16, 29, 50, 20, 23, 30, 2, 7, 42, 21, 17, 3, 18, 31, 22]

Individual 73:
  Route length: 8140
  Contribution to Diversity: 0
  Route: [1, 49, 32, 45, 19, 41, 8, 9, 10, 43, 33, 51, 11, 52, 13, 14, 47, 26, 27, 28, 12, 25, 5, 15, 6, 4, 34, 35, 36, 44, 46, 37, 38, 24, 48, 39, 40, 16, 29, 50, 20, 23, 30, 2, 7, 42, 21, 17, 3, 18, 31, 22]

Individual 74:
  Route length: 8286
  Contribution to Diversity: 0.0005297720505579306
  Route: [1, 49, 32, 45, 19, 41, 8, 9, 10, 43, 33, 51, 11, 52, 14, 13, 47, 26, 27, 28, 12, 25, 4, 6, 15, 5, 24, 38, 44, 35, 34, 37, 36, 39, 40, 48, 46, 16, 29, 30, 7, 42, 2, 20, 50, 23, 21, 17, 3, 18, 31, 22]

Individual 75:
  Route length: 8255
  Contribution to Diversity: 0.0009328190813144843
  Route: [18, 3, 17, 21, 42, 2, 7, 30, 23, 20, 50, 29, 16, 46, 44, 34, 35, 36, 39, 38, 37, 40, 48, 24, 5, 15, 6, 4, 25, 12, 26, 27, 28, 47, 14, 13, 52, 11, 51, 33, 43, 9, 10, 41, 8, 19, 45, 32, 49, 1, 31, 22]

Individual 76:
  Route length: 8200
  Contribution to Diversity: 0.0003320460276556858
  Route: [31, 18, 32, 45, 19, 41, 8, 9, 10, 43, 33, 51, 11, 52, 14, 13, 47, 26, 28, 27, 12, 25, 37, 4, 6, 5, 15, 24, 48, 38, 40, 39, 36, 35, 34, 44, 46, 16, 29, 50, 20, 23, 30, 2, 7, 42, 21, 17, 3, 49, 1, 22]

Individual 77:
  Route length: 8292
  Contribution to Diversity: 0.00012586059405883532
  Route: [18, 31, 21, 42, 7, 2, 30, 23, 20, 29, 50, 16, 46, 48, 24, 5, 15, 6, 4, 25, 12, 28, 27, 26, 47, 13, 14, 52, 11, 51, 33, 43, 10, 9, 8, 41, 19, 45, 32, 49, 44, 34, 38, 37, 40, 39, 36, 35, 1, 3, 17, 22]

Individual 78:
  Route length: 8272
  Contribution to Diversity: 0.00031218705840352357
  Route: [1, 49, 31, 18, 3, 17, 21, 42, 7, 2, 30, 23, 20, 50, 29, 16, 46, 44, 34, 36, 35, 38, 15, 48, 39, 40, 37, 5, 24, 6, 4, 25, 12, 28, 27, 26, 47, 13, 14, 52, 11, 51, 33, 43, 10, 9, 8, 41, 19, 32, 45, 22]

Individual 79:
  Route length: 8174
  Contribution to Diversity: 0.0014083741675161576
  Route: [1, 39, 38, 40, 37, 48, 24, 5, 15, 6, 4, 25, 12, 26, 47, 28, 27, 13, 14, 52, 11, 51, 33, 43, 10, 9, 8, 41, 19, 45, 32, 35, 34, 49, 36, 44, 46, 16, 29, 50, 20, 23, 30, 7, 2, 42, 21, 17, 3, 18, 31, 22]

Individual 80:
  Route length: 8285
  Contribution to Diversity: 0.00013214429915286985
  Route: [1, 49, 32, 45, 19, 41, 8, 9, 10, 43, 33, 51, 11, 52, 14, 13, 47, 26, 27, 28, 12, 25, 4, 48, 39, 36, 35, 46, 37, 5, 24, 34, 15, 6, 38, 40, 44, 16, 29, 50, 20, 23, 30, 42, 7, 2, 21, 17, 3, 18, 31, 22]

Individual 81:
  Route length: 8209
  Contribution to Diversity: 0.0005590207038235206
  Route: [1, 49, 18, 32, 3, 45, 19, 41, 8, 9, 10, 43, 33, 51, 11, 52, 14, 13, 47, 26, 27, 28, 12, 25, 15, 6, 4, 5, 24, 48, 38, 37, 40, 39, 36, 35, 34, 44, 46, 16, 29, 20, 50, 23, 30, 2, 7, 42, 21, 17, 31, 22]

Individual 82:
  Route length: 8110
  Contribution to Diversity: 0
  Route: [1, 49, 32, 45, 19, 41, 8, 9, 10, 43, 33, 51, 11, 52, 14, 13, 47, 26, 27, 28, 12, 25, 4, 15, 6, 48, 39, 36, 35, 44, 40, 38, 34, 24, 5, 37, 46, 16, 29, 50, 20, 23, 30, 42, 7, 2, 21, 17, 3, 18, 31, 22]

Individual 83:
  Route length: 8270
  Contribution to Diversity: 0.0007469948565210771
  Route: [1, 40, 37, 38, 48, 24, 25, 5, 15, 6, 4, 12, 28, 27, 26, 47, 13, 14, 52, 11, 51, 33, 43, 10, 9, 8, 45, 19, 41, 32, 49, 39, 35, 36, 34, 44, 46, 16, 29, 50, 20, 23, 30, 2, 7, 42, 21, 17, 3, 18, 31, 22]

Individual 84:
  Route length: 7969
  Contribution to Diversity: 0
  Route: [1, 49, 32, 45, 19, 41, 8, 9, 10, 43, 33, 51, 11, 52, 14, 13, 47, 26, 27, 28, 12, 25, 24, 48, 40, 37, 38, 39, 15, 5, 6, 4, 36, 35, 34, 44, 46, 16, 29, 50, 20, 23, 30, 2, 7, 42, 21, 17, 3, 18, 31, 22]

Individual 85:
  Route length: 8116
  Contribution to Diversity: 0
  Route: [1, 32, 49, 45, 19, 41, 9, 8, 10, 43, 33, 51, 11, 52, 14, 13, 47, 26, 27, 28, 12, 25, 4, 6, 15, 5, 24, 48, 38, 37, 36, 39, 35, 40, 34, 44, 46, 16, 29, 50, 20, 23, 30, 42, 7, 2, 21, 17, 3, 18, 31, 22]

Individual 86:
  Route length: 8227
  Contribution to Diversity: 0.00017021541782469285
  Route: [1, 49, 31, 18, 3, 17, 21, 42, 7, 2, 30, 23, 20, 50, 29, 16, 46, 44, 34, 35, 36, 40, 38, 39, 15, 48, 37, 24, 5, 6, 4, 25, 12, 28, 27, 26, 47, 13, 14, 52, 11, 51, 33, 43, 10, 9, 8, 41, 19, 32, 45, 22]

Individual 87:
  Route length: 8263
  Contribution to Diversity: 0.0004750800721948778
  Route: [1, 49, 32, 19, 41, 8, 9, 10, 43, 33, 51, 11, 52, 14, 13, 47, 26, 27, 28, 12, 25, 4, 6, 24, 5, 37, 48, 15, 39, 38, 40, 36, 35, 34, 44, 46, 16, 29, 50, 20, 23, 30, 2, 7, 42, 21, 17, 3, 18, 31, 45, 22]

Individual 88:
  Route length: 8223
  Contribution to Diversity: 0.0005182137140149479
  Route: [1, 49, 32, 45, 19, 41, 8, 9, 10, 43, 33, 51, 11, 52, 14, 13, 47, 26, 27, 28, 12, 25, 4, 5, 35, 39, 36, 40, 44, 46, 48, 38, 6, 15, 24, 37, 34, 16, 29, 50, 20, 23, 30, 42, 7, 2, 21, 17, 3, 18, 31, 22]

Individual 89:
  Route length: 8283
  Contribution to Diversity: 0.0003714624369912656
  Route: [31, 18, 3, 17, 21, 42, 7, 2, 30, 23, 20, 50, 29, 16, 46, 44, 34, 32, 45, 19, 41, 8, 9, 10, 43, 33, 51, 28, 27, 26, 47, 14, 13, 52, 11, 12, 25, 4, 6, 39, 36, 35, 40, 24, 48, 5, 15, 38, 37, 49, 1, 22]

Individual 90:
  Route length: 8114
  Contribution to Diversity: 0
  Route: [1, 49, 32, 45, 19, 41, 8, 9, 10, 43, 33, 51, 11, 52, 14, 13, 47, 26, 27, 28, 12, 25, 4, 15, 6, 48, 39, 36, 35, 44, 5, 24, 34, 38, 40, 37, 46, 16, 29, 50, 20, 23, 30, 42, 7, 2, 21, 17, 3, 18, 31, 22]

Individual 91:
  Route length: 8193
  Contribution to Diversity: 0.00039478746735976955
  Route: [1, 49, 32, 45, 19, 41, 8, 9, 10, 43, 33, 51, 11, 52, 14, 13, 47, 26, 27, 28, 12, 25, 24, 48, 6, 40, 39, 36, 35, 34, 4, 38, 15, 5, 37, 44, 46, 16, 29, 50, 20, 23, 30, 21, 42, 2, 7, 17, 3, 18, 31, 22]

Individual 92:
  Route length: 8226
  Contribution to Diversity: 0
  Route: [31, 18, 3, 17, 21, 42, 7, 2, 30, 23, 20, 50, 29, 16, 48, 24, 5, 34, 44, 36, 39, 40, 37, 35, 46, 38, 15, 6, 4, 25, 12, 28, 47, 26, 27, 13, 14, 52, 11, 51, 33, 43, 10, 9, 8, 41, 19, 45, 32, 49, 1, 22]

Individual 93:
  Route length: 8183
  Contribution to Diversity: 0
  Route: [1, 49, 32, 45, 19, 41, 8, 9, 10, 43, 33, 51, 11, 52, 14, 13, 47, 26, 27, 28, 12, 25, 4, 48, 39, 36, 35, 44, 40, 34, 15, 6, 38, 24, 5, 37, 46, 16, 29, 50, 20, 23, 30, 42, 7, 2, 21, 17, 3, 18, 31, 22]

Individual 94:
  Route length: 8276
  Contribution to Diversity: 0.00015519968262811545
  Route: [1, 49, 32, 45, 19, 41, 8, 9, 10, 43, 33, 51, 11, 52, 14, 13, 47, 26, 27, 28, 12, 25, 5, 48, 24, 15, 39, 38, 37, 40, 6, 4, 36, 35, 34, 44, 46, 16, 29, 50, 20, 23, 31, 18, 3, 17, 21, 42, 7, 2, 30, 22]

Individual 95:
  Route length: 8225
  Contribution to Diversity: 0.0002608893536795165
  Route: [1, 49, 32, 45, 19, 41, 8, 9, 10, 43, 33, 51, 11, 52, 14, 13, 47, 26, 27, 28, 12, 25, 4, 6, 15, 5, 24, 38, 40, 48, 37, 44, 39, 36, 35, 34, 46, 16, 29, 30, 7, 42, 2, 20, 50, 23, 21, 17, 3, 18, 31, 22]

Individual 96:
  Route length: 8267
  Contribution to Diversity: 0.00012162151950523281
  Route: [18, 31, 21, 42, 7, 2, 30, 23, 20, 29, 50, 16, 46, 34, 44, 49, 32, 45, 19, 41, 8, 9, 10, 43, 33, 51, 11, 52, 14, 13, 47, 26, 27, 28, 12, 25, 4, 6, 15, 5, 24, 48, 37, 38, 40, 39, 36, 35, 1, 3, 17, 22]

Individual 97:
  Route length: 8262
  Contribution to Diversity: 0.0003274412389000503
  Route: [1, 49, 32, 45, 19, 41, 8, 9, 10, 43, 33, 51, 11, 52, 14, 13, 47, 28, 27, 26, 12, 25, 4, 5, 15, 6, 24, 48, 37, 36, 39, 40, 38, 34, 35, 46, 44, 16, 29, 50, 23, 20, 30, 7, 2, 42, 21, 17, 3, 18, 31, 22]

Individual 98:
  Route length: 8195
  Contribution to Diversity: 0
  Route: [1, 49, 32, 45, 19, 41, 8, 9, 10, 43, 33, 51, 11, 52, 14, 13, 47, 26, 27, 28, 12, 25, 34, 24, 5, 15, 38, 4, 48, 6, 37, 40, 39, 36, 35, 44, 46, 16, 29, 50, 20, 23, 30, 7, 2, 42, 21, 17, 3, 18, 31, 22]

Individual 99:
  Route length: 8100
  Contribution to Diversity: 0
  Route: [1, 49, 32, 45, 19, 41, 8, 9, 10, 43, 33, 51, 11, 52, 14, 13, 47, 26, 27, 28, 12, 25, 38, 40, 39, 36, 37, 48, 24, 6, 15, 5, 4, 34, 35, 44, 46, 16, 29, 50, 23, 20, 30, 2, 7, 42, 21, 17, 3, 18, 31, 22]

Total Entropy H: 4.643323651907579
