Individual 0:
  Route length: 9420
  Contribution to Diversity: 0.05023838850336926
  Route: [3, 17, 7, 2, 42, 21, 23, 30, 29, 20, 50, 16, 46, 24, 34, 49, 44, 37, 38, 15, 6, 48, 25, 4, 5, 35, 32, 18, 31, 1, 45, 19, 41, 8, 10, 9, 43, 33, 51, 11, 52, 14, 13, 27, 47, 26, 28, 12, 40, 36, 39, 22]

Individual 1:
  Route length: 9422
  Contribution to Diversity: 0.033573201061616764
  Route: [49, 1, 18, 23, 30, 42, 2, 7, 29, 16, 50, 20, 44, 34, 35, 39, 38, 40, 24, 4, 6, 5, 15, 46, 48, 36, 37, 25, 12, 28, 27, 26, 47, 14, 13, 52, 11, 51, 33, 43, 10, 9, 8, 3, 17, 41, 19, 45, 32, 21, 31, 22]

Individual 2:
  Route length: 9349
  Contribution to Diversity: 0.026196737665417302
  Route: [18, 21, 42, 7, 2, 30, 23, 29, 44, 34, 39, 38, 5, 15, 6, 4, 25, 12, 27, 28, 26, 47, 14, 13, 52, 11, 51, 33, 43, 10, 9, 8, 41, 45, 3, 17, 19, 40, 35, 36, 1, 31, 20, 50, 16, 46, 48, 37, 24, 49, 32, 22]

Individual 3:
  Route length: 9419
  Contribution to Diversity: 0.053206726304487084
  Route: [18, 31, 23, 50, 29, 16, 46, 37, 4, 6, 25, 51, 11, 52, 14, 26, 47, 13, 27, 28, 12, 33, 43, 10, 9, 8, 41, 19, 45, 48, 15, 24, 5, 40, 34, 39, 32, 3, 17, 21, 2, 7, 42, 30, 20, 44, 35, 36, 38, 49, 1, 22]

Individual 4:
  Route length: 9411
  Contribution to Diversity: 0.025804505839908565
  Route: [31, 18, 3, 17, 21, 2, 7, 42, 30, 23, 20, 29, 32, 24, 38, 37, 25, 15, 4, 6, 12, 28, 27, 26, 47, 14, 13, 52, 11, 51, 33, 43, 10, 9, 41, 8, 19, 45, 34, 46, 16, 50, 44, 40, 36, 35, 48, 5, 39, 49, 1, 22]

Individual 5:
  Route length: 9397
  Contribution to Diversity: 0.021585795001688446
  Route: [1, 19, 45, 41, 8, 9, 10, 43, 33, 51, 11, 52, 13, 14, 47, 26, 27, 28, 12, 25, 4, 15, 24, 6, 5, 38, 48, 34, 46, 40, 31, 18, 3, 49, 44, 32, 36, 35, 39, 37, 16, 20, 50, 29, 23, 30, 2, 7, 42, 21, 17, 22]

Individual 6:
  Route length: 9356
  Contribution to Diversity: 0.012775810060036363
  Route: [49, 36, 40, 37, 38, 48, 24, 6, 39, 35, 34, 5, 15, 4, 25, 12, 28, 27, 26, 47, 13, 14, 52, 11, 51, 33, 43, 10, 9, 8, 41, 19, 45, 3, 17, 7, 42, 21, 2, 30, 50, 20, 32, 1, 23, 29, 16, 44, 46, 31, 18, 22]

Individual 7:
  Route length: 9422
  Contribution to Diversity: 0.022928273086031403
  Route: [45, 6, 12, 28, 27, 26, 47, 14, 13, 52, 11, 51, 33, 43, 10, 9, 41, 8, 19, 38, 34, 35, 16, 29, 50, 20, 23, 21, 30, 42, 7, 2, 17, 3, 18, 31, 1, 32, 49, 40, 37, 36, 39, 48, 25, 4, 5, 15, 24, 46, 44, 22]

Individual 8:
  Route length: 9344
  Contribution to Diversity: 0.017678262433037162
  Route: [23, 20, 49, 36, 40, 37, 48, 16, 29, 30, 21, 42, 7, 2, 17, 3, 32, 35, 50, 46, 44, 34, 39, 38, 6, 4, 24, 15, 5, 25, 12, 28, 27, 47, 26, 13, 14, 52, 11, 51, 33, 43, 10, 9, 8, 41, 19, 45, 1, 31, 18, 22]

Individual 9:
  Route length: 9237
  Contribution to Diversity: 0.026550466308237652
  Route: [1, 49, 31, 18, 3, 17, 21, 42, 7, 2, 30, 23, 20, 29, 50, 16, 46, 39, 34, 19, 45, 9, 8, 41, 10, 33, 43, 6, 24, 48, 15, 5, 4, 51, 11, 52, 13, 14, 47, 26, 27, 28, 12, 25, 38, 40, 37, 35, 44, 36, 32, 22]

Total Entropy H: 5.002126869091845
