Individual 0:
  Route length: 15033
  Contribution to Diversity: 0.0018213862729732355
  Route: [41, 48, 40, 15, 6, 12, 52, 11, 51, 33, 43, 10, 9, 38, 49, 21, 42, 7, 2, 23, 44, 46, 26, 28, 27, 36, 45, 32, 39, 1, 20, 30, 37, 5, 25, 24, 4, 19, 8, 14, 13, 47, 50, 29, 16, 31, 18, 3, 17, 34, 35, 22]

Individual 1:
  Route length: 14988
  Contribution to Diversity: 0.0009883513440547276
  Route: [19, 9, 8, 46, 6, 4, 25, 38, 5, 26, 47, 35, 34, 20, 44, 50, 2, 7, 42, 21, 23, 16, 27, 13, 28, 11, 14, 52, 51, 33, 43, 10, 41, 45, 32, 49, 29, 37, 40, 39, 1, 31, 18, 17, 3, 24, 48, 15, 30, 12, 36, 22]

Individual 2:
  Route length: 15040
  Contribution to Diversity: 0.0007823883344579841
  Route: [35, 34, 27, 28, 26, 16, 29, 50, 36, 45, 3, 17, 21, 42, 7, 2, 23, 18, 31, 15, 39, 1, 49, 32, 20, 30, 12, 25, 24, 5, 40, 41, 44, 46, 48, 38, 43, 10, 9, 33, 51, 11, 52, 37, 6, 14, 13, 47, 4, 8, 19, 22]

Individual 3:
  Route length: 15072
  Contribution to Diversity: 0.0017287756417569966
  Route: [42, 2, 7, 29, 16, 51, 28, 12, 9, 10, 40, 24, 5, 45, 19, 41, 8, 35, 31, 44, 34, 46, 37, 11, 26, 47, 13, 14, 52, 27, 48, 38, 6, 43, 33, 4, 25, 3, 18, 15, 20, 50, 36, 39, 17, 32, 49, 21, 30, 23, 1, 22]

Individual 4:
  Route length: 15077
  Contribution to Diversity: 0.0026129658530260613
  Route: [1, 49, 2, 7, 21, 17, 32, 48, 24, 25, 35, 31, 8, 10, 9, 40, 12, 33, 45, 18, 41, 19, 6, 4, 34, 44, 16, 42, 20, 28, 27, 26, 47, 13, 14, 52, 11, 51, 43, 15, 50, 29, 46, 23, 30, 36, 38, 39, 37, 5, 3, 22]

Individual 5:
  Route length: 15017
  Contribution to Diversity: 0.0016495592577934204
  Route: [1, 3, 17, 21, 42, 44, 38, 15, 37, 48, 47, 27, 26, 25, 7, 2, 30, 31, 18, 32, 45, 19, 41, 8, 9, 10, 43, 33, 6, 16, 50, 36, 34, 5, 4, 11, 28, 12, 40, 39, 46, 13, 14, 52, 29, 23, 20, 49, 35, 51, 24, 22]

Individual 6:
  Route length: 14935
  Contribution to Diversity: 0.0014110620794607343
  Route: [1, 32, 19, 18, 21, 15, 25, 4, 45, 38, 24, 46, 6, 40, 37, 23, 39, 50, 20, 8, 41, 36, 34, 35, 16, 49, 44, 48, 5, 12, 52, 13, 14, 28, 27, 11, 51, 33, 10, 9, 43, 29, 2, 7, 42, 47, 26, 30, 3, 17, 31, 22]

Individual 7:
  Route length: 14823
  Contribution to Diversity: 0.002112557403878945
  Route: [50, 35, 20, 41, 9, 45, 4, 6, 15, 5, 24, 36, 23, 30, 16, 29, 37, 1, 38, 40, 19, 3, 31, 18, 46, 12, 14, 11, 51, 52, 13, 47, 26, 25, 27, 28, 34, 48, 44, 49, 39, 33, 43, 10, 8, 32, 17, 2, 7, 42, 21, 22]

Individual 8:
  Route length: 14998
  Contribution to Diversity: 0.0018516648384601098
  Route: [35, 50, 37, 20, 23, 25, 43, 48, 31, 30, 2, 7, 42, 21, 17, 3, 10, 45, 19, 18, 36, 6, 34, 1, 32, 49, 41, 8, 9, 33, 51, 11, 29, 16, 46, 15, 12, 28, 27, 47, 13, 26, 38, 5, 4, 52, 14, 44, 39, 40, 24, 22]

Individual 9:
  Route length: 15068
  Contribution to Diversity: 0.0019631838834905935
  Route: [1, 49, 3, 17, 21, 2, 30, 23, 20, 35, 16, 31, 18, 32, 45, 19, 41, 8, 9, 10, 33, 43, 46, 51, 52, 14, 13, 24, 7, 42, 29, 38, 44, 15, 39, 36, 50, 48, 47, 27, 26, 25, 5, 34, 12, 28, 11, 37, 40, 6, 4, 22]

Individual 10:
  Route length: 15038
  Contribution to Diversity: 0.0011070229445042656
  Route: [1, 44, 46, 32, 36, 35, 18, 50, 20, 23, 31, 2, 3, 17, 8, 24, 48, 45, 41, 19, 10, 9, 28, 27, 52, 14, 13, 29, 26, 47, 11, 51, 33, 43, 5, 40, 38, 37, 30, 16, 15, 34, 49, 6, 12, 25, 4, 39, 42, 7, 21, 22]

Individual 11:
  Route length: 15072
  Contribution to Diversity: 0.001970878750687355
  Route: [1, 45, 49, 44, 5, 48, 4, 26, 14, 52, 13, 27, 28, 12, 25, 36, 39, 21, 17, 3, 2, 42, 7, 47, 11, 51, 33, 10, 9, 43, 38, 23, 37, 40, 6, 46, 24, 30, 8, 41, 31, 18, 29, 15, 35, 19, 32, 16, 20, 50, 34, 22]

Individual 12:
  Route length: 15027
  Contribution to Diversity: 0.0019335853823321258
  Route: [31, 18, 8, 10, 43, 33, 45, 32, 19, 41, 3, 15, 6, 36, 17, 7, 2, 30, 23, 50, 29, 16, 1, 24, 49, 21, 42, 9, 51, 11, 52, 14, 13, 47, 12, 27, 26, 46, 38, 39, 40, 35, 48, 28, 25, 5, 20, 4, 34, 44, 37, 22]

Individual 13:
  Route length: 14994
  Contribution to Diversity: 0.0027779404891941084
  Route: [1, 49, 50, 30, 23, 2, 7, 21, 17, 4, 35, 28, 27, 26, 47, 13, 14, 52, 11, 51, 43, 15, 9, 10, 8, 31, 34, 24, 48, 45, 3, 18, 41, 19, 25, 12, 42, 20, 29, 46, 16, 44, 6, 40, 33, 32, 36, 38, 39, 37, 5, 22]

Individual 14:
  Route length: 14949
  Contribution to Diversity: 0.0014774241604982308
  Route: [32, 45, 38, 37, 40, 4, 46, 29, 11, 51, 12, 39, 3, 17, 21, 31, 19, 10, 9, 8, 41, 7, 42, 2, 50, 23, 36, 28, 25, 27, 26, 47, 13, 14, 52, 33, 35, 34, 30, 49, 1, 20, 48, 24, 5, 15, 6, 43, 18, 44, 16, 22]

Individual 15:
  Route length: 14964
  Contribution to Diversity: 0.002032562723857545
  Route: [1, 40, 47, 4, 6, 20, 23, 29, 14, 25, 15, 5, 24, 35, 49, 36, 28, 27, 26, 31, 18, 21, 17, 3, 42, 7, 2, 30, 50, 38, 48, 45, 19, 41, 43, 10, 9, 8, 33, 51, 13, 11, 52, 12, 39, 37, 34, 46, 44, 16, 32, 22]

Individual 16:
  Route length: 15013
  Contribution to Diversity: 0.0011872392113083663
  Route: [7, 2, 50, 24, 4, 25, 29, 23, 30, 21, 42, 17, 9, 33, 43, 10, 45, 3, 18, 32, 37, 35, 16, 20, 49, 19, 41, 8, 40, 39, 38, 48, 5, 15, 1, 36, 12, 11, 26, 47, 13, 14, 28, 52, 27, 46, 44, 34, 51, 6, 31, 22]

Individual 17:
  Route length: 15064
  Contribution to Diversity: 0.0023813613350256446
  Route: [1, 19, 41, 39, 48, 49, 32, 35, 46, 20, 38, 37, 24, 40, 44, 43, 10, 9, 15, 6, 34, 23, 31, 36, 47, 26, 14, 12, 13, 52, 11, 18, 3, 17, 21, 42, 7, 2, 30, 50, 29, 16, 25, 27, 28, 4, 5, 45, 8, 33, 51, 22]

Individual 18:
  Route length: 14878
  Contribution to Diversity: 0.001662567022756356
  Route: [1, 50, 16, 29, 20, 31, 9, 8, 37, 38, 40, 48, 18, 10, 43, 33, 46, 44, 36, 23, 30, 35, 19, 3, 32, 49, 39, 51, 4, 6, 15, 24, 5, 12, 11, 14, 28, 27, 25, 52, 13, 47, 26, 34, 45, 41, 17, 2, 7, 42, 21, 22]

Individual 19:
  Route length: 15009
  Contribution to Diversity: 0.0015956294867658372
  Route: [1, 45, 49, 44, 5, 48, 4, 26, 14, 52, 13, 27, 28, 12, 25, 29, 18, 31, 3, 30, 24, 46, 6, 40, 37, 23, 38, 43, 9, 10, 33, 51, 11, 47, 7, 42, 2, 8, 41, 17, 21, 39, 36, 15, 35, 19, 32, 16, 20, 50, 34, 22]

Individual 20:
  Route length: 14955
  Contribution to Diversity: 0.00023588758356662964
  Route: [17, 2, 7, 42, 36, 39, 46, 18, 9, 8, 10, 41, 19, 45, 3, 40, 43, 28, 14, 12, 33, 51, 11, 52, 27, 50, 30, 21, 31, 37, 24, 35, 32, 1, 29, 26, 47, 13, 44, 16, 20, 48, 38, 4, 15, 5, 6, 25, 34, 49, 23, 22]

Individual 21:
  Route length: 15020
  Contribution to Diversity: 0.0015839461486715223
  Route: [48, 24, 25, 12, 10, 9, 8, 18, 3, 43, 5, 47, 13, 14, 52, 28, 11, 45, 19, 41, 32, 49, 31, 50, 30, 42, 7, 2, 21, 35, 34, 6, 33, 51, 27, 26, 4, 15, 44, 37, 23, 17, 39, 36, 1, 38, 16, 29, 20, 46, 40, 22]

Individual 22:
  Route length: 15074
  Contribution to Diversity: 0.002367508266013729
  Route: [1, 6, 24, 47, 13, 27, 26, 14, 52, 11, 28, 12, 25, 4, 16, 29, 51, 15, 40, 38, 35, 5, 2, 7, 42, 30, 3, 17, 21, 32, 20, 8, 41, 18, 31, 33, 10, 9, 43, 23, 48, 44, 34, 49, 19, 45, 36, 39, 46, 37, 50, 22]

Individual 23:
  Route length: 15042
  Contribution to Diversity: 0.0007596239314970887
  Route: [48, 45, 19, 41, 32, 49, 23, 43, 27, 51, 33, 6, 4, 25, 12, 26, 34, 40, 52, 14, 13, 47, 28, 11, 8, 9, 10, 3, 17, 18, 31, 38, 1, 36, 35, 21, 2, 7, 42, 30, 50, 5, 15, 24, 46, 37, 44, 20, 29, 16, 39, 22]

Individual 24:
  Route length: 14955
  Contribution to Diversity: 0.0002956323304692532
  Route: [35, 37, 51, 5, 6, 48, 38, 19, 41, 8, 39, 40, 34, 49, 20, 16, 7, 2, 30, 23, 24, 1, 18, 3, 32, 44, 46, 27, 52, 14, 28, 13, 47, 26, 11, 12, 36, 45, 10, 43, 33, 9, 17, 42, 21, 50, 29, 25, 4, 15, 31, 22]

Individual 25:
  Route length: 15040
  Contribution to Diversity: 0.001863373039042493
  Route: [1, 44, 46, 32, 36, 35, 18, 50, 20, 30, 48, 45, 41, 19, 10, 9, 40, 5, 43, 33, 51, 11, 28, 27, 52, 14, 13, 29, 26, 47, 38, 37, 24, 8, 17, 3, 2, 31, 23, 16, 15, 34, 49, 6, 12, 25, 4, 39, 42, 7, 21, 22]

Individual 26:
  Route length: 14766
  Contribution to Diversity: 0.0006359243114566482
  Route: [21, 23, 41, 19, 45, 32, 8, 9, 10, 46, 36, 35, 5, 4, 51, 11, 33, 43, 15, 6, 1, 34, 37, 48, 38, 25, 12, 28, 27, 44, 31, 24, 49, 26, 13, 47, 14, 52, 20, 50, 29, 16, 39, 18, 40, 3, 17, 30, 42, 7, 2, 22]

Individual 27:
  Route length: 14804
  Contribution to Diversity: 0.0001727307762244834
  Route: [18, 46, 16, 45, 24, 48, 5, 8, 41, 43, 36, 39, 10, 9, 19, 49, 4, 52, 11, 51, 33, 14, 27, 28, 12, 6, 25, 15, 40, 26, 47, 13, 50, 23, 20, 30, 29, 44, 42, 7, 2, 21, 17, 3, 31, 32, 1, 38, 37, 35, 34, 22]

Individual 28:
  Route length: 14933
  Contribution to Diversity: 0.0003149807141369365
  Route: [27, 52, 11, 51, 33, 12, 14, 29, 1, 32, 35, 24, 37, 31, 21, 30, 50, 17, 2, 7, 42, 36, 39, 46, 18, 9, 8, 10, 41, 19, 45, 3, 40, 43, 5, 6, 25, 13, 47, 26, 28, 15, 4, 38, 48, 20, 16, 44, 34, 49, 23, 22]

Individual 29:
  Route length: 14972
  Contribution to Diversity: 0.0014135634021119614
  Route: [27, 28, 33, 43, 19, 10, 45, 3, 41, 9, 8, 34, 29, 14, 11, 51, 52, 13, 47, 26, 30, 23, 36, 24, 25, 12, 4, 6, 39, 18, 40, 15, 38, 5, 16, 35, 48, 37, 1, 50, 20, 31, 44, 46, 49, 32, 17, 2, 7, 42, 21, 22]

Individual 30:
  Route length: 15050
  Contribution to Diversity: 7.81462284225043e-05
  Route: [30, 34, 18, 43, 6, 37, 40, 4, 46, 29, 11, 51, 12, 39, 3, 17, 21, 31, 19, 10, 9, 8, 41, 20, 48, 24, 5, 15, 38, 45, 32, 49, 1, 2, 42, 7, 50, 16, 44, 35, 33, 52, 14, 13, 47, 26, 27, 25, 28, 36, 23, 22]

Individual 31:
  Route length: 14817
  Contribution to Diversity: 0.0017571249465282435
  Route: [32, 49, 37, 15, 21, 17, 1, 18, 31, 30, 50, 20, 48, 33, 51, 6, 34, 35, 46, 4, 25, 38, 42, 7, 2, 3, 41, 43, 10, 9, 8, 36, 27, 28, 12, 11, 52, 14, 13, 47, 26, 5, 40, 16, 24, 39, 23, 44, 45, 19, 29, 22]

Individual 32:
  Route length: 14961
  Contribution to Diversity: 0
  Route: [1, 35, 36, 17, 3, 49, 5, 4, 37, 39, 38, 46, 24, 43, 10, 26, 27, 28, 48, 45, 7, 2, 30, 23, 18, 31, 16, 29, 50, 20, 19, 41, 8, 32, 21, 42, 9, 51, 11, 52, 14, 13, 47, 12, 25, 33, 15, 6, 40, 34, 44, 22]

Individual 33:
  Route length: 14995
  Contribution to Diversity: 0.002145897510030359
  Route: [17, 8, 9, 10, 41, 19, 45, 1, 32, 35, 24, 5, 15, 13, 47, 26, 12, 33, 51, 11, 52, 27, 50, 49, 34, 44, 16, 4, 38, 25, 14, 28, 43, 40, 3, 29, 46, 39, 20, 21, 31, 18, 48, 6, 37, 36, 2, 7, 42, 30, 23, 22]

Individual 34:
  Route length: 14930
  Contribution to Diversity: 0.0007606665562560622
  Route: [17, 2, 7, 42, 49, 34, 44, 16, 20, 48, 38, 4, 15, 5, 25, 37, 14, 28, 43, 40, 3, 45, 9, 10, 41, 19, 8, 18, 46, 39, 36, 50, 27, 52, 11, 51, 33, 12, 26, 47, 13, 6, 24, 35, 32, 1, 29, 31, 21, 30, 23, 22]

Individual 35:
  Route length: 15053
  Contribution to Diversity: 0.001506884417342036
  Route: [1, 19, 41, 3, 17, 21, 42, 7, 2, 30, 50, 29, 16, 25, 43, 10, 9, 15, 6, 34, 35, 32, 49, 48, 39, 18, 46, 23, 31, 36, 47, 26, 14, 12, 51, 33, 8, 45, 5, 4, 27, 28, 20, 38, 37, 24, 40, 44, 11, 52, 13, 22]

Individual 36:
  Route length: 14938
  Contribution to Diversity: 0.0003799369255492735
  Route: [39, 38, 51, 11, 6, 42, 7, 2, 32, 49, 43, 33, 52, 14, 13, 28, 47, 26, 27, 12, 29, 16, 46, 44, 34, 15, 25, 37, 36, 35, 3, 50, 5, 4, 24, 45, 19, 41, 8, 9, 10, 21, 1, 31, 40, 48, 17, 18, 20, 23, 30, 22]

Individual 37:
  Route length: 14873
  Contribution to Diversity: 0.0015483664000299768
  Route: [32, 35, 34, 26, 27, 11, 4, 6, 33, 51, 28, 52, 14, 13, 47, 44, 37, 45, 38, 21, 2, 7, 42, 30, 50, 31, 19, 41, 25, 5, 15, 24, 48, 12, 10, 9, 8, 17, 23, 43, 3, 18, 40, 46, 16, 29, 20, 49, 1, 36, 39, 22]

Individual 38:
  Route length: 14837
  Contribution to Diversity: 0.0012162322446158669
  Route: [40, 44, 30, 2, 7, 42, 41, 32, 4, 28, 13, 14, 47, 26, 27, 52, 11, 51, 33, 12, 16, 29, 50, 35, 36, 1, 49, 15, 48, 34, 25, 38, 45, 46, 6, 18, 31, 39, 8, 3, 17, 21, 23, 5, 20, 24, 37, 19, 9, 10, 43, 22]

Individual 39:
  Route length: 15034
  Contribution to Diversity: 0.0022678992253641894
  Route: [42, 21, 17, 49, 32, 20, 50, 46, 16, 29, 25, 4, 6, 51, 34, 39, 40, 36, 9, 41, 8, 3, 45, 24, 23, 30, 2, 7, 18, 35, 37, 5, 15, 1, 48, 38, 33, 43, 11, 52, 27, 26, 47, 13, 14, 28, 12, 44, 19, 10, 31, 22]

Individual 40:
  Route length: 14336
  Contribution to Diversity: 0.0007302978781300595
  Route: [1, 33, 43, 36, 24, 32, 49, 35, 41, 19, 31, 21, 7, 42, 2, 30, 23, 20, 16, 25, 47, 45, 8, 10, 9, 6, 12, 52, 11, 51, 13, 14, 26, 27, 28, 46, 50, 29, 39, 44, 5, 15, 18, 17, 3, 34, 37, 4, 40, 48, 38, 22]

Individual 41:
  Route length: 14979
  Contribution to Diversity: 0.0017297230468900082
  Route: [45, 32, 1, 24, 38, 37, 14, 6, 40, 16, 18, 34, 46, 48, 25, 39, 36, 35, 2, 7, 42, 21, 17, 3, 30, 29, 44, 31, 4, 52, 11, 13, 47, 26, 27, 28, 12, 33, 51, 50, 20, 23, 15, 5, 43, 41, 8, 9, 10, 19, 49, 22]

Individual 42:
  Route length: 14854
  Contribution to Diversity: 0.0012666694464558148
  Route: [1, 3, 50, 20, 36, 39, 40, 37, 32, 29, 46, 30, 2, 7, 42, 4, 47, 26, 13, 14, 33, 51, 11, 52, 17, 21, 5, 24, 15, 6, 25, 27, 28, 12, 49, 45, 19, 41, 8, 9, 10, 43, 16, 44, 34, 35, 38, 48, 31, 23, 18, 22]

Individual 43:
  Route length: 14852
  Contribution to Diversity: 0.0019229597888292815
  Route: [37, 44, 24, 38, 6, 11, 14, 52, 13, 47, 26, 50, 20, 30, 28, 27, 12, 36, 1, 49, 8, 9, 10, 43, 33, 51, 48, 40, 25, 45, 15, 41, 19, 23, 32, 39, 31, 18, 2, 42, 7, 21, 29, 16, 46, 35, 34, 5, 4, 3, 17, 22]

Individual 44:
  Route length: 14813
  Contribution to Diversity: 0.0001356281953013294
  Route: [29, 1, 11, 51, 33, 15, 48, 41, 19, 40, 8, 45, 36, 47, 26, 27, 52, 14, 13, 28, 43, 10, 9, 31, 18, 35, 4, 25, 12, 38, 37, 20, 50, 23, 16, 46, 24, 39, 17, 3, 32, 49, 5, 6, 34, 44, 21, 42, 7, 2, 30, 22]

Individual 45:
  Route length: 15003
  Contribution to Diversity: 0.0011215868456728728
  Route: [19, 18, 17, 3, 38, 25, 4, 6, 46, 8, 9, 45, 32, 12, 43, 33, 51, 52, 14, 11, 28, 13, 27, 16, 50, 44, 2, 7, 42, 21, 23, 15, 48, 24, 5, 26, 47, 29, 34, 35, 49, 40, 39, 36, 10, 41, 31, 1, 37, 20, 30, 22]

Individual 46:
  Route length: 14961
  Contribution to Diversity: 0.00025990568677691783
  Route: [18, 8, 9, 31, 20, 29, 16, 50, 1, 32, 49, 39, 51, 52, 13, 47, 26, 34, 45, 3, 19, 43, 33, 11, 14, 12, 46, 44, 36, 23, 30, 35, 37, 5, 24, 48, 28, 27, 25, 4, 6, 10, 38, 40, 15, 41, 17, 21, 42, 7, 2, 22]

Individual 47:
  Route length: 14627
  Contribution to Diversity: 0.0006008289974746006
  Route: [49, 19, 8, 9, 10, 33, 43, 41, 3, 17, 21, 20, 35, 34, 38, 25, 16, 36, 39, 44, 46, 15, 24, 40, 6, 4, 5, 51, 37, 12, 29, 26, 47, 13, 52, 14, 11, 28, 27, 50, 1, 45, 18, 31, 30, 32, 23, 48, 42, 7, 2, 22]

Individual 48:
  Route length: 14939
  Contribution to Diversity: 0.0010753712898985412
  Route: [40, 24, 15, 46, 44, 39, 36, 16, 25, 38, 34, 35, 20, 21, 17, 3, 41, 43, 33, 10, 9, 8, 19, 49, 6, 4, 5, 51, 37, 12, 29, 26, 47, 13, 52, 14, 11, 28, 27, 50, 1, 45, 18, 31, 30, 32, 23, 48, 42, 7, 2, 22]

Individual 49:
  Route length: 15057
  Contribution to Diversity: 0.0014197666941573317
  Route: [1, 49, 32, 45, 25, 12, 28, 14, 52, 11, 51, 33, 43, 4, 40, 37, 48, 35, 41, 42, 7, 2, 23, 29, 16, 46, 21, 20, 10, 8, 9, 36, 19, 6, 39, 47, 13, 27, 26, 44, 34, 30, 38, 15, 5, 24, 3, 17, 50, 18, 31, 22]

Individual 50:
  Route length: 15063
  Contribution to Diversity: 0.0022577558997802782
  Route: [46, 50, 44, 38, 34, 36, 12, 30, 2, 7, 42, 21, 17, 18, 16, 5, 24, 23, 52, 14, 13, 47, 26, 27, 15, 6, 4, 3, 28, 29, 20, 32, 45, 19, 41, 8, 9, 10, 49, 25, 11, 51, 33, 43, 48, 37, 39, 40, 35, 1, 31, 22]

Individual 51:
  Route length: 14989
  Contribution to Diversity: 0.0027328966833808366
  Route: [37, 16, 26, 27, 28, 47, 14, 13, 52, 11, 51, 9, 2, 7, 1, 45, 49, 31, 18, 8, 41, 19, 32, 21, 42, 30, 23, 20, 25, 12, 48, 35, 36, 39, 40, 46, 38, 17, 3, 33, 43, 6, 15, 24, 10, 5, 4, 34, 44, 50, 29, 22]

Individual 52:
  Route length: 14800
  Contribution to Diversity: 0.0003158826731048947
  Route: [18, 8, 9, 31, 20, 29, 16, 50, 1, 32, 49, 39, 51, 52, 14, 11, 33, 43, 19, 3, 45, 34, 26, 47, 13, 12, 46, 44, 36, 23, 30, 35, 37, 5, 24, 48, 28, 27, 25, 4, 6, 10, 38, 40, 15, 41, 17, 21, 42, 7, 2, 22]

Individual 53:
  Route length: 14698
  Contribution to Diversity: 0.001688713066561931
  Route: [50, 20, 8, 9, 41, 19, 34, 48, 46, 4, 6, 1, 40, 36, 35, 38, 37, 18, 49, 23, 30, 7, 3, 16, 29, 42, 21, 10, 43, 33, 51, 11, 52, 14, 13, 26, 47, 27, 28, 12, 44, 39, 24, 32, 2, 17, 31, 25, 15, 5, 45, 22]

Individual 54:
  Route length: 14967
  Contribution to Diversity: 0.001568883083571393
  Route: [49, 5, 25, 12, 28, 27, 47, 26, 13, 14, 52, 11, 51, 33, 9, 41, 40, 37, 10, 15, 48, 44, 30, 7, 17, 21, 35, 36, 39, 32, 50, 20, 2, 38, 1, 31, 29, 23, 42, 19, 43, 4, 6, 24, 46, 16, 45, 8, 34, 18, 3, 22]

Individual 55:
  Route length: 15050
  Contribution to Diversity: 0.0023253042713671235
  Route: [31, 18, 3, 40, 49, 32, 36, 1, 2, 7, 42, 21, 45, 17, 30, 15, 6, 20, 50, 23, 33, 4, 5, 24, 48, 41, 19, 9, 10, 39, 34, 35, 37, 29, 16, 38, 46, 44, 25, 12, 28, 27, 43, 26, 47, 13, 52, 14, 11, 51, 8, 22]

Individual 56:
  Route length: 14985
  Contribution to Diversity: 0.0004131060835481648
  Route: [1, 11, 52, 12, 6, 9, 10, 8, 45, 47, 25, 16, 20, 23, 30, 2, 42, 7, 21, 31, 24, 46, 28, 27, 26, 14, 13, 51, 33, 43, 36, 50, 29, 39, 5, 44, 15, 18, 17, 3, 34, 37, 4, 41, 19, 32, 38, 48, 40, 35, 49, 22]

Individual 57:
  Route length: 14968
  Contribution to Diversity: 0.000748049477102164
  Route: [49, 32, 41, 19, 43, 15, 45, 31, 8, 10, 9, 33, 40, 48, 29, 34, 44, 16, 46, 6, 24, 35, 18, 1, 42, 12, 25, 50, 3, 23, 30, 17, 21, 7, 2, 20, 28, 27, 26, 47, 13, 14, 52, 11, 51, 4, 36, 38, 37, 39, 5, 22]

Individual 58:
  Route length: 14950
  Contribution to Diversity: 0.0006446935562731682
  Route: [1, 19, 3, 18, 7, 2, 30, 21, 23, 8, 41, 10, 9, 24, 48, 46, 36, 44, 34, 13, 14, 27, 52, 11, 26, 51, 47, 28, 12, 25, 15, 33, 6, 4, 5, 43, 17, 42, 35, 38, 37, 40, 39, 16, 31, 49, 32, 45, 20, 50, 29, 22]

Individual 59:
  Route length: 14866
  Contribution to Diversity: 0.0010767955441775001
  Route: [35, 23, 25, 43, 48, 44, 39, 40, 3, 17, 21, 42, 7, 2, 30, 31, 6, 36, 18, 14, 52, 4, 5, 38, 26, 13, 47, 27, 28, 12, 15, 46, 16, 29, 11, 51, 33, 9, 8, 41, 19, 45, 10, 24, 37, 34, 1, 32, 49, 50, 20, 22]

Individual 60:
  Route length: 15057
  Contribution to Diversity: 0.002034086369452126
  Route: [1, 49, 5, 15, 6, 4, 39, 40, 37, 48, 2, 42, 7, 44, 50, 41, 8, 9, 10, 19, 32, 45, 38, 29, 28, 36, 23, 20, 31, 21, 17, 3, 16, 46, 24, 12, 51, 11, 33, 52, 14, 13, 47, 26, 27, 25, 18, 30, 34, 35, 43, 22]

Individual 61:
  Route length: 14877
  Contribution to Diversity: 0.001903215970921579
  Route: [1, 44, 45, 19, 24, 39, 23, 18, 31, 30, 50, 20, 2, 7, 42, 38, 15, 37, 3, 41, 5, 26, 47, 13, 52, 14, 11, 12, 28, 27, 36, 8, 9, 10, 43, 40, 16, 25, 4, 46, 35, 34, 6, 51, 33, 48, 49, 32, 17, 21, 29, 22]

Individual 62:
  Route length: 14928
  Contribution to Diversity: 0.0008522988967367695
  Route: [32, 45, 9, 8, 46, 6, 4, 25, 38, 3, 17, 18, 19, 12, 43, 33, 51, 52, 14, 11, 28, 13, 27, 16, 50, 44, 2, 7, 42, 21, 23, 15, 48, 24, 5, 26, 47, 29, 34, 35, 49, 40, 39, 36, 10, 41, 31, 1, 37, 20, 30, 22]

Individual 63:
  Route length: 14895
  Contribution to Diversity: 0.0011330609752020493
  Route: [2, 41, 9, 25, 12, 28, 27, 47, 26, 13, 14, 52, 11, 51, 33, 43, 34, 8, 45, 19, 18, 49, 32, 48, 24, 6, 4, 5, 3, 50, 20, 40, 1, 31, 15, 38, 37, 10, 36, 35, 16, 46, 44, 30, 42, 21, 17, 7, 23, 29, 39, 22]

Individual 64:
  Route length: 14969
  Contribution to Diversity: 0.001033322686133431
  Route: [1, 49, 3, 17, 21, 2, 30, 23, 20, 16, 35, 15, 39, 24, 38, 29, 37, 40, 6, 34, 50, 36, 7, 42, 11, 28, 12, 48, 4, 5, 46, 43, 33, 10, 9, 8, 41, 19, 45, 32, 18, 31, 44, 51, 52, 14, 13, 25, 26, 27, 47, 22]

Individual 65:
  Route length: 14742
  Contribution to Diversity: 9.159251223156417e-05
  Route: [30, 34, 18, 43, 6, 37, 40, 4, 46, 29, 11, 51, 12, 39, 3, 17, 21, 31, 19, 10, 9, 8, 41, 1, 49, 32, 45, 38, 15, 5, 24, 48, 20, 2, 42, 7, 50, 16, 44, 35, 33, 52, 14, 13, 47, 26, 27, 25, 28, 36, 23, 22]

Individual 66:
  Route length: 14576
  Contribution to Diversity: 0
  Route: [35, 37, 51, 40, 34, 24, 4, 25, 29, 50, 21, 42, 7, 2, 30, 23, 6, 5, 39, 1, 18, 3, 8, 41, 19, 38, 48, 11, 26, 47, 13, 28, 14, 52, 27, 12, 36, 45, 10, 43, 33, 9, 17, 20, 16, 44, 46, 49, 32, 15, 31, 22]

Individual 67:
  Route length: 14888
  Contribution to Diversity: 0.0005251494100066978
  Route: [42, 7, 2, 21, 30, 23, 1, 35, 19, 41, 8, 37, 46, 5, 34, 44, 20, 50, 25, 4, 33, 10, 9, 12, 28, 11, 26, 47, 13, 14, 52, 27, 48, 38, 24, 40, 45, 51, 43, 6, 16, 29, 49, 31, 15, 18, 3, 36, 39, 17, 32, 22]

Individual 68:
  Route length: 14817
  Contribution to Diversity: 0.0009989429115968562
  Route: [40, 24, 20, 5, 23, 21, 17, 3, 8, 39, 31, 18, 6, 46, 45, 38, 25, 34, 48, 15, 49, 1, 36, 35, 50, 29, 16, 12, 33, 51, 11, 52, 27, 26, 47, 14, 13, 28, 4, 32, 41, 42, 7, 2, 30, 44, 37, 19, 9, 10, 43, 22]

Individual 69:
  Route length: 14954
  Contribution to Diversity: 0
  Route: [42, 7, 2, 21, 30, 23, 1, 35, 19, 41, 8, 37, 46, 5, 34, 44, 20, 50, 25, 4, 33, 40, 24, 38, 48, 27, 52, 14, 13, 47, 26, 11, 28, 12, 9, 10, 45, 51, 43, 6, 16, 29, 49, 32, 17, 39, 36, 3, 18, 15, 31, 22]

Individual 70:
  Route length: 14828
  Contribution to Diversity: 0
  Route: [18, 31, 35, 44, 2, 7, 30, 23, 20, 6, 15, 50, 48, 37, 33, 34, 42, 21, 45, 39, 43, 36, 46, 5, 40, 17, 3, 1, 10, 9, 8, 41, 19, 32, 4, 51, 12, 28, 27, 26, 47, 13, 14, 52, 11, 25, 24, 49, 29, 16, 38, 22]

Individual 71:
  Route length: 14769
  Contribution to Diversity: 0.0006009692837594116
  Route: [1, 5, 44, 36, 35, 34, 10, 9, 8, 41, 19, 37, 13, 47, 26, 27, 28, 16, 12, 51, 11, 6, 4, 43, 33, 49, 32, 45, 31, 30, 23, 20, 50, 29, 38, 39, 40, 48, 46, 42, 7, 2, 52, 14, 25, 15, 24, 3, 18, 17, 21, 22]

Individual 72:
  Route length: 14902
  Contribution to Diversity: 0.0014401349792656504
  Route: [1, 32, 19, 18, 21, 15, 25, 4, 45, 38, 24, 46, 6, 40, 37, 23, 39, 50, 20, 8, 41, 36, 34, 35, 5, 48, 44, 49, 16, 12, 52, 13, 14, 28, 27, 11, 51, 33, 10, 9, 43, 29, 2, 7, 42, 17, 3, 31, 47, 26, 30, 22]

Individual 73:
  Route length: 14893
  Contribution to Diversity: 0
  Route: [31, 24, 9, 10, 8, 37, 38, 6, 4, 25, 12, 28, 13, 47, 14, 52, 39, 35, 48, 18, 32, 49, 23, 1, 30, 2, 16, 29, 50, 20, 40, 26, 27, 44, 34, 11, 51, 33, 43, 15, 5, 46, 36, 19, 41, 45, 3, 21, 42, 7, 17, 22]

Individual 74:
  Route length: 15012
  Contribution to Diversity: 0.0012675253048151092
  Route: [1, 19, 3, 18, 7, 2, 30, 21, 23, 8, 41, 10, 9, 24, 48, 16, 39, 40, 37, 38, 35, 42, 17, 43, 5, 15, 33, 6, 4, 25, 12, 28, 47, 51, 26, 11, 52, 27, 14, 13, 34, 44, 36, 46, 31, 49, 32, 45, 20, 50, 29, 22]

Individual 75:
  Route length: 14715
  Contribution to Diversity: 0.0009423747992061138
  Route: [39, 4, 6, 35, 36, 3, 31, 17, 2, 32, 15, 43, 10, 21, 7, 49, 18, 37, 38, 1, 40, 25, 46, 48, 34, 8, 9, 41, 19, 33, 51, 11, 52, 14, 13, 26, 47, 27, 28, 12, 44, 23, 30, 42, 29, 16, 20, 50, 24, 5, 45, 22]

Individual 76:
  Route length: 14272
  Contribution to Diversity: 0.000748049477102164
  Route: [49, 32, 41, 19, 43, 15, 45, 31, 20, 2, 7, 21, 17, 30, 23, 3, 50, 42, 1, 18, 35, 24, 6, 46, 16, 44, 34, 29, 12, 25, 48, 40, 33, 9, 10, 8, 28, 27, 26, 47, 13, 14, 52, 11, 51, 4, 36, 38, 37, 39, 5, 22]

Individual 77:
  Route length: 14981
  Contribution to Diversity: 0.0006823940324842681
  Route: [1, 35, 40, 48, 38, 32, 19, 41, 4, 37, 34, 3, 17, 18, 15, 44, 5, 39, 29, 50, 36, 43, 33, 51, 13, 14, 26, 27, 28, 46, 24, 31, 21, 7, 42, 2, 30, 23, 20, 16, 25, 47, 45, 8, 10, 9, 6, 12, 52, 11, 49, 22]

Individual 78:
  Route length: 14715
  Contribution to Diversity: 0.00079634535284967
  Route: [36, 45, 9, 10, 43, 33, 6, 46, 26, 28, 27, 35, 34, 17, 3, 18, 31, 30, 20, 21, 42, 2, 7, 23, 41, 8, 13, 14, 47, 12, 51, 11, 52, 50, 29, 16, 44, 49, 4, 40, 15, 37, 25, 24, 5, 38, 32, 39, 1, 48, 19, 22]

Individual 79:
  Route length: 14990
  Contribution to Diversity: 0.0011491691909730761
  Route: [39, 4, 6, 35, 36, 40, 1, 38, 37, 18, 49, 7, 21, 10, 43, 15, 32, 2, 17, 31, 3, 25, 46, 48, 34, 8, 9, 41, 45, 5, 24, 50, 20, 16, 29, 42, 30, 23, 44, 12, 28, 27, 47, 26, 13, 14, 52, 11, 51, 33, 19, 22]

Individual 80:
  Route length: 14974
  Contribution to Diversity: 0.0011720051934869247
  Route: [1, 6, 46, 24, 38, 8, 41, 19, 4, 39, 32, 49, 45, 35, 21, 17, 3, 20, 47, 11, 51, 33, 10, 9, 43, 30, 16, 42, 7, 2, 23, 37, 48, 5, 44, 26, 27, 13, 52, 14, 28, 12, 25, 29, 18, 50, 34, 36, 15, 40, 31, 22]

Individual 81:
  Route length: 14760
  Contribution to Diversity: 0.001989021178333772
  Route: [1, 49, 44, 38, 40, 39, 36, 35, 34, 24, 21, 17, 3, 2, 7, 16, 48, 14, 13, 11, 51, 47, 27, 26, 28, 12, 4, 6, 25, 33, 45, 19, 41, 8, 9, 10, 43, 15, 5, 37, 42, 31, 18, 32, 46, 30, 23, 20, 50, 29, 52, 22]

Individual 82:
  Route length: 15026
  Contribution to Diversity: 0.002559690832274697
  Route: [1, 31, 18, 3, 4, 29, 30, 2, 7, 42, 20, 38, 40, 34, 23, 44, 46, 16, 17, 21, 37, 28, 5, 24, 47, 13, 48, 39, 36, 35, 25, 12, 27, 26, 6, 50, 15, 14, 52, 11, 51, 33, 43, 10, 9, 45, 8, 41, 19, 32, 49, 22]

Individual 83:
  Route length: 15054
  Contribution to Diversity: 0.00317557400997881
  Route: [8, 41, 29, 26, 27, 14, 13, 52, 28, 12, 19, 32, 49, 44, 16, 21, 18, 1, 45, 35, 36, 40, 50, 20, 42, 7, 2, 23, 37, 24, 30, 3, 17, 34, 4, 25, 15, 39, 46, 6, 47, 11, 51, 33, 10, 9, 43, 38, 48, 5, 31, 22]

Individual 84:
  Route length: 14936
  Contribution to Diversity: 0
  Route: [35, 37, 51, 40, 34, 24, 4, 25, 29, 50, 21, 42, 17, 9, 33, 43, 10, 45, 36, 12, 27, 52, 14, 28, 13, 47, 26, 11, 48, 39, 1, 18, 3, 8, 41, 19, 38, 5, 6, 23, 30, 2, 7, 20, 16, 44, 46, 49, 32, 15, 31, 22]

Individual 85:
  Route length: 14833
  Contribution to Diversity: 0.00036405174671028107
  Route: [27, 52, 11, 51, 33, 12, 14, 29, 1, 32, 35, 24, 37, 31, 21, 30, 50, 17, 2, 7, 42, 36, 39, 46, 44, 16, 20, 48, 38, 4, 15, 28, 26, 47, 13, 25, 6, 5, 43, 40, 3, 45, 19, 41, 10, 8, 9, 18, 34, 49, 23, 22]

Individual 86:
  Route length: 15044
  Contribution to Diversity: 0.00044267295141509067
  Route: [18, 31, 35, 48, 37, 33, 34, 42, 21, 45, 39, 43, 36, 46, 5, 40, 17, 3, 1, 10, 9, 8, 41, 19, 50, 15, 6, 20, 23, 30, 7, 2, 44, 32, 4, 51, 12, 28, 27, 26, 47, 13, 14, 52, 11, 25, 24, 49, 29, 16, 38, 22]

Individual 87:
  Route length: 14971
  Contribution to Diversity: 0.00036761940909801893
  Route: [1, 44, 5, 48, 37, 23, 2, 7, 42, 16, 30, 43, 9, 10, 33, 51, 11, 47, 20, 8, 41, 19, 4, 39, 32, 49, 45, 35, 21, 17, 3, 38, 24, 46, 6, 26, 27, 13, 52, 14, 28, 12, 25, 29, 18, 50, 34, 36, 15, 40, 31, 22]

Individual 88:
  Route length: 14703
  Contribution to Diversity: 0
  Route: [31, 17, 7, 42, 21, 3, 45, 41, 19, 36, 46, 5, 15, 43, 33, 51, 11, 34, 44, 27, 26, 40, 20, 50, 29, 16, 2, 30, 1, 23, 49, 32, 18, 48, 35, 39, 52, 14, 47, 13, 28, 12, 25, 4, 6, 38, 37, 8, 10, 9, 24, 22]

Individual 89:
  Route length: 14902
  Contribution to Diversity: 0.0010744637119417533
  Route: [1, 8, 41, 10, 9, 2, 7, 30, 42, 38, 36, 46, 48, 15, 5, 16, 39, 40, 37, 44, 34, 13, 14, 11, 52, 27, 26, 51, 28, 12, 25, 4, 35, 6, 24, 33, 43, 17, 21, 23, 19, 3, 18, 31, 49, 32, 45, 47, 29, 50, 20, 22]

Individual 90:
  Route length: 14858
  Contribution to Diversity: 0.0015032609668548247
  Route: [49, 15, 36, 35, 34, 1, 44, 39, 45, 24, 37, 5, 6, 48, 46, 16, 31, 2, 21, 42, 7, 29, 50, 20, 17, 3, 18, 40, 30, 32, 19, 41, 8, 11, 51, 33, 4, 25, 12, 43, 52, 14, 13, 47, 26, 27, 28, 38, 10, 9, 23, 22]

Individual 91:
  Route length: 14925
  Contribution to Diversity: 0.0011478245737368553
  Route: [6, 33, 43, 10, 9, 45, 36, 46, 26, 28, 27, 35, 34, 17, 3, 18, 31, 30, 20, 21, 42, 2, 7, 23, 41, 8, 13, 14, 47, 12, 51, 11, 52, 50, 29, 16, 44, 49, 4, 40, 15, 37, 25, 24, 5, 38, 32, 39, 1, 48, 19, 22]

Individual 92:
  Route length: 14887
  Contribution to Diversity: 0
  Route: [37, 44, 26, 47, 13, 52, 14, 11, 6, 38, 24, 50, 20, 30, 28, 27, 12, 36, 1, 49, 32, 23, 19, 41, 15, 45, 25, 48, 40, 51, 33, 43, 10, 9, 8, 39, 31, 18, 2, 42, 7, 21, 29, 16, 46, 35, 34, 5, 4, 3, 17, 22]

Individual 93:
  Route length: 14856
  Contribution to Diversity: 0.00011064897661317019
  Route: [39, 38, 51, 11, 6, 42, 7, 2, 35, 36, 37, 25, 15, 34, 44, 46, 16, 29, 12, 27, 26, 47, 28, 13, 14, 52, 33, 43, 49, 32, 3, 50, 5, 4, 24, 45, 19, 41, 8, 9, 10, 21, 1, 31, 40, 48, 17, 18, 20, 23, 30, 22]

Individual 94:
  Route length: 15026
  Contribution to Diversity: 0.0007035601733518249
  Route: [18, 46, 16, 45, 24, 48, 5, 8, 41, 43, 36, 39, 10, 9, 19, 38, 1, 32, 31, 3, 17, 21, 2, 7, 42, 44, 29, 30, 20, 23, 50, 13, 47, 26, 40, 15, 25, 6, 12, 28, 27, 14, 33, 51, 11, 52, 4, 49, 37, 35, 34, 22]

Individual 95:
  Route length: 15081
  Contribution to Diversity: 0.0016947381900651592
  Route: [49, 5, 39, 32, 50, 20, 2, 38, 1, 40, 37, 10, 15, 48, 24, 6, 4, 43, 19, 42, 23, 29, 31, 41, 9, 33, 51, 11, 52, 14, 13, 26, 47, 27, 28, 12, 25, 36, 35, 21, 17, 7, 30, 44, 46, 16, 45, 8, 34, 18, 3, 22]

Individual 96:
  Route length: 14708
  Contribution to Diversity: 0
  Route: [18, 31, 35, 44, 2, 7, 30, 23, 20, 6, 15, 50, 21, 42, 34, 33, 37, 48, 45, 39, 43, 36, 46, 5, 40, 17, 3, 1, 10, 9, 8, 41, 19, 32, 4, 51, 12, 28, 27, 26, 47, 13, 14, 52, 11, 25, 24, 49, 29, 16, 38, 22]

Individual 97:
  Route length: 14585
  Contribution to Diversity: 0
  Route: [35, 37, 51, 40, 34, 5, 6, 23, 30, 2, 7, 42, 21, 50, 29, 25, 4, 24, 39, 1, 18, 3, 8, 41, 19, 38, 48, 11, 26, 47, 13, 28, 14, 52, 27, 12, 36, 45, 10, 43, 33, 9, 17, 20, 16, 44, 46, 49, 32, 15, 31, 22]

Individual 98:
  Route length: 15013
  Contribution to Diversity: 0
  Route: [1, 35, 36, 17, 3, 49, 5, 46, 38, 39, 37, 4, 24, 43, 10, 26, 27, 28, 48, 45, 7, 2, 30, 23, 18, 31, 16, 29, 50, 20, 19, 41, 8, 32, 21, 42, 9, 51, 11, 52, 14, 13, 47, 12, 25, 33, 15, 6, 40, 34, 44, 22]

Individual 99:
  Route length: 15077
  Contribution to Diversity: 0.001657819697634011
  Route: [25, 5, 15, 24, 48, 12, 10, 9, 8, 17, 23, 39, 31, 19, 41, 32, 35, 34, 26, 27, 11, 4, 6, 33, 51, 28, 52, 14, 13, 47, 44, 37, 45, 49, 20, 29, 16, 46, 40, 18, 3, 43, 36, 1, 38, 21, 2, 7, 42, 30, 50, 22]

Total Entropy H: 6.150082298693264
