Individual 0:
  Route length: 9382
  Contribution to Diversity: 0.010057745329605794
  Route: [1, 43, 10, 9, 8, 41, 19, 45, 32, 49, 4, 25, 12, 28, 27, 26, 47, 14, 13, 52, 11, 51, 33, 38, 35, 50, 29, 16, 40, 39, 37, 5, 6, 15, 24, 48, 46, 44, 36, 34, 23, 20, 30, 2, 7, 42, 21, 17, 3, 18, 31, 22]

Individual 1:
  Route length: 9421
  Contribution to Diversity: 0.010296229464996642
  Route: [1, 49, 32, 8, 45, 19, 41, 9, 10, 43, 33, 51, 11, 52, 13, 14, 47, 26, 27, 28, 12, 25, 15, 36, 38, 48, 39, 40, 5, 24, 34, 35, 37, 44, 6, 4, 46, 16, 18, 3, 17, 21, 42, 7, 2, 30, 23, 20, 50, 29, 31, 22]

Individual 2:
  Route length: 9421
  Contribution to Diversity: 0.014175656160997363
  Route: [1, 49, 32, 45, 19, 41, 8, 9, 10, 33, 43, 4, 25, 12, 28, 27, 26, 47, 13, 14, 52, 11, 51, 6, 15, 5, 34, 39, 40, 46, 48, 24, 37, 38, 20, 50, 35, 36, 29, 22, 31, 18, 3, 17, 21, 42, 7, 2, 30, 23, 16, 44]

Individual 3:
  Route length: 9385
  Contribution to Diversity: 0.00950243818598473
  Route: [1, 49, 32, 45, 19, 41, 8, 9, 10, 33, 43, 5, 4, 6, 15, 37, 24, 28, 12, 51, 11, 52, 13, 14, 47, 26, 27, 25, 38, 48, 40, 44, 29, 16, 46, 50, 34, 39, 35, 36, 20, 23, 30, 2, 7, 42, 21, 17, 3, 18, 31, 22]

Individual 4:
  Route length: 9403
  Contribution to Diversity: 0.009902268997142194
  Route: [1, 49, 32, 45, 19, 41, 8, 9, 10, 43, 33, 51, 11, 52, 14, 13, 26, 47, 27, 12, 25, 28, 29, 46, 4, 38, 36, 35, 48, 24, 40, 6, 5, 15, 39, 37, 34, 16, 44, 20, 50, 23, 30, 2, 7, 42, 21, 17, 3, 18, 31, 22]

Individual 5:
  Route length: 9420
  Contribution to Diversity: 0.009254278985157072
  Route: [1, 43, 10, 9, 8, 41, 19, 45, 32, 49, 4, 25, 12, 28, 27, 26, 47, 14, 13, 52, 11, 51, 33, 38, 39, 40, 44, 16, 29, 50, 46, 48, 36, 34, 24, 15, 6, 5, 37, 35, 23, 20, 30, 2, 7, 42, 21, 17, 3, 18, 31, 22]

Individual 6:
  Route length: 9402
  Contribution to Diversity: 0.012873658315887049
  Route: [1, 49, 32, 45, 19, 41, 8, 9, 10, 33, 43, 25, 4, 28, 27, 26, 47, 14, 13, 52, 11, 51, 12, 5, 38, 24, 6, 15, 48, 37, 44, 34, 36, 35, 40, 29, 16, 46, 20, 39, 50, 23, 30, 2, 7, 42, 21, 17, 3, 18, 31, 22]

Individual 7:
  Route length: 9426
  Contribution to Diversity: 0.015009161533233062
  Route: [1, 49, 32, 45, 19, 41, 8, 9, 10, 43, 33, 51, 11, 52, 14, 13, 47, 26, 27, 12, 28, 46, 29, 35, 38, 6, 40, 15, 4, 25, 5, 24, 48, 37, 16, 39, 34, 36, 44, 50, 20, 23, 30, 2, 7, 42, 31, 18, 3, 17, 21, 22]

Individual 8:
  Route length: 9400
  Contribution to Diversity: 0.027140538071291687
  Route: [1, 32, 49, 45, 19, 41, 8, 9, 10, 43, 33, 4, 25, 26, 27, 28, 12, 51, 11, 52, 14, 13, 47, 29, 48, 24, 5, 15, 6, 39, 37, 40, 38, 46, 34, 44, 16, 23, 31, 3, 18, 17, 21, 42, 7, 2, 30, 20, 50, 36, 35, 22]

Individual 9:
  Route length: 9395
  Contribution to Diversity: 0.010500056177497719
  Route: [1, 43, 10, 9, 8, 41, 19, 45, 32, 49, 33, 51, 11, 52, 13, 14, 47, 26, 27, 28, 12, 25, 16, 29, 50, 20, 23, 36, 40, 37, 39, 38, 4, 5, 48, 6, 15, 24, 46, 35, 34, 44, 30, 2, 7, 42, 21, 17, 3, 18, 31, 22]

Individual 10:
  Route length: 9425
  Contribution to Diversity: 0.016672692322029725
  Route: [1, 32, 43, 10, 9, 45, 8, 41, 19, 49, 24, 25, 12, 28, 27, 26, 47, 13, 14, 52, 11, 51, 33, 5, 40, 48, 38, 15, 37, 6, 4, 35, 34, 36, 39, 44, 46, 16, 29, 20, 50, 23, 30, 2, 7, 42, 21, 17, 3, 18, 31, 22]

Individual 11:
  Route length: 9418
  Contribution to Diversity: 0.020205115517395456
  Route: [1, 49, 32, 45, 19, 41, 8, 9, 10, 43, 33, 51, 11, 52, 14, 13, 47, 26, 27, 12, 28, 25, 4, 15, 35, 36, 37, 48, 24, 40, 39, 34, 29, 46, 5, 6, 38, 16, 31, 18, 21, 3, 17, 42, 7, 2, 30, 23, 20, 50, 44, 22]

Individual 12:
  Route length: 9422
  Contribution to Diversity: 0.017392949514478673
  Route: [1, 49, 32, 45, 19, 41, 8, 9, 10, 33, 51, 11, 52, 14, 13, 47, 26, 28, 27, 12, 25, 4, 43, 15, 6, 5, 36, 50, 20, 38, 40, 24, 48, 37, 46, 29, 34, 35, 39, 22, 31, 18, 3, 17, 21, 42, 7, 2, 30, 23, 16, 44]

Individual 13:
  Route length: 9406
  Contribution to Diversity: 0.005822570268386507
  Route: [1, 49, 43, 9, 10, 8, 41, 45, 19, 32, 33, 51, 11, 52, 13, 14, 47, 26, 27, 28, 12, 25, 15, 4, 6, 38, 40, 37, 39, 36, 23, 35, 34, 44, 46, 24, 48, 5, 16, 29, 50, 20, 30, 2, 7, 42, 21, 17, 3, 18, 31, 22]

Individual 14:
  Route length: 9423
  Contribution to Diversity: 0.015144734146030459
  Route: [1, 49, 32, 45, 19, 41, 8, 9, 10, 43, 33, 6, 4, 25, 12, 27, 28, 26, 47, 14, 13, 52, 11, 51, 15, 5, 48, 40, 24, 38, 37, 39, 36, 42, 7, 2, 30, 29, 23, 20, 16, 46, 44, 35, 34, 50, 21, 17, 3, 18, 31, 22]

Individual 15:
  Route length: 9422
  Contribution to Diversity: 0.02377685068538593
  Route: [1, 49, 32, 41, 8, 19, 45, 10, 9, 43, 33, 51, 11, 52, 13, 14, 47, 26, 27, 28, 12, 25, 6, 48, 5, 40, 36, 44, 37, 4, 24, 39, 38, 34, 35, 15, 46, 16, 23, 20, 29, 50, 31, 30, 2, 7, 42, 21, 17, 3, 18, 22]

Individual 16:
  Route length: 9373
  Contribution to Diversity: 0.007140086029886028
  Route: [1, 49, 43, 10, 9, 41, 45, 8, 19, 32, 24, 25, 12, 28, 27, 26, 47, 13, 14, 52, 11, 51, 33, 5, 40, 39, 36, 35, 34, 4, 6, 37, 15, 38, 48, 44, 46, 16, 29, 20, 50, 23, 30, 2, 7, 42, 21, 17, 3, 18, 31, 22]

Individual 17:
  Route length: 9412
  Contribution to Diversity: 0.018375153052067716
  Route: [1, 32, 49, 45, 19, 41, 8, 10, 9, 33, 43, 6, 4, 5, 15, 25, 27, 26, 47, 13, 14, 52, 11, 51, 12, 28, 24, 40, 38, 37, 36, 35, 23, 44, 48, 39, 34, 46, 50, 16, 29, 20, 30, 2, 7, 42, 21, 17, 3, 18, 31, 22]

Individual 18:
  Route length: 9375
  Contribution to Diversity: 0.01636829841155585
  Route: [1, 49, 32, 19, 8, 41, 45, 9, 10, 43, 33, 51, 11, 52, 14, 13, 47, 26, 27, 28, 12, 25, 48, 4, 6, 46, 37, 38, 5, 39, 40, 34, 15, 24, 16, 36, 35, 44, 18, 3, 17, 21, 42, 7, 2, 30, 23, 20, 50, 29, 31, 22]

Individual 19:
  Route length: 9417
  Contribution to Diversity: 0.011218194260628422
  Route: [1, 49, 32, 19, 8, 10, 9, 41, 45, 43, 33, 51, 11, 52, 13, 14, 47, 26, 27, 28, 12, 25, 34, 35, 16, 6, 4, 48, 15, 5, 37, 44, 46, 38, 24, 39, 40, 36, 18, 3, 17, 21, 42, 7, 2, 30, 23, 20, 50, 29, 31, 22]

Total Entropy H: 5.499412456574763
