Individual 0:
  Route length: 13133
  Contribution to Diversity: 0.0008312303030137969
  Route: [1, 5, 15, 6, 4, 25, 12, 28, 27, 20, 50, 29, 16, 46, 44, 34, 11, 51, 33, 43, 10, 9, 8, 26, 13, 47, 14, 52, 35, 36, 39, 18, 48, 38, 37, 40, 3, 17, 21, 42, 7, 2, 30, 23, 41, 19, 45, 32, 49, 24, 31, 22]

Individual 1:
  Route length: 14841
  Contribution to Diversity: 0.00033577129218365087
  Route: [1, 49, 32, 45, 20, 23, 25, 4, 6, 15, 10, 43, 33, 51, 11, 29, 16, 46, 44, 47, 13, 40, 37, 38, 48, 24, 5, 9, 8, 41, 19, 18, 30, 2, 7, 42, 21, 17, 3, 50, 52, 14, 39, 36, 35, 34, 26, 27, 28, 12, 31, 22]

Individual 2:
  Route length: 13365
  Contribution to Diversity: 0.0006682384626737203
  Route: [2, 30, 23, 20, 50, 29, 16, 46, 8, 41, 19, 45, 32, 49, 43, 7, 1, 33, 51, 11, 52, 14, 13, 47, 35, 36, 39, 40, 37, 38, 48, 24, 5, 15, 6, 4, 25, 12, 28, 27, 26, 34, 44, 9, 10, 42, 21, 17, 3, 18, 31, 22]

Individual 3:
  Route length: 13912
  Contribution to Diversity: 0.00035383673355138257
  Route: [1, 49, 32, 45, 19, 41, 8, 9, 10, 31, 21, 17, 3, 50, 20, 23, 25, 4, 6, 15, 5, 24, 48, 38, 37, 40, 39, 36, 35, 34, 44, 46, 16, 29, 11, 51, 33, 52, 14, 13, 47, 26, 27, 2, 30, 12, 28, 7, 42, 18, 43, 22]

Individual 4:
  Route length: 13286
  Contribution to Diversity: 0.00034025956286143355
  Route: [1, 49, 11, 51, 33, 43, 9, 10, 8, 41, 19, 45, 32, 52, 14, 28, 12, 25, 4, 6, 15, 5, 24, 48, 38, 2, 21, 17, 3, 30, 23, 20, 50, 29, 16, 46, 44, 34, 35, 36, 39, 40, 37, 7, 42, 47, 13, 27, 26, 18, 31, 22]

Individual 5:
  Route length: 11162
  Contribution to Diversity: 0.0001676930575067459
  Route: [1, 42, 7, 38, 48, 24, 5, 15, 6, 4, 25, 12, 28, 51, 11, 52, 14, 13, 47, 26, 27, 33, 49, 32, 37, 40, 39, 36, 35, 34, 44, 46, 16, 29, 50, 20, 23, 30, 2, 45, 19, 41, 8, 9, 10, 43, 21, 17, 3, 18, 31, 22]

Individual 6:
  Route length: 14800
  Contribution to Diversity: 0.0006519847593411399
  Route: [1, 49, 32, 45, 20, 23, 25, 4, 6, 15, 10, 43, 33, 51, 11, 29, 16, 46, 44, 47, 13, 40, 37, 38, 48, 24, 5, 9, 8, 41, 19, 18, 30, 2, 7, 42, 21, 17, 3, 50, 52, 14, 39, 36, 35, 34, 12, 28, 27, 26, 31, 22]

Individual 7:
  Route length: 13980
  Contribution to Diversity: 0.0014524364644614707
  Route: [1, 49, 32, 45, 19, 41, 8, 9, 10, 43, 2, 7, 42, 6, 15, 25, 12, 28, 27, 26, 47, 13, 14, 52, 16, 46, 44, 34, 35, 36, 37, 40, 39, 38, 29, 50, 20, 23, 30, 33, 51, 11, 21, 4, 5, 24, 3, 18, 17, 48, 31, 22]

Individual 8:
  Route length: 14911
  Contribution to Diversity: 0.000793885243673742
  Route: [1, 49, 32, 45, 19, 41, 31, 10, 9, 8, 18, 3, 17, 21, 35, 36, 39, 40, 37, 38, 48, 24, 5, 34, 42, 7, 28, 12, 30, 2, 27, 26, 47, 13, 14, 52, 50, 20, 23, 25, 4, 6, 15, 44, 46, 16, 29, 11, 51, 33, 43, 22]

Individual 9:
  Route length: 14075
  Contribution to Diversity: 0.0014741693558288915
  Route: [1, 17, 21, 42, 11, 52, 27, 26, 47, 13, 14, 28, 12, 50, 20, 48, 38, 33, 43, 10, 9, 36, 39, 40, 34, 44, 46, 16, 29, 25, 4, 6, 15, 5, 24, 23, 30, 2, 7, 51, 37, 35, 8, 41, 19, 45, 32, 49, 3, 18, 31, 22]

Individual 10:
  Route length: 12976
  Contribution to Diversity: 0.00036953467808409357
  Route: [4, 6, 15, 5, 24, 48, 38, 37, 40, 39, 25, 29, 16, 46, 44, 34, 35, 8, 41, 19, 45, 32, 49, 1, 36, 9, 10, 43, 33, 51, 7, 2, 30, 23, 20, 50, 12, 28, 14, 13, 47, 26, 27, 52, 11, 42, 21, 17, 18, 3, 31, 22]

Individual 11:
  Route length: 14865
  Contribution to Diversity: 0.0017556993871172821
  Route: [1, 49, 32, 36, 37, 40, 39, 38, 29, 50, 20, 15, 6, 4, 5, 24, 3, 18, 17, 21, 42, 7, 2, 43, 10, 9, 8, 41, 19, 14, 52, 16, 46, 44, 34, 35, 45, 13, 47, 26, 27, 28, 12, 25, 23, 30, 33, 51, 11, 48, 31, 22]

Individual 12:
  Route length: 14102
  Contribution to Diversity: 0.0012210589074941325
  Route: [1, 49, 32, 45, 19, 10, 9, 8, 41, 43, 33, 51, 11, 13, 47, 7, 42, 21, 17, 3, 16, 29, 50, 20, 23, 30, 25, 38, 48, 24, 5, 15, 6, 4, 2, 26, 27, 28, 12, 37, 40, 46, 44, 34, 35, 36, 39, 52, 14, 18, 31, 22]

Individual 13:
  Route length: 15024
  Contribution to Diversity: 0.002557625239374417
  Route: [1, 49, 50, 27, 28, 12, 25, 13, 47, 26, 20, 23, 30, 2, 7, 42, 4, 14, 33, 51, 11, 52, 43, 8, 9, 10, 41, 19, 45, 3, 24, 5, 15, 6, 21, 17, 32, 29, 46, 39, 36, 35, 34, 44, 16, 40, 37, 38, 48, 18, 31, 22]

Individual 14:
  Route length: 13567
  Contribution to Diversity: 0.0009068439624257962
  Route: [1, 49, 32, 45, 40, 20, 23, 8, 9, 10, 43, 33, 51, 11, 52, 14, 13, 47, 46, 44, 42, 21, 17, 3, 18, 26, 27, 28, 31, 16, 29, 50, 39, 36, 35, 34, 7, 2, 30, 41, 19, 37, 38, 48, 24, 5, 15, 6, 4, 25, 12, 22]

Individual 15:
  Route length: 14789
  Contribution to Diversity: 0.0018696905927972907
  Route: [1, 49, 32, 4, 52, 11, 51, 33, 43, 10, 36, 35, 25, 45, 19, 41, 30, 2, 7, 42, 21, 17, 3, 18, 31, 28, 27, 26, 16, 29, 50, 39, 9, 8, 23, 20, 5, 24, 48, 38, 37, 40, 15, 6, 14, 13, 47, 46, 44, 34, 12, 22]

Individual 16:
  Route length: 13783
  Contribution to Diversity: 0.00010878862135665912
  Route: [1, 49, 32, 45, 19, 10, 9, 8, 41, 43, 33, 51, 11, 52, 14, 40, 37, 12, 28, 27, 26, 2, 4, 6, 15, 5, 24, 48, 38, 25, 23, 30, 20, 7, 42, 21, 17, 3, 16, 29, 50, 47, 13, 39, 36, 35, 34, 44, 46, 18, 31, 22]

Individual 17:
  Route length: 13838
  Contribution to Diversity: 0.0005549723106907933
  Route: [1, 49, 32, 5, 39, 45, 24, 48, 38, 37, 30, 2, 9, 10, 43, 33, 51, 11, 29, 16, 46, 15, 36, 35, 34, 44, 6, 4, 25, 12, 40, 23, 20, 50, 52, 14, 13, 47, 26, 27, 28, 19, 41, 8, 7, 42, 21, 17, 3, 18, 31, 22]

Individual 18:
  Route length: 14758
  Contribution to Diversity: 0.00027029133642297865
  Route: [8, 41, 26, 47, 14, 52, 11, 51, 33, 43, 10, 13, 9, 1, 48, 24, 5, 29, 50, 20, 23, 30, 2, 16, 15, 6, 4, 25, 12, 28, 27, 19, 45, 32, 49, 38, 37, 40, 39, 36, 35, 34, 44, 46, 7, 42, 21, 17, 3, 18, 31, 22]

Individual 19:
  Route length: 14541
  Contribution to Diversity: 0.0019281869703373644
  Route: [35, 34, 44, 46, 47, 13, 14, 6, 15, 40, 41, 30, 2, 7, 42, 21, 17, 3, 18, 31, 28, 27, 26, 16, 29, 50, 39, 9, 8, 23, 20, 5, 24, 48, 38, 37, 19, 45, 32, 49, 1, 36, 10, 43, 33, 51, 11, 52, 4, 25, 12, 22]

Individual 20:
  Route length: 11515
  Contribution to Diversity: 0
  Route: [38, 23, 30, 41, 19, 45, 32, 49, 27, 28, 12, 25, 4, 6, 15, 48, 24, 5, 20, 50, 44, 46, 16, 29, 34, 35, 36, 39, 40, 37, 1, 26, 47, 13, 14, 52, 11, 51, 33, 43, 10, 9, 8, 31, 18, 3, 17, 21, 42, 7, 2, 22]

Individual 21:
  Route length: 15066
  Contribution to Diversity: 0.0011529837545394273
  Route: [1, 49, 32, 45, 36, 35, 21, 17, 3, 18, 8, 9, 10, 31, 41, 19, 39, 40, 37, 38, 48, 24, 5, 15, 6, 4, 25, 23, 20, 50, 52, 14, 13, 47, 26, 27, 2, 30, 12, 28, 7, 42, 34, 44, 46, 16, 29, 11, 51, 33, 43, 22]

Individual 22:
  Route length: 14364
  Contribution to Diversity: 0.0007354638311944939
  Route: [1, 49, 32, 45, 19, 10, 9, 8, 41, 43, 33, 51, 11, 52, 14, 40, 37, 12, 28, 27, 26, 2, 4, 6, 15, 5, 24, 48, 50, 20, 30, 23, 25, 38, 29, 16, 3, 17, 21, 42, 7, 47, 13, 39, 36, 35, 34, 44, 46, 18, 31, 22]

Individual 23:
  Route length: 14643
  Contribution to Diversity: 0.0010514818039943918
  Route: [1, 49, 32, 5, 39, 45, 24, 48, 38, 37, 40, 12, 25, 4, 6, 44, 34, 35, 36, 15, 46, 16, 29, 11, 51, 33, 43, 47, 13, 14, 52, 50, 20, 23, 30, 2, 9, 10, 26, 27, 28, 19, 41, 8, 7, 42, 21, 17, 3, 18, 31, 22]

Individual 24:
  Route length: 14385
  Contribution to Diversity: 0.0007147255860564528
  Route: [31, 28, 27, 26, 16, 29, 50, 39, 9, 8, 23, 20, 5, 24, 48, 38, 37, 40, 15, 6, 14, 13, 47, 46, 44, 34, 35, 36, 10, 43, 33, 51, 11, 52, 4, 32, 49, 1, 18, 3, 17, 21, 42, 7, 2, 30, 41, 19, 45, 25, 12, 22]

Individual 25:
  Route length: 13607
  Contribution to Diversity: 0.0003861167564735979
  Route: [1, 49, 32, 45, 19, 41, 8, 29, 16, 46, 44, 34, 20, 50, 9, 27, 26, 23, 15, 6, 12, 25, 4, 47, 13, 14, 52, 11, 51, 33, 43, 10, 28, 35, 36, 39, 40, 37, 38, 48, 24, 5, 30, 2, 7, 42, 21, 17, 3, 18, 31, 22]

Individual 26:
  Route length: 14053
  Contribution to Diversity: 0.0004264720967999125
  Route: [1, 45, 32, 49, 25, 4, 6, 15, 26, 27, 52, 11, 12, 19, 41, 8, 29, 50, 20, 23, 30, 2, 7, 51, 33, 43, 10, 9, 16, 46, 44, 34, 31, 18, 3, 17, 21, 42, 28, 14, 13, 47, 5, 24, 48, 38, 37, 40, 39, 36, 35, 22]

Individual 27:
  Route length: 12653
  Contribution to Diversity: 0
  Route: [8, 41, 19, 45, 32, 49, 1, 9, 13, 10, 43, 33, 51, 11, 52, 14, 47, 26, 27, 28, 12, 25, 4, 6, 15, 35, 36, 39, 40, 37, 38, 48, 24, 5, 29, 50, 20, 23, 30, 2, 16, 34, 44, 46, 42, 7, 21, 17, 3, 18, 31, 22]

Individual 28:
  Route length: 12132
  Contribution to Diversity: 0
  Route: [38, 23, 30, 41, 19, 27, 28, 12, 25, 4, 6, 15, 48, 24, 5, 20, 50, 29, 16, 46, 44, 34, 35, 36, 39, 40, 32, 49, 1, 37, 45, 26, 47, 13, 52, 14, 11, 51, 33, 43, 10, 9, 8, 31, 18, 3, 17, 21, 42, 7, 2, 22]

Individual 29:
  Route length: 13601
  Contribution to Diversity: 0.000252312845096192
  Route: [1, 49, 32, 45, 19, 41, 8, 14, 52, 11, 51, 35, 34, 44, 36, 39, 40, 37, 38, 48, 26, 47, 24, 5, 21, 17, 50, 20, 23, 30, 2, 7, 42, 15, 6, 4, 25, 12, 28, 27, 13, 9, 10, 43, 33, 46, 16, 29, 3, 18, 31, 22]

Individual 30:
  Route length: 11299
  Contribution to Diversity: 0
  Route: [38, 23, 30, 18, 31, 8, 9, 10, 43, 33, 51, 11, 52, 14, 13, 47, 26, 1, 37, 40, 39, 36, 35, 34, 29, 16, 46, 44, 50, 20, 5, 24, 48, 15, 6, 4, 25, 12, 28, 27, 49, 32, 45, 19, 41, 3, 17, 21, 42, 7, 2, 22]

Individual 31:
  Route length: 14456
  Contribution to Diversity: 0.0023368553577567397
  Route: [1, 45, 32, 24, 5, 15, 6, 4, 25, 12, 11, 52, 27, 26, 47, 13, 14, 28, 42, 21, 17, 3, 2, 7, 51, 49, 48, 38, 37, 40, 20, 50, 29, 10, 43, 33, 19, 41, 8, 9, 16, 46, 44, 34, 35, 36, 39, 23, 30, 18, 31, 22]

Individual 32:
  Route length: 14201
  Contribution to Diversity: 0.0004705056417444453
  Route: [1, 49, 32, 45, 19, 50, 20, 8, 41, 29, 16, 46, 44, 34, 35, 5, 24, 30, 3, 17, 21, 15, 36, 39, 40, 37, 38, 48, 23, 10, 9, 43, 33, 51, 11, 52, 14, 28, 12, 25, 4, 6, 2, 7, 42, 47, 13, 27, 26, 18, 31, 22]

Individual 33:
  Route length: 14652
  Contribution to Diversity: 0.001990734364399671
  Route: [1, 49, 32, 45, 19, 50, 20, 8, 41, 29, 16, 46, 44, 34, 35, 5, 24, 30, 3, 17, 21, 15, 36, 39, 40, 9, 10, 23, 48, 38, 37, 43, 33, 51, 11, 52, 14, 28, 12, 25, 4, 6, 2, 7, 42, 47, 13, 27, 26, 18, 31, 22]

Individual 34:
  Route length: 12458
  Contribution to Diversity: 0
  Route: [38, 23, 30, 41, 19, 27, 28, 12, 25, 51, 11, 14, 52, 13, 47, 26, 45, 37, 1, 49, 32, 40, 39, 36, 35, 34, 44, 46, 16, 29, 50, 20, 5, 24, 48, 15, 6, 4, 33, 43, 10, 9, 8, 31, 18, 3, 17, 21, 42, 7, 2, 22]

Individual 35:
  Route length: 12301
  Contribution to Diversity: 0.0020758402454799096
  Route: [1, 49, 32, 45, 19, 41, 8, 9, 10, 43, 33, 51, 7, 2, 30, 23, 20, 50, 47, 27, 26, 28, 12, 15, 6, 4, 25, 5, 34, 35, 36, 39, 40, 37, 24, 48, 38, 44, 46, 16, 29, 31, 18, 3, 17, 21, 42, 11, 52, 14, 13, 22]

Individual 36:
  Route length: 14284
  Contribution to Diversity: 0.001384843648348344
  Route: [1, 49, 50, 27, 28, 12, 25, 4, 42, 7, 2, 30, 45, 19, 41, 8, 9, 10, 43, 52, 11, 51, 33, 14, 13, 47, 26, 20, 23, 3, 24, 5, 15, 6, 21, 17, 32, 29, 46, 39, 36, 37, 40, 16, 44, 34, 35, 38, 48, 18, 31, 22]

Individual 37:
  Route length: 13137
  Contribution to Diversity: 0.001521128613037881
  Route: [1, 49, 32, 45, 19, 10, 9, 8, 41, 43, 25, 30, 23, 20, 50, 13, 47, 26, 27, 28, 12, 33, 51, 11, 6, 15, 5, 48, 24, 38, 37, 40, 14, 52, 4, 2, 7, 42, 21, 17, 3, 16, 29, 39, 36, 35, 34, 44, 46, 18, 31, 22]

Individual 38:
  Route length: 14974
  Contribution to Diversity: 0.002281284579123799
  Route: [8, 41, 26, 47, 14, 52, 11, 51, 33, 43, 10, 13, 9, 1, 48, 24, 5, 29, 50, 20, 23, 30, 2, 16, 15, 6, 4, 25, 12, 28, 27, 19, 45, 32, 49, 38, 37, 40, 39, 36, 35, 34, 44, 46, 7, 42, 21, 17, 31, 18, 3, 22]

Individual 39:
  Route length: 13775
  Contribution to Diversity: 0.0009676690534234922
  Route: [48, 24, 5, 15, 43, 10, 9, 8, 38, 1, 49, 32, 45, 19, 41, 37, 40, 31, 18, 20, 23, 25, 4, 6, 33, 51, 11, 29, 16, 46, 44, 47, 13, 14, 52, 50, 3, 17, 21, 42, 7, 2, 30, 12, 28, 27, 26, 34, 35, 36, 39, 22]

Individual 40:
  Route length: 13964
  Contribution to Diversity: 0.0020100342191451404
  Route: [1, 44, 34, 35, 36, 15, 46, 16, 29, 11, 51, 33, 43, 10, 9, 2, 30, 37, 38, 48, 24, 45, 39, 5, 32, 49, 6, 4, 25, 12, 40, 23, 20, 50, 52, 14, 13, 47, 26, 27, 28, 19, 41, 8, 7, 42, 21, 17, 3, 18, 31, 22]

Individual 41:
  Route length: 14271
  Contribution to Diversity: 0.0006965691261946461
  Route: [1, 5, 15, 6, 4, 25, 12, 28, 27, 20, 50, 24, 49, 32, 16, 46, 44, 34, 26, 8, 9, 10, 43, 33, 23, 30, 2, 7, 42, 21, 17, 3, 18, 48, 38, 37, 40, 39, 36, 35, 52, 14, 13, 47, 11, 51, 41, 19, 45, 29, 31, 22]

Individual 42:
  Route length: 14822
  Contribution to Diversity: 0.002425940544332761
  Route: [48, 24, 5, 15, 43, 10, 9, 8, 38, 1, 49, 32, 45, 19, 41, 37, 40, 31, 18, 20, 23, 25, 4, 6, 33, 14, 13, 47, 44, 46, 16, 29, 11, 51, 52, 50, 3, 17, 21, 42, 7, 2, 30, 12, 28, 27, 26, 34, 35, 36, 39, 22]

Individual 43:
  Route length: 14637
  Contribution to Diversity: 0.0025523461912015932
  Route: [1, 49, 50, 27, 28, 12, 25, 4, 42, 7, 2, 30, 45, 19, 41, 8, 9, 10, 43, 52, 11, 51, 33, 14, 13, 47, 26, 17, 21, 6, 15, 5, 24, 3, 23, 20, 32, 29, 46, 39, 36, 37, 40, 16, 44, 34, 35, 38, 48, 18, 31, 22]

Individual 44:
  Route length: 13531
  Contribution to Diversity: 0.00048367843924168596
  Route: [1, 49, 32, 45, 19, 41, 8, 9, 10, 43, 33, 51, 11, 52, 14, 15, 42, 7, 2, 30, 23, 38, 37, 28, 12, 25, 4, 6, 13, 47, 24, 5, 21, 17, 50, 20, 48, 26, 27, 40, 39, 36, 35, 34, 44, 46, 16, 29, 3, 18, 31, 22]

Individual 45:
  Route length: 11593
  Contribution to Diversity: 0
  Route: [38, 23, 30, 18, 31, 8, 9, 10, 43, 33, 51, 11, 14, 52, 13, 47, 26, 1, 37, 40, 39, 36, 35, 34, 29, 16, 46, 44, 50, 20, 5, 24, 48, 15, 6, 4, 25, 12, 28, 27, 49, 32, 45, 19, 41, 3, 17, 21, 42, 7, 2, 22]

Individual 46:
  Route length: 14845
  Contribution to Diversity: 0.0012894202626911877
  Route: [1, 49, 50, 27, 43, 52, 11, 51, 33, 14, 13, 47, 26, 20, 23, 30, 2, 7, 42, 4, 25, 12, 28, 10, 9, 8, 41, 19, 45, 3, 46, 29, 32, 17, 21, 6, 15, 5, 24, 39, 36, 35, 34, 44, 16, 40, 37, 38, 48, 18, 31, 22]

Individual 47:
  Route length: 12252
  Contribution to Diversity: 0
  Route: [1, 49, 32, 45, 19, 50, 20, 23, 48, 38, 37, 40, 39, 36, 15, 6, 4, 25, 12, 28, 14, 52, 11, 51, 33, 43, 9, 8, 10, 41, 29, 16, 46, 44, 34, 35, 5, 24, 30, 3, 17, 21, 2, 7, 42, 47, 13, 27, 26, 18, 31, 22]

Individual 48:
  Route length: 14313
  Contribution to Diversity: 0.0015387558952868474
  Route: [1, 49, 32, 45, 39, 5, 24, 48, 38, 37, 40, 12, 25, 4, 6, 44, 34, 35, 36, 47, 26, 11, 29, 16, 46, 15, 13, 14, 52, 50, 20, 23, 30, 2, 9, 10, 43, 33, 51, 27, 28, 19, 41, 8, 7, 42, 21, 17, 3, 18, 31, 22]

Individual 49:
  Route length: 11793
  Contribution to Diversity: 0.001072145316877382
  Route: [1, 49, 32, 4, 6, 15, 5, 24, 48, 20, 50, 29, 16, 3, 18, 31, 8, 34, 35, 36, 39, 40, 38, 37, 23, 30, 41, 19, 45, 25, 12, 28, 27, 47, 26, 13, 14, 52, 11, 51, 33, 43, 10, 9, 44, 46, 17, 21, 42, 7, 2, 22]

Individual 50:
  Route length: 13468
  Contribution to Diversity: 0.0006213697953247888
  Route: [1, 5, 15, 6, 12, 25, 4, 28, 27, 26, 47, 13, 14, 52, 9, 8, 50, 20, 23, 30, 40, 37, 38, 48, 24, 49, 32, 45, 19, 41, 29, 35, 10, 43, 33, 51, 11, 34, 44, 46, 16, 36, 39, 2, 7, 42, 21, 17, 3, 18, 31, 22]

Individual 51:
  Route length: 12141
  Contribution to Diversity: 0
  Route: [1, 49, 32, 45, 19, 41, 8, 29, 16, 46, 44, 34, 20, 50, 9, 10, 43, 33, 51, 11, 52, 14, 23, 15, 6, 12, 25, 4, 47, 13, 26, 27, 28, 35, 36, 39, 40, 37, 38, 48, 24, 5, 30, 2, 7, 42, 21, 17, 3, 18, 31, 22]

Individual 52:
  Route length: 15063
  Contribution to Diversity: 0.0032768825118640876
  Route: [50, 29, 16, 3, 17, 21, 42, 7, 47, 13, 39, 36, 35, 27, 26, 2, 4, 6, 15, 5, 24, 48, 38, 37, 40, 14, 52, 11, 51, 33, 43, 45, 19, 10, 9, 8, 41, 32, 49, 1, 20, 23, 30, 25, 12, 28, 34, 44, 46, 18, 31, 22]

Individual 53:
  Route length: 14573
  Contribution to Diversity: 0.0014864114381802906
  Route: [1, 49, 32, 36, 37, 40, 39, 38, 29, 50, 20, 19, 41, 8, 9, 10, 43, 2, 7, 42, 21, 17, 18, 3, 24, 5, 4, 6, 15, 14, 52, 16, 46, 44, 34, 35, 45, 13, 47, 26, 27, 28, 12, 25, 23, 30, 33, 51, 11, 48, 31, 22]

Individual 54:
  Route length: 13802
  Contribution to Diversity: 0
  Route: [1, 49, 14, 13, 47, 26, 27, 18, 17, 21, 42, 7, 2, 30, 23, 12, 28, 3, 10, 9, 8, 41, 19, 45, 32, 5, 24, 48, 38, 37, 40, 39, 36, 35, 34, 44, 46, 16, 29, 50, 20, 25, 4, 6, 15, 52, 11, 51, 33, 31, 43, 22]

Individual 55:
  Route length: 11623
  Contribution to Diversity: 0
  Route: [38, 23, 30, 41, 12, 25, 4, 6, 15, 48, 24, 5, 20, 50, 29, 16, 46, 44, 34, 35, 36, 39, 40, 32, 49, 1, 37, 45, 19, 28, 27, 26, 47, 13, 14, 52, 11, 51, 33, 43, 10, 9, 8, 31, 18, 3, 17, 21, 42, 7, 2, 22]

Individual 56:
  Route length: 10783
  Contribution to Diversity: 0.0021313924208223867
  Route: [1, 49, 36, 35, 34, 44, 46, 16, 29, 50, 4, 5, 31, 18, 3, 17, 21, 42, 7, 2, 30, 23, 20, 6, 15, 25, 12, 28, 27, 26, 47, 13, 14, 52, 11, 51, 19, 41, 8, 9, 10, 43, 39, 32, 45, 33, 40, 38, 37, 48, 24, 22]

Individual 57:
  Route length: 13063
  Contribution to Diversity: 0
  Route: [38, 23, 30, 18, 31, 8, 9, 10, 43, 33, 51, 11, 14, 52, 13, 47, 26, 1, 37, 40, 39, 36, 35, 7, 42, 21, 17, 3, 41, 19, 45, 32, 49, 27, 28, 12, 25, 4, 6, 15, 48, 24, 5, 20, 50, 44, 46, 16, 29, 34, 2, 22]

Individual 58:
  Route length: 12191
  Contribution to Diversity: 0
  Route: [38, 23, 30, 41, 12, 47, 26, 27, 28, 19, 45, 37, 1, 49, 32, 40, 39, 36, 35, 34, 44, 46, 16, 29, 50, 20, 5, 24, 48, 15, 6, 4, 25, 13, 14, 52, 11, 51, 33, 43, 10, 9, 8, 31, 18, 3, 17, 21, 42, 7, 2, 22]

Individual 59:
  Route length: 13645
  Contribution to Diversity: 0.0007463772865499152
  Route: [8, 41, 19, 45, 32, 49, 1, 9, 13, 10, 43, 33, 51, 38, 37, 40, 39, 36, 35, 15, 6, 4, 25, 12, 28, 27, 26, 47, 14, 52, 11, 48, 24, 5, 29, 50, 20, 23, 30, 2, 16, 34, 44, 46, 42, 7, 21, 17, 3, 18, 31, 22]

Individual 60:
  Route length: 12171
  Contribution to Diversity: 0
  Route: [1, 12, 28, 3, 10, 9, 8, 41, 19, 45, 32, 49, 25, 52, 14, 13, 47, 26, 27, 18, 17, 21, 42, 7, 2, 30, 23, 20, 50, 29, 16, 46, 44, 34, 38, 48, 24, 5, 15, 6, 4, 35, 36, 39, 40, 37, 11, 51, 33, 43, 31, 22]

Individual 61:
  Route length: 14114
  Contribution to Diversity: 0.0006944599417719743
  Route: [7, 35, 36, 39, 40, 37, 1, 26, 47, 13, 52, 14, 11, 51, 33, 43, 10, 9, 8, 31, 18, 30, 23, 38, 42, 21, 17, 3, 41, 19, 45, 32, 49, 27, 28, 12, 25, 4, 6, 15, 48, 24, 5, 20, 50, 44, 46, 16, 29, 34, 2, 22]

Individual 62:
  Route length: 11896
  Contribution to Diversity: 0
  Route: [1, 49, 32, 45, 19, 41, 8, 9, 10, 31, 30, 23, 20, 50, 29, 38, 39, 40, 37, 36, 35, 34, 44, 46, 16, 52, 14, 13, 47, 26, 27, 28, 12, 25, 15, 6, 4, 5, 24, 3, 18, 17, 21, 42, 7, 2, 43, 48, 11, 51, 33, 22]

Individual 63:
  Route length: 12810
  Contribution to Diversity: 0
  Route: [38, 23, 30, 41, 19, 27, 28, 12, 25, 33, 4, 6, 15, 48, 24, 5, 20, 50, 29, 16, 46, 44, 34, 35, 36, 39, 40, 32, 49, 1, 37, 45, 26, 47, 13, 52, 14, 11, 51, 43, 10, 9, 8, 31, 18, 3, 17, 21, 42, 7, 2, 22]

Individual 64:
  Route length: 13932
  Contribution to Diversity: 0.0008470003042333474
  Route: [1, 49, 32, 45, 19, 41, 8, 14, 52, 11, 51, 35, 34, 44, 6, 15, 42, 7, 2, 30, 23, 20, 50, 17, 21, 5, 24, 47, 26, 48, 38, 37, 40, 39, 36, 4, 25, 12, 28, 27, 13, 9, 10, 43, 33, 46, 16, 29, 3, 18, 31, 22]

Individual 65:
  Route length: 14049
  Contribution to Diversity: 0.0003933094055961206
  Route: [1, 18, 3, 17, 21, 42, 11, 52, 27, 26, 6, 4, 25, 12, 28, 14, 13, 47, 15, 5, 24, 48, 46, 44, 34, 35, 36, 39, 40, 37, 38, 16, 9, 10, 43, 33, 51, 7, 2, 30, 23, 19, 41, 8, 29, 50, 20, 45, 32, 49, 31, 22]

Individual 66:
  Route length: 15075
  Contribution to Diversity: 0.0034108304752997753
  Route: [1, 17, 21, 42, 11, 52, 27, 15, 6, 4, 25, 29, 16, 46, 44, 34, 40, 39, 36, 9, 10, 43, 33, 38, 48, 20, 50, 12, 28, 14, 13, 47, 26, 5, 24, 23, 30, 2, 7, 51, 37, 35, 8, 41, 19, 45, 32, 49, 3, 18, 31, 22]

Individual 67:
  Route length: 14638
  Contribution to Diversity: 0.0015351910264396196
  Route: [1, 49, 14, 13, 51, 11, 52, 15, 6, 4, 25, 20, 50, 29, 16, 46, 44, 34, 35, 36, 39, 40, 37, 38, 48, 24, 5, 32, 45, 19, 41, 8, 9, 10, 3, 28, 12, 23, 30, 2, 7, 42, 21, 17, 18, 27, 26, 47, 33, 31, 43, 22]

Individual 68:
  Route length: 14674
  Contribution to Diversity: 0.0016254366413672727
  Route: [1, 5, 15, 50, 20, 27, 28, 4, 25, 12, 6, 29, 16, 46, 44, 34, 26, 8, 9, 10, 43, 33, 23, 30, 2, 7, 42, 21, 17, 3, 18, 48, 38, 37, 40, 39, 36, 35, 52, 14, 13, 47, 11, 51, 41, 19, 45, 32, 49, 24, 31, 22]

Individual 69:
  Route length: 12397
  Contribution to Diversity: 0.0030741429052429936
  Route: [1, 36, 39, 50, 29, 16, 26, 27, 28, 31, 18, 3, 17, 21, 32, 49, 35, 40, 20, 23, 30, 2, 7, 42, 45, 19, 41, 8, 9, 10, 43, 33, 51, 11, 52, 14, 48, 38, 37, 34, 44, 46, 47, 13, 24, 5, 15, 6, 4, 25, 12, 22]

Individual 70:
  Route length: 11866
  Contribution to Diversity: 0
  Route: [45, 37, 1, 49, 32, 40, 39, 36, 35, 34, 44, 46, 16, 29, 50, 20, 5, 24, 48, 15, 6, 4, 25, 12, 41, 30, 23, 38, 19, 28, 27, 26, 47, 13, 14, 52, 11, 51, 33, 43, 10, 9, 8, 31, 18, 3, 17, 21, 42, 7, 2, 22]

Individual 71:
  Route length: 13737
  Contribution to Diversity: 0.00039761757348877325
  Route: [1, 49, 32, 30, 41, 19, 45, 2, 7, 42, 21, 17, 3, 18, 31, 28, 27, 26, 16, 29, 50, 39, 36, 35, 34, 44, 46, 47, 13, 14, 6, 15, 5, 24, 48, 38, 37, 40, 20, 23, 8, 9, 10, 52, 11, 51, 33, 43, 4, 25, 12, 22]

Individual 72:
  Route length: 13980
  Contribution to Diversity: 0
  Route: [1, 49, 32, 45, 39, 40, 37, 38, 48, 24, 5, 15, 6, 4, 25, 12, 28, 18, 3, 17, 21, 42, 50, 29, 16, 46, 44, 34, 27, 23, 30, 14, 13, 47, 26, 20, 7, 2, 52, 11, 51, 33, 43, 10, 9, 8, 41, 19, 36, 35, 31, 22]

Individual 73:
  Route length: 12492
  Contribution to Diversity: 0
  Route: [1, 49, 32, 45, 19, 41, 8, 9, 10, 43, 2, 7, 42, 21, 17, 18, 3, 24, 5, 4, 20, 50, 29, 38, 39, 40, 37, 36, 35, 34, 44, 46, 16, 52, 14, 13, 47, 26, 27, 28, 12, 25, 15, 6, 23, 30, 31, 48, 11, 51, 33, 22]

Individual 74:
  Route length: 14243
  Contribution to Diversity: 0.0017606957519999966
  Route: [1, 49, 32, 45, 19, 50, 20, 8, 41, 29, 16, 46, 44, 34, 35, 5, 24, 30, 3, 17, 21, 15, 36, 39, 40, 37, 38, 48, 23, 43, 9, 10, 33, 51, 11, 52, 14, 28, 12, 25, 4, 6, 2, 7, 42, 47, 13, 27, 26, 18, 31, 22]

Individual 75:
  Route length: 14196
  Contribution to Diversity: 0.0008000158187879691
  Route: [1, 17, 21, 42, 11, 52, 27, 26, 47, 13, 14, 28, 12, 50, 20, 48, 38, 33, 43, 10, 9, 36, 39, 40, 37, 51, 7, 2, 30, 23, 24, 5, 15, 6, 4, 25, 29, 16, 35, 34, 44, 46, 8, 41, 19, 45, 32, 49, 3, 18, 31, 22]

Individual 76:
  Route length: 13004
  Contribution to Diversity: 0.0011609289180478655
  Route: [1, 49, 32, 45, 19, 50, 20, 23, 48, 38, 37, 40, 39, 36, 15, 6, 4, 25, 12, 28, 14, 52, 11, 51, 33, 43, 9, 8, 10, 41, 29, 16, 46, 21, 17, 3, 30, 24, 5, 35, 34, 44, 2, 7, 42, 47, 13, 27, 26, 18, 31, 22]

Individual 77:
  Route length: 13818
  Contribution to Diversity: 0.0020819428096414683
  Route: [1, 5, 15, 6, 10, 35, 29, 41, 19, 45, 32, 49, 24, 48, 38, 37, 40, 30, 23, 20, 50, 8, 9, 52, 14, 13, 47, 26, 27, 28, 4, 25, 12, 43, 33, 51, 11, 34, 44, 46, 16, 36, 39, 2, 7, 42, 21, 17, 3, 18, 31, 22]

Individual 78:
  Route length: 13003
  Contribution to Diversity: 0
  Route: [38, 23, 30, 41, 19, 27, 28, 12, 25, 40, 39, 36, 35, 34, 44, 46, 16, 29, 50, 20, 5, 24, 48, 15, 6, 4, 33, 32, 49, 1, 37, 45, 26, 47, 13, 52, 14, 11, 51, 43, 10, 9, 8, 31, 18, 3, 17, 21, 42, 7, 2, 22]

Individual 79:
  Route length: 15061
  Contribution to Diversity: 0.0025260196561571746
  Route: [1, 18, 48, 38, 37, 40, 16, 44, 34, 35, 36, 39, 24, 5, 15, 6, 21, 17, 32, 29, 46, 3, 45, 19, 41, 8, 9, 10, 28, 12, 25, 4, 42, 7, 2, 30, 23, 20, 26, 47, 13, 14, 33, 51, 11, 52, 43, 27, 50, 49, 31, 22]

Individual 80:
  Route length: 14585
  Contribution to Diversity: 0.0018955944800449487
  Route: [1, 45, 32, 49, 51, 7, 30, 23, 39, 36, 35, 34, 44, 46, 16, 9, 8, 41, 19, 33, 43, 10, 29, 50, 20, 40, 37, 38, 48, 24, 5, 15, 6, 4, 25, 12, 11, 52, 27, 26, 47, 13, 14, 28, 42, 21, 17, 3, 2, 18, 31, 22]

Individual 81:
  Route length: 14558
  Contribution to Diversity: 0.0012914739225395877
  Route: [1, 49, 2, 7, 42, 4, 25, 12, 28, 27, 50, 46, 29, 32, 17, 21, 6, 15, 5, 24, 3, 45, 19, 41, 8, 9, 10, 43, 52, 11, 51, 33, 14, 13, 47, 26, 20, 23, 16, 44, 34, 35, 36, 39, 30, 40, 37, 38, 48, 18, 31, 22]

Individual 82:
  Route length: 13300
  Contribution to Diversity: 0.003763092223064035
  Route: [1, 49, 26, 27, 28, 12, 25, 20, 50, 29, 16, 37, 40, 39, 36, 35, 34, 44, 46, 38, 17, 3, 9, 42, 21, 48, 24, 5, 15, 6, 4, 23, 30, 2, 7, 10, 43, 33, 51, 11, 52, 14, 13, 47, 32, 45, 19, 41, 8, 18, 31, 22]

Individual 83:
  Route length: 12022
  Contribution to Diversity: 0
  Route: [38, 23, 30, 41, 12, 28, 27, 26, 47, 19, 45, 37, 1, 49, 32, 40, 39, 36, 35, 34, 44, 46, 16, 29, 50, 20, 5, 24, 48, 15, 6, 4, 25, 13, 14, 52, 11, 51, 33, 43, 10, 9, 8, 31, 18, 3, 17, 21, 42, 7, 2, 22]

Individual 84:
  Route length: 13672
  Contribution to Diversity: 0.0031950749317477545
  Route: [1, 49, 32, 45, 19, 10, 9, 8, 41, 43, 25, 30, 23, 20, 21, 42, 7, 2, 4, 52, 14, 40, 37, 38, 24, 48, 5, 15, 6, 11, 51, 33, 12, 28, 27, 26, 47, 13, 50, 17, 3, 16, 29, 39, 36, 35, 34, 44, 46, 18, 31, 22]

Individual 85:
  Route length: 14277
  Contribution to Diversity: 0.0010956433556135181
  Route: [1, 5, 15, 6, 4, 25, 12, 28, 27, 20, 50, 24, 49, 32, 36, 39, 40, 37, 38, 48, 18, 3, 17, 21, 42, 7, 2, 30, 23, 33, 43, 10, 9, 8, 26, 34, 44, 46, 16, 35, 52, 14, 13, 47, 11, 51, 41, 19, 45, 29, 31, 22]

Individual 86:
  Route length: 13423
  Contribution to Diversity: 0.0010822489200510432
  Route: [1, 49, 32, 45, 19, 41, 8, 9, 5, 24, 3, 18, 17, 21, 42, 7, 2, 43, 10, 4, 20, 50, 29, 38, 39, 40, 37, 36, 35, 34, 44, 46, 16, 52, 14, 13, 47, 26, 27, 28, 12, 25, 15, 6, 23, 30, 31, 48, 11, 51, 33, 22]

Individual 87:
  Route length: 13411
  Contribution to Diversity: 0
  Route: [38, 23, 30, 41, 19, 27, 28, 12, 25, 51, 5, 20, 50, 29, 16, 46, 44, 34, 35, 36, 39, 40, 32, 49, 1, 37, 45, 26, 47, 13, 52, 14, 11, 24, 48, 15, 6, 4, 33, 43, 10, 9, 8, 31, 18, 3, 17, 21, 42, 7, 2, 22]

Individual 88:
  Route length: 15072
  Contribution to Diversity: 0.0019678195406624965
  Route: [1, 49, 50, 27, 23, 30, 2, 7, 42, 4, 25, 12, 28, 20, 26, 47, 13, 14, 33, 51, 11, 52, 43, 10, 9, 8, 41, 19, 45, 3, 24, 5, 15, 6, 21, 17, 32, 29, 46, 39, 36, 37, 40, 16, 44, 34, 35, 38, 48, 18, 31, 22]

Individual 89:
  Route length: 13055
  Contribution to Diversity: 0.0004676330654369565
  Route: [1, 12, 28, 3, 10, 9, 8, 41, 19, 45, 32, 49, 25, 52, 14, 13, 47, 26, 27, 18, 17, 21, 42, 7, 2, 37, 40, 39, 36, 35, 4, 6, 15, 5, 24, 48, 38, 34, 44, 46, 16, 29, 50, 20, 23, 30, 11, 51, 33, 43, 31, 22]

Individual 90:
  Route length: 11907
  Contribution to Diversity: 0
  Route: [38, 25, 4, 6, 15, 48, 24, 5, 20, 50, 44, 46, 16, 29, 34, 35, 36, 39, 40, 37, 1, 26, 47, 13, 52, 14, 11, 51, 33, 43, 10, 9, 8, 31, 18, 30, 23, 12, 28, 27, 49, 32, 45, 19, 41, 3, 17, 21, 42, 7, 2, 22]

Individual 91:
  Route length: 14249
  Contribution to Diversity: 0.0012705904836307624
  Route: [1, 18, 3, 17, 21, 42, 13, 14, 28, 12, 25, 4, 6, 26, 27, 52, 11, 47, 15, 5, 24, 48, 46, 44, 34, 35, 36, 39, 40, 37, 38, 16, 9, 10, 43, 33, 51, 7, 2, 30, 23, 19, 41, 8, 29, 50, 20, 45, 32, 49, 31, 22]

Individual 92:
  Route length: 14112
  Contribution to Diversity: 0.0010736701584468378
  Route: [1, 45, 32, 49, 25, 4, 6, 15, 16, 9, 10, 43, 33, 51, 7, 2, 30, 23, 20, 50, 29, 8, 41, 19, 12, 11, 52, 27, 26, 46, 44, 34, 31, 18, 3, 17, 21, 42, 28, 14, 13, 47, 5, 24, 48, 38, 37, 40, 39, 36, 35, 22]

Individual 93:
  Route length: 11604
  Contribution to Diversity: 0.004130583775980412
  Route: [1, 49, 36, 2, 7, 42, 21, 17, 3, 18, 31, 5, 4, 50, 29, 16, 46, 44, 34, 35, 30, 23, 20, 6, 15, 25, 12, 28, 27, 26, 47, 13, 14, 52, 11, 51, 19, 41, 8, 9, 10, 43, 39, 32, 45, 33, 40, 38, 37, 48, 24, 22]

Individual 94:
  Route length: 14144
  Contribution to Diversity: 0.0008881093295283193
  Route: [38, 23, 30, 41, 19, 27, 28, 12, 25, 51, 5, 20, 50, 29, 16, 46, 44, 34, 35, 36, 39, 40, 10, 43, 33, 4, 6, 15, 48, 24, 11, 14, 52, 13, 47, 26, 45, 37, 1, 49, 32, 9, 8, 31, 18, 3, 17, 21, 42, 7, 2, 22]

Individual 95:
  Route length: 14255
  Contribution to Diversity: 0.0017256732879697978
  Route: [1, 49, 32, 45, 39, 40, 37, 38, 48, 25, 4, 6, 15, 5, 24, 12, 28, 18, 3, 17, 21, 42, 50, 29, 16, 46, 44, 34, 27, 23, 30, 14, 13, 47, 26, 20, 7, 2, 52, 11, 51, 33, 43, 10, 9, 8, 41, 19, 36, 35, 31, 22]

Individual 96:
  Route length: 14185
  Contribution to Diversity: 0.002012935209319444
  Route: [48, 24, 5, 15, 43, 52, 14, 13, 47, 44, 46, 16, 29, 11, 51, 33, 6, 4, 25, 23, 20, 18, 31, 40, 37, 41, 19, 45, 32, 49, 1, 38, 8, 9, 10, 50, 3, 17, 21, 42, 7, 2, 30, 12, 28, 27, 26, 34, 35, 36, 39, 22]

Individual 97:
  Route length: 14977
  Contribution to Diversity: 0.0030876057798066014
  Route: [1, 49, 2, 7, 42, 4, 51, 11, 52, 43, 10, 9, 8, 41, 19, 45, 3, 24, 5, 15, 6, 21, 17, 32, 29, 46, 50, 27, 28, 12, 25, 33, 14, 13, 47, 26, 20, 23, 16, 44, 34, 35, 36, 39, 30, 40, 37, 38, 48, 18, 31, 22]

Individual 98:
  Route length: 12616
  Contribution to Diversity: 0
  Route: [38, 23, 30, 41, 12, 25, 4, 6, 15, 48, 24, 26, 27, 28, 19, 45, 37, 1, 49, 32, 40, 39, 36, 35, 34, 44, 46, 16, 29, 50, 20, 5, 47, 13, 14, 52, 11, 51, 33, 43, 10, 9, 8, 31, 18, 3, 17, 21, 42, 7, 2, 22]

Individual 99:
  Route length: 14633
  Contribution to Diversity: 0
  Route: [38, 23, 30, 41, 12, 28, 27, 26, 47, 19, 45, 37, 1, 49, 32, 40, 39, 36, 35, 34, 44, 46, 16, 29, 50, 20, 5, 24, 48, 15, 6, 4, 25, 13, 42, 21, 17, 3, 18, 31, 8, 9, 10, 43, 33, 51, 11, 52, 14, 7, 2, 22]

Total Entropy H: 5.062223512849553
