Individual 0:
  Route length: 8294
  Contribution to Diversity: 0.0005834739372616582
  Route: [1, 40, 37, 38, 48, 24, 25, 4, 6, 15, 5, 12, 28, 27, 26, 47, 13, 14, 52, 11, 51, 33, 43, 10, 9, 8, 45, 19, 41, 32, 49, 39, 36, 35, 34, 44, 46, 16, 29, 50, 20, 23, 30, 2, 7, 42, 21, 17, 3, 18, 31, 22]

Individual 1:
  Route length: 8258
  Contribution to Diversity: 0.00028189003039091887
  Route: [1, 5, 24, 48, 38, 37, 40, 15, 6, 4, 25, 12, 28, 27, 26, 47, 13, 14, 52, 11, 51, 33, 43, 10, 8, 9, 41, 19, 45, 32, 49, 39, 35, 36, 34, 46, 44, 16, 29, 50, 20, 23, 30, 2, 7, 42, 21, 17, 3, 18, 31, 22]

Individual 2:
  Route length: 8279
  Contribution to Diversity: 0.000604338742499877
  Route: [18, 32, 45, 19, 41, 8, 9, 10, 43, 33, 51, 11, 52, 14, 13, 26, 47, 27, 28, 12, 25, 4, 6, 15, 5, 24, 48, 38, 37, 40, 39, 36, 35, 34, 44, 1, 49, 46, 16, 29, 50, 20, 23, 30, 2, 7, 42, 21, 31, 3, 17, 22]

Individual 3:
  Route length: 8256
  Contribution to Diversity: 0.0004893635781737515
  Route: [1, 49, 32, 45, 19, 41, 8, 9, 10, 43, 33, 51, 11, 52, 14, 13, 27, 28, 26, 47, 12, 25, 4, 40, 39, 36, 37, 5, 24, 48, 38, 15, 6, 35, 34, 44, 46, 16, 29, 20, 50, 23, 30, 2, 7, 42, 21, 17, 3, 18, 31, 22]

Individual 4:
  Route length: 8268
  Contribution to Diversity: 0.0009866254101700278
  Route: [1, 49, 32, 45, 41, 19, 8, 9, 10, 33, 43, 51, 11, 52, 14, 13, 27, 28, 26, 47, 12, 25, 4, 6, 15, 5, 24, 48, 38, 37, 36, 39, 40, 35, 34, 44, 46, 16, 29, 50, 20, 23, 30, 2, 7, 42, 21, 17, 3, 18, 31, 22]

Individual 5:
  Route length: 8241
  Contribution to Diversity: 2.8728968100466545e-05
  Route: [20, 50, 1, 49, 32, 45, 19, 41, 8, 9, 10, 43, 33, 51, 11, 52, 14, 13, 47, 26, 27, 28, 12, 25, 4, 6, 15, 5, 24, 48, 38, 37, 40, 34, 35, 36, 39, 44, 46, 16, 29, 23, 42, 7, 2, 30, 21, 17, 3, 18, 31, 22]

Individual 6:
  Route length: 8290
  Contribution to Diversity: 0.000878308204381284
  Route: [49, 1, 40, 37, 39, 32, 45, 19, 41, 8, 9, 10, 43, 33, 51, 11, 52, 14, 13, 47, 26, 27, 28, 12, 25, 46, 44, 34, 35, 36, 48, 38, 24, 5, 15, 6, 4, 16, 29, 50, 20, 23, 30, 2, 7, 42, 21, 17, 3, 18, 31, 22]

Individual 7:
  Route length: 8258
  Contribution to Diversity: 0.0005158876175901383
  Route: [1, 49, 45, 32, 19, 41, 8, 9, 10, 43, 33, 51, 11, 52, 13, 14, 47, 26, 27, 28, 12, 25, 4, 6, 15, 5, 36, 35, 34, 44, 46, 37, 38, 24, 48, 39, 40, 16, 29, 50, 20, 23, 30, 2, 7, 42, 21, 17, 3, 18, 31, 22]

Individual 8:
  Route length: 8290
  Contribution to Diversity: 0.000982169607763872
  Route: [1, 49, 32, 45, 19, 41, 9, 8, 10, 43, 33, 51, 11, 52, 14, 13, 47, 26, 27, 28, 12, 25, 4, 6, 15, 40, 37, 38, 48, 24, 5, 39, 35, 36, 34, 46, 44, 16, 29, 50, 20, 23, 21, 42, 7, 2, 30, 17, 3, 18, 31, 22]

Individual 9:
  Route length: 8288
  Contribution to Diversity: 0.0003907792889155104
  Route: [18, 3, 17, 21, 42, 7, 2, 30, 23, 20, 50, 29, 16, 46, 44, 34, 35, 36, 39, 38, 37, 40, 48, 24, 5, 15, 6, 4, 25, 12, 26, 28, 27, 47, 13, 14, 52, 11, 51, 33, 43, 9, 10, 41, 8, 19, 45, 32, 49, 31, 1, 22]

Individual 10:
  Route length: 8280
  Contribution to Diversity: 0.00041231860665913445
  Route: [1, 49, 31, 18, 3, 17, 21, 42, 7, 2, 30, 23, 20, 50, 29, 16, 46, 44, 34, 36, 35, 38, 48, 15, 39, 40, 37, 5, 24, 6, 4, 25, 12, 28, 27, 26, 47, 13, 14, 52, 11, 51, 33, 43, 10, 9, 8, 41, 19, 32, 45, 22]

Individual 11:
  Route length: 8232
  Contribution to Diversity: 0.0003497534007461667
  Route: [18, 3, 17, 21, 42, 7, 2, 30, 23, 20, 50, 29, 16, 46, 44, 34, 35, 36, 39, 38, 37, 40, 48, 24, 5, 15, 6, 4, 25, 12, 26, 27, 28, 47, 14, 13, 52, 11, 51, 33, 43, 9, 10, 41, 8, 19, 45, 32, 49, 1, 31, 22]

Individual 12:
  Route length: 8252
  Contribution to Diversity: 0.0010544091843511794
  Route: [1, 49, 32, 45, 19, 41, 8, 9, 10, 43, 33, 51, 11, 52, 14, 13, 47, 28, 27, 26, 12, 25, 4, 5, 15, 6, 24, 48, 36, 38, 40, 39, 37, 35, 34, 44, 46, 16, 29, 50, 20, 23, 30, 21, 42, 7, 2, 17, 3, 18, 31, 22]

Individual 13:
  Route length: 8292
  Contribution to Diversity: 3.5464826900977187e-05
  Route: [1, 40, 37, 15, 6, 4, 25, 12, 11, 52, 14, 13, 47, 26, 27, 28, 51, 33, 43, 10, 9, 8, 41, 19, 45, 32, 49, 38, 5, 24, 48, 39, 35, 36, 34, 44, 46, 16, 29, 50, 20, 23, 30, 42, 7, 2, 21, 17, 3, 18, 31, 22]

Individual 14:
  Route length: 8279
  Contribution to Diversity: 0.00035680066606325056
  Route: [18, 3, 17, 21, 42, 7, 2, 30, 23, 20, 50, 29, 16, 34, 40, 39, 36, 35, 44, 46, 37, 38, 15, 5, 24, 48, 6, 4, 25, 12, 28, 27, 26, 47, 52, 14, 13, 11, 51, 33, 43, 10, 9, 8, 41, 19, 45, 32, 49, 1, 31, 22]

Individual 15:
  Route length: 8294
  Contribution to Diversity: 0.0006521102825463032
  Route: [1, 49, 32, 45, 19, 41, 8, 9, 10, 43, 33, 51, 11, 52, 14, 13, 47, 26, 27, 28, 12, 25, 4, 6, 15, 5, 40, 37, 44, 24, 39, 36, 35, 34, 38, 48, 46, 16, 29, 20, 50, 2, 7, 42, 30, 23, 21, 17, 3, 18, 31, 22]

Individual 16:
  Route length: 8284
  Contribution to Diversity: 7.757993433088473e-05
  Route: [1, 49, 32, 45, 19, 9, 8, 41, 10, 43, 33, 51, 11, 52, 14, 13, 47, 26, 27, 28, 12, 25, 5, 15, 4, 24, 40, 37, 38, 6, 48, 39, 36, 35, 34, 44, 46, 16, 29, 50, 20, 23, 30, 2, 7, 42, 21, 17, 3, 18, 31, 22]

Individual 17:
  Route length: 8261
  Contribution to Diversity: 0.00016313497793785103
  Route: [20, 50, 1, 49, 32, 45, 19, 41, 8, 9, 10, 43, 33, 51, 11, 52, 14, 13, 47, 26, 27, 28, 12, 25, 4, 6, 15, 5, 24, 48, 38, 37, 40, 39, 36, 35, 44, 34, 46, 16, 29, 23, 2, 7, 42, 30, 21, 17, 3, 18, 31, 22]

Individual 18:
  Route length: 8279
  Contribution to Diversity: 0.0003802068366063338
  Route: [45, 40, 39, 36, 35, 34, 37, 38, 48, 24, 5, 15, 6, 4, 25, 12, 28, 27, 26, 47, 13, 14, 52, 11, 51, 33, 43, 10, 9, 8, 41, 19, 32, 49, 1, 44, 46, 16, 29, 50, 20, 23, 30, 2, 7, 42, 21, 17, 18, 3, 31, 22]

Individual 19:
  Route length: 8286
  Contribution to Diversity: 0.0010020055953541274
  Route: [1, 49, 32, 40, 39, 37, 36, 44, 34, 35, 45, 19, 41, 9, 8, 10, 43, 33, 51, 11, 52, 14, 13, 47, 26, 27, 28, 12, 25, 4, 6, 15, 5, 48, 24, 38, 46, 16, 29, 50, 20, 23, 30, 42, 7, 2, 21, 17, 3, 18, 31, 22]

Individual 20:
  Route length: 8295
  Contribution to Diversity: 0.001106450442790674
  Route: [1, 49, 32, 45, 19, 41, 10, 9, 8, 43, 33, 51, 11, 52, 14, 13, 47, 26, 27, 28, 12, 25, 4, 24, 39, 37, 36, 35, 34, 48, 40, 5, 15, 6, 38, 44, 46, 16, 29, 50, 20, 23, 30, 2, 7, 42, 21, 17, 3, 18, 31, 22]

Individual 21:
  Route length: 8276
  Contribution to Diversity: 0.0001238844129218819
  Route: [32, 45, 19, 41, 9, 8, 10, 43, 33, 51, 11, 52, 14, 13, 47, 26, 27, 28, 12, 25, 4, 6, 15, 38, 48, 24, 5, 37, 1, 49, 40, 39, 36, 35, 34, 46, 44, 16, 29, 50, 20, 23, 30, 2, 7, 42, 21, 17, 3, 18, 31, 22]

Individual 22:
  Route length: 8254
  Contribution to Diversity: 0.0005885643986038858
  Route: [1, 48, 24, 5, 38, 49, 32, 45, 19, 41, 8, 9, 10, 43, 33, 51, 28, 27, 26, 47, 13, 14, 52, 11, 12, 25, 4, 6, 15, 37, 40, 39, 36, 35, 34, 44, 46, 16, 29, 50, 20, 23, 30, 42, 2, 7, 21, 17, 3, 18, 31, 22]

Individual 23:
  Route length: 8246
  Contribution to Diversity: 0.0006306592820601864
  Route: [1, 35, 34, 48, 24, 5, 15, 40, 38, 37, 49, 36, 39, 6, 4, 25, 12, 28, 27, 26, 47, 13, 14, 52, 11, 51, 33, 43, 10, 9, 41, 8, 19, 45, 32, 44, 46, 16, 29, 50, 20, 23, 30, 2, 7, 42, 21, 17, 3, 18, 31, 22]

Individual 24:
  Route length: 8267
  Contribution to Diversity: 0.0004505461734751748
  Route: [1, 49, 32, 45, 19, 41, 8, 9, 10, 43, 33, 51, 11, 52, 13, 14, 47, 26, 27, 28, 12, 25, 4, 6, 15, 5, 24, 34, 44, 37, 38, 48, 36, 35, 40, 39, 46, 16, 29, 50, 20, 42, 7, 2, 30, 23, 21, 17, 3, 18, 31, 22]

Individual 25:
  Route length: 8252
  Contribution to Diversity: 0.0003273552804659019
  Route: [1, 49, 32, 45, 19, 41, 8, 9, 10, 43, 33, 51, 11, 52, 14, 13, 47, 26, 27, 28, 12, 25, 4, 6, 15, 5, 24, 40, 39, 36, 35, 34, 37, 44, 38, 48, 46, 16, 29, 30, 7, 42, 2, 20, 50, 23, 21, 17, 3, 18, 31, 22]

Individual 26:
  Route length: 8278
  Contribution to Diversity: 0.0002352610679166034
  Route: [18, 3, 17, 21, 42, 7, 2, 30, 23, 20, 50, 29, 16, 46, 44, 34, 35, 36, 39, 48, 40, 37, 38, 24, 5, 15, 6, 4, 25, 12, 26, 28, 27, 47, 13, 14, 52, 11, 51, 33, 43, 9, 10, 41, 8, 19, 45, 32, 49, 1, 31, 22]

Individual 27:
  Route length: 8246
  Contribution to Diversity: 0.0003267424358419646
  Route: [31, 18, 3, 17, 21, 42, 7, 2, 30, 23, 20, 50, 29, 16, 46, 44, 34, 35, 36, 39, 6, 4, 25, 12, 11, 52, 13, 14, 47, 26, 27, 28, 51, 33, 43, 10, 9, 8, 41, 19, 45, 32, 40, 24, 48, 5, 15, 38, 37, 49, 1, 22]

Individual 28:
  Route length: 8279
  Contribution to Diversity: 0.00011641365160564021
  Route: [1, 49, 32, 45, 19, 41, 8, 9, 10, 43, 33, 51, 11, 52, 14, 13, 47, 26, 27, 28, 12, 25, 4, 38, 15, 5, 24, 48, 6, 37, 34, 35, 36, 39, 40, 44, 46, 16, 30, 42, 7, 2, 29, 50, 20, 23, 21, 17, 3, 18, 31, 22]

Individual 29:
  Route length: 8278
  Contribution to Diversity: 0.0001898346470783352
  Route: [31, 18, 3, 17, 21, 42, 7, 2, 30, 23, 50, 20, 29, 16, 48, 24, 5, 34, 44, 36, 39, 40, 37, 35, 46, 38, 15, 6, 4, 25, 12, 28, 47, 26, 27, 13, 14, 52, 11, 51, 33, 43, 10, 9, 8, 41, 19, 45, 32, 49, 1, 22]

Individual 30:
  Route length: 8289
  Contribution to Diversity: 5.301037111138385e-05
  Route: [39, 48, 24, 5, 37, 1, 49, 32, 45, 19, 41, 8, 9, 10, 43, 33, 51, 11, 52, 14, 13, 27, 26, 47, 28, 12, 25, 4, 6, 15, 38, 40, 36, 44, 34, 35, 46, 16, 29, 50, 20, 23, 30, 2, 7, 42, 21, 17, 3, 18, 31, 22]

Individual 31:
  Route length: 8292
  Contribution to Diversity: 3.5464826900977187e-05
  Route: [31, 18, 3, 17, 21, 2, 7, 42, 30, 23, 20, 50, 29, 16, 46, 44, 34, 36, 35, 39, 48, 24, 5, 38, 49, 32, 45, 19, 41, 8, 9, 10, 43, 33, 51, 28, 27, 26, 47, 13, 14, 52, 11, 12, 25, 4, 6, 15, 37, 40, 1, 22]

Individual 32:
  Route length: 8284
  Contribution to Diversity: 0.0007530496027845501
  Route: [18, 31, 21, 42, 7, 2, 30, 23, 50, 20, 29, 16, 46, 49, 1, 44, 34, 35, 36, 39, 40, 37, 38, 48, 24, 5, 15, 6, 4, 25, 12, 28, 27, 47, 26, 13, 14, 52, 11, 51, 33, 43, 10, 9, 8, 41, 19, 45, 32, 3, 17, 22]

Individual 33:
  Route length: 8293
  Contribution to Diversity: 0.0005435476060382527
  Route: [18, 31, 21, 42, 7, 2, 30, 23, 20, 50, 29, 16, 46, 49, 17, 3, 32, 45, 19, 41, 8, 9, 10, 43, 33, 51, 11, 52, 14, 13, 26, 47, 27, 28, 12, 25, 4, 6, 15, 5, 24, 48, 38, 37, 40, 39, 36, 35, 34, 44, 1, 22]

Individual 34:
  Route length: 8252
  Contribution to Diversity: 0.0005440836714081243
  Route: [1, 49, 32, 45, 19, 41, 8, 9, 10, 43, 33, 51, 11, 52, 14, 13, 47, 26, 27, 28, 12, 25, 4, 6, 15, 5, 24, 40, 39, 36, 35, 34, 37, 44, 38, 48, 46, 16, 29, 2, 42, 7, 30, 20, 50, 23, 21, 17, 3, 18, 31, 22]

Individual 35:
  Route length: 8276
  Contribution to Diversity: 0.00071987388281336
  Route: [1, 49, 32, 45, 19, 41, 8, 9, 10, 43, 33, 51, 11, 52, 14, 13, 27, 28, 26, 47, 12, 25, 4, 6, 15, 24, 48, 38, 46, 44, 34, 35, 5, 40, 39, 37, 36, 16, 29, 50, 20, 23, 30, 2, 7, 42, 21, 17, 3, 18, 31, 22]

Individual 36:
  Route length: 8267
  Contribution to Diversity: 0.00047544775579133614
  Route: [1, 49, 32, 45, 19, 9, 8, 41, 10, 43, 33, 51, 11, 52, 14, 13, 47, 26, 27, 28, 12, 25, 5, 15, 4, 24, 40, 48, 6, 38, 37, 39, 36, 35, 34, 44, 46, 16, 29, 50, 20, 23, 30, 2, 7, 42, 21, 17, 3, 18, 31, 22]

Individual 37:
  Route length: 8245
  Contribution to Diversity: 0.0012703471866943872
  Route: [1, 49, 32, 45, 19, 41, 8, 9, 10, 43, 33, 51, 11, 52, 14, 13, 47, 26, 27, 28, 12, 25, 4, 15, 6, 5, 40, 37, 39, 38, 34, 35, 36, 44, 24, 48, 46, 16, 29, 20, 50, 42, 7, 2, 30, 23, 21, 17, 3, 18, 31, 22]

Individual 38:
  Route length: 8130
  Contribution to Diversity: 0.00033367408547047006
  Route: [1, 18, 3, 17, 21, 42, 7, 2, 30, 23, 20, 50, 29, 16, 46, 37, 5, 24, 48, 40, 38, 15, 6, 4, 25, 12, 28, 47, 26, 27, 13, 14, 52, 11, 51, 33, 43, 10, 9, 8, 41, 19, 45, 32, 49, 36, 39, 35, 34, 44, 31, 22]

Individual 39:
  Route length: 8254
  Contribution to Diversity: 0.0006618165185763303
  Route: [1, 39, 38, 40, 37, 48, 24, 5, 15, 6, 4, 25, 12, 26, 27, 28, 47, 13, 14, 52, 11, 51, 33, 43, 10, 9, 8, 41, 19, 45, 32, 34, 35, 49, 36, 44, 46, 16, 29, 50, 20, 23, 30, 7, 2, 42, 21, 17, 3, 18, 31, 22]

Individual 40:
  Route length: 8266
  Contribution to Diversity: 0.0002422048726309356
  Route: [1, 49, 31, 18, 3, 17, 21, 42, 7, 2, 30, 23, 20, 50, 29, 16, 46, 44, 34, 35, 36, 38, 40, 39, 15, 48, 37, 5, 24, 6, 4, 25, 12, 28, 27, 26, 47, 13, 14, 52, 11, 51, 33, 43, 10, 9, 8, 41, 19, 32, 45, 22]

Individual 41:
  Route length: 8241
  Contribution to Diversity: 0.00016171007479925947
  Route: [1, 49, 32, 45, 19, 41, 8, 9, 10, 43, 33, 51, 11, 52, 14, 13, 47, 26, 28, 27, 12, 25, 6, 4, 15, 5, 24, 37, 40, 35, 48, 38, 39, 36, 46, 44, 34, 16, 29, 50, 20, 23, 30, 2, 7, 42, 21, 17, 3, 18, 31, 22]

Individual 42:
  Route length: 8250
  Contribution to Diversity: 0.00023116814279777742
  Route: [49, 1, 32, 45, 19, 41, 8, 9, 10, 43, 33, 51, 11, 52, 14, 13, 47, 26, 28, 27, 12, 25, 4, 6, 15, 24, 5, 38, 37, 48, 35, 40, 39, 36, 46, 44, 34, 16, 29, 50, 20, 23, 30, 2, 7, 42, 21, 17, 3, 18, 31, 22]

Individual 43:
  Route length: 8277
  Contribution to Diversity: 0.0005486378480483722
  Route: [1, 49, 32, 45, 19, 41, 8, 9, 10, 43, 33, 51, 11, 52, 14, 13, 47, 26, 27, 28, 12, 25, 4, 6, 15, 38, 39, 40, 37, 44, 36, 35, 34, 24, 5, 48, 46, 16, 29, 30, 2, 42, 7, 20, 50, 23, 21, 17, 3, 18, 31, 22]

Individual 44:
  Route length: 8244
  Contribution to Diversity: 0.000647514202520405
  Route: [32, 45, 19, 8, 41, 9, 10, 43, 33, 51, 11, 52, 14, 13, 47, 26, 27, 28, 12, 25, 4, 6, 39, 36, 49, 37, 38, 40, 15, 5, 24, 48, 34, 35, 1, 44, 46, 16, 29, 50, 20, 23, 30, 2, 7, 42, 21, 17, 3, 18, 31, 22]

Individual 45:
  Route length: 8289
  Contribution to Diversity: 0.0014895209495202621
  Route: [39, 40, 37, 24, 48, 38, 5, 15, 25, 12, 28, 27, 26, 47, 13, 14, 52, 11, 51, 33, 4, 6, 43, 10, 9, 8, 41, 19, 45, 32, 49, 1, 36, 34, 35, 44, 46, 16, 29, 50, 20, 23, 30, 2, 7, 42, 21, 17, 3, 18, 31, 22]

Individual 46:
  Route length: 8278
  Contribution to Diversity: 0.0004766939801106318
  Route: [1, 49, 32, 45, 19, 41, 8, 9, 10, 43, 33, 51, 11, 52, 14, 13, 47, 26, 27, 28, 12, 25, 5, 48, 40, 37, 38, 39, 15, 24, 6, 4, 36, 35, 34, 44, 46, 16, 29, 50, 20, 23, 31, 18, 3, 17, 21, 42, 7, 2, 30, 22]

Individual 47:
  Route length: 8270
  Contribution to Diversity: 0.001184359154574821
  Route: [35, 36, 39, 37, 40, 38, 48, 24, 5, 15, 6, 4, 25, 12, 28, 27, 26, 47, 13, 14, 52, 11, 51, 33, 43, 10, 9, 8, 41, 45, 19, 32, 49, 1, 34, 44, 46, 16, 29, 50, 31, 18, 3, 17, 21, 42, 7, 2, 30, 23, 20, 22]

Individual 48:
  Route length: 8250
  Contribution to Diversity: 0.0005120273113554674
  Route: [1, 49, 32, 45, 19, 41, 8, 9, 10, 43, 33, 51, 11, 52, 14, 13, 47, 26, 27, 28, 12, 25, 4, 6, 15, 5, 24, 38, 44, 37, 34, 35, 36, 39, 40, 48, 46, 16, 29, 30, 7, 42, 2, 20, 50, 23, 21, 17, 3, 18, 31, 22]

Individual 49:
  Route length: 8270
  Contribution to Diversity: 0.00034025220228262043
  Route: [1, 49, 32, 45, 19, 41, 8, 9, 10, 43, 33, 51, 11, 52, 14, 13, 47, 26, 27, 28, 12, 25, 4, 6, 15, 5, 24, 38, 44, 37, 48, 40, 39, 36, 35, 34, 46, 16, 29, 30, 7, 42, 2, 20, 50, 23, 21, 17, 3, 18, 31, 22]

Individual 50:
  Route length: 8228
  Contribution to Diversity: 4.246597847235023e-05
  Route: [1, 49, 32, 45, 19, 41, 8, 9, 10, 43, 33, 51, 11, 52, 14, 13, 47, 26, 27, 28, 12, 25, 39, 38, 37, 40, 48, 24, 15, 5, 6, 4, 36, 35, 34, 44, 46, 16, 29, 50, 20, 23, 31, 18, 3, 17, 21, 42, 7, 2, 30, 22]

Individual 51:
  Route length: 8274
  Contribution to Diversity: 9.129974146748765e-05
  Route: [31, 18, 32, 45, 19, 41, 8, 9, 10, 43, 33, 51, 11, 52, 14, 13, 47, 26, 28, 27, 12, 25, 5, 15, 24, 48, 38, 37, 40, 6, 4, 39, 36, 35, 34, 44, 46, 16, 29, 50, 20, 23, 30, 2, 7, 42, 21, 17, 3, 49, 1, 22]

Individual 52:
  Route length: 8269
  Contribution to Diversity: 0.000224903468200921
  Route: [1, 49, 31, 18, 3, 17, 21, 42, 7, 2, 30, 23, 20, 50, 29, 16, 46, 44, 34, 35, 36, 40, 38, 39, 15, 48, 37, 5, 24, 6, 4, 25, 12, 28, 27, 26, 47, 13, 14, 52, 11, 51, 33, 43, 10, 9, 8, 41, 19, 32, 45, 22]

Individual 53:
  Route length: 8177
  Contribution to Diversity: 0
  Route: [1, 49, 32, 45, 19, 41, 8, 9, 10, 43, 33, 51, 11, 52, 14, 13, 47, 28, 27, 26, 12, 25, 4, 5, 15, 6, 24, 48, 37, 36, 39, 40, 38, 34, 35, 44, 46, 16, 29, 50, 23, 20, 30, 2, 7, 42, 21, 17, 3, 18, 31, 22]

Individual 54:
  Route length: 8245
  Contribution to Diversity: 0
  Route: [1, 49, 32, 45, 19, 41, 8, 9, 10, 43, 33, 51, 11, 52, 14, 13, 47, 28, 27, 26, 12, 25, 4, 5, 15, 6, 24, 48, 40, 39, 36, 37, 38, 34, 35, 44, 46, 16, 29, 23, 20, 50, 30, 2, 7, 42, 21, 17, 3, 18, 31, 22]

Individual 55:
  Route length: 8291
  Contribution to Diversity: 0.00039056992924813017
  Route: [1, 40, 37, 15, 6, 4, 25, 12, 11, 52, 14, 13, 47, 26, 27, 28, 51, 33, 43, 10, 9, 8, 41, 19, 45, 32, 49, 44, 34, 36, 35, 39, 48, 24, 5, 38, 46, 16, 29, 50, 20, 23, 30, 42, 7, 2, 21, 17, 3, 18, 31, 22]

Individual 56:
  Route length: 8175
  Contribution to Diversity: 0.0010925909386338972
  Route: [1, 39, 38, 40, 37, 48, 24, 5, 15, 6, 4, 25, 12, 26, 47, 28, 27, 13, 14, 52, 11, 51, 33, 43, 10, 9, 8, 41, 19, 45, 32, 34, 35, 49, 36, 44, 46, 16, 29, 50, 20, 23, 30, 7, 2, 42, 21, 17, 3, 18, 31, 22]

Individual 57:
  Route length: 8195
  Contribution to Diversity: 0.00011249766568877106
  Route: [1, 49, 32, 45, 19, 41, 9, 8, 10, 43, 33, 51, 11, 52, 14, 13, 47, 26, 27, 28, 12, 25, 4, 6, 15, 5, 24, 48, 36, 37, 38, 39, 34, 40, 35, 44, 46, 16, 29, 50, 20, 23, 30, 42, 7, 2, 21, 17, 3, 18, 31, 22]

Individual 58:
  Route length: 8235
  Contribution to Diversity: 0
  Route: [18, 31, 21, 42, 7, 2, 30, 23, 20, 29, 50, 16, 46, 34, 35, 36, 39, 40, 37, 38, 48, 24, 5, 15, 6, 4, 25, 12, 28, 27, 26, 47, 13, 14, 52, 11, 51, 33, 43, 10, 9, 8, 41, 19, 45, 32, 49, 44, 1, 3, 17, 22]

Individual 59:
  Route length: 8176
  Contribution to Diversity: 0
  Route: [31, 18, 3, 17, 21, 42, 7, 2, 30, 23, 20, 50, 29, 16, 46, 38, 34, 35, 44, 40, 39, 36, 37, 48, 24, 5, 15, 6, 4, 25, 12, 26, 27, 28, 47, 13, 14, 52, 11, 51, 33, 43, 10, 9, 8, 41, 19, 45, 32, 49, 1, 22]

Individual 60:
  Route length: 8262
  Contribution to Diversity: 0
  Route: [1, 35, 36, 39, 40, 37, 6, 15, 38, 48, 34, 46, 44, 24, 5, 4, 25, 12, 28, 27, 26, 47, 13, 14, 52, 11, 51, 33, 43, 10, 9, 8, 41, 19, 45, 32, 49, 16, 29, 50, 20, 23, 30, 42, 7, 2, 21, 17, 3, 18, 31, 22]

Individual 61:
  Route length: 8232
  Contribution to Diversity: 0.0007472827018339956
  Route: [49, 1, 32, 45, 19, 41, 8, 9, 10, 43, 33, 51, 11, 52, 14, 13, 47, 26, 28, 27, 12, 25, 4, 6, 5, 15, 24, 38, 37, 48, 35, 40, 39, 36, 46, 44, 34, 16, 29, 50, 20, 23, 30, 2, 7, 42, 21, 17, 3, 18, 31, 22]

Individual 62:
  Route length: 8280
  Contribution to Diversity: 4.438407371054609e-05
  Route: [1, 49, 32, 45, 19, 41, 8, 9, 10, 43, 33, 51, 11, 52, 14, 13, 47, 26, 27, 28, 12, 25, 4, 5, 24, 37, 46, 44, 40, 36, 39, 35, 15, 6, 38, 48, 34, 16, 29, 50, 20, 23, 30, 42, 7, 2, 21, 17, 3, 18, 31, 22]

Individual 63:
  Route length: 8253
  Contribution to Diversity: 0.0011274873678823738
  Route: [32, 49, 1, 45, 19, 41, 8, 9, 10, 43, 33, 51, 11, 52, 14, 13, 47, 26, 28, 27, 12, 25, 4, 6, 15, 5, 24, 37, 36, 34, 44, 46, 39, 35, 40, 38, 48, 16, 29, 50, 20, 23, 30, 2, 7, 42, 21, 17, 3, 18, 31, 22]

Individual 64:
  Route length: 7995
  Contribution to Diversity: 0
  Route: [1, 49, 32, 45, 19, 41, 8, 9, 10, 43, 33, 51, 11, 52, 13, 14, 47, 26, 27, 28, 12, 25, 4, 6, 15, 5, 34, 35, 36, 44, 46, 37, 38, 24, 48, 39, 40, 16, 29, 50, 20, 23, 30, 2, 7, 42, 21, 17, 3, 18, 31, 22]

Individual 65:
  Route length: 8240
  Contribution to Diversity: 0
  Route: [1, 49, 32, 45, 19, 41, 8, 9, 10, 43, 33, 51, 11, 52, 14, 13, 47, 26, 27, 28, 12, 25, 44, 31, 18, 3, 17, 21, 42, 7, 2, 30, 23, 20, 50, 29, 16, 46, 38, 48, 24, 5, 15, 6, 4, 39, 40, 37, 34, 35, 36, 22]

Individual 66:
  Route length: 8288
  Contribution to Diversity: 0.0009247987707787786
  Route: [1, 49, 32, 45, 19, 8, 41, 9, 10, 43, 33, 51, 11, 52, 14, 13, 47, 26, 28, 27, 12, 25, 4, 6, 48, 38, 40, 37, 24, 5, 15, 35, 39, 44, 46, 36, 34, 16, 29, 50, 20, 23, 30, 2, 7, 42, 21, 17, 3, 18, 31, 22]

Individual 67:
  Route length: 8294
  Contribution to Diversity: 0.0004741944030000056
  Route: [1, 49, 32, 45, 19, 41, 8, 9, 10, 43, 33, 51, 11, 52, 14, 13, 47, 26, 27, 28, 12, 25, 4, 5, 35, 39, 36, 40, 44, 46, 37, 24, 15, 6, 38, 48, 34, 16, 29, 50, 20, 23, 30, 42, 7, 2, 21, 17, 3, 18, 31, 22]

Individual 68:
  Route length: 8280
  Contribution to Diversity: 0.0005071013892017362
  Route: [1, 49, 32, 45, 19, 41, 8, 9, 10, 43, 33, 51, 11, 52, 14, 13, 47, 26, 27, 28, 12, 25, 4, 6, 15, 5, 24, 40, 39, 36, 35, 34, 37, 44, 48, 38, 46, 16, 29, 30, 2, 42, 7, 20, 50, 23, 21, 17, 3, 18, 31, 22]

Individual 69:
  Route length: 8044
  Contribution to Diversity: 0
  Route: [1, 49, 32, 45, 19, 41, 9, 8, 10, 43, 33, 51, 11, 52, 14, 13, 47, 26, 27, 28, 12, 25, 4, 6, 15, 5, 24, 48, 38, 37, 36, 39, 35, 40, 34, 44, 46, 16, 29, 50, 20, 23, 30, 42, 7, 2, 21, 17, 3, 18, 31, 22]

Individual 70:
  Route length: 8272
  Contribution to Diversity: 0
  Route: [1, 49, 32, 45, 19, 41, 8, 9, 10, 43, 33, 51, 11, 52, 14, 13, 47, 26, 27, 28, 12, 25, 37, 6, 48, 24, 5, 15, 38, 4, 34, 40, 35, 36, 39, 44, 46, 16, 29, 50, 20, 23, 30, 7, 2, 42, 21, 17, 3, 18, 31, 22]

Individual 71:
  Route length: 8293
  Contribution to Diversity: 0.00047272379536345
  Route: [1, 49, 18, 32, 45, 3, 17, 21, 42, 7, 2, 30, 23, 50, 20, 29, 16, 46, 44, 34, 35, 36, 39, 40, 37, 38, 48, 24, 5, 4, 6, 15, 25, 12, 28, 27, 26, 47, 13, 14, 52, 11, 51, 33, 43, 10, 9, 8, 41, 19, 31, 22]

Individual 72:
  Route length: 8216
  Contribution to Diversity: 0.000278279906123835
  Route: [1, 49, 32, 45, 19, 41, 8, 9, 10, 43, 33, 51, 11, 52, 14, 13, 47, 26, 27, 28, 12, 25, 4, 5, 24, 46, 37, 15, 6, 38, 40, 44, 35, 36, 39, 48, 34, 16, 29, 50, 20, 23, 30, 42, 7, 2, 21, 17, 3, 18, 31, 22]

Individual 73:
  Route length: 7975
  Contribution to Diversity: 0
  Route: [1, 31, 18, 3, 17, 21, 42, 7, 2, 30, 23, 20, 50, 29, 16, 44, 34, 40, 37, 46, 35, 36, 39, 38, 48, 24, 5, 15, 6, 4, 25, 12, 27, 28, 26, 47, 13, 14, 52, 11, 51, 33, 43, 10, 9, 8, 41, 19, 45, 32, 49, 22]

Individual 74:
  Route length: 8163
  Contribution to Diversity: 0
  Route: [1, 49, 32, 45, 19, 41, 8, 9, 10, 43, 33, 51, 11, 52, 14, 13, 47, 26, 27, 28, 12, 25, 4, 5, 24, 34, 48, 39, 36, 35, 44, 40, 38, 6, 15, 37, 46, 16, 29, 50, 20, 23, 30, 42, 7, 2, 21, 17, 3, 18, 31, 22]

Individual 75:
  Route length: 8205
  Contribution to Diversity: 0
  Route: [1, 31, 18, 3, 17, 21, 42, 7, 2, 30, 23, 20, 50, 29, 16, 39, 36, 35, 46, 37, 40, 34, 44, 38, 48, 24, 5, 15, 6, 4, 25, 12, 27, 28, 26, 47, 13, 14, 52, 11, 51, 33, 43, 10, 9, 8, 41, 19, 45, 32, 49, 22]

Individual 76:
  Route length: 8238
  Contribution to Diversity: 0
  Route: [31, 18, 32, 45, 19, 41, 8, 9, 10, 43, 33, 51, 11, 52, 14, 13, 47, 26, 28, 27, 12, 25, 37, 40, 38, 48, 24, 15, 5, 6, 4, 39, 36, 35, 34, 44, 46, 16, 29, 50, 20, 23, 30, 2, 7, 42, 21, 17, 3, 49, 1, 22]

Individual 77:
  Route length: 8271
  Contribution to Diversity: 4.358561676998107e-05
  Route: [1, 49, 32, 45, 19, 41, 8, 9, 10, 43, 33, 51, 11, 52, 14, 13, 47, 26, 27, 28, 12, 25, 37, 6, 48, 24, 5, 15, 38, 4, 34, 35, 40, 36, 39, 44, 46, 16, 29, 50, 20, 23, 30, 7, 2, 42, 21, 17, 3, 18, 31, 22]

Individual 78:
  Route length: 8247
  Contribution to Diversity: 0.0015566103522575148
  Route: [1, 49, 18, 32, 45, 3, 19, 41, 8, 9, 10, 43, 33, 51, 11, 52, 14, 13, 47, 26, 27, 28, 12, 25, 15, 6, 4, 5, 24, 48, 38, 37, 40, 39, 36, 35, 34, 44, 46, 16, 29, 20, 50, 23, 30, 2, 7, 42, 21, 17, 31, 22]

Individual 79:
  Route length: 8239
  Contribution to Diversity: 3.858011350477142e-05
  Route: [1, 49, 32, 45, 19, 41, 8, 9, 10, 43, 33, 51, 11, 52, 14, 13, 47, 28, 27, 26, 12, 25, 4, 5, 15, 6, 24, 48, 37, 36, 39, 40, 38, 34, 35, 46, 44, 16, 29, 50, 23, 20, 30, 2, 7, 42, 21, 17, 3, 18, 31, 22]

Individual 80:
  Route length: 8191
  Contribution to Diversity: 0
  Route: [1, 49, 32, 45, 19, 41, 8, 9, 10, 43, 33, 51, 11, 52, 14, 13, 47, 26, 27, 28, 12, 25, 24, 48, 40, 37, 38, 39, 15, 5, 6, 4, 36, 35, 34, 44, 46, 16, 29, 50, 20, 23, 31, 18, 3, 17, 21, 42, 7, 2, 30, 22]

Individual 81:
  Route length: 8259
  Contribution to Diversity: 0.00028878798733522615
  Route: [18, 31, 21, 42, 7, 2, 30, 23, 20, 29, 50, 16, 46, 34, 35, 49, 32, 45, 19, 41, 8, 9, 10, 43, 33, 51, 11, 52, 14, 13, 47, 26, 27, 28, 12, 25, 4, 6, 15, 5, 24, 48, 38, 37, 40, 39, 36, 44, 1, 3, 17, 22]

Individual 82:
  Route length: 8220
  Contribution to Diversity: 0.0007387460488601505
  Route: [31, 18, 3, 17, 21, 42, 7, 2, 30, 23, 20, 50, 29, 16, 46, 44, 34, 37, 38, 15, 5, 48, 24, 40, 32, 45, 19, 41, 8, 9, 10, 43, 33, 51, 28, 27, 26, 47, 14, 13, 52, 11, 12, 25, 4, 6, 39, 36, 35, 49, 1, 22]

Individual 83:
  Route length: 8272
  Contribution to Diversity: 0
  Route: [1, 35, 36, 39, 40, 37, 6, 24, 44, 46, 34, 48, 38, 15, 5, 4, 25, 12, 28, 27, 26, 47, 13, 14, 52, 11, 51, 33, 43, 10, 9, 8, 41, 19, 45, 32, 49, 16, 29, 50, 20, 23, 30, 42, 7, 2, 21, 17, 3, 18, 31, 22]

Individual 84:
  Route length: 8143
  Contribution to Diversity: 0
  Route: [1, 49, 32, 45, 19, 41, 8, 9, 10, 43, 33, 51, 11, 52, 14, 13, 47, 26, 27, 28, 12, 25, 4, 15, 6, 38, 40, 44, 35, 36, 39, 48, 34, 24, 5, 37, 46, 16, 29, 50, 20, 23, 30, 42, 7, 2, 21, 17, 3, 18, 31, 22]

Individual 85:
  Route length: 8276
  Contribution to Diversity: 0.0003114778662176576
  Route: [1, 49, 32, 45, 19, 41, 8, 9, 10, 43, 33, 51, 11, 52, 14, 13, 47, 28, 27, 26, 12, 25, 4, 5, 48, 24, 6, 15, 40, 39, 36, 37, 38, 34, 35, 44, 46, 16, 29, 23, 20, 50, 30, 2, 7, 42, 21, 17, 3, 18, 31, 22]

Individual 86:
  Route length: 8083
  Contribution to Diversity: 0
  Route: [31, 18, 3, 17, 21, 42, 7, 2, 30, 23, 20, 50, 29, 16, 46, 44, 35, 36, 39, 4, 5, 15, 6, 38, 48, 34, 40, 37, 24, 25, 12, 28, 27, 26, 47, 13, 14, 52, 11, 51, 33, 43, 10, 9, 8, 41, 19, 45, 32, 49, 1, 22]

Individual 87:
  Route length: 8226
  Contribution to Diversity: 0.0007284667016458357
  Route: [1, 49, 32, 45, 19, 41, 8, 9, 10, 43, 33, 51, 11, 52, 14, 13, 47, 26, 27, 28, 12, 25, 24, 48, 6, 37, 5, 15, 38, 4, 34, 35, 36, 39, 40, 44, 46, 16, 29, 50, 20, 23, 30, 21, 42, 2, 7, 17, 3, 18, 31, 22]

Individual 88:
  Route length: 8283
  Contribution to Diversity: 0.000738273018697555
  Route: [1, 31, 18, 3, 17, 21, 42, 7, 2, 30, 23, 20, 50, 29, 16, 44, 15, 5, 24, 48, 38, 39, 36, 35, 46, 37, 40, 34, 6, 4, 25, 12, 27, 28, 26, 47, 13, 14, 52, 11, 51, 33, 43, 10, 9, 8, 41, 19, 45, 32, 49, 22]

Individual 89:
  Route length: 8241
  Contribution to Diversity: 0.0014512146584957364
  Route: [1, 49, 32, 45, 9, 10, 43, 33, 51, 11, 52, 14, 13, 47, 26, 27, 28, 12, 25, 4, 6, 15, 5, 38, 48, 24, 37, 40, 39, 36, 35, 34, 44, 16, 46, 29, 50, 20, 23, 30, 2, 7, 42, 21, 17, 3, 41, 8, 19, 18, 31, 22]

Individual 90:
  Route length: 8094
  Contribution to Diversity: 0
  Route: [1, 49, 32, 45, 19, 41, 8, 9, 10, 43, 33, 51, 11, 52, 13, 14, 47, 26, 27, 28, 12, 25, 4, 6, 37, 46, 44, 36, 35, 34, 5, 15, 38, 24, 48, 39, 40, 16, 29, 50, 20, 23, 30, 2, 7, 42, 21, 17, 3, 18, 31, 22]

Individual 91:
  Route length: 8284
  Contribution to Diversity: 0.0008377276285926882
  Route: [18, 31, 21, 42, 7, 2, 30, 23, 20, 29, 50, 16, 46, 34, 35, 36, 39, 40, 37, 38, 5, 24, 48, 15, 6, 4, 25, 12, 28, 27, 26, 47, 13, 14, 52, 11, 51, 33, 43, 10, 9, 8, 41, 19, 45, 32, 49, 44, 1, 3, 17, 22]

Individual 92:
  Route length: 8290
  Contribution to Diversity: 0.0009005309591509914
  Route: [1, 49, 32, 45, 19, 41, 8, 9, 10, 43, 33, 51, 11, 52, 14, 13, 47, 26, 27, 28, 12, 25, 38, 15, 5, 24, 48, 6, 37, 4, 34, 35, 40, 36, 39, 44, 46, 16, 29, 50, 20, 23, 30, 7, 2, 42, 21, 17, 3, 18, 31, 22]

Individual 93:
  Route length: 8199
  Contribution to Diversity: 0
  Route: [1, 49, 32, 45, 19, 41, 8, 9, 10, 43, 33, 51, 11, 52, 14, 13, 47, 26, 27, 28, 12, 25, 34, 4, 38, 15, 5, 24, 48, 6, 37, 40, 39, 36, 35, 44, 46, 16, 29, 50, 20, 23, 30, 7, 2, 42, 21, 17, 3, 18, 31, 22]

Individual 94:
  Route length: 8235
  Contribution to Diversity: 0.00041457003748046617
  Route: [1, 49, 31, 18, 3, 17, 21, 42, 7, 2, 30, 23, 20, 50, 29, 16, 40, 39, 48, 24, 38, 15, 5, 34, 35, 36, 44, 46, 37, 6, 4, 25, 12, 28, 27, 26, 47, 14, 13, 52, 11, 51, 33, 43, 10, 9, 8, 41, 19, 45, 32, 22]

Individual 95:
  Route length: 8234
  Contribution to Diversity: 0
  Route: [1, 31, 18, 3, 17, 21, 42, 7, 2, 30, 23, 20, 50, 29, 16, 44, 34, 40, 37, 49, 32, 45, 19, 41, 8, 9, 10, 43, 33, 51, 11, 52, 14, 13, 47, 26, 28, 27, 12, 25, 4, 6, 15, 5, 24, 48, 38, 39, 36, 35, 46, 22]

Individual 96:
  Route length: 8223
  Contribution to Diversity: 0.0006553642064801579
  Route: [1, 49, 32, 45, 19, 41, 8, 9, 10, 43, 33, 51, 11, 52, 14, 13, 47, 26, 27, 28, 12, 25, 4, 48, 39, 36, 35, 44, 40, 38, 6, 15, 34, 24, 5, 37, 46, 16, 29, 50, 20, 23, 30, 42, 7, 2, 21, 17, 3, 18, 31, 22]

Individual 97:
  Route length: 8259
  Contribution to Diversity: 0.000622404722711245
  Route: [31, 18, 3, 17, 21, 42, 7, 2, 30, 23, 50, 20, 29, 16, 48, 24, 5, 34, 44, 36, 39, 40, 37, 35, 46, 38, 15, 6, 4, 25, 12, 28, 26, 47, 27, 13, 14, 52, 11, 51, 33, 43, 10, 9, 8, 41, 19, 45, 32, 49, 1, 22]

Individual 98:
  Route length: 8262
  Contribution to Diversity: 8.973257593947181e-05
  Route: [18, 31, 21, 42, 7, 2, 30, 23, 20, 29, 50, 16, 46, 34, 44, 49, 32, 45, 19, 41, 8, 9, 10, 43, 33, 51, 11, 52, 14, 13, 47, 26, 27, 28, 12, 25, 4, 6, 15, 5, 24, 48, 38, 37, 40, 39, 36, 35, 1, 3, 17, 22]

Individual 99:
  Route length: 8253
  Contribution to Diversity: 0
  Route: [49, 1, 32, 45, 19, 41, 8, 9, 10, 43, 33, 51, 11, 52, 14, 13, 47, 26, 28, 27, 12, 25, 4, 6, 15, 37, 38, 5, 24, 48, 35, 40, 39, 36, 46, 44, 34, 16, 29, 50, 20, 23, 30, 2, 7, 42, 21, 17, 3, 18, 31, 22]

Total Entropy H: 4.632286461742884
