Individual 0:
  Route length: 15080
  Contribution to Diversity: 0.0008243606163143014
  Route: [17, 20, 23, 30, 2, 7, 42, 21, 46, 44, 28, 12, 43, 45, 32, 49, 1, 9, 10, 18, 33, 51, 11, 52, 14, 13, 50, 36, 6, 4, 25, 48, 37, 38, 34, 8, 41, 19, 16, 29, 35, 5, 15, 40, 24, 27, 26, 47, 3, 39, 31, 22]

Individual 1:
  Route length: 15039
  Contribution to Diversity: 0.0008276935015505416
  Route: [19, 31, 34, 23, 30, 29, 50, 45, 3, 17, 37, 42, 7, 2, 20, 39, 36, 35, 12, 28, 4, 6, 48, 21, 18, 25, 27, 26, 52, 13, 14, 47, 11, 51, 33, 1, 32, 41, 8, 9, 10, 43, 46, 16, 5, 15, 44, 40, 49, 24, 38, 22]

Individual 2:
  Route length: 15066
  Contribution to Diversity: 0.0010106522690822572
  Route: [1, 3, 20, 21, 38, 29, 31, 49, 28, 12, 25, 50, 30, 2, 7, 42, 19, 41, 17, 37, 45, 32, 23, 40, 35, 44, 6, 4, 15, 8, 9, 10, 43, 33, 51, 27, 26, 52, 14, 47, 13, 11, 48, 16, 46, 34, 36, 39, 5, 24, 18, 22]

Individual 3:
  Route length: 15023
  Contribution to Diversity: 0.0010158491756140364
  Route: [28, 34, 35, 16, 6, 48, 21, 2, 7, 42, 30, 37, 26, 47, 13, 27, 29, 50, 20, 32, 49, 44, 5, 24, 38, 46, 17, 3, 36, 39, 18, 23, 31, 40, 12, 25, 4, 45, 1, 19, 41, 8, 9, 10, 43, 33, 51, 11, 52, 14, 15, 22]

Individual 4:
  Route length: 14981
  Contribution to Diversity: 0.0002899320259377447
  Route: [1, 39, 48, 12, 25, 28, 51, 33, 43, 10, 9, 8, 41, 3, 13, 47, 26, 6, 15, 29, 50, 20, 46, 5, 36, 35, 44, 24, 40, 37, 38, 34, 16, 4, 30, 23, 2, 7, 42, 45, 19, 17, 21, 32, 49, 27, 11, 52, 14, 18, 31, 22]

Individual 5:
  Route length: 15040
  Contribution to Diversity: 0.0008209263517828802
  Route: [8, 10, 43, 39, 45, 32, 40, 50, 20, 27, 26, 47, 24, 48, 13, 14, 52, 11, 51, 33, 18, 9, 12, 28, 16, 29, 35, 21, 42, 7, 2, 30, 23, 49, 1, 34, 44, 38, 36, 37, 5, 19, 41, 3, 17, 15, 4, 6, 25, 46, 31, 22]

Individual 6:
  Route length: 15043
  Contribution to Diversity: 0.0011084822582043685
  Route: [1, 9, 49, 10, 32, 44, 25, 34, 18, 3, 8, 35, 36, 31, 16, 46, 5, 15, 6, 19, 41, 17, 21, 42, 7, 2, 30, 23, 39, 40, 37, 38, 48, 52, 11, 51, 33, 43, 27, 26, 28, 12, 4, 45, 24, 14, 13, 47, 29, 50, 20, 22]

Individual 7:
  Route length: 15058
  Contribution to Diversity: 0.0006735425545025819
  Route: [1, 9, 49, 34, 18, 3, 8, 25, 44, 32, 10, 35, 36, 31, 43, 33, 51, 11, 52, 5, 15, 6, 19, 41, 17, 21, 42, 7, 2, 30, 23, 39, 40, 37, 38, 48, 16, 46, 26, 27, 28, 12, 4, 45, 24, 14, 13, 47, 29, 50, 20, 22]

Individual 8:
  Route length: 15003
  Contribution to Diversity: 0.0005662706451152744
  Route: [1, 25, 6, 18, 3, 17, 50, 4, 11, 51, 33, 43, 32, 45, 19, 21, 42, 7, 2, 30, 23, 26, 27, 15, 48, 44, 46, 16, 29, 41, 10, 8, 9, 39, 49, 12, 47, 13, 14, 52, 28, 34, 24, 5, 40, 37, 38, 36, 20, 35, 31, 22]

Individual 9:
  Route length: 14987
  Contribution to Diversity: 0.0008113212296763095
  Route: [21, 15, 4, 16, 29, 27, 26, 47, 24, 46, 28, 12, 9, 48, 37, 18, 33, 51, 11, 52, 14, 13, 5, 25, 6, 39, 50, 44, 38, 1, 49, 23, 30, 2, 7, 42, 17, 3, 19, 32, 8, 10, 43, 41, 45, 36, 35, 40, 34, 20, 31, 22]

Individual 10:
  Route length: 15084
  Contribution to Diversity: 0.0003472155976078639
  Route: [1, 17, 3, 42, 7, 2, 29, 50, 20, 37, 44, 34, 35, 19, 40, 45, 41, 21, 46, 16, 30, 14, 13, 47, 11, 52, 12, 15, 5, 24, 48, 49, 32, 39, 36, 28, 26, 27, 51, 33, 43, 10, 9, 8, 23, 38, 18, 31, 25, 6, 4, 22]

Individual 11:
  Route length: 14984
  Contribution to Diversity: 0.001009022310507035
  Route: [36, 14, 13, 47, 27, 26, 29, 50, 23, 48, 38, 5, 24, 6, 2, 20, 33, 51, 11, 52, 28, 4, 34, 39, 32, 49, 1, 40, 37, 12, 25, 15, 43, 45, 3, 18, 31, 46, 44, 17, 21, 42, 7, 30, 16, 35, 41, 8, 9, 10, 19, 22]

Individual 12:
  Route length: 15000
  Contribution to Diversity: 0.0009727060726145709
  Route: [45, 16, 49, 6, 23, 31, 37, 40, 39, 13, 14, 52, 11, 51, 33, 46, 32, 30, 1, 19, 41, 8, 9, 10, 43, 44, 34, 29, 2, 42, 21, 17, 3, 18, 35, 36, 7, 47, 26, 27, 28, 12, 25, 38, 24, 48, 50, 20, 5, 15, 4, 22]

Individual 13:
  Route length: 14705
  Contribution to Diversity: 0.0008029455245450734
  Route: [1, 39, 37, 34, 38, 40, 32, 45, 36, 35, 49, 31, 19, 18, 3, 44, 48, 24, 28, 17, 21, 42, 23, 30, 16, 46, 6, 43, 33, 51, 11, 52, 14, 13, 47, 26, 12, 25, 4, 27, 5, 15, 10, 9, 29, 2, 7, 20, 50, 8, 41, 22]

Individual 14:
  Route length: 15041
  Contribution to Diversity: 0.00010672707752945598
  Route: [3, 17, 49, 32, 16, 31, 10, 43, 33, 41, 19, 45, 8, 9, 12, 25, 46, 44, 40, 6, 15, 48, 24, 35, 34, 30, 23, 28, 27, 52, 47, 13, 14, 26, 11, 51, 4, 36, 29, 37, 39, 5, 20, 18, 21, 2, 7, 42, 1, 50, 38, 22]

Individual 15:
  Route length: 14780
  Contribution to Diversity: 0.0006999032713208564
  Route: [1, 49, 32, 35, 43, 10, 9, 15, 29, 46, 50, 38, 48, 37, 23, 7, 30, 20, 51, 11, 52, 14, 13, 27, 26, 47, 6, 8, 19, 45, 17, 21, 42, 2, 16, 24, 5, 40, 25, 4, 34, 33, 28, 12, 39, 36, 44, 41, 3, 18, 31, 22]

Individual 16:
  Route length: 14859
  Contribution to Diversity: 0.0008602991302151253
  Route: [10, 38, 48, 37, 6, 4, 25, 24, 1, 49, 2, 14, 13, 47, 46, 44, 15, 45, 35, 20, 33, 51, 11, 52, 26, 27, 28, 12, 43, 41, 8, 9, 19, 32, 39, 34, 5, 36, 29, 16, 40, 50, 23, 30, 7, 42, 21, 17, 3, 18, 31, 22]

Individual 17:
  Route length: 15064
  Contribution to Diversity: 0.00047260451254516056
  Route: [21, 2, 7, 42, 30, 50, 44, 38, 1, 49, 23, 39, 16, 29, 27, 26, 47, 24, 46, 28, 12, 9, 48, 37, 17, 15, 4, 6, 25, 5, 13, 14, 52, 11, 51, 33, 18, 3, 41, 45, 19, 32, 20, 34, 40, 35, 36, 43, 10, 8, 31, 22]

Individual 18:
  Route length: 14984
  Contribution to Diversity: 0.00037925404981375976
  Route: [1, 21, 50, 29, 45, 4, 15, 17, 3, 8, 41, 19, 18, 23, 40, 35, 36, 39, 51, 33, 43, 10, 9, 44, 34, 20, 24, 5, 6, 47, 13, 14, 52, 26, 27, 25, 12, 28, 11, 48, 16, 46, 31, 49, 42, 7, 2, 30, 38, 37, 32, 22]

Individual 19:
  Route length: 15043
  Contribution to Diversity: 0.0006713691816111478
  Route: [20, 5, 39, 37, 29, 50, 15, 6, 43, 33, 45, 12, 25, 32, 49, 17, 3, 19, 41, 8, 9, 31, 10, 48, 28, 27, 52, 47, 13, 14, 26, 11, 51, 4, 24, 40, 44, 46, 16, 38, 23, 30, 34, 35, 36, 1, 7, 42, 2, 21, 18, 22]

Individual 20:
  Route length: 15031
  Contribution to Diversity: 0.0015177130078081191
  Route: [1, 44, 23, 31, 18, 4, 6, 39, 5, 24, 45, 48, 38, 37, 40, 27, 26, 14, 28, 12, 25, 49, 32, 20, 50, 29, 16, 46, 7, 42, 21, 17, 2, 30, 34, 3, 51, 11, 52, 47, 13, 15, 43, 33, 35, 36, 8, 9, 10, 41, 19, 22]

Individual 21:
  Route length: 14753
  Contribution to Diversity: 0.0001708582142585513
  Route: [1, 49, 32, 18, 9, 10, 35, 29, 16, 38, 39, 48, 24, 27, 26, 15, 5, 4, 13, 28, 47, 14, 52, 11, 51, 46, 34, 45, 31, 6, 33, 40, 19, 41, 8, 3, 17, 21, 23, 20, 2, 7, 42, 30, 50, 44, 43, 37, 36, 25, 12, 22]

Individual 22:
  Route length: 15041
  Contribution to Diversity: 0.0007246861679153227
  Route: [16, 29, 50, 34, 35, 37, 40, 46, 44, 19, 45, 12, 25, 4, 38, 41, 21, 17, 3, 39, 36, 6, 15, 5, 24, 27, 28, 42, 30, 32, 2, 7, 23, 20, 1, 49, 26, 47, 14, 52, 13, 11, 51, 33, 43, 9, 10, 48, 8, 18, 31, 22]

Individual 23:
  Route length: 15037
  Contribution to Diversity: 0.0005555022768648499
  Route: [19, 38, 36, 39, 20, 29, 50, 24, 17, 15, 5, 21, 18, 25, 27, 26, 52, 14, 13, 47, 11, 51, 33, 40, 44, 12, 28, 4, 6, 43, 10, 9, 8, 41, 37, 35, 3, 45, 49, 1, 32, 42, 7, 2, 30, 23, 34, 16, 46, 48, 31, 22]

Individual 24:
  Route length: 14796
  Contribution to Diversity: 0.000485768075404458
  Route: [1, 25, 4, 27, 26, 47, 13, 14, 52, 11, 51, 33, 43, 6, 46, 16, 30, 23, 42, 21, 17, 28, 24, 48, 44, 3, 18, 19, 31, 49, 35, 36, 45, 32, 40, 38, 34, 37, 39, 12, 5, 15, 10, 9, 29, 2, 7, 20, 50, 8, 41, 22]

Individual 25:
  Route length: 14912
  Contribution to Diversity: 0.0003251585127870271
  Route: [1, 3, 51, 33, 43, 10, 4, 50, 29, 16, 46, 24, 15, 6, 7, 2, 44, 34, 35, 36, 39, 17, 40, 5, 37, 45, 19, 41, 8, 9, 42, 21, 18, 32, 25, 12, 28, 27, 26, 47, 13, 14, 52, 11, 38, 48, 23, 30, 49, 20, 31, 22]

Individual 26:
  Route length: 15071
  Contribution to Diversity: 0.0006742472096830099
  Route: [23, 38, 48, 37, 36, 29, 16, 40, 32, 39, 34, 35, 15, 45, 44, 46, 12, 28, 25, 4, 6, 5, 49, 1, 24, 19, 2, 50, 13, 14, 47, 27, 26, 52, 11, 51, 33, 20, 43, 41, 8, 9, 10, 21, 42, 7, 30, 17, 3, 18, 31, 22]

Individual 27:
  Route length: 14932
  Contribution to Diversity: 0.00042086250071715625
  Route: [3, 2, 7, 42, 29, 16, 46, 37, 49, 41, 17, 31, 18, 1, 34, 4, 32, 19, 45, 28, 27, 12, 20, 23, 30, 8, 9, 10, 36, 35, 39, 25, 44, 24, 48, 38, 26, 47, 13, 14, 52, 11, 51, 6, 50, 15, 5, 40, 43, 33, 21, 22]

Individual 28:
  Route length: 14768
  Contribution to Diversity: 0.0008128861669529641
  Route: [1, 49, 32, 35, 43, 10, 9, 15, 39, 12, 28, 33, 34, 4, 25, 40, 5, 24, 16, 2, 42, 21, 17, 45, 19, 8, 6, 47, 26, 27, 13, 14, 52, 11, 51, 20, 30, 7, 23, 37, 48, 38, 50, 46, 29, 36, 44, 41, 3, 18, 31, 22]

Individual 29:
  Route length: 14799
  Contribution to Diversity: 0.0003697092250458667
  Route: [1, 10, 9, 18, 32, 49, 35, 29, 16, 38, 39, 48, 24, 27, 26, 15, 5, 4, 13, 28, 47, 14, 52, 11, 51, 46, 34, 45, 31, 6, 33, 40, 19, 41, 8, 3, 17, 21, 23, 20, 2, 7, 42, 30, 50, 44, 43, 37, 36, 25, 12, 22]

Individual 30:
  Route length: 14816
  Contribution to Diversity: 0.0004046466390663639
  Route: [21, 17, 51, 52, 11, 14, 13, 47, 28, 27, 6, 37, 40, 39, 36, 35, 34, 24, 5, 41, 19, 45, 18, 7, 2, 30, 23, 20, 50, 29, 16, 1, 49, 44, 48, 38, 4, 25, 43, 33, 42, 32, 8, 9, 10, 12, 26, 46, 15, 3, 31, 22]

Individual 31:
  Route length: 14992
  Contribution to Diversity: 0.00012627540309750884
  Route: [21, 42, 7, 2, 30, 23, 49, 1, 38, 44, 20, 32, 19, 45, 41, 3, 17, 15, 4, 48, 9, 12, 28, 46, 24, 26, 47, 27, 29, 16, 37, 18, 33, 51, 11, 52, 14, 13, 5, 25, 6, 39, 50, 34, 40, 35, 36, 43, 10, 8, 31, 22]

Individual 32:
  Route length: 14988
  Contribution to Diversity: 0.0007051949566383442
  Route: [18, 39, 36, 34, 21, 23, 40, 35, 44, 49, 31, 5, 1, 41, 8, 9, 10, 43, 33, 51, 24, 16, 48, 25, 27, 26, 52, 14, 13, 11, 47, 12, 28, 4, 6, 3, 42, 7, 2, 30, 20, 46, 45, 29, 50, 15, 38, 37, 17, 19, 32, 22]

Individual 33:
  Route length: 14903
  Contribution to Diversity: 0.000990842616236165
  Route: [3, 2, 7, 42, 29, 16, 46, 5, 50, 15, 6, 37, 49, 41, 17, 31, 18, 1, 34, 27, 12, 25, 39, 35, 36, 10, 9, 8, 23, 30, 20, 38, 48, 24, 44, 26, 47, 13, 14, 52, 11, 51, 33, 43, 4, 32, 21, 40, 28, 45, 19, 22]

Individual 34:
  Route length: 14844
  Contribution to Diversity: 0.00014474744100656523
  Route: [35, 49, 5, 24, 20, 29, 50, 23, 18, 25, 33, 51, 27, 26, 52, 14, 13, 47, 11, 12, 28, 32, 19, 38, 36, 21, 30, 2, 7, 42, 45, 46, 44, 34, 1, 40, 10, 9, 8, 41, 43, 6, 4, 31, 17, 3, 39, 48, 16, 15, 37, 22]

Individual 35:
  Route length: 15052
  Contribution to Diversity: 0.0004256888348566079
  Route: [1, 37, 9, 10, 41, 4, 20, 50, 16, 30, 39, 36, 35, 19, 8, 49, 6, 45, 23, 44, 31, 34, 5, 24, 48, 38, 32, 40, 46, 13, 14, 52, 11, 51, 33, 43, 15, 27, 28, 12, 25, 26, 47, 29, 2, 18, 3, 21, 17, 42, 7, 22]

Individual 36:
  Route length: 14939
  Contribution to Diversity: 0.0005797946925314434
  Route: [3, 30, 23, 20, 44, 40, 36, 35, 34, 29, 45, 19, 32, 31, 18, 1, 39, 25, 26, 47, 13, 14, 52, 11, 51, 33, 15, 5, 46, 16, 49, 41, 17, 4, 38, 48, 24, 37, 6, 50, 43, 10, 9, 8, 2, 7, 42, 28, 27, 12, 21, 22]

Individual 37:
  Route length: 14926
  Contribution to Diversity: 0.0002081299838518902
  Route: [34, 25, 12, 28, 14, 52, 11, 51, 33, 43, 10, 9, 32, 49, 1, 48, 24, 5, 4, 26, 47, 13, 16, 50, 7, 2, 30, 18, 3, 17, 21, 42, 29, 46, 40, 31, 20, 38, 15, 8, 39, 27, 6, 23, 37, 44, 35, 36, 45, 19, 41, 22]

Individual 38:
  Route length: 14868
  Contribution to Diversity: 0.00033745388059180925
  Route: [44, 46, 16, 50, 7, 2, 30, 18, 3, 17, 21, 42, 29, 20, 28, 12, 24, 40, 31, 45, 14, 52, 11, 51, 33, 43, 19, 41, 39, 9, 10, 8, 15, 1, 49, 32, 13, 47, 26, 27, 37, 38, 48, 6, 4, 5, 25, 34, 35, 36, 23, 22]

Individual 39:
  Route length: 15049
  Contribution to Diversity: 0.0005089650185841066
  Route: [1, 49, 32, 18, 8, 41, 19, 40, 33, 46, 37, 36, 25, 12, 43, 16, 29, 35, 10, 9, 3, 17, 21, 23, 20, 2, 7, 42, 30, 50, 44, 51, 11, 52, 14, 15, 5, 4, 13, 28, 47, 26, 27, 6, 31, 39, 34, 45, 38, 48, 24, 22]

Individual 40:
  Route length: 14894
  Contribution to Diversity: 3.0769116436069055e-05
  Route: [3, 17, 35, 49, 32, 4, 51, 11, 26, 14, 13, 47, 52, 27, 28, 23, 30, 36, 1, 16, 15, 6, 38, 39, 48, 24, 34, 44, 46, 50, 2, 7, 42, 21, 18, 9, 45, 19, 41, 8, 33, 43, 10, 31, 29, 37, 25, 12, 5, 20, 40, 22]

Individual 41:
  Route length: 14853
  Contribution to Diversity: 0.00037179699602951644
  Route: [23, 2, 7, 42, 21, 17, 19, 45, 32, 29, 40, 37, 38, 46, 13, 47, 26, 27, 11, 52, 14, 48, 4, 16, 34, 36, 12, 25, 28, 5, 15, 6, 51, 33, 20, 50, 24, 49, 43, 10, 9, 8, 41, 3, 44, 35, 30, 1, 39, 18, 31, 22]

Individual 42:
  Route length: 14818
  Contribution to Diversity: 0.0011152506962632813
  Route: [30, 16, 44, 11, 52, 51, 15, 5, 4, 37, 40, 39, 50, 20, 3, 42, 7, 2, 29, 23, 6, 34, 35, 46, 17, 18, 31, 32, 49, 48, 43, 33, 12, 28, 27, 26, 47, 13, 14, 21, 41, 8, 9, 10, 45, 19, 1, 38, 36, 25, 24, 22]

Individual 43:
  Route length: 14954
  Contribution to Diversity: 0.0012420119516702854
  Route: [34, 23, 20, 1, 47, 26, 24, 5, 38, 32, 49, 39, 25, 12, 4, 40, 19, 41, 2, 42, 7, 28, 27, 44, 50, 29, 30, 37, 13, 14, 52, 11, 51, 46, 16, 36, 35, 48, 45, 8, 9, 10, 43, 33, 6, 15, 21, 17, 3, 18, 31, 22]

Individual 44:
  Route length: 14852
  Contribution to Diversity: 0.0006224033945327889
  Route: [45, 1, 30, 2, 7, 16, 20, 32, 34, 50, 46, 5, 15, 38, 48, 28, 51, 33, 12, 17, 21, 42, 23, 29, 44, 52, 11, 27, 26, 47, 13, 14, 24, 6, 4, 37, 35, 41, 19, 8, 9, 10, 43, 25, 39, 36, 49, 40, 3, 18, 31, 22]

Individual 45:
  Route length: 15063
  Contribution to Diversity: 0.00045187753715492107
  Route: [49, 18, 17, 21, 4, 39, 35, 36, 46, 44, 1, 32, 45, 38, 37, 15, 40, 28, 12, 5, 33, 51, 11, 52, 16, 29, 31, 2, 7, 6, 34, 26, 27, 47, 13, 14, 25, 42, 30, 23, 20, 50, 48, 24, 43, 10, 9, 8, 41, 19, 3, 22]

Individual 46:
  Route length: 14760
  Contribution to Diversity: 0.00036941347497787547
  Route: [1, 49, 32, 18, 8, 41, 19, 40, 33, 46, 37, 36, 25, 12, 43, 16, 6, 31, 45, 34, 39, 38, 48, 24, 27, 26, 47, 28, 13, 4, 5, 15, 35, 10, 9, 3, 17, 21, 23, 20, 2, 7, 42, 30, 50, 44, 51, 11, 52, 14, 29, 22]

Individual 47:
  Route length: 14949
  Contribution to Diversity: 0.00031040235336909916
  Route: [21, 2, 7, 42, 30, 23, 49, 1, 37, 17, 15, 4, 6, 25, 5, 48, 38, 13, 14, 52, 11, 51, 33, 18, 3, 41, 45, 19, 32, 20, 34, 40, 35, 36, 47, 26, 27, 29, 16, 39, 50, 44, 9, 12, 28, 46, 24, 43, 10, 8, 31, 22]

Individual 48:
  Route length: 15056
  Contribution to Diversity: 0.0007262816645123849
  Route: [21, 42, 7, 2, 30, 17, 3, 41, 45, 19, 32, 20, 44, 38, 1, 49, 23, 15, 4, 48, 9, 12, 28, 46, 24, 26, 47, 27, 29, 16, 37, 18, 33, 51, 11, 52, 14, 13, 5, 25, 6, 39, 50, 34, 40, 35, 36, 43, 10, 8, 31, 22]

Individual 49:
  Route length: 14924
  Contribution to Diversity: 0.0009672931995821088
  Route: [1, 10, 9, 35, 49, 32, 18, 29, 16, 38, 39, 48, 24, 27, 26, 15, 5, 4, 13, 28, 47, 14, 52, 11, 51, 46, 34, 45, 31, 6, 33, 40, 19, 41, 8, 3, 17, 21, 23, 20, 2, 7, 42, 30, 50, 44, 43, 37, 36, 25, 12, 22]

Individual 50:
  Route length: 15076
  Contribution to Diversity: 0.0002437849114818036
  Route: [16, 39, 8, 9, 10, 28, 27, 50, 34, 23, 30, 2, 7, 42, 21, 41, 36, 40, 35, 31, 29, 20, 44, 47, 4, 6, 37, 38, 17, 19, 45, 33, 43, 12, 25, 51, 11, 52, 14, 13, 26, 46, 32, 49, 1, 15, 5, 24, 48, 3, 18, 22]

Individual 51:
  Route length: 14859
  Contribution to Diversity: 0.0012219245607596463
  Route: [1, 43, 33, 11, 52, 49, 48, 38, 3, 24, 5, 15, 51, 12, 28, 27, 26, 13, 47, 14, 30, 16, 46, 4, 10, 9, 8, 41, 31, 25, 6, 23, 42, 2, 7, 21, 19, 45, 32, 36, 39, 40, 37, 20, 50, 29, 18, 17, 35, 34, 44, 22]

Individual 52:
  Route length: 14869
  Contribution to Diversity: 0.0008824502435835768
  Route: [3, 17, 49, 32, 16, 31, 10, 43, 33, 9, 8, 45, 19, 41, 12, 25, 46, 44, 40, 6, 15, 48, 24, 35, 34, 30, 23, 28, 27, 52, 47, 13, 14, 26, 11, 51, 4, 36, 29, 37, 39, 5, 20, 18, 21, 2, 7, 42, 1, 50, 38, 22]

Individual 53:
  Route length: 14902
  Contribution to Diversity: 0.00022684760840885332
  Route: [18, 39, 36, 34, 21, 45, 46, 20, 30, 2, 7, 42, 3, 6, 4, 28, 12, 47, 11, 13, 14, 52, 26, 27, 25, 48, 16, 24, 5, 1, 41, 8, 9, 10, 43, 33, 51, 31, 49, 44, 35, 40, 23, 29, 50, 15, 38, 37, 17, 19, 32, 22]

Individual 54:
  Route length: 15042
  Contribution to Diversity: 0.0007572806656721554
  Route: [33, 43, 34, 49, 1, 20, 38, 5, 10, 9, 8, 41, 21, 47, 35, 32, 50, 31, 18, 3, 17, 19, 45, 6, 12, 51, 11, 52, 14, 46, 23, 30, 2, 7, 42, 16, 37, 15, 48, 24, 28, 27, 26, 13, 25, 4, 44, 36, 39, 40, 29, 22]

Individual 55:
  Route length: 14916
  Contribution to Diversity: 0.0008224158731060527
  Route: [36, 14, 13, 47, 27, 26, 52, 11, 51, 33, 24, 6, 48, 20, 5, 38, 2, 19, 10, 9, 8, 41, 43, 4, 28, 25, 12, 37, 40, 46, 31, 17, 1, 44, 18, 3, 45, 15, 35, 34, 39, 32, 49, 21, 42, 7, 30, 23, 50, 29, 16, 22]

Individual 56:
  Route length: 15013
  Contribution to Diversity: 0.0007828169859802614
  Route: [1, 37, 9, 10, 41, 4, 39, 30, 16, 50, 20, 36, 35, 19, 8, 49, 6, 45, 23, 44, 31, 34, 5, 24, 48, 38, 32, 40, 46, 13, 14, 52, 11, 51, 33, 43, 15, 27, 28, 12, 25, 26, 47, 29, 2, 18, 3, 21, 17, 42, 7, 22]

Individual 57:
  Route length: 14887
  Contribution to Diversity: 0.00048623338178632736
  Route: [6, 32, 3, 18, 39, 15, 45, 25, 38, 10, 9, 43, 33, 8, 41, 19, 37, 40, 24, 5, 48, 50, 28, 27, 12, 46, 36, 35, 2, 30, 23, 1, 31, 34, 44, 16, 29, 17, 21, 42, 7, 49, 4, 51, 11, 52, 14, 13, 26, 47, 20, 22]

Individual 58:
  Route length: 15083
  Contribution to Diversity: 0.0006757620271882203
  Route: [16, 39, 8, 9, 10, 28, 27, 50, 34, 23, 30, 2, 7, 42, 21, 41, 36, 40, 35, 31, 18, 3, 48, 24, 6, 37, 38, 17, 19, 45, 33, 43, 12, 25, 51, 11, 52, 14, 13, 26, 46, 32, 49, 1, 15, 5, 4, 47, 44, 20, 29, 22]

Individual 59:
  Route length: 14619
  Contribution to Diversity: 0.000624031616760945
  Route: [49, 18, 17, 21, 29, 31, 2, 7, 30, 42, 15, 34, 27, 26, 47, 13, 14, 25, 40, 28, 12, 5, 33, 51, 11, 52, 16, 4, 39, 35, 36, 50, 20, 23, 6, 45, 32, 1, 44, 46, 37, 38, 48, 24, 43, 10, 9, 8, 41, 19, 3, 22]

Individual 60:
  Route length: 15050
  Contribution to Diversity: 0.0005682251431773366
  Route: [36, 41, 19, 45, 48, 38, 43, 16, 32, 49, 1, 5, 6, 4, 2, 7, 42, 37, 51, 29, 11, 52, 14, 13, 47, 24, 35, 39, 34, 40, 12, 28, 27, 26, 33, 15, 46, 25, 44, 50, 20, 23, 30, 21, 17, 3, 8, 10, 9, 18, 31, 22]

Individual 61:
  Route length: 14764
  Contribution to Diversity: 0.0009390382661385033
  Route: [21, 14, 13, 47, 26, 27, 28, 12, 33, 43, 48, 5, 15, 51, 11, 52, 6, 23, 50, 20, 3, 30, 16, 46, 35, 34, 40, 37, 4, 24, 32, 49, 38, 1, 19, 45, 10, 9, 8, 41, 42, 7, 2, 29, 39, 44, 17, 18, 31, 25, 36, 22]

Individual 62:
  Route length: 15067
  Contribution to Diversity: 0.0003978091308383114
  Route: [3, 17, 35, 34, 44, 42, 7, 2, 21, 18, 9, 8, 41, 19, 45, 40, 39, 48, 24, 49, 32, 5, 50, 15, 16, 46, 1, 36, 30, 23, 38, 25, 12, 20, 29, 37, 4, 6, 31, 10, 43, 33, 51, 11, 26, 14, 13, 47, 52, 27, 28, 22]

Individual 63:
  Route length: 14676
  Contribution to Diversity: 0.0012727025989480723
  Route: [18, 3, 17, 7, 2, 51, 11, 14, 52, 13, 47, 26, 27, 43, 19, 41, 8, 9, 38, 24, 5, 12, 28, 20, 50, 29, 16, 46, 44, 34, 35, 36, 1, 49, 32, 45, 33, 39, 37, 40, 21, 42, 30, 48, 15, 23, 31, 10, 6, 4, 25, 22]

Individual 64:
  Route length: 14345
  Contribution to Diversity: 0.00037229731050381076
  Route: [23, 2, 7, 42, 21, 17, 19, 45, 32, 33, 51, 6, 16, 34, 36, 12, 25, 28, 5, 15, 4, 48, 14, 52, 11, 27, 26, 47, 13, 46, 38, 37, 40, 29, 20, 50, 24, 49, 43, 10, 9, 8, 41, 3, 44, 35, 30, 1, 39, 18, 31, 22]

Individual 65:
  Route length: 15032
  Contribution to Diversity: 0.0007417552075468237
  Route: [1, 49, 3, 24, 36, 30, 23, 16, 29, 50, 2, 7, 17, 46, 15, 5, 48, 35, 44, 34, 41, 19, 43, 25, 12, 28, 10, 37, 38, 8, 9, 39, 40, 42, 21, 20, 6, 4, 27, 26, 47, 14, 13, 52, 11, 51, 33, 45, 32, 18, 31, 22]

Individual 66:
  Route length: 14854
  Contribution to Diversity: 0.0006749631984215299
  Route: [9, 8, 21, 18, 41, 19, 45, 20, 49, 32, 1, 35, 34, 40, 11, 52, 14, 13, 47, 26, 39, 37, 16, 46, 51, 28, 27, 12, 25, 4, 6, 15, 38, 50, 24, 44, 29, 31, 5, 48, 36, 17, 3, 42, 7, 2, 30, 23, 33, 43, 10, 22]

Individual 67:
  Route length: 14757
  Contribution to Diversity: 0.0008151585907931747
  Route: [6, 32, 3, 18, 39, 15, 45, 25, 38, 10, 9, 43, 33, 8, 41, 19, 37, 40, 24, 5, 48, 50, 28, 27, 12, 46, 36, 35, 2, 30, 23, 1, 31, 34, 44, 16, 29, 21, 17, 42, 7, 49, 4, 51, 11, 52, 14, 13, 26, 47, 20, 22]

Individual 68:
  Route length: 15039
  Contribution to Diversity: 0.0012476129471501451
  Route: [11, 52, 14, 13, 26, 47, 39, 44, 29, 31, 19, 41, 18, 21, 8, 9, 51, 28, 27, 12, 25, 4, 6, 15, 5, 45, 20, 49, 17, 3, 42, 7, 2, 30, 23, 33, 43, 10, 1, 35, 34, 40, 37, 16, 46, 24, 50, 38, 48, 36, 32, 22]

Individual 69:
  Route length: 14942
  Contribution to Diversity: 0.0005157907081638768
  Route: [21, 17, 51, 52, 11, 14, 13, 47, 28, 27, 6, 37, 40, 39, 36, 35, 34, 24, 5, 41, 19, 45, 49, 1, 16, 29, 50, 20, 23, 30, 2, 7, 18, 44, 48, 38, 4, 25, 43, 33, 42, 32, 8, 9, 10, 12, 26, 46, 15, 3, 31, 22]

Individual 70:
  Route length: 14678
  Contribution to Diversity: 0.00044364755662762434
  Route: [1, 24, 23, 50, 29, 20, 17, 3, 45, 46, 16, 34, 19, 10, 9, 8, 41, 27, 26, 52, 14, 13, 47, 11, 25, 21, 30, 2, 7, 42, 6, 15, 36, 39, 18, 38, 32, 43, 33, 51, 12, 28, 4, 48, 40, 44, 37, 5, 49, 35, 31, 22]

Individual 71:
  Route length: 15051
  Contribution to Diversity: 0.0007714780609120453
  Route: [34, 35, 1, 32, 49, 20, 45, 19, 41, 18, 21, 8, 9, 40, 11, 52, 14, 13, 47, 26, 39, 46, 16, 37, 51, 28, 27, 12, 25, 4, 6, 15, 38, 50, 24, 44, 29, 31, 5, 48, 36, 17, 3, 42, 7, 2, 30, 23, 33, 43, 10, 22]

Individual 72:
  Route length: 14775
  Contribution to Diversity: 0.0006154424660396174
  Route: [36, 41, 19, 45, 37, 42, 7, 2, 47, 13, 14, 52, 11, 34, 39, 35, 24, 4, 6, 5, 1, 49, 32, 16, 43, 38, 48, 51, 29, 40, 12, 28, 27, 26, 33, 15, 46, 25, 44, 50, 20, 23, 30, 21, 17, 3, 8, 10, 9, 18, 31, 22]

Individual 73:
  Route length: 14981
  Contribution to Diversity: 0.0005122213961774591
  Route: [6, 32, 3, 18, 39, 15, 45, 25, 38, 10, 9, 43, 33, 8, 41, 19, 37, 40, 24, 5, 48, 23, 30, 2, 35, 36, 46, 12, 27, 28, 50, 1, 31, 34, 44, 16, 29, 17, 21, 42, 7, 49, 4, 51, 11, 52, 14, 13, 26, 47, 20, 22]

Individual 74:
  Route length: 15049
  Contribution to Diversity: 0.00011277206551962848
  Route: [1, 49, 32, 45, 19, 41, 8, 3, 50, 31, 34, 44, 17, 21, 7, 42, 2, 29, 16, 43, 10, 9, 18, 39, 36, 25, 28, 12, 27, 14, 26, 52, 11, 51, 13, 4, 35, 20, 23, 30, 5, 15, 46, 33, 6, 47, 37, 38, 48, 24, 40, 22]

Individual 75:
  Route length: 15049
  Contribution to Diversity: 0.001823589167230466
  Route: [35, 28, 31, 20, 44, 6, 15, 5, 24, 48, 36, 18, 17, 38, 12, 25, 9, 10, 43, 3, 1, 34, 46, 32, 49, 45, 19, 39, 4, 37, 23, 30, 29, 50, 16, 2, 7, 42, 21, 27, 26, 47, 13, 14, 52, 11, 51, 33, 41, 8, 40, 22]

Individual 76:
  Route length: 15038
  Contribution to Diversity: 0.0004859783568234022
  Route: [35, 49, 5, 24, 20, 29, 50, 23, 18, 25, 33, 51, 27, 26, 52, 47, 13, 14, 11, 12, 28, 32, 19, 38, 36, 21, 30, 2, 7, 42, 45, 46, 44, 34, 1, 40, 10, 9, 8, 41, 43, 6, 4, 31, 17, 3, 39, 48, 16, 15, 37, 22]

Individual 77:
  Route length: 14912
  Contribution to Diversity: 0.0011228926358892721
  Route: [2, 7, 45, 48, 24, 43, 10, 9, 8, 41, 19, 3, 18, 44, 14, 13, 47, 26, 12, 25, 28, 27, 34, 46, 31, 32, 1, 15, 6, 50, 29, 16, 52, 11, 51, 33, 5, 36, 35, 39, 4, 40, 38, 37, 20, 23, 30, 42, 49, 21, 17, 22]

Individual 78:
  Route length: 14946
  Contribution to Diversity: 0.00035668506422226187
  Route: [34, 25, 12, 28, 14, 52, 11, 51, 33, 43, 10, 9, 32, 49, 1, 48, 24, 27, 39, 8, 15, 38, 20, 31, 40, 46, 29, 42, 21, 17, 3, 18, 30, 2, 7, 50, 16, 13, 47, 26, 4, 5, 6, 23, 37, 44, 35, 36, 45, 19, 41, 22]

Individual 79:
  Route length: 14957
  Contribution to Diversity: 0.0004153042533063811
  Route: [3, 21, 33, 43, 40, 5, 15, 50, 6, 51, 11, 52, 14, 13, 47, 26, 38, 48, 24, 44, 25, 39, 35, 36, 10, 9, 8, 30, 23, 20, 12, 27, 28, 45, 19, 32, 4, 34, 1, 18, 31, 17, 41, 49, 37, 46, 16, 29, 42, 7, 2, 22]

Individual 80:
  Route length: 15039
  Contribution to Diversity: 0.0005783030183463822
  Route: [31, 29, 50, 3, 45, 46, 16, 48, 25, 27, 26, 52, 13, 14, 11, 28, 12, 47, 37, 17, 6, 15, 4, 38, 43, 10, 9, 8, 41, 19, 33, 51, 30, 21, 20, 24, 5, 39, 36, 34, 42, 2, 7, 1, 49, 40, 35, 44, 23, 18, 32, 22]

Individual 81:
  Route length: 15060
  Contribution to Diversity: 0.00027891945522906525
  Route: [3, 17, 35, 49, 32, 4, 51, 11, 26, 14, 13, 47, 52, 27, 28, 23, 30, 36, 1, 16, 15, 6, 38, 39, 48, 24, 34, 44, 46, 50, 2, 7, 42, 21, 29, 31, 10, 43, 33, 8, 41, 19, 45, 9, 18, 37, 25, 12, 5, 20, 40, 22]

Individual 82:
  Route length: 15026
  Contribution to Diversity: 0.0012638658188377505
  Route: [31, 17, 32, 18, 23, 44, 35, 40, 49, 1, 7, 2, 42, 20, 6, 15, 50, 29, 21, 37, 38, 43, 10, 33, 19, 41, 8, 9, 51, 27, 26, 52, 13, 14, 11, 28, 12, 47, 16, 48, 25, 30, 34, 36, 39, 5, 24, 4, 46, 45, 3, 22]

Individual 83:
  Route length: 15036
  Contribution to Diversity: 0.0006752885753069648
  Route: [18, 19, 41, 8, 9, 10, 45, 1, 31, 24, 5, 47, 26, 50, 29, 16, 40, 37, 39, 36, 38, 44, 46, 20, 7, 42, 21, 17, 3, 30, 23, 33, 43, 51, 11, 52, 14, 13, 15, 35, 48, 32, 27, 28, 12, 25, 4, 6, 2, 49, 34, 22]

Individual 84:
  Route length: 14936
  Contribution to Diversity: 0.0005388018006078354
  Route: [1, 42, 7, 43, 33, 51, 11, 52, 14, 13, 15, 48, 32, 2, 17, 3, 18, 31, 37, 16, 29, 50, 26, 47, 5, 24, 27, 28, 12, 45, 21, 30, 23, 20, 46, 38, 44, 4, 40, 39, 35, 36, 25, 6, 19, 41, 8, 9, 10, 49, 34, 22]

Individual 85:
  Route length: 14639
  Contribution to Diversity: 0.00012242652593741354
  Route: [44, 46, 16, 31, 37, 38, 6, 15, 5, 24, 35, 32, 2, 7, 42, 21, 36, 10, 9, 28, 48, 34, 1, 18, 23, 30, 29, 50, 20, 49, 19, 45, 39, 17, 3, 4, 25, 12, 43, 40, 8, 41, 33, 51, 11, 52, 14, 47, 13, 26, 27, 22]

Individual 86:
  Route length: 14732
  Contribution to Diversity: 0.0008757001610248949
  Route: [2, 31, 18, 3, 32, 39, 34, 35, 15, 45, 44, 46, 12, 28, 25, 4, 6, 5, 49, 1, 24, 19, 10, 9, 8, 41, 43, 20, 33, 51, 11, 52, 26, 27, 47, 14, 13, 50, 23, 21, 42, 7, 30, 17, 40, 16, 29, 36, 37, 48, 38, 22]

Individual 87:
  Route length: 15026
  Contribution to Diversity: 0.0019011805415125593
  Route: [32, 6, 15, 43, 4, 8, 40, 18, 10, 9, 37, 38, 48, 27, 26, 47, 13, 14, 52, 11, 51, 33, 41, 1, 46, 16, 2, 7, 42, 21, 45, 19, 39, 17, 35, 49, 44, 34, 36, 5, 24, 25, 12, 28, 31, 20, 50, 3, 23, 29, 30, 22]

Individual 88:
  Route length: 14969
  Contribution to Diversity: 0.00055707588414311
  Route: [49, 18, 17, 21, 4, 39, 35, 36, 46, 44, 1, 32, 45, 38, 37, 15, 40, 28, 12, 5, 33, 51, 11, 52, 16, 29, 31, 2, 7, 24, 48, 50, 20, 23, 30, 42, 25, 14, 13, 47, 27, 26, 34, 6, 43, 10, 9, 8, 41, 19, 3, 22]

Individual 89:
  Route length: 14398
  Contribution to Diversity: 0.000638081897080589
  Route: [32, 1, 45, 34, 44, 15, 27, 26, 10, 19, 41, 8, 9, 47, 13, 14, 52, 11, 51, 46, 16, 40, 36, 37, 38, 48, 49, 35, 24, 4, 29, 50, 20, 23, 43, 33, 12, 25, 28, 6, 5, 39, 30, 3, 17, 21, 42, 7, 2, 18, 31, 22]

Individual 90:
  Route length: 14859
  Contribution to Diversity: 0.0004383641807645944
  Route: [35, 24, 5, 49, 20, 29, 50, 18, 23, 40, 1, 28, 12, 33, 51, 27, 26, 52, 14, 13, 47, 11, 25, 10, 9, 8, 41, 43, 6, 4, 31, 17, 3, 38, 19, 32, 34, 44, 46, 37, 15, 16, 48, 39, 36, 21, 30, 2, 7, 42, 45, 22]

Individual 91:
  Route length: 14824
  Contribution to Diversity: 0
  Route: [6, 1, 31, 3, 18, 28, 27, 49, 38, 37, 39, 15, 5, 24, 40, 50, 36, 35, 2, 30, 29, 16, 44, 34, 32, 23, 17, 21, 42, 7, 25, 43, 33, 8, 41, 19, 45, 9, 10, 48, 46, 12, 47, 26, 13, 14, 52, 11, 51, 4, 20, 22]

Individual 92:
  Route length: 15069
  Contribution to Diversity: 0.0007482510834222467
  Route: [1, 43, 33, 11, 52, 49, 48, 38, 3, 37, 40, 39, 36, 32, 45, 19, 21, 46, 16, 30, 14, 47, 13, 26, 27, 28, 12, 51, 15, 5, 24, 20, 50, 29, 7, 2, 42, 23, 6, 25, 31, 18, 17, 35, 34, 44, 4, 10, 9, 8, 41, 22]

Individual 93:
  Route length: 14774
  Contribution to Diversity: 0.0006548698554560417
  Route: [17, 20, 23, 30, 2, 7, 42, 21, 3, 29, 16, 19, 41, 8, 13, 14, 52, 11, 51, 33, 18, 10, 9, 1, 49, 32, 45, 43, 34, 38, 37, 48, 50, 36, 6, 4, 25, 12, 28, 35, 5, 15, 40, 24, 26, 27, 47, 44, 46, 39, 31, 22]

Individual 94:
  Route length: 14832
  Contribution to Diversity: 0
  Route: [6, 1, 31, 3, 18, 28, 27, 49, 39, 37, 38, 15, 5, 24, 40, 50, 36, 35, 2, 30, 29, 16, 44, 34, 32, 23, 17, 21, 42, 7, 25, 45, 19, 41, 8, 33, 43, 9, 10, 48, 46, 12, 47, 26, 13, 14, 52, 11, 51, 4, 20, 22]

Individual 95:
  Route length: 14850
  Contribution to Diversity: 0
  Route: [31, 29, 50, 15, 6, 20, 42, 2, 7, 1, 49, 40, 35, 44, 23, 18, 21, 17, 32, 37, 38, 43, 10, 4, 24, 5, 39, 36, 34, 30, 25, 48, 16, 47, 12, 28, 11, 14, 13, 52, 26, 27, 51, 33, 19, 41, 8, 9, 46, 45, 3, 22]

Individual 96:
  Route length: 15039
  Contribution to Diversity: 0.0008276935015496534
  Route: [38, 24, 49, 40, 44, 15, 5, 16, 46, 43, 10, 9, 8, 41, 32, 1, 33, 51, 11, 47, 14, 13, 52, 26, 27, 25, 18, 21, 48, 6, 4, 28, 12, 35, 36, 39, 20, 2, 7, 42, 37, 17, 3, 45, 50, 29, 30, 23, 34, 31, 19, 22]

Individual 97:
  Route length: 14870
  Contribution to Diversity: 0
  Route: [1, 40, 23, 20, 50, 6, 30, 16, 49, 18, 7, 42, 2, 39, 36, 35, 38, 37, 5, 24, 48, 34, 44, 3, 41, 19, 8, 9, 10, 45, 32, 46, 12, 28, 27, 31, 15, 43, 33, 51, 11, 52, 14, 13, 25, 26, 47, 29, 17, 21, 4, 22]

Individual 98:
  Route length: 14815
  Contribution to Diversity: 0
  Route: [40, 25, 48, 12, 28, 5, 44, 34, 39, 1, 38, 13, 14, 52, 11, 51, 33, 15, 4, 6, 41, 8, 19, 45, 32, 37, 10, 43, 16, 29, 35, 36, 49, 21, 42, 7, 2, 30, 50, 20, 23, 18, 9, 17, 46, 47, 26, 27, 24, 3, 31, 22]

Individual 99:
  Route length: 15066
  Contribution to Diversity: 0.0010822094377491709
  Route: [1, 23, 8, 45, 21, 17, 42, 7, 44, 31, 19, 3, 18, 2, 29, 47, 26, 25, 12, 28, 27, 15, 43, 33, 51, 11, 52, 14, 13, 46, 40, 6, 49, 39, 36, 35, 34, 5, 24, 48, 38, 37, 16, 50, 9, 10, 41, 4, 20, 32, 30, 22]

Individual 100:
  Route length: 14947
  Contribution to Diversity: 8.455978615096171e-06
  Route: [40, 25, 48, 12, 28, 5, 44, 34, 39, 18, 23, 20, 50, 30, 2, 7, 42, 21, 49, 1, 38, 13, 14, 52, 11, 51, 33, 15, 4, 6, 41, 8, 19, 45, 32, 37, 10, 43, 16, 29, 35, 36, 9, 17, 46, 47, 26, 27, 24, 3, 31, 22]

Individual 101:
  Route length: 14845
  Contribution to Diversity: 0.00045189213185192756
  Route: [1, 49, 32, 35, 43, 10, 9, 15, 29, 46, 50, 38, 48, 37, 30, 7, 23, 20, 51, 11, 52, 14, 13, 27, 26, 47, 6, 8, 19, 45, 17, 21, 42, 2, 16, 24, 5, 40, 25, 4, 34, 33, 28, 12, 39, 36, 44, 41, 3, 18, 31, 22]

Individual 102:
  Route length: 14231
  Contribution to Diversity: 0
  Route: [1, 37, 44, 40, 35, 49, 5, 24, 23, 50, 29, 42, 7, 2, 30, 21, 25, 11, 47, 13, 14, 52, 26, 27, 46, 45, 3, 17, 31, 48, 4, 28, 12, 51, 33, 43, 19, 10, 9, 8, 41, 16, 34, 32, 38, 18, 20, 6, 15, 36, 39, 22]

Individual 103:
  Route length: 14655
  Contribution to Diversity: 0.0006717306609465012
  Route: [1, 49, 32, 18, 9, 10, 33, 46, 5, 2, 7, 42, 21, 17, 3, 8, 41, 19, 44, 34, 45, 15, 47, 31, 20, 23, 30, 50, 35, 29, 16, 43, 6, 24, 48, 38, 39, 51, 11, 52, 14, 26, 27, 28, 13, 4, 37, 40, 12, 25, 36, 22]

Individual 104:
  Route length: 14999
  Contribution to Diversity: 0.0010991967210909337
  Route: [28, 5, 15, 6, 4, 25, 46, 16, 40, 23, 18, 32, 49, 44, 1, 3, 17, 34, 35, 36, 39, 24, 20, 31, 48, 45, 12, 19, 41, 8, 9, 10, 43, 33, 51, 11, 52, 14, 29, 38, 27, 13, 47, 26, 37, 30, 2, 7, 42, 21, 50, 22]

Individual 105:
  Route length: 14995
  Contribution to Diversity: 0
  Route: [33, 43, 34, 49, 1, 20, 38, 5, 10, 9, 8, 41, 21, 42, 7, 2, 30, 23, 24, 28, 27, 26, 47, 35, 32, 50, 3, 17, 19, 45, 18, 31, 6, 12, 51, 11, 52, 14, 46, 48, 15, 37, 16, 13, 25, 4, 44, 36, 39, 40, 29, 22]

Individual 106:
  Route length: 15066
  Contribution to Diversity: 0.00027081173789333945
  Route: [44, 46, 16, 31, 37, 38, 6, 15, 5, 24, 35, 32, 2, 7, 42, 21, 36, 10, 9, 28, 34, 48, 1, 17, 39, 45, 19, 49, 20, 50, 29, 30, 23, 18, 3, 4, 25, 12, 43, 40, 8, 41, 33, 51, 11, 52, 14, 47, 13, 26, 27, 22]

Individual 107:
  Route length: 15017
  Contribution to Diversity: 0.0004967051398026001
  Route: [1, 24, 23, 50, 29, 20, 17, 3, 45, 46, 37, 11, 47, 13, 14, 52, 26, 27, 41, 8, 9, 10, 19, 43, 33, 51, 12, 28, 4, 48, 40, 44, 25, 21, 30, 2, 7, 42, 6, 15, 36, 39, 18, 38, 32, 34, 16, 5, 49, 35, 31, 22]

Individual 108:
  Route length: 14911
  Contribution to Diversity: 0.0001516408623034593
  Route: [7, 2, 30, 1, 45, 40, 49, 36, 39, 25, 43, 10, 9, 8, 19, 41, 35, 37, 4, 6, 38, 48, 28, 51, 33, 12, 17, 21, 42, 23, 29, 44, 52, 11, 27, 26, 47, 13, 14, 24, 15, 5, 46, 50, 34, 32, 20, 16, 3, 18, 31, 22]

Individual 109:
  Route length: 14836
  Contribution to Diversity: 0
  Route: [12, 40, 45, 32, 49, 1, 28, 47, 13, 14, 52, 11, 51, 33, 35, 36, 39, 34, 43, 10, 9, 16, 29, 15, 6, 4, 30, 2, 7, 42, 21, 20, 50, 17, 3, 18, 31, 19, 37, 25, 26, 27, 23, 46, 44, 5, 24, 48, 38, 41, 8, 22]

Individual 110:
  Route length: 14746
  Contribution to Diversity: 0
  Route: [1, 40, 23, 20, 50, 6, 34, 48, 24, 5, 37, 38, 35, 36, 39, 2, 42, 7, 18, 49, 16, 30, 44, 3, 41, 19, 8, 9, 10, 45, 32, 46, 12, 28, 27, 31, 15, 43, 33, 51, 11, 52, 14, 13, 25, 26, 47, 29, 17, 21, 4, 22]

Individual 111:
  Route length: 14865
  Contribution to Diversity: 0
  Route: [6, 1, 31, 3, 18, 28, 27, 49, 38, 37, 10, 9, 45, 19, 41, 8, 33, 43, 25, 7, 42, 21, 17, 23, 32, 34, 44, 16, 29, 30, 2, 35, 36, 50, 40, 24, 5, 15, 39, 48, 46, 12, 47, 26, 13, 14, 52, 11, 51, 4, 20, 22]

Individual 112:
  Route length: 15018
  Contribution to Diversity: 0.0010960266038022581
  Route: [3, 30, 23, 20, 44, 40, 36, 48, 38, 4, 17, 41, 49, 16, 29, 5, 46, 34, 35, 24, 37, 6, 50, 43, 10, 9, 8, 2, 7, 42, 28, 27, 12, 25, 39, 1, 18, 31, 32, 19, 45, 15, 33, 51, 11, 52, 14, 13, 47, 26, 21, 22]

Individual 113:
  Route length: 14893
  Contribution to Diversity: 8.579692654198112e-05
  Route: [1, 48, 34, 45, 32, 49, 24, 43, 10, 9, 51, 33, 4, 15, 39, 36, 28, 12, 25, 27, 26, 47, 13, 14, 52, 11, 5, 40, 37, 38, 16, 46, 50, 20, 21, 30, 23, 35, 17, 3, 44, 41, 18, 6, 29, 42, 2, 7, 8, 19, 31, 22]

Individual 114:
  Route length: 14877
  Contribution to Diversity: 0
  Route: [1, 40, 23, 20, 50, 6, 30, 16, 49, 18, 7, 42, 2, 39, 36, 35, 38, 37, 5, 24, 48, 34, 44, 45, 10, 9, 8, 19, 41, 3, 32, 46, 12, 28, 27, 31, 15, 43, 33, 51, 11, 52, 14, 13, 25, 26, 47, 29, 17, 21, 4, 22]

Individual 115:
  Route length: 14796
  Contribution to Diversity: 0.0020110675775359965
  Route: [42, 18, 31, 15, 38, 48, 27, 28, 47, 26, 12, 33, 43, 52, 51, 11, 13, 14, 1, 49, 32, 30, 23, 45, 2, 7, 21, 17, 3, 25, 4, 6, 16, 29, 50, 20, 19, 41, 8, 9, 10, 5, 37, 24, 40, 35, 36, 39, 34, 44, 46, 22]

Individual 116:
  Route length: 14964
  Contribution to Diversity: 0.00010572082533144567
  Route: [1, 32, 35, 37, 2, 16, 46, 44, 3, 42, 7, 30, 29, 31, 17, 21, 48, 6, 4, 25, 12, 20, 23, 36, 38, 15, 51, 11, 52, 13, 14, 47, 50, 39, 28, 27, 26, 24, 5, 33, 43, 10, 8, 41, 19, 45, 9, 18, 40, 49, 34, 22]

Individual 117:
  Route length: 14998
  Contribution to Diversity: 0.000640882423793343
  Route: [26, 36, 31, 23, 18, 38, 1, 19, 3, 17, 8, 41, 49, 44, 16, 14, 52, 11, 51, 33, 43, 10, 9, 46, 45, 21, 42, 7, 2, 30, 40, 12, 25, 4, 37, 35, 48, 6, 15, 5, 24, 39, 34, 28, 47, 13, 27, 29, 50, 20, 32, 22]

Individual 118:
  Route length: 14666
  Contribution to Diversity: 7.237085618161387e-05
  Route: [42, 7, 2, 29, 39, 44, 17, 18, 31, 25, 36, 48, 43, 33, 12, 28, 27, 26, 47, 13, 14, 24, 5, 15, 51, 11, 52, 6, 23, 50, 20, 46, 1, 19, 45, 10, 9, 8, 41, 21, 3, 30, 16, 38, 49, 32, 35, 34, 40, 37, 4, 22]

Individual 119:
  Route length: 14996
  Contribution to Diversity: 0
  Route: [33, 43, 34, 36, 44, 4, 25, 13, 16, 37, 15, 48, 46, 14, 52, 11, 51, 12, 6, 31, 18, 45, 19, 17, 3, 50, 32, 35, 47, 26, 27, 28, 24, 23, 30, 2, 7, 42, 21, 41, 8, 9, 10, 5, 38, 20, 1, 49, 39, 40, 29, 22]

Individual 120:
  Route length: 14225
  Contribution to Diversity: 0
  Route: [1, 40, 44, 37, 35, 49, 5, 24, 23, 50, 29, 42, 7, 2, 30, 21, 25, 11, 47, 13, 14, 52, 26, 27, 46, 45, 3, 17, 31, 48, 4, 28, 12, 51, 33, 43, 19, 10, 9, 8, 41, 16, 34, 32, 38, 18, 20, 6, 15, 36, 39, 22]

Individual 121:
  Route length: 15069
  Contribution to Diversity: 0
  Route: [16, 1, 4, 12, 28, 29, 31, 37, 44, 34, 36, 39, 46, 25, 6, 15, 5, 24, 45, 49, 38, 21, 20, 3, 42, 7, 2, 30, 50, 17, 35, 48, 41, 8, 9, 10, 43, 33, 51, 27, 26, 52, 14, 47, 13, 11, 19, 40, 23, 32, 18, 22]

Individual 122:
  Route length: 15032
  Contribution to Diversity: 0.0006345588996721219
  Route: [36, 14, 13, 47, 27, 26, 52, 11, 51, 33, 24, 6, 48, 20, 5, 38, 2, 19, 10, 9, 8, 41, 43, 4, 28, 25, 12, 44, 1, 17, 31, 46, 40, 37, 18, 3, 45, 15, 35, 34, 39, 32, 49, 21, 42, 7, 30, 23, 50, 29, 16, 22]

Individual 123:
  Route length: 14991
  Contribution to Diversity: 0.0008345945637282526
  Route: [26, 37, 4, 25, 12, 40, 30, 2, 7, 42, 21, 1, 19, 3, 17, 8, 41, 49, 44, 16, 14, 52, 11, 51, 33, 43, 10, 9, 46, 45, 38, 18, 29, 27, 13, 47, 28, 34, 39, 24, 5, 15, 6, 48, 35, 36, 31, 23, 50, 20, 32, 22]

Individual 124:
  Route length: 14864
  Contribution to Diversity: 0.00010182504054956354
  Route: [7, 2, 30, 1, 45, 40, 49, 36, 39, 25, 43, 10, 9, 8, 19, 41, 35, 37, 4, 6, 38, 48, 28, 51, 33, 12, 17, 21, 42, 23, 29, 44, 50, 46, 5, 15, 24, 14, 13, 47, 26, 27, 11, 52, 34, 32, 20, 16, 3, 18, 31, 22]

Individual 125:
  Route length: 14363
  Contribution to Diversity: 0.00011048819816128486
  Route: [1, 39, 5, 15, 6, 43, 35, 34, 50, 30, 2, 36, 16, 46, 44, 49, 48, 24, 31, 18, 19, 41, 8, 10, 9, 38, 37, 40, 23, 20, 7, 42, 21, 17, 3, 45, 32, 4, 13, 14, 52, 11, 26, 27, 28, 12, 25, 47, 29, 33, 51, 22]

Individual 126:
  Route length: 14922
  Contribution to Diversity: 1.4514667446619e-05
  Route: [1, 48, 34, 45, 32, 23, 30, 21, 20, 50, 46, 16, 38, 37, 40, 5, 11, 52, 14, 13, 47, 26, 27, 25, 12, 28, 36, 39, 15, 4, 33, 51, 9, 10, 43, 24, 49, 35, 17, 3, 44, 41, 18, 6, 29, 42, 2, 7, 8, 19, 31, 22]

Individual 127:
  Route length: 14526
  Contribution to Diversity: 0.0004379016069293584
  Route: [14, 52, 21, 46, 16, 25, 28, 27, 26, 47, 13, 35, 38, 15, 5, 39, 36, 11, 51, 33, 43, 4, 6, 24, 29, 12, 48, 37, 40, 44, 34, 50, 20, 23, 30, 2, 42, 7, 1, 49, 32, 45, 19, 41, 8, 9, 10, 17, 18, 3, 31, 22]

Individual 128:
  Route length: 14993
  Contribution to Diversity: 0.0005903466434364901
  Route: [3, 17, 49, 32, 16, 31, 10, 43, 33, 41, 19, 45, 8, 9, 20, 18, 21, 2, 7, 42, 1, 50, 15, 6, 40, 44, 46, 25, 12, 5, 35, 34, 30, 23, 28, 27, 52, 47, 13, 14, 26, 11, 51, 4, 36, 29, 37, 39, 24, 48, 38, 22]

Individual 129:
  Route length: 14941
  Contribution to Diversity: 0
  Route: [1, 25, 6, 18, 3, 17, 50, 4, 11, 51, 33, 43, 19, 45, 32, 49, 21, 42, 7, 2, 30, 23, 20, 36, 38, 37, 40, 16, 34, 28, 52, 14, 13, 47, 12, 44, 48, 39, 15, 9, 8, 10, 41, 29, 24, 5, 46, 27, 26, 35, 31, 22]

Individual 130:
  Route length: 15018
  Contribution to Diversity: 0.0003603025434184559
  Route: [3, 17, 49, 32, 16, 31, 10, 43, 33, 41, 19, 45, 8, 9, 12, 25, 46, 44, 40, 6, 15, 48, 24, 35, 34, 30, 23, 28, 27, 52, 47, 13, 14, 26, 11, 51, 4, 36, 29, 37, 50, 1, 42, 7, 2, 21, 18, 20, 5, 39, 38, 22]

Individual 131:
  Route length: 15053
  Contribution to Diversity: 0
  Route: [16, 1, 4, 12, 28, 29, 31, 37, 44, 34, 36, 39, 46, 25, 6, 15, 5, 24, 45, 49, 38, 17, 50, 30, 2, 7, 42, 3, 20, 21, 35, 48, 41, 8, 9, 10, 43, 33, 51, 27, 26, 52, 14, 47, 13, 11, 19, 40, 23, 32, 18, 22]

Individual 132:
  Route length: 15025
  Contribution to Diversity: 0.0001676958953904517
  Route: [1, 32, 35, 37, 2, 16, 46, 44, 3, 42, 7, 30, 29, 31, 17, 21, 48, 12, 25, 4, 6, 20, 23, 36, 38, 15, 51, 11, 52, 13, 14, 47, 50, 39, 28, 27, 26, 24, 5, 33, 43, 10, 8, 41, 19, 45, 9, 18, 40, 49, 34, 22]

Individual 133:
  Route length: 14970
  Contribution to Diversity: 0
  Route: [16, 1, 48, 35, 21, 20, 3, 42, 7, 2, 30, 50, 17, 38, 49, 45, 24, 5, 15, 6, 25, 46, 39, 36, 34, 44, 37, 31, 29, 28, 12, 4, 41, 8, 9, 10, 43, 33, 51, 27, 26, 52, 14, 47, 13, 11, 19, 40, 23, 32, 18, 22]

Individual 134:
  Route length: 14830
  Contribution to Diversity: 0.0008274505056329318
  Route: [1, 49, 32, 48, 17, 21, 42, 7, 2, 47, 13, 30, 23, 20, 16, 29, 36, 12, 9, 40, 37, 38, 25, 4, 50, 28, 27, 26, 14, 52, 11, 51, 33, 43, 8, 10, 44, 34, 35, 41, 45, 39, 46, 6, 24, 5, 15, 19, 3, 18, 31, 22]

Individual 135:
  Route length: 15041
  Contribution to Diversity: 0
  Route: [1, 25, 6, 18, 3, 17, 50, 4, 11, 51, 33, 43, 19, 45, 32, 49, 21, 42, 7, 2, 30, 23, 20, 36, 38, 37, 40, 16, 46, 5, 24, 29, 41, 10, 8, 9, 15, 39, 48, 44, 12, 47, 13, 14, 52, 28, 34, 27, 26, 35, 31, 22]

Individual 136:
  Route length: 14001
  Contribution to Diversity: 0
  Route: [31, 29, 50, 15, 6, 18, 23, 44, 35, 40, 49, 1, 7, 2, 42, 20, 21, 17, 32, 37, 38, 43, 10, 9, 8, 41, 19, 33, 51, 27, 26, 52, 13, 14, 11, 28, 12, 47, 16, 48, 25, 30, 34, 36, 39, 5, 24, 4, 46, 45, 3, 22]

Individual 137:
  Route length: 15067
  Contribution to Diversity: 0.0004931806324464105
  Route: [16, 1, 4, 12, 28, 29, 31, 37, 44, 34, 36, 39, 46, 25, 6, 15, 11, 13, 47, 14, 52, 26, 27, 51, 33, 43, 10, 9, 8, 41, 48, 35, 21, 20, 3, 42, 7, 2, 30, 50, 17, 38, 49, 45, 24, 5, 19, 40, 23, 32, 18, 22]

Individual 138:
  Route length: 14767
  Contribution to Diversity: 0.00025698726356448987
  Route: [1, 37, 9, 10, 41, 4, 20, 50, 16, 30, 39, 36, 35, 19, 8, 49, 6, 45, 23, 31, 44, 34, 5, 24, 48, 38, 32, 40, 46, 13, 14, 52, 11, 51, 33, 43, 15, 27, 28, 12, 25, 26, 47, 29, 2, 18, 3, 21, 17, 42, 7, 22]

Individual 139:
  Route length: 14206
  Contribution to Diversity: 0
  Route: [44, 46, 16, 50, 7, 2, 30, 18, 3, 17, 21, 42, 29, 20, 28, 12, 27, 26, 47, 13, 32, 49, 1, 15, 8, 10, 9, 39, 41, 19, 43, 33, 51, 11, 52, 14, 45, 31, 40, 24, 37, 38, 48, 6, 4, 5, 25, 34, 35, 36, 23, 22]

Individual 140:
  Route length: 15076
  Contribution to Diversity: 0.001318662673724269
  Route: [35, 36, 18, 21, 17, 8, 41, 19, 45, 9, 3, 37, 50, 39, 10, 43, 33, 51, 11, 52, 14, 13, 47, 20, 12, 25, 4, 6, 48, 26, 27, 28, 49, 5, 24, 44, 34, 1, 15, 38, 40, 23, 2, 16, 46, 32, 31, 29, 30, 7, 42, 22]

Individual 141:
  Route length: 14904
  Contribution to Diversity: 0.0009736697871147726
  Route: [1, 31, 34, 40, 37, 38, 35, 36, 39, 49, 16, 30, 6, 50, 18, 2, 29, 47, 26, 25, 12, 28, 27, 3, 21, 17, 42, 7, 20, 23, 5, 24, 48, 44, 15, 41, 19, 8, 9, 10, 45, 32, 46, 13, 52, 14, 11, 51, 33, 43, 4, 22]

Individual 142:
  Route length: 14916
  Contribution to Diversity: 0.00020403500161503274
  Route: [7, 2, 30, 1, 45, 40, 49, 36, 39, 25, 15, 5, 46, 50, 44, 29, 23, 42, 21, 17, 12, 33, 51, 28, 48, 38, 6, 4, 37, 35, 41, 19, 8, 9, 10, 43, 24, 14, 13, 47, 26, 27, 11, 52, 34, 32, 20, 16, 3, 18, 31, 22]

Individual 143:
  Route length: 15024
  Contribution to Diversity: 0.0006893968487684532
  Route: [1, 49, 3, 24, 17, 7, 2, 50, 29, 16, 23, 30, 36, 46, 15, 5, 48, 35, 44, 34, 41, 19, 20, 21, 42, 40, 39, 9, 8, 38, 37, 10, 28, 12, 25, 43, 6, 4, 27, 26, 47, 14, 13, 52, 11, 51, 33, 45, 32, 18, 31, 22]

Individual 144:
  Route length: 14625
  Contribution to Diversity: 5.409207289552853e-05
  Route: [31, 29, 50, 15, 6, 20, 42, 2, 7, 3, 45, 46, 9, 8, 41, 19, 33, 51, 27, 26, 52, 13, 14, 11, 28, 12, 47, 16, 48, 25, 30, 34, 36, 39, 5, 24, 4, 10, 43, 38, 37, 32, 17, 21, 18, 23, 44, 35, 40, 49, 1, 22]

Individual 145:
  Route length: 14865
  Contribution to Diversity: 0
  Route: [33, 43, 34, 49, 1, 20, 38, 5, 10, 9, 8, 41, 21, 42, 7, 2, 30, 23, 24, 28, 27, 26, 47, 35, 32, 50, 3, 17, 19, 45, 18, 31, 16, 37, 15, 48, 46, 14, 52, 11, 51, 12, 6, 13, 25, 4, 44, 36, 39, 40, 29, 22]

Individual 146:
  Route length: 15040
  Contribution to Diversity: 0.0009865917215119424
  Route: [1, 49, 32, 45, 19, 41, 9, 10, 43, 16, 29, 2, 42, 7, 21, 17, 44, 34, 31, 50, 3, 8, 18, 39, 36, 25, 28, 12, 27, 14, 26, 52, 11, 51, 13, 4, 35, 20, 23, 30, 5, 15, 46, 33, 6, 47, 37, 38, 48, 24, 40, 22]

Individual 147:
  Route length: 14943
  Contribution to Diversity: 0.0012365746550901946
  Route: [1, 49, 4, 10, 44, 39, 36, 21, 30, 23, 35, 38, 37, 40, 32, 15, 19, 51, 27, 26, 47, 13, 14, 52, 11, 5, 6, 34, 43, 33, 24, 48, 45, 41, 8, 9, 7, 2, 42, 29, 16, 46, 50, 25, 12, 28, 20, 17, 3, 18, 31, 22]

Individual 148:
  Route length: 14864
  Contribution to Diversity: 2.1790893747208884e-05
  Route: [33, 43, 34, 49, 1, 20, 38, 5, 35, 47, 26, 27, 28, 24, 23, 30, 2, 7, 42, 21, 41, 8, 9, 10, 32, 50, 3, 17, 19, 45, 18, 31, 16, 37, 15, 48, 46, 14, 52, 11, 51, 12, 6, 13, 25, 4, 44, 36, 39, 40, 29, 22]

Individual 149:
  Route length: 14759
  Contribution to Diversity: 0.000199065032997936
  Route: [35, 49, 5, 24, 20, 29, 50, 36, 38, 19, 32, 28, 12, 11, 47, 13, 14, 52, 26, 27, 51, 33, 25, 18, 23, 21, 30, 2, 7, 42, 45, 46, 44, 34, 1, 40, 10, 9, 8, 41, 43, 6, 4, 31, 17, 3, 39, 48, 16, 15, 37, 22]

Total Entropy H: 6.082662928368501
