Individual 0:
  Route length: 13124
  Contribution to Diversity: 0.0231307796286071
  Route: [3, 1, 29, 36, 35, 49, 31, 18, 32, 39, 47, 26, 25, 13, 14, 52, 11, 51, 12, 28, 27, 38, 48, 34, 46, 24, 15, 6, 4, 50, 30, 5, 37, 40, 10, 9, 8, 41, 19, 43, 33, 45, 17, 21, 42, 7, 2, 20, 23, 44, 16, 22]

Individual 1:
  Route length: 13065
  Contribution to Diversity: 0.01656327818943204
  Route: [31, 50, 9, 10, 45, 41, 3, 23, 21, 1, 32, 39, 36, 43, 5, 15, 48, 40, 38, 51, 33, 12, 28, 27, 26, 47, 13, 52, 14, 11, 6, 29, 16, 18, 17, 7, 2, 42, 30, 20, 44, 24, 37, 46, 4, 25, 34, 35, 49, 8, 19, 22]

Individual 2:
  Route length: 12928
  Contribution to Diversity: 0.017424146023889975
  Route: [24, 34, 35, 40, 9, 10, 43, 33, 4, 5, 45, 36, 15, 8, 41, 19, 6, 38, 51, 28, 12, 47, 26, 13, 14, 52, 11, 27, 29, 20, 23, 2, 7, 42, 21, 50, 16, 44, 46, 48, 37, 25, 39, 32, 49, 18, 31, 1, 30, 17, 3, 22]

Individual 3:
  Route length: 13150
  Contribution to Diversity: 0.02855278132346495
  Route: [18, 45, 10, 9, 43, 44, 1, 20, 15, 46, 16, 38, 32, 35, 40, 48, 34, 36, 5, 6, 28, 27, 47, 26, 13, 52, 14, 11, 51, 12, 4, 24, 37, 39, 25, 33, 19, 8, 23, 31, 50, 3, 41, 17, 21, 42, 7, 2, 30, 29, 49, 22]

Individual 4:
  Route length: 13178
  Contribution to Diversity: 0.02425268393942659
  Route: [36, 3, 30, 50, 16, 46, 31, 39, 34, 42, 7, 18, 20, 29, 38, 44, 1, 32, 15, 40, 5, 24, 37, 45, 23, 49, 19, 41, 8, 9, 10, 43, 33, 51, 11, 52, 14, 26, 47, 13, 27, 28, 12, 25, 6, 4, 48, 35, 21, 2, 17, 22]

Individual 5:
  Route length: 13040
  Contribution to Diversity: 0.000535547102890277
  Route: [19, 45, 32, 25, 37, 16, 26, 13, 52, 11, 47, 14, 27, 28, 4, 48, 33, 51, 12, 43, 8, 10, 9, 41, 39, 6, 15, 38, 24, 5, 40, 44, 36, 49, 35, 1, 46, 20, 21, 17, 7, 2, 42, 30, 31, 23, 34, 50, 29, 18, 3, 22]

Individual 6:
  Route length: 13091
  Contribution to Diversity: 0.014298743676535608
  Route: [18, 49, 35, 38, 46, 19, 41, 8, 3, 17, 42, 21, 2, 7, 34, 37, 32, 36, 45, 43, 33, 10, 9, 40, 39, 29, 50, 25, 5, 48, 16, 44, 20, 24, 15, 6, 4, 51, 11, 52, 27, 14, 13, 47, 26, 28, 12, 1, 30, 23, 31, 22]

Individual 7:
  Route length: 13128
  Contribution to Diversity: 0.02428046337049139
  Route: [1, 36, 34, 44, 45, 49, 17, 42, 7, 2, 29, 50, 20, 16, 31, 18, 30, 46, 39, 37, 48, 10, 43, 33, 51, 6, 25, 12, 28, 52, 11, 27, 13, 14, 26, 47, 35, 5, 4, 15, 24, 38, 9, 8, 41, 19, 32, 3, 21, 23, 40, 22]

Individual 8:
  Route length: 12975
  Contribution to Diversity: 0.007609216689467679
  Route: [1, 49, 44, 46, 38, 37, 31, 42, 7, 2, 30, 29, 50, 40, 39, 36, 6, 34, 21, 17, 18, 3, 23, 20, 16, 5, 15, 24, 48, 51, 33, 14, 52, 11, 25, 4, 26, 47, 13, 27, 28, 12, 43, 8, 10, 9, 32, 45, 19, 41, 35, 22]

Individual 9:
  Route length: 13071
  Contribution to Diversity: 0.025378298101979446
  Route: [32, 20, 42, 2, 7, 17, 21, 23, 35, 30, 16, 36, 34, 4, 46, 5, 6, 11, 52, 14, 13, 26, 47, 51, 12, 27, 28, 25, 24, 33, 43, 49, 19, 8, 41, 9, 10, 18, 31, 3, 45, 38, 37, 48, 15, 44, 39, 29, 50, 40, 1, 22]

Individual 10:
  Route length: 13096
  Contribution to Diversity: 0.01862696805633668
  Route: [1, 30, 29, 20, 50, 42, 7, 2, 31, 49, 16, 15, 41, 6, 36, 39, 38, 4, 37, 46, 45, 8, 18, 32, 44, 35, 43, 33, 51, 11, 52, 14, 13, 47, 26, 27, 28, 12, 25, 5, 24, 40, 34, 3, 17, 10, 9, 19, 48, 21, 23, 22]

Individual 11:
  Route length: 13148
  Contribution to Diversity: 0.023648913571119756
  Route: [3, 19, 17, 41, 8, 10, 9, 43, 33, 51, 26, 47, 13, 52, 11, 27, 14, 28, 12, 4, 39, 25, 24, 48, 5, 6, 36, 35, 44, 49, 37, 38, 30, 20, 29, 16, 50, 18, 32, 1, 7, 23, 42, 2, 21, 34, 46, 15, 40, 45, 31, 22]

Individual 12:
  Route length: 12890
  Contribution to Diversity: 0.005758414941266388
  Route: [1, 9, 10, 8, 19, 41, 45, 36, 38, 37, 44, 46, 35, 21, 42, 7, 2, 17, 31, 18, 23, 50, 49, 48, 6, 24, 43, 32, 3, 15, 4, 40, 33, 12, 51, 11, 13, 28, 26, 52, 14, 47, 27, 25, 29, 30, 20, 16, 34, 5, 39, 22]

Individual 13:
  Route length: 13157
  Contribution to Diversity: 0.005758414941266388
  Route: [1, 9, 10, 8, 19, 41, 45, 36, 38, 37, 44, 46, 35, 21, 42, 7, 2, 17, 31, 18, 23, 50, 49, 27, 47, 14, 52, 26, 28, 13, 11, 51, 12, 33, 40, 4, 15, 3, 32, 43, 24, 6, 48, 25, 29, 30, 20, 16, 34, 5, 39, 22]

Individual 14:
  Route length: 13089
  Contribution to Diversity: 0.019515871425717535
  Route: [23, 29, 50, 31, 18, 2, 7, 42, 21, 39, 40, 35, 37, 48, 15, 24, 46, 34, 1, 44, 16, 49, 32, 45, 6, 41, 8, 19, 9, 10, 4, 51, 11, 14, 52, 13, 28, 47, 27, 26, 12, 25, 36, 20, 30, 17, 3, 5, 33, 43, 38, 22]

Individual 15:
  Route length: 13050
  Contribution to Diversity: 0.0005355471028911651
  Route: [19, 45, 32, 25, 37, 16, 26, 13, 52, 11, 47, 14, 27, 28, 4, 48, 33, 51, 12, 43, 8, 10, 9, 41, 39, 6, 24, 38, 15, 5, 40, 44, 36, 49, 35, 1, 46, 20, 21, 17, 7, 2, 42, 30, 31, 23, 34, 50, 29, 18, 3, 22]

Individual 16:
  Route length: 13181
  Contribution to Diversity: 0.017772896866458332
  Route: [31, 15, 19, 9, 8, 41, 10, 43, 25, 40, 12, 28, 27, 26, 13, 47, 14, 52, 11, 51, 33, 23, 20, 42, 21, 17, 3, 18, 35, 38, 36, 6, 4, 5, 46, 24, 16, 29, 2, 7, 30, 32, 45, 34, 44, 39, 48, 37, 1, 50, 49, 22]

Individual 17:
  Route length: 13105
  Contribution to Diversity: 0.012019501551408851
  Route: [1, 16, 49, 30, 31, 18, 3, 17, 23, 34, 50, 42, 21, 2, 7, 29, 20, 35, 44, 46, 4, 48, 15, 45, 32, 19, 37, 36, 40, 39, 38, 5, 28, 12, 25, 6, 10, 8, 41, 9, 43, 33, 51, 11, 52, 14, 13, 47, 26, 27, 24, 22]

Individual 18:
  Route length: 13050
  Contribution to Diversity: 0.01637376875684371
  Route: [1, 35, 34, 44, 46, 38, 4, 6, 37, 25, 19, 32, 36, 39, 45, 17, 3, 8, 41, 18, 2, 7, 42, 29, 21, 30, 16, 20, 50, 23, 31, 40, 24, 48, 5, 11, 14, 13, 47, 26, 52, 27, 28, 12, 43, 10, 9, 33, 51, 15, 49, 22]

Individual 19:
  Route length: 13162
  Contribution to Diversity: 0.017968021802372114
  Route: [35, 34, 39, 49, 6, 23, 18, 3, 17, 21, 30, 2, 7, 42, 31, 15, 48, 33, 43, 45, 19, 9, 10, 41, 8, 40, 20, 50, 37, 46, 29, 16, 44, 24, 38, 25, 11, 52, 14, 26, 47, 13, 28, 12, 4, 51, 27, 5, 1, 36, 32, 22]

Total Entropy H: 5.743796875751054
