Individual 0:
  Route length: 22558
  Contribution to Diversity: 0.0007805232295980957
  Route: [12, 40, 25, 4, 37, 23, 43, 33, 51, 11, 18, 31, 20, 29, 47, 14, 50, 1, 8, 9, 44, 52, 7, 21, 30, 19, 13, 27, 28, 15, 41, 2, 42, 5, 10, 3, 45, 34, 35, 17, 32, 16, 36, 39, 46, 38, 49, 26, 48, 6, 24, 22]

Individual 1:
  Route length: 22578
  Contribution to Diversity: 0.0022589130251109424
  Route: [15, 51, 13, 25, 26, 18, 43, 48, 33, 29, 28, 30, 7, 19, 12, 9, 35, 39, 5, 11, 3, 1, 49, 32, 45, 46, 16, 50, 24, 38, 8, 41, 37, 34, 21, 40, 44, 6, 4, 52, 14, 27, 47, 20, 31, 36, 10, 17, 42, 2, 23, 22]

Individual 2:
  Route length: 22464
  Contribution to Diversity: 0.0032480234917215967
  Route: [18, 52, 14, 16, 15, 39, 1, 17, 23, 25, 6, 10, 43, 45, 12, 32, 41, 8, 31, 3, 21, 50, 27, 29, 36, 46, 47, 13, 28, 48, 33, 11, 42, 7, 2, 40, 24, 35, 20, 51, 38, 37, 5, 4, 49, 30, 44, 19, 9, 26, 34, 22]

Individual 3:
  Route length: 22075
  Contribution to Diversity: 0.0028601107103547463
  Route: [5, 19, 1, 43, 10, 8, 13, 27, 33, 25, 45, 30, 17, 2, 11, 51, 26, 29, 49, 15, 36, 46, 31, 39, 32, 4, 6, 38, 34, 24, 48, 40, 23, 20, 50, 28, 16, 47, 37, 41, 18, 21, 42, 7, 3, 9, 12, 35, 52, 14, 44, 22]

Individual 4:
  Route length: 22601
  Contribution to Diversity: 0.0028278697612993398
  Route: [39, 32, 46, 35, 6, 24, 44, 20, 42, 7, 2, 37, 5, 4, 15, 40, 36, 18, 38, 11, 45, 3, 31, 1, 30, 8, 48, 9, 25, 43, 19, 23, 34, 21, 50, 49, 13, 47, 33, 51, 26, 29, 41, 17, 27, 12, 14, 52, 16, 28, 10, 22]

Individual 5:
  Route length: 22324
  Contribution to Diversity: 0.0005924370726688721
  Route: [32, 29, 48, 25, 11, 28, 5, 43, 35, 44, 19, 20, 2, 7, 21, 30, 3, 16, 15, 9, 18, 27, 52, 14, 37, 6, 4, 40, 46, 47, 36, 24, 13, 26, 39, 8, 45, 31, 50, 17, 42, 10, 49, 41, 23, 33, 51, 38, 34, 12, 1, 22]

Individual 6:
  Route length: 22611
  Contribution to Diversity: 0.0027384497651885553
  Route: [36, 5, 51, 33, 15, 30, 1, 13, 47, 20, 17, 41, 40, 38, 6, 48, 28, 26, 50, 16, 44, 39, 21, 7, 45, 10, 8, 3, 34, 23, 12, 9, 27, 4, 25, 18, 31, 32, 46, 42, 19, 43, 11, 14, 52, 2, 29, 24, 37, 49, 35, 22]

Individual 7:
  Route length: 22507
  Contribution to Diversity: 0.0012072263174935927
  Route: [50, 46, 31, 45, 49, 34, 51, 33, 17, 21, 11, 25, 48, 18, 32, 12, 42, 35, 41, 2, 30, 23, 20, 26, 27, 28, 7, 3, 24, 9, 5, 6, 14, 52, 47, 13, 38, 36, 40, 37, 29, 16, 1, 43, 10, 39, 44, 4, 15, 19, 8, 22]

Individual 8:
  Route length: 22578
  Contribution to Diversity: 0.0021687147322593248
  Route: [30, 8, 43, 10, 9, 51, 44, 23, 26, 27, 29, 50, 5, 52, 11, 48, 14, 33, 49, 3, 41, 45, 38, 6, 4, 15, 7, 36, 39, 47, 25, 46, 20, 12, 35, 1, 31, 19, 32, 37, 34, 24, 40, 18, 16, 21, 17, 42, 2, 13, 28, 22]

Individual 9:
  Route length: 22142
  Contribution to Diversity: 0.00043919689941240847
  Route: [32, 29, 14, 52, 11, 28, 34, 40, 30, 48, 45, 31, 18, 7, 21, 41, 8, 23, 13, 26, 33, 51, 42, 17, 2, 35, 19, 27, 6, 50, 44, 24, 10, 9, 5, 4, 15, 46, 25, 47, 20, 38, 39, 3, 36, 37, 1, 43, 12, 49, 16, 22]

Individual 10:
  Route length: 22518
  Contribution to Diversity: 0.0027880994174944718
  Route: [30, 48, 37, 21, 42, 18, 8, 17, 33, 43, 24, 51, 13, 14, 5, 49, 39, 35, 3, 9, 44, 38, 1, 23, 29, 47, 26, 4, 11, 28, 31, 25, 12, 52, 36, 40, 34, 19, 7, 27, 46, 16, 50, 32, 45, 2, 20, 6, 15, 10, 41, 22]

Individual 11:
  Route length: 22489
  Contribution to Diversity: 0.002159579757620378
  Route: [10, 43, 47, 4, 15, 32, 34, 18, 19, 12, 41, 11, 24, 33, 51, 48, 13, 14, 52, 27, 49, 35, 6, 23, 30, 42, 7, 45, 36, 50, 46, 40, 31, 8, 9, 26, 28, 3, 1, 39, 25, 29, 16, 17, 2, 44, 37, 20, 38, 5, 21, 22]

Individual 12:
  Route length: 22625
  Contribution to Diversity: 0.0030220389798243374
  Route: [48, 15, 42, 7, 21, 49, 46, 17, 26, 51, 11, 19, 2, 29, 13, 47, 31, 43, 12, 33, 28, 5, 4, 8, 32, 20, 50, 30, 18, 35, 36, 27, 9, 10, 6, 39, 40, 23, 16, 44, 34, 37, 38, 1, 25, 52, 14, 45, 24, 41, 3, 22]

Individual 13:
  Route length: 22544
  Contribution to Diversity: 0.002343329863264465
  Route: [47, 46, 51, 28, 13, 14, 35, 33, 4, 5, 37, 15, 6, 42, 1, 17, 3, 18, 48, 7, 2, 20, 49, 31, 10, 32, 43, 8, 21, 30, 40, 19, 9, 23, 25, 11, 12, 45, 34, 44, 26, 50, 16, 29, 24, 39, 36, 41, 38, 27, 52, 22]

Individual 14:
  Route length: 22587
  Contribution to Diversity: 0.001756172523204036
  Route: [21, 17, 48, 26, 42, 19, 31, 29, 37, 23, 24, 32, 18, 30, 2, 28, 27, 36, 40, 46, 20, 50, 9, 41, 38, 3, 8, 7, 33, 51, 11, 45, 1, 16, 35, 15, 4, 5, 25, 6, 10, 43, 47, 13, 14, 52, 49, 34, 44, 39, 12, 22]

Individual 15:
  Route length: 22199
  Contribution to Diversity: 0.0024998197843277836
  Route: [10, 48, 30, 7, 44, 37, 11, 52, 15, 1, 40, 2, 17, 3, 31, 23, 49, 36, 38, 24, 39, 42, 21, 9, 41, 25, 4, 47, 12, 28, 27, 33, 13, 26, 19, 6, 5, 14, 51, 43, 34, 20, 18, 29, 16, 35, 45, 46, 8, 32, 50, 22]

Individual 16:
  Route length: 21976
  Contribution to Diversity: 0.0004948605932115768
  Route: [33, 37, 35, 28, 39, 15, 6, 36, 31, 2, 42, 7, 34, 10, 43, 4, 18, 9, 1, 50, 3, 20, 8, 5, 38, 24, 27, 26, 47, 13, 14, 52, 12, 21, 49, 41, 48, 17, 51, 46, 44, 30, 11, 19, 45, 32, 40, 29, 16, 25, 23, 22]

Individual 17:
  Route length: 21993
  Contribution to Diversity: 0.0003485679195254221
  Route: [36, 10, 41, 20, 15, 51, 13, 25, 44, 46, 21, 40, 38, 14, 52, 11, 27, 47, 45, 1, 8, 31, 19, 42, 17, 37, 6, 30, 7, 5, 9, 39, 43, 48, 4, 24, 28, 12, 26, 29, 33, 18, 2, 23, 3, 34, 35, 16, 50, 49, 32, 22]

Individual 18:
  Route length: 22238
  Contribution to Diversity: 0.0027293979485163433
  Route: [1, 47, 10, 43, 33, 51, 13, 26, 4, 15, 34, 5, 7, 17, 21, 23, 29, 8, 31, 35, 18, 49, 37, 3, 39, 44, 46, 28, 27, 6, 25, 12, 20, 52, 14, 11, 32, 24, 48, 42, 30, 40, 36, 41, 2, 50, 38, 19, 16, 9, 45, 22]

Individual 19:
  Route length: 22211
  Contribution to Diversity: 0.00042735460442688833
  Route: [46, 50, 1, 37, 2, 41, 9, 8, 48, 28, 19, 45, 15, 38, 20, 34, 35, 40, 43, 10, 11, 52, 14, 25, 4, 36, 6, 12, 16, 5, 7, 27, 51, 26, 47, 13, 49, 32, 24, 3, 18, 17, 21, 44, 42, 31, 29, 39, 23, 30, 33, 22]

Individual 20:
  Route length: 22549
  Contribution to Diversity: 0.001200167161861998
  Route: [40, 20, 52, 51, 33, 11, 41, 8, 29, 1, 31, 18, 23, 3, 19, 15, 44, 46, 5, 49, 38, 27, 7, 34, 35, 6, 28, 12, 25, 16, 30, 50, 21, 9, 39, 32, 45, 2, 37, 14, 13, 47, 26, 43, 4, 36, 17, 42, 10, 48, 24, 22]

Individual 21:
  Route length: 22026
  Contribution to Diversity: 0.0024075192996964034
  Route: [23, 46, 37, 32, 9, 8, 36, 49, 18, 41, 10, 15, 24, 39, 6, 19, 1, 2, 31, 44, 48, 5, 27, 30, 42, 7, 21, 4, 43, 17, 40, 52, 26, 47, 3, 25, 51, 20, 29, 34, 38, 45, 28, 14, 13, 12, 11, 35, 16, 33, 50, 22]

Individual 22:
  Route length: 22316
  Contribution to Diversity: 0.0002742347930979605
  Route: [37, 40, 38, 28, 10, 8, 39, 3, 1, 49, 35, 33, 20, 51, 44, 21, 12, 7, 30, 2, 23, 34, 50, 6, 24, 46, 29, 18, 43, 48, 32, 19, 41, 9, 15, 31, 17, 45, 5, 42, 16, 11, 52, 47, 26, 25, 4, 27, 14, 13, 36, 22]

Individual 23:
  Route length: 21726
  Contribution to Diversity: 0.00040489058744164197
  Route: [12, 40, 25, 4, 37, 23, 43, 33, 51, 11, 28, 27, 13, 19, 30, 21, 7, 52, 44, 9, 8, 1, 50, 14, 47, 29, 20, 31, 18, 15, 41, 2, 42, 5, 10, 3, 45, 34, 35, 17, 32, 16, 36, 39, 46, 38, 49, 26, 48, 6, 24, 22]

Individual 24:
  Route length: 22315
  Contribution to Diversity: 0.0016839232478886856
  Route: [24, 2, 33, 9, 10, 41, 48, 43, 7, 17, 3, 40, 45, 44, 36, 25, 6, 26, 47, 14, 12, 13, 52, 38, 32, 39, 5, 34, 19, 49, 11, 27, 15, 28, 42, 50, 20, 18, 23, 1, 8, 21, 30, 31, 37, 51, 29, 46, 35, 4, 16, 22]

Individual 25:
  Route length: 22494
  Contribution to Diversity: 0.0012976938429014595
  Route: [38, 24, 3, 30, 17, 45, 2, 42, 23, 27, 11, 26, 32, 1, 20, 13, 21, 8, 25, 43, 10, 33, 12, 47, 52, 28, 5, 36, 39, 16, 46, 18, 40, 29, 50, 31, 7, 9, 35, 44, 48, 6, 49, 41, 19, 37, 15, 34, 14, 51, 4, 22]

Individual 26:
  Route length: 22424
  Contribution to Diversity: 0.0021385377804374883
  Route: [3, 19, 8, 9, 4, 13, 50, 5, 15, 40, 23, 46, 18, 48, 41, 33, 32, 47, 26, 27, 39, 34, 20, 2, 31, 42, 30, 21, 17, 51, 11, 52, 28, 35, 24, 14, 38, 43, 6, 25, 7, 29, 44, 36, 10, 37, 12, 45, 16, 1, 49, 22]

Individual 27:
  Route length: 22611
  Contribution to Diversity: 0.003368359391789255
  Route: [32, 4, 12, 35, 23, 26, 8, 9, 10, 13, 47, 21, 42, 2, 38, 16, 46, 48, 49, 15, 19, 3, 24, 1, 17, 36, 34, 31, 11, 6, 45, 44, 20, 5, 14, 52, 28, 27, 43, 33, 51, 25, 41, 39, 37, 30, 7, 40, 29, 18, 50, 22]

Individual 28:
  Route length: 22293
  Contribution to Diversity: 0.002095981422436388
  Route: [34, 1, 39, 36, 40, 24, 26, 47, 38, 14, 45, 18, 43, 37, 25, 28, 12, 51, 11, 33, 44, 17, 7, 42, 23, 30, 32, 49, 6, 48, 52, 16, 29, 41, 5, 13, 27, 8, 9, 20, 35, 50, 2, 10, 15, 4, 19, 21, 31, 46, 3, 22]

Individual 29:
  Route length: 22548
  Contribution to Diversity: 0.0017021299837018944
  Route: [49, 50, 52, 5, 20, 32, 23, 29, 24, 15, 26, 44, 45, 43, 12, 13, 14, 46, 1, 18, 3, 31, 38, 33, 9, 10, 30, 19, 25, 4, 36, 7, 2, 27, 28, 34, 47, 37, 40, 16, 42, 8, 41, 6, 11, 51, 39, 48, 35, 17, 21, 22]

Individual 30:
  Route length: 22324
  Contribution to Diversity: 0.0013124456240189986
  Route: [32, 42, 30, 47, 13, 43, 4, 5, 45, 16, 6, 48, 35, 36, 18, 46, 34, 41, 39, 9, 11, 51, 8, 37, 40, 49, 20, 23, 17, 21, 2, 7, 50, 14, 52, 38, 27, 29, 10, 19, 25, 15, 31, 26, 28, 33, 12, 3, 1, 44, 24, 22]

Individual 31:
  Route length: 22334
  Contribution to Diversity: 0.0004955340776371386
  Route: [46, 50, 23, 29, 31, 20, 14, 47, 18, 16, 44, 38, 28, 26, 12, 30, 37, 24, 48, 51, 52, 11, 21, 1, 10, 33, 32, 42, 7, 2, 40, 9, 3, 25, 43, 5, 15, 27, 45, 49, 34, 36, 35, 39, 4, 8, 41, 13, 6, 17, 19, 22]

Individual 32:
  Route length: 21784
  Contribution to Diversity: 0.0006589299211885447
  Route: [19, 4, 33, 32, 45, 49, 11, 21, 20, 13, 14, 52, 3, 18, 35, 43, 34, 1, 8, 9, 10, 12, 31, 15, 5, 51, 46, 29, 23, 38, 25, 39, 37, 44, 24, 41, 6, 40, 42, 7, 2, 30, 50, 26, 47, 48, 16, 36, 28, 27, 17, 22]

Individual 33:
  Route length: 22278
  Contribution to Diversity: 0.0011594729810804338
  Route: [46, 35, 37, 10, 18, 34, 15, 49, 40, 43, 33, 13, 48, 26, 47, 11, 12, 52, 38, 5, 16, 36, 24, 44, 1, 50, 19, 7, 42, 31, 51, 27, 28, 29, 21, 30, 2, 45, 39, 14, 23, 6, 9, 17, 3, 25, 4, 20, 32, 41, 8, 22]

Individual 34:
  Route length: 22461
  Contribution to Diversity: 0.0018612431875233426
  Route: [24, 2, 33, 9, 10, 41, 19, 34, 5, 39, 32, 38, 52, 13, 6, 26, 47, 14, 12, 25, 36, 44, 45, 40, 28, 42, 50, 20, 18, 23, 15, 27, 11, 49, 48, 43, 7, 17, 3, 1, 8, 21, 30, 31, 37, 51, 29, 46, 35, 4, 16, 22]

Individual 35:
  Route length: 22502
  Contribution to Diversity: 0.0006403485504726802
  Route: [31, 49, 50, 23, 28, 36, 12, 21, 41, 30, 34, 9, 45, 15, 10, 4, 24, 25, 48, 1, 6, 3, 18, 32, 14, 52, 11, 47, 40, 35, 8, 19, 39, 51, 33, 43, 46, 5, 44, 42, 7, 2, 16, 37, 38, 26, 27, 17, 29, 20, 13, 22]

Individual 36:
  Route length: 22531
  Contribution to Diversity: 0.001124455985903161
  Route: [37, 32, 50, 35, 47, 24, 43, 17, 41, 18, 3, 40, 25, 12, 19, 45, 20, 16, 31, 49, 1, 11, 52, 13, 7, 23, 33, 36, 29, 14, 26, 39, 2, 30, 38, 48, 27, 28, 51, 5, 42, 21, 8, 10, 9, 34, 4, 44, 15, 46, 6, 22]

Individual 37:
  Route length: 22222
  Contribution to Diversity: 0.0028170887562604108
  Route: [1, 2, 44, 7, 42, 25, 10, 6, 33, 50, 29, 41, 19, 49, 43, 16, 9, 3, 17, 21, 35, 8, 32, 38, 40, 37, 12, 34, 36, 4, 45, 5, 23, 18, 26, 51, 24, 52, 14, 13, 11, 28, 27, 47, 39, 46, 20, 48, 31, 15, 30, 22]

Individual 38:
  Route length: 21852
  Contribution to Diversity: 0.002086126959035539
  Route: [47, 13, 52, 43, 38, 12, 15, 24, 21, 34, 36, 32, 49, 25, 28, 37, 35, 2, 30, 6, 17, 33, 41, 3, 39, 45, 19, 9, 8, 27, 11, 51, 18, 1, 20, 31, 23, 26, 14, 44, 10, 5, 16, 46, 4, 48, 29, 50, 7, 42, 40, 22]

Individual 39:
  Route length: 22142
  Contribution to Diversity: 0.0008416786750204963
  Route: [38, 24, 3, 30, 17, 45, 2, 42, 23, 27, 11, 13, 20, 1, 32, 26, 21, 8, 25, 43, 10, 33, 12, 47, 52, 28, 5, 36, 39, 16, 46, 18, 40, 29, 50, 31, 7, 9, 35, 44, 48, 6, 49, 41, 19, 37, 15, 34, 14, 51, 4, 22]

Individual 40:
  Route length: 22460
  Contribution to Diversity: 6.41774969496467e-05
  Route: [21, 43, 48, 5, 20, 37, 28, 13, 11, 12, 50, 17, 3, 18, 16, 46, 44, 41, 45, 15, 38, 14, 4, 25, 34, 2, 30, 19, 10, 39, 33, 7, 9, 8, 31, 42, 36, 6, 51, 27, 24, 47, 26, 52, 29, 1, 23, 32, 35, 49, 40, 22]

Individual 41:
  Route length: 22547
  Contribution to Diversity: 0.0015592147568490589
  Route: [39, 26, 29, 49, 6, 9, 10, 38, 4, 19, 16, 27, 13, 52, 11, 20, 37, 7, 42, 32, 14, 47, 28, 30, 45, 33, 8, 36, 44, 2, 17, 5, 40, 50, 24, 35, 3, 18, 34, 31, 1, 21, 25, 41, 23, 48, 15, 46, 12, 51, 43, 22]

Individual 42:
  Route length: 22479
  Contribution to Diversity: 0.000525460621598306
  Route: [37, 40, 38, 28, 10, 8, 39, 3, 1, 49, 35, 33, 20, 51, 44, 21, 12, 7, 30, 2, 23, 34, 50, 6, 24, 46, 29, 18, 43, 48, 32, 19, 41, 9, 15, 31, 17, 45, 5, 42, 16, 11, 4, 25, 26, 47, 52, 27, 14, 13, 36, 22]

Individual 43:
  Route length: 22214
  Contribution to Diversity: 0.0009144290222584672
  Route: [29, 25, 44, 10, 40, 13, 14, 52, 11, 28, 3, 23, 42, 8, 35, 17, 41, 19, 9, 46, 20, 30, 21, 16, 12, 5, 36, 1, 47, 50, 27, 26, 6, 15, 37, 33, 7, 2, 51, 4, 48, 32, 24, 49, 38, 39, 45, 34, 31, 43, 18, 22]

Individual 44:
  Route length: 22604
  Contribution to Diversity: 0.0019761785349183825
  Route: [5, 18, 49, 3, 38, 2, 7, 42, 50, 29, 31, 20, 32, 6, 13, 41, 8, 1, 21, 46, 52, 11, 4, 26, 27, 37, 44, 36, 35, 43, 16, 15, 45, 39, 9, 25, 34, 47, 14, 40, 12, 28, 24, 48, 51, 33, 30, 23, 10, 17, 19, 22]

Individual 45:
  Route length: 22178
  Contribution to Diversity: 0.0029811342662098284
  Route: [44, 31, 2, 21, 4, 43, 17, 45, 28, 14, 13, 12, 11, 25, 3, 47, 26, 16, 33, 50, 52, 46, 23, 48, 5, 27, 30, 42, 7, 1, 19, 6, 39, 24, 15, 51, 35, 37, 32, 41, 18, 36, 49, 8, 9, 10, 20, 29, 34, 38, 40, 22]

Individual 46:
  Route length: 22324
  Contribution to Diversity: 0.0010139027217777041
  Route: [48, 6, 51, 11, 52, 14, 2, 37, 45, 15, 26, 47, 28, 25, 5, 23, 42, 44, 38, 9, 27, 31, 18, 34, 20, 24, 30, 32, 3, 17, 10, 49, 40, 39, 36, 8, 41, 13, 12, 46, 33, 43, 16, 19, 35, 4, 29, 21, 7, 50, 1, 22]

Individual 47:
  Route length: 22539
  Contribution to Diversity: 0.0001574453644046514
  Route: [21, 43, 25, 34, 20, 5, 48, 4, 14, 38, 15, 45, 41, 44, 46, 16, 18, 3, 17, 50, 12, 11, 13, 28, 37, 2, 30, 19, 10, 39, 33, 7, 9, 8, 31, 42, 36, 6, 51, 27, 24, 47, 26, 52, 29, 1, 23, 32, 35, 49, 40, 22]

Individual 48:
  Route length: 22471
  Contribution to Diversity: 0.002300891965111518
  Route: [8, 16, 44, 1, 15, 24, 37, 19, 10, 43, 32, 34, 35, 47, 13, 21, 11, 9, 49, 31, 25, 40, 48, 38, 2, 7, 42, 14, 39, 5, 6, 52, 26, 27, 28, 18, 45, 41, 33, 12, 50, 46, 51, 20, 23, 30, 29, 36, 4, 17, 3, 22]

Individual 49:
  Route length: 22301
  Contribution to Diversity: 0.0029279794787751
  Route: [19, 9, 48, 46, 13, 14, 29, 18, 24, 40, 32, 3, 33, 47, 49, 15, 43, 45, 21, 23, 1, 5, 6, 20, 26, 44, 31, 17, 10, 28, 37, 52, 11, 51, 38, 42, 2, 30, 7, 16, 34, 27, 25, 12, 41, 8, 35, 36, 39, 4, 50, 22]

Individual 50:
  Route length: 22000
  Contribution to Diversity: 0.00047565738677057823
  Route: [42, 20, 19, 8, 35, 45, 50, 51, 9, 29, 2, 7, 16, 3, 14, 47, 26, 27, 28, 52, 11, 13, 33, 5, 37, 41, 46, 40, 12, 49, 39, 6, 1, 25, 18, 30, 34, 23, 38, 31, 36, 44, 43, 4, 48, 10, 24, 15, 32, 17, 21, 22]

Individual 51:
  Route length: 21927
  Contribution to Diversity: 0.00031281925558168666
  Route: [32, 29, 14, 52, 11, 28, 34, 40, 30, 48, 45, 31, 18, 7, 21, 41, 8, 23, 13, 26, 33, 51, 42, 17, 2, 35, 19, 27, 6, 50, 44, 24, 10, 9, 5, 4, 15, 46, 25, 47, 20, 38, 39, 3, 36, 37, 16, 49, 12, 43, 1, 22]

Individual 52:
  Route length: 22402
  Contribution to Diversity: 0.0027332429741360187
  Route: [32, 20, 40, 49, 45, 43, 35, 39, 27, 11, 4, 24, 21, 50, 12, 46, 44, 38, 17, 51, 13, 14, 47, 52, 23, 29, 16, 28, 25, 42, 3, 26, 30, 2, 7, 31, 5, 36, 33, 10, 8, 15, 19, 48, 6, 9, 1, 34, 18, 41, 37, 22]

Individual 53:
  Route length: 22610
  Contribution to Diversity: 0.002643541992402909
  Route: [1, 15, 29, 52, 27, 28, 51, 24, 26, 47, 32, 23, 40, 31, 36, 8, 9, 34, 21, 17, 3, 18, 7, 49, 43, 25, 11, 13, 6, 4, 33, 39, 44, 38, 37, 16, 5, 10, 14, 46, 2, 30, 12, 48, 50, 41, 19, 45, 20, 42, 35, 22]

Individual 54:
  Route length: 21468
  Contribution to Diversity: 0.0014011171605217143
  Route: [1, 27, 28, 40, 50, 21, 29, 31, 34, 10, 9, 32, 17, 2, 41, 42, 49, 19, 43, 33, 51, 11, 47, 39, 37, 44, 30, 18, 46, 16, 36, 12, 26, 6, 5, 38, 15, 8, 25, 7, 24, 48, 20, 23, 45, 3, 13, 14, 52, 4, 35, 22]

Individual 55:
  Route length: 22526
  Contribution to Diversity: 0.0030588285613566413
  Route: [41, 3, 29, 10, 49, 32, 34, 44, 23, 17, 7, 24, 8, 31, 4, 40, 5, 12, 38, 39, 48, 6, 37, 11, 9, 1, 15, 35, 42, 18, 30, 19, 45, 43, 26, 47, 14, 13, 28, 21, 16, 46, 51, 33, 27, 52, 25, 2, 36, 20, 50, 22]

Individual 56:
  Route length: 20435
  Contribution to Diversity: 0.0006717238728644048
  Route: [17, 3, 30, 23, 49, 51, 50, 39, 45, 31, 27, 28, 43, 38, 10, 9, 32, 46, 18, 8, 36, 25, 14, 52, 12, 11, 33, 19, 5, 34, 2, 42, 7, 48, 20, 1, 41, 29, 16, 15, 6, 37, 35, 40, 24, 44, 26, 47, 13, 4, 21, 22]

Individual 57:
  Route length: 22174
  Contribution to Diversity: 0.0022737073076637415
  Route: [15, 37, 5, 42, 20, 41, 18, 39, 19, 52, 14, 13, 16, 27, 34, 24, 48, 33, 51, 47, 30, 40, 46, 31, 26, 44, 49, 28, 12, 6, 25, 32, 8, 9, 10, 43, 38, 50, 21, 17, 3, 36, 23, 1, 35, 2, 7, 45, 11, 4, 29, 22]

Individual 58:
  Route length: 22439
  Contribution to Diversity: 0.0007370216930029372
  Route: [31, 8, 43, 10, 9, 51, 44, 23, 26, 27, 29, 50, 21, 17, 42, 2, 34, 37, 35, 1, 30, 19, 32, 12, 20, 46, 16, 5, 52, 11, 48, 14, 33, 49, 3, 41, 45, 38, 6, 4, 15, 7, 36, 39, 47, 25, 18, 40, 24, 13, 28, 22]

Individual 59:
  Route length: 22504
  Contribution to Diversity: 0.0017125765162848694
  Route: [47, 13, 14, 5, 38, 25, 35, 39, 46, 16, 48, 9, 8, 33, 51, 4, 6, 28, 12, 44, 43, 17, 49, 42, 26, 24, 29, 15, 1, 20, 50, 36, 18, 10, 11, 52, 30, 37, 45, 34, 40, 19, 3, 31, 27, 32, 21, 2, 7, 41, 23, 22]

Individual 60:
  Route length: 22492
  Contribution to Diversity: 0.0012617328256965266
  Route: [20, 26, 38, 15, 51, 37, 29, 23, 8, 30, 1, 45, 10, 43, 25, 14, 12, 47, 28, 52, 13, 50, 42, 3, 18, 19, 33, 9, 36, 40, 49, 5, 24, 35, 34, 16, 31, 48, 17, 21, 6, 41, 39, 32, 2, 7, 27, 4, 11, 44, 46, 22]

Individual 61:
  Route length: 21698
  Contribution to Diversity: 0.00039193833195216854
  Route: [17, 23, 30, 3, 8, 36, 29, 45, 19, 5, 34, 40, 47, 13, 12, 4, 35, 50, 2, 42, 7, 6, 15, 16, 25, 14, 52, 39, 33, 38, 43, 32, 9, 10, 11, 37, 51, 44, 1, 49, 21, 26, 27, 28, 46, 18, 24, 20, 48, 31, 41, 22]

Individual 62:
  Route length: 22304
  Contribution to Diversity: 0.0022721361994166855
  Route: [17, 23, 41, 39, 25, 27, 35, 5, 24, 46, 34, 40, 43, 52, 12, 14, 49, 1, 45, 19, 9, 10, 6, 15, 36, 16, 29, 28, 38, 33, 31, 32, 3, 18, 20, 50, 26, 48, 37, 11, 21, 4, 8, 2, 7, 42, 44, 47, 13, 51, 30, 22]

Individual 63:
  Route length: 22430
  Contribution to Diversity: 0.0019225478348117164
  Route: [28, 11, 37, 33, 25, 29, 10, 41, 19, 3, 17, 21, 2, 20, 15, 50, 7, 31, 30, 42, 8, 35, 23, 27, 38, 32, 5, 39, 16, 45, 43, 51, 26, 12, 44, 48, 47, 13, 6, 40, 36, 4, 52, 14, 46, 1, 24, 34, 9, 18, 49, 22]

Individual 64:
  Route length: 22423
  Contribution to Diversity: 0.0023496077530351656
  Route: [34, 33, 52, 48, 25, 12, 28, 24, 15, 14, 31, 5, 36, 23, 47, 26, 13, 7, 2, 40, 43, 6, 1, 30, 20, 37, 39, 18, 32, 29, 44, 38, 50, 11, 51, 27, 16, 49, 46, 35, 41, 21, 4, 17, 42, 19, 45, 3, 8, 9, 10, 22]

Individual 65:
  Route length: 22218
  Contribution to Diversity: 0.0002627773217040996
  Route: [32, 29, 48, 25, 11, 28, 5, 43, 35, 44, 19, 20, 2, 7, 21, 30, 3, 16, 15, 9, 18, 27, 52, 14, 37, 6, 4, 40, 46, 47, 36, 24, 13, 26, 39, 8, 45, 31, 50, 12, 34, 38, 51, 33, 23, 41, 49, 10, 42, 17, 1, 22]

Individual 66:
  Route length: 22467
  Contribution to Diversity: 0.0007228688114349069
  Route: [14, 52, 11, 27, 51, 26, 47, 28, 50, 30, 7, 20, 48, 37, 41, 10, 21, 25, 24, 5, 3, 12, 36, 23, 2, 43, 17, 18, 1, 49, 46, 19, 8, 9, 32, 45, 38, 13, 35, 39, 34, 29, 31, 4, 33, 42, 15, 40, 44, 16, 6, 22]

Individual 67:
  Route length: 22535
  Contribution to Diversity: 0.0024322834071881516
  Route: [3, 1, 44, 50, 25, 49, 48, 46, 29, 17, 28, 12, 51, 11, 13, 19, 39, 2, 30, 20, 45, 37, 33, 18, 21, 7, 31, 32, 5, 15, 6, 23, 40, 43, 10, 26, 47, 16, 36, 35, 24, 52, 27, 34, 9, 41, 8, 14, 4, 38, 42, 22]

Individual 68:
  Route length: 21392
  Contribution to Diversity: 0.0014492607044056527
  Route: [46, 41, 8, 35, 1, 4, 50, 10, 44, 34, 43, 20, 38, 32, 40, 17, 49, 27, 47, 26, 25, 29, 15, 6, 12, 28, 13, 14, 11, 52, 2, 21, 30, 42, 7, 18, 48, 36, 39, 3, 9, 45, 51, 5, 37, 33, 23, 31, 19, 16, 24, 22]

Individual 69:
  Route length: 22156
  Contribution to Diversity: 0.0020091070974661562
  Route: [31, 6, 15, 4, 27, 28, 26, 47, 12, 34, 33, 50, 49, 17, 29, 44, 46, 48, 5, 25, 52, 14, 9, 30, 42, 39, 13, 36, 24, 45, 38, 43, 11, 51, 20, 10, 37, 32, 40, 18, 7, 2, 8, 19, 3, 21, 16, 35, 1, 23, 41, 22]

Individual 70:
  Route length: 22142
  Contribution to Diversity: 0.0007227996064536057
  Route: [42, 1, 33, 51, 5, 35, 49, 31, 32, 18, 46, 41, 39, 12, 4, 9, 17, 34, 23, 38, 36, 52, 14, 11, 43, 37, 24, 40, 25, 15, 6, 8, 3, 27, 44, 16, 50, 7, 2, 29, 21, 26, 28, 48, 30, 20, 47, 13, 45, 10, 19, 22]

Individual 71:
  Route length: 22033
  Contribution to Diversity: 0.0004066658234522791
  Route: [33, 37, 35, 28, 39, 15, 6, 36, 31, 2, 42, 7, 34, 44, 46, 51, 17, 48, 41, 49, 21, 12, 52, 14, 13, 47, 26, 27, 24, 38, 5, 8, 20, 3, 50, 1, 9, 18, 4, 43, 10, 30, 11, 19, 45, 32, 40, 29, 16, 25, 23, 22]

Individual 72:
  Route length: 22083
  Contribution to Diversity: 0.00115836752561993
  Route: [16, 20, 37, 40, 28, 15, 14, 51, 12, 13, 26, 31, 29, 30, 41, 32, 50, 33, 46, 34, 45, 4, 10, 44, 35, 47, 23, 42, 21, 6, 27, 43, 24, 19, 1, 36, 38, 49, 5, 11, 52, 25, 39, 48, 9, 8, 2, 7, 17, 3, 18, 22]

Individual 73:
  Route length: 22548
  Contribution to Diversity: 0.0014254994972038304
  Route: [26, 13, 12, 51, 14, 19, 46, 34, 45, 4, 10, 44, 35, 27, 6, 21, 42, 23, 47, 43, 24, 33, 49, 38, 36, 1, 15, 28, 40, 37, 20, 16, 31, 29, 30, 41, 32, 50, 52, 11, 5, 25, 39, 48, 9, 8, 2, 7, 17, 3, 18, 22]

Individual 74:
  Route length: 22133
  Contribution to Diversity: 0.0011202365647813295
  Route: [29, 1, 16, 12, 5, 36, 21, 30, 20, 3, 23, 42, 8, 35, 17, 41, 19, 9, 51, 2, 7, 33, 40, 13, 14, 52, 11, 28, 46, 4, 48, 45, 39, 38, 49, 24, 32, 34, 31, 43, 18, 6, 15, 37, 10, 44, 25, 47, 50, 27, 26, 22]

Individual 75:
  Route length: 21973
  Contribution to Diversity: 0.002484663649227059
  Route: [45, 42, 23, 31, 5, 6, 37, 40, 32, 43, 15, 51, 46, 17, 18, 30, 38, 9, 3, 7, 44, 29, 26, 27, 13, 14, 47, 50, 33, 11, 52, 1, 48, 36, 41, 8, 39, 21, 25, 28, 12, 34, 4, 2, 35, 24, 16, 10, 19, 20, 49, 22]

Individual 76:
  Route length: 22460
  Contribution to Diversity: 0.0021820601948885354
  Route: [47, 13, 14, 23, 49, 48, 16, 46, 39, 29, 15, 10, 11, 52, 30, 37, 42, 41, 17, 43, 44, 12, 28, 6, 4, 51, 33, 8, 9, 5, 27, 31, 3, 19, 40, 34, 1, 36, 18, 50, 20, 45, 26, 24, 35, 25, 38, 32, 21, 2, 7, 22]

Individual 77:
  Route length: 22458
  Contribution to Diversity: 0.0006368300190260356
  Route: [14, 52, 11, 27, 51, 26, 47, 28, 37, 41, 10, 21, 25, 24, 5, 3, 12, 36, 23, 2, 43, 17, 18, 1, 49, 46, 19, 8, 9, 32, 45, 20, 7, 30, 50, 48, 38, 13, 35, 39, 34, 29, 31, 4, 33, 42, 15, 40, 44, 16, 6, 22]

Individual 78:
  Route length: 21415
  Contribution to Diversity: 0
  Route: [46, 50, 23, 29, 31, 20, 14, 47, 12, 26, 28, 38, 44, 16, 18, 30, 37, 24, 48, 51, 52, 11, 21, 1, 10, 33, 32, 42, 7, 2, 40, 9, 3, 25, 43, 5, 15, 27, 45, 49, 34, 36, 35, 39, 4, 8, 41, 13, 6, 17, 19, 22]

Individual 79:
  Route length: 21891
  Contribution to Diversity: 0.0022611294421626127
  Route: [21, 44, 13, 47, 1, 35, 5, 24, 34, 40, 14, 52, 11, 50, 16, 15, 33, 48, 45, 31, 32, 10, 9, 41, 43, 12, 38, 46, 37, 19, 17, 26, 29, 27, 51, 25, 18, 42, 7, 23, 30, 6, 39, 20, 2, 36, 28, 49, 3, 8, 4, 22]

Individual 80:
  Route length: 22523
  Contribution to Diversity: 0.001591741364235233
  Route: [39, 26, 29, 49, 6, 9, 10, 38, 4, 19, 16, 27, 13, 52, 11, 47, 14, 32, 42, 7, 37, 20, 28, 30, 45, 33, 8, 36, 44, 2, 17, 5, 40, 50, 24, 35, 3, 18, 34, 31, 1, 21, 25, 41, 23, 48, 15, 46, 12, 51, 43, 22]

Individual 81:
  Route length: 22516
  Contribution to Diversity: 0.0006403485504726802
  Route: [31, 49, 50, 23, 28, 36, 12, 1, 48, 25, 24, 4, 10, 15, 45, 9, 34, 30, 41, 21, 6, 3, 18, 32, 14, 52, 11, 47, 40, 35, 8, 19, 39, 51, 33, 43, 46, 5, 44, 42, 7, 2, 16, 37, 38, 26, 27, 17, 29, 20, 13, 22]

Individual 82:
  Route length: 22468
  Contribution to Diversity: 0.0012903163619562008
  Route: [37, 50, 32, 35, 47, 24, 43, 17, 41, 18, 3, 40, 25, 1, 49, 31, 16, 20, 45, 19, 12, 11, 52, 13, 7, 23, 33, 36, 29, 14, 26, 39, 2, 30, 38, 48, 21, 42, 5, 51, 28, 27, 8, 10, 9, 34, 4, 44, 15, 46, 6, 22]

Individual 83:
  Route length: 21442
  Contribution to Diversity: 0
  Route: [36, 10, 41, 20, 15, 51, 13, 25, 44, 46, 21, 40, 38, 14, 52, 11, 27, 47, 45, 1, 8, 31, 19, 42, 17, 37, 6, 30, 18, 33, 29, 26, 12, 28, 24, 4, 48, 43, 39, 9, 5, 7, 2, 23, 3, 34, 35, 16, 50, 49, 32, 22]

Individual 84:
  Route length: 21475
  Contribution to Diversity: 0
  Route: [14, 20, 23, 2, 27, 26, 52, 13, 47, 24, 45, 9, 16, 46, 5, 25, 51, 8, 42, 30, 21, 37, 19, 3, 17, 18, 31, 10, 33, 12, 28, 6, 11, 43, 29, 34, 38, 40, 4, 1, 41, 32, 44, 7, 36, 35, 39, 48, 15, 49, 50, 22]

Individual 85:
  Route length: 22276
  Contribution to Diversity: 0.0023560846739538732
  Route: [32, 31, 34, 23, 50, 16, 17, 10, 41, 43, 44, 8, 27, 13, 47, 28, 5, 12, 40, 30, 21, 7, 38, 25, 6, 45, 36, 24, 51, 39, 48, 49, 19, 42, 35, 33, 46, 15, 37, 1, 26, 14, 11, 52, 4, 2, 18, 3, 9, 29, 20, 22]

Individual 86:
  Route length: 21559
  Contribution to Diversity: 0
  Route: [35, 36, 33, 40, 6, 43, 9, 27, 26, 28, 37, 8, 41, 3, 31, 46, 44, 16, 1, 5, 29, 25, 12, 50, 49, 7, 30, 47, 14, 13, 38, 2, 42, 34, 48, 32, 15, 17, 10, 45, 21, 23, 51, 11, 52, 39, 20, 24, 18, 19, 4, 22]

Individual 87:
  Route length: 22554
  Contribution to Diversity: 0.0019336613137115322
  Route: [6, 43, 33, 51, 16, 20, 44, 45, 15, 35, 37, 3, 2, 26, 4, 17, 1, 25, 5, 34, 28, 39, 40, 12, 49, 7, 42, 38, 32, 19, 18, 29, 50, 14, 27, 23, 30, 21, 36, 13, 52, 11, 10, 24, 48, 46, 47, 31, 41, 8, 9, 22]

Individual 88:
  Route length: 22117
  Contribution to Diversity: 0.0020307000128356734
  Route: [34, 1, 39, 36, 40, 24, 26, 47, 44, 17, 7, 42, 23, 30, 32, 49, 19, 21, 31, 10, 2, 50, 35, 20, 9, 8, 27, 13, 5, 41, 29, 38, 14, 45, 18, 43, 37, 25, 28, 12, 51, 11, 33, 16, 52, 48, 6, 4, 15, 46, 3, 22]

Individual 89:
  Route length: 21522
  Contribution to Diversity: 0.00030150486771507445
  Route: [16, 19, 5, 6, 35, 26, 27, 33, 25, 45, 32, 36, 38, 46, 29, 24, 18, 21, 20, 23, 14, 52, 51, 11, 37, 13, 40, 48, 15, 28, 50, 47, 4, 39, 31, 41, 9, 12, 49, 34, 2, 30, 17, 42, 7, 3, 1, 43, 10, 8, 44, 22]

Individual 90:
  Route length: 22237
  Contribution to Diversity: 0.003112947371938013
  Route: [25, 1, 7, 20, 2, 17, 43, 33, 51, 11, 47, 9, 10, 13, 52, 14, 4, 12, 26, 3, 50, 19, 8, 30, 38, 21, 29, 35, 41, 36, 46, 16, 6, 40, 5, 44, 49, 42, 18, 15, 39, 34, 31, 27, 28, 23, 48, 24, 37, 32, 45, 22]

Individual 91:
  Route length: 21477
  Contribution to Diversity: 0
  Route: [14, 20, 23, 2, 27, 26, 52, 13, 47, 24, 45, 9, 16, 46, 5, 25, 51, 8, 42, 30, 21, 37, 19, 3, 17, 18, 31, 10, 6, 28, 12, 33, 11, 43, 29, 34, 38, 40, 4, 1, 41, 32, 44, 7, 36, 35, 39, 48, 15, 49, 50, 22]

Individual 92:
  Route length: 22282
  Contribution to Diversity: 0.0006927862977903487
  Route: [20, 13, 52, 28, 47, 12, 51, 15, 38, 26, 50, 42, 3, 18, 19, 33, 9, 36, 40, 49, 5, 24, 35, 34, 16, 31, 39, 41, 6, 21, 17, 48, 32, 2, 7, 27, 4, 11, 8, 23, 29, 37, 14, 25, 43, 10, 45, 1, 30, 44, 46, 22]

Individual 93:
  Route length: 21785
  Contribution to Diversity: 0
  Route: [35, 36, 33, 40, 50, 12, 25, 29, 5, 1, 16, 44, 46, 31, 3, 41, 8, 37, 28, 26, 27, 9, 43, 6, 49, 7, 30, 47, 14, 13, 38, 2, 42, 34, 48, 32, 15, 17, 10, 45, 21, 23, 51, 11, 52, 39, 20, 24, 18, 19, 4, 22]

Individual 94:
  Route length: 21534
  Contribution to Diversity: 0.00030150486771507445
  Route: [16, 19, 5, 6, 35, 13, 37, 11, 51, 52, 14, 23, 20, 21, 18, 24, 29, 46, 38, 36, 32, 45, 25, 33, 27, 26, 40, 48, 15, 28, 50, 47, 4, 39, 31, 41, 9, 12, 49, 34, 2, 30, 17, 42, 7, 3, 1, 43, 10, 8, 44, 22]

Individual 95:
  Route length: 22022
  Contribution to Diversity: 0.0026409765309578503
  Route: [9, 51, 26, 24, 42, 45, 8, 36, 29, 46, 16, 50, 25, 28, 4, 20, 31, 30, 21, 7, 32, 34, 38, 37, 40, 49, 12, 1, 3, 2, 17, 18, 44, 47, 27, 11, 33, 43, 10, 48, 39, 19, 13, 14, 52, 41, 5, 23, 6, 35, 15, 22]

Individual 96:
  Route length: 22613
  Contribution to Diversity: 0.0014320183723341984
  Route: [42, 20, 19, 8, 35, 45, 46, 41, 37, 43, 4, 48, 10, 38, 21, 1, 5, 33, 13, 27, 28, 52, 11, 26, 47, 14, 3, 16, 7, 2, 29, 9, 51, 50, 40, 12, 31, 24, 15, 32, 17, 23, 34, 30, 18, 25, 44, 36, 49, 39, 6, 22]

Individual 97:
  Route length: 22387
  Contribution to Diversity: 0.0008742688147114208
  Route: [42, 1, 33, 51, 5, 35, 49, 31, 32, 18, 46, 41, 44, 27, 3, 8, 6, 15, 52, 14, 11, 43, 37, 24, 40, 25, 36, 38, 23, 34, 17, 9, 4, 12, 39, 16, 50, 7, 2, 29, 21, 26, 28, 48, 30, 20, 47, 13, 45, 10, 19, 22]

Individual 98:
  Route length: 21595
  Contribution to Diversity: 0
  Route: [35, 36, 33, 40, 6, 5, 1, 16, 44, 46, 31, 3, 41, 8, 37, 28, 26, 27, 9, 43, 29, 25, 12, 50, 49, 7, 30, 47, 14, 13, 38, 2, 42, 34, 48, 32, 15, 17, 10, 45, 21, 23, 51, 11, 52, 39, 20, 24, 18, 19, 4, 22]

Individual 99:
  Route length: 21957
  Contribution to Diversity: 0.0008168232800880304
  Route: [17, 21, 1, 32, 44, 26, 27, 13, 23, 41, 47, 37, 4, 14, 24, 46, 16, 29, 34, 31, 3, 8, 9, 10, 43, 18, 5, 2, 30, 50, 7, 19, 25, 36, 39, 40, 6, 42, 20, 52, 11, 12, 38, 48, 28, 33, 51, 45, 35, 49, 15, 22]

Total Entropy H: 6.811251659825232
