Individual 0:
  Route length: 13139
  Contribution to Diversity: 0.006493368924426868
  Route: [38, 48, 30, 23, 20, 50, 29, 16, 1, 32, 34, 7, 2, 21, 3, 37, 40, 18, 31, 35, 15, 5, 4, 6, 24, 17, 45, 44, 46, 19, 41, 8, 9, 10, 43, 33, 51, 11, 52, 14, 13, 47, 26, 27, 28, 12, 25, 42, 49, 39, 36, 22]

Individual 1:
  Route length: 13109
  Contribution to Diversity: 0.017232220873816928
  Route: [1, 49, 40, 41, 8, 9, 10, 19, 43, 33, 48, 25, 12, 28, 27, 51, 11, 52, 14, 26, 39, 36, 35, 30, 23, 20, 50, 29, 44, 34, 46, 16, 18, 3, 17, 21, 42, 7, 2, 38, 37, 24, 5, 15, 6, 4, 45, 32, 31, 47, 13, 22]

Individual 2:
  Route length: 12992
  Contribution to Diversity: 0.014209791884285394
  Route: [1, 49, 5, 24, 46, 34, 36, 14, 52, 11, 51, 33, 15, 43, 10, 41, 8, 9, 19, 45, 6, 4, 32, 35, 39, 40, 48, 38, 37, 29, 2, 7, 44, 50, 25, 12, 28, 27, 26, 47, 13, 16, 30, 23, 20, 42, 21, 17, 3, 18, 31, 22]

Individual 3:
  Route length: 13152
  Contribution to Diversity: 0.01654642491332936
  Route: [49, 32, 44, 18, 43, 33, 51, 11, 52, 14, 13, 47, 26, 27, 28, 12, 25, 42, 7, 2, 29, 50, 20, 23, 30, 16, 46, 15, 6, 45, 19, 9, 10, 40, 37, 38, 48, 1, 21, 5, 24, 34, 35, 31, 4, 17, 41, 8, 3, 39, 36, 22]

Individual 4:
  Route length: 12380
  Contribution to Diversity: 0.00401055290099972
  Route: [1, 49, 32, 34, 7, 2, 31, 21, 42, 25, 12, 28, 27, 26, 47, 13, 14, 52, 11, 51, 33, 43, 10, 9, 41, 8, 18, 3, 17, 24, 5, 15, 6, 44, 46, 29, 50, 16, 30, 23, 20, 45, 4, 35, 19, 40, 37, 38, 48, 39, 36, 22]

Individual 5:
  Route length: 13118
  Contribution to Diversity: 0.02240437831305897
  Route: [1, 4, 6, 15, 5, 12, 28, 52, 11, 27, 14, 13, 47, 26, 51, 33, 43, 10, 9, 8, 41, 30, 23, 50, 16, 29, 20, 46, 44, 38, 37, 24, 25, 39, 36, 35, 34, 21, 2, 42, 18, 45, 32, 3, 40, 48, 19, 17, 7, 49, 31, 22]

Individual 6:
  Route length: 13134
  Contribution to Diversity: 0.013423270892472416
  Route: [36, 37, 40, 39, 15, 34, 16, 29, 50, 33, 51, 11, 38, 35, 48, 6, 4, 12, 25, 49, 1, 24, 5, 44, 46, 52, 14, 13, 47, 26, 27, 28, 43, 10, 9, 8, 21, 17, 45, 19, 41, 42, 7, 2, 30, 23, 20, 32, 3, 18, 31, 22]

Individual 7:
  Route length: 13173
  Contribution to Diversity: 0.016409747375510264
  Route: [35, 38, 48, 49, 1, 16, 46, 44, 3, 5, 15, 6, 42, 21, 2, 7, 30, 23, 20, 36, 33, 43, 10, 9, 17, 31, 18, 19, 41, 8, 45, 32, 34, 24, 4, 25, 12, 28, 27, 14, 13, 47, 26, 52, 11, 51, 50, 29, 39, 40, 37, 22]

Individual 8:
  Route length: 13107
  Contribution to Diversity: 0.015459621588429506
  Route: [1, 50, 20, 48, 37, 8, 41, 19, 45, 30, 23, 38, 35, 46, 47, 26, 27, 28, 12, 25, 36, 39, 6, 24, 34, 44, 16, 13, 14, 52, 11, 15, 5, 4, 51, 33, 43, 10, 9, 40, 31, 18, 3, 2, 7, 42, 21, 17, 29, 49, 32, 22]

Individual 9:
  Route length: 13182
  Contribution to Diversity: 0.009499896818460307
  Route: [38, 24, 21, 17, 3, 2, 30, 23, 20, 50, 29, 16, 46, 36, 1, 32, 35, 4, 49, 37, 40, 39, 18, 25, 12, 28, 52, 11, 27, 14, 13, 47, 26, 51, 33, 43, 10, 9, 8, 41, 19, 45, 34, 44, 7, 42, 6, 15, 5, 48, 31, 22]

Individual 10:
  Route length: 13198
  Contribution to Diversity: 0.004672755510303439
  Route: [8, 9, 10, 43, 28, 27, 26, 47, 13, 14, 52, 46, 44, 12, 25, 4, 5, 48, 24, 15, 34, 38, 29, 50, 6, 20, 23, 30, 2, 7, 42, 41, 19, 45, 17, 21, 1, 49, 33, 51, 11, 16, 37, 40, 39, 36, 35, 32, 3, 18, 31, 22]

Individual 11:
  Route length: 13141
  Contribution to Diversity: 0.02062090757996149
  Route: [49, 1, 32, 20, 47, 26, 13, 50, 29, 48, 24, 5, 43, 4, 6, 33, 40, 19, 41, 8, 9, 10, 45, 14, 52, 11, 51, 27, 28, 12, 25, 37, 38, 16, 46, 44, 34, 35, 36, 39, 15, 17, 3, 18, 42, 7, 2, 30, 23, 21, 31, 22]

Individual 12:
  Route length: 12994
  Contribution to Diversity: 0.016243743086949536
  Route: [1, 50, 20, 48, 44, 34, 24, 15, 28, 27, 26, 47, 46, 35, 39, 6, 5, 4, 25, 12, 11, 52, 14, 13, 16, 37, 38, 3, 18, 31, 45, 19, 41, 8, 40, 9, 10, 43, 33, 51, 36, 30, 23, 2, 7, 42, 21, 17, 29, 49, 32, 22]

Individual 13:
  Route length: 13192
  Contribution to Diversity: 0.010859956894822886
  Route: [1, 49, 8, 41, 19, 32, 52, 11, 44, 34, 35, 45, 5, 24, 48, 39, 40, 46, 14, 13, 47, 26, 27, 28, 12, 25, 4, 6, 15, 20, 50, 29, 2, 7, 42, 23, 9, 10, 43, 33, 51, 36, 38, 37, 16, 30, 21, 17, 3, 18, 31, 22]

Individual 14:
  Route length: 12979
  Contribution to Diversity: 0.010732075210470704
  Route: [4, 38, 34, 39, 1, 8, 19, 18, 31, 17, 21, 42, 7, 2, 36, 35, 49, 41, 45, 32, 48, 24, 5, 6, 30, 23, 20, 25, 40, 15, 37, 3, 9, 10, 43, 33, 12, 28, 27, 47, 26, 13, 52, 14, 11, 51, 50, 29, 16, 46, 44, 22]

Individual 15:
  Route length: 13061
  Contribution to Diversity: 0.009868225706029854
  Route: [1, 4, 6, 5, 15, 48, 24, 12, 28, 52, 11, 27, 14, 13, 47, 26, 51, 33, 43, 10, 9, 8, 41, 30, 23, 50, 20, 21, 34, 35, 36, 39, 40, 37, 38, 44, 46, 16, 29, 25, 19, 2, 42, 17, 3, 32, 45, 18, 7, 49, 31, 22]

Individual 16:
  Route length: 13053
  Contribution to Diversity: 0.016462385275545444
  Route: [1, 49, 36, 50, 29, 16, 46, 44, 34, 35, 9, 10, 41, 8, 15, 43, 40, 5, 24, 48, 51, 27, 37, 38, 19, 45, 32, 39, 33, 26, 47, 13, 28, 12, 25, 14, 52, 11, 4, 6, 20, 23, 30, 2, 7, 42, 21, 17, 3, 18, 31, 22]

Individual 17:
  Route length: 12898
  Contribution to Diversity: 0.005222580437296287
  Route: [2, 7, 42, 21, 17, 31, 18, 19, 8, 1, 39, 34, 44, 30, 23, 20, 33, 43, 10, 9, 3, 37, 15, 40, 25, 12, 26, 47, 27, 28, 13, 52, 14, 11, 51, 50, 29, 16, 46, 6, 5, 24, 48, 32, 45, 41, 49, 35, 36, 4, 38, 22]

Individual 18:
  Route length: 12881
  Contribution to Diversity: 0.004975191331578088
  Route: [2, 7, 42, 21, 17, 37, 15, 40, 25, 12, 26, 47, 27, 28, 13, 52, 14, 11, 51, 50, 29, 16, 46, 44, 34, 39, 1, 32, 48, 24, 5, 6, 30, 23, 20, 33, 43, 10, 9, 3, 31, 18, 19, 8, 45, 41, 49, 35, 36, 4, 38, 22]

Individual 19:
  Route length: 13189
  Contribution to Diversity: 0.012304736027061836
  Route: [1, 18, 7, 42, 2, 3, 17, 21, 30, 23, 36, 39, 40, 37, 38, 24, 48, 5, 15, 50, 20, 35, 34, 46, 44, 19, 41, 8, 9, 12, 25, 4, 6, 29, 16, 26, 47, 13, 14, 27, 11, 52, 28, 10, 43, 33, 51, 45, 32, 49, 31, 22]

Total Entropy H: 5.302392030025783
