Individual 0:
  Route length: 15052
  Contribution to Diversity: 0.016640673752380764
  Route: [3, 9, 8, 43, 33, 51, 11, 52, 14, 29, 50, 42, 7, 2, 30, 39, 48, 35, 4, 6, 38, 40, 37, 5, 26, 47, 13, 15, 25, 12, 28, 27, 23, 44, 1, 24, 45, 32, 31, 49, 16, 46, 20, 19, 17, 21, 18, 10, 41, 34, 36, 22]

Individual 1:
  Route length: 15059
  Contribution to Diversity: 0.027749478972599384
  Route: [18, 21, 44, 35, 3, 8, 43, 33, 15, 39, 25, 16, 50, 30, 31, 10, 9, 1, 34, 49, 32, 23, 37, 48, 28, 38, 6, 46, 45, 17, 7, 2, 42, 29, 14, 47, 26, 13, 27, 11, 52, 51, 12, 4, 5, 24, 40, 36, 19, 41, 20, 22]

Individual 2:
  Route length: 15063
  Contribution to Diversity: 0.022278816464637252
  Route: [45, 46, 6, 40, 32, 37, 4, 34, 16, 29, 44, 51, 24, 47, 13, 25, 28, 12, 27, 52, 14, 11, 26, 33, 43, 9, 10, 15, 48, 5, 39, 38, 19, 8, 17, 23, 30, 42, 7, 2, 20, 50, 35, 36, 49, 21, 3, 41, 18, 31, 1, 22]

Individual 3:
  Route length: 14994
  Contribution to Diversity: 0.02959769545946056
  Route: [38, 6, 25, 37, 24, 12, 47, 14, 52, 13, 11, 51, 27, 28, 33, 8, 23, 42, 7, 2, 30, 49, 4, 29, 50, 20, 44, 34, 35, 32, 10, 9, 41, 45, 15, 46, 26, 39, 36, 40, 5, 43, 1, 19, 18, 16, 48, 21, 31, 17, 3, 22]

Individual 4:
  Route length: 15070
  Contribution to Diversity: 0.014539988657662484
  Route: [32, 35, 36, 40, 44, 29, 20, 8, 9, 10, 43, 38, 28, 25, 37, 5, 46, 49, 1, 23, 33, 24, 12, 34, 15, 6, 4, 48, 39, 50, 52, 11, 27, 14, 13, 47, 26, 51, 16, 3, 17, 21, 42, 7, 2, 30, 41, 19, 45, 18, 31, 22]

Individual 5:
  Route length: 14974
  Contribution to Diversity: 0.024480762199090123
  Route: [18, 44, 39, 43, 10, 9, 8, 41, 48, 24, 25, 4, 12, 6, 34, 2, 42, 21, 31, 23, 7, 1, 50, 49, 38, 29, 30, 16, 20, 36, 32, 45, 19, 35, 40, 15, 3, 5, 37, 46, 27, 26, 47, 52, 14, 13, 28, 11, 51, 33, 17, 22]

Individual 6:
  Route length: 15072
  Contribution to Diversity: 0.022070641444788208
  Route: [44, 35, 41, 18, 45, 3, 7, 42, 50, 20, 25, 6, 39, 34, 46, 32, 5, 4, 47, 52, 14, 13, 28, 26, 27, 12, 51, 11, 24, 38, 49, 37, 36, 29, 16, 23, 40, 15, 33, 43, 10, 8, 9, 19, 48, 31, 30, 1, 17, 2, 21, 22]

Individual 7:
  Route length: 15038
  Contribution to Diversity: 0.021435698456783392
  Route: [47, 27, 28, 16, 46, 25, 38, 24, 36, 37, 1, 35, 29, 44, 48, 15, 5, 4, 34, 39, 26, 13, 14, 52, 11, 51, 33, 12, 6, 50, 8, 41, 49, 45, 19, 3, 18, 32, 9, 10, 43, 40, 2, 21, 42, 17, 31, 20, 23, 30, 7, 22]

Individual 8:
  Route length: 15039
  Contribution to Diversity: 0.020904760237971054
  Route: [1, 35, 15, 37, 38, 24, 34, 46, 40, 6, 28, 27, 13, 52, 11, 5, 3, 31, 29, 30, 23, 7, 2, 42, 39, 47, 20, 50, 16, 12, 51, 33, 43, 10, 8, 41, 19, 45, 32, 9, 44, 14, 26, 25, 4, 48, 49, 18, 17, 21, 36, 22]

Individual 9:
  Route length: 14885
  Contribution to Diversity: 0.017957430202337754
  Route: [39, 23, 32, 50, 30, 40, 35, 44, 38, 46, 6, 12, 1, 34, 31, 18, 21, 2, 7, 42, 3, 17, 48, 4, 24, 5, 37, 25, 28, 27, 13, 47, 29, 16, 26, 14, 52, 11, 51, 33, 45, 43, 8, 9, 20, 49, 36, 15, 10, 41, 19, 22]

Individual 10:
  Route length: 15045
  Contribution to Diversity: 0.03147167781800331
  Route: [38, 37, 44, 35, 39, 18, 15, 27, 26, 47, 13, 14, 52, 11, 12, 28, 51, 45, 17, 3, 23, 30, 29, 50, 4, 40, 16, 46, 20, 21, 42, 2, 7, 32, 49, 36, 34, 24, 9, 8, 31, 19, 41, 1, 6, 48, 43, 25, 33, 10, 5, 22]

Individual 11:
  Route length: 14966
  Contribution to Diversity: 0.019578859862881437
  Route: [21, 31, 30, 2, 7, 42, 18, 36, 5, 32, 19, 3, 15, 51, 43, 10, 9, 45, 8, 41, 34, 44, 40, 25, 12, 14, 47, 13, 52, 11, 28, 27, 29, 4, 48, 37, 26, 46, 16, 50, 20, 1, 17, 23, 35, 39, 6, 33, 38, 24, 49, 22]

Individual 12:
  Route length: 14771
  Contribution to Diversity: 0.00788287320254355
  Route: [3, 18, 2, 7, 30, 16, 47, 13, 14, 52, 11, 51, 33, 9, 8, 44, 1, 49, 17, 21, 42, 34, 48, 5, 24, 37, 15, 25, 12, 27, 26, 46, 38, 28, 23, 20, 50, 31, 32, 43, 10, 39, 6, 4, 19, 45, 41, 35, 40, 36, 29, 22]

Individual 13:
  Route length: 15031
  Contribution to Diversity: 0.017525544852800223
  Route: [49, 45, 19, 35, 5, 6, 46, 48, 15, 4, 25, 12, 52, 14, 47, 13, 11, 26, 36, 29, 34, 44, 40, 50, 42, 7, 2, 30, 18, 39, 28, 27, 51, 33, 24, 43, 8, 1, 3, 21, 31, 20, 23, 17, 16, 37, 38, 10, 9, 41, 32, 22]

Individual 14:
  Route length: 14963
  Contribution to Diversity: 0.015500494036218448
  Route: [3, 20, 23, 50, 30, 31, 1, 32, 46, 15, 25, 34, 26, 13, 27, 47, 14, 7, 2, 42, 21, 17, 35, 44, 40, 16, 29, 24, 39, 28, 12, 4, 37, 48, 38, 5, 6, 9, 43, 33, 51, 11, 52, 36, 49, 18, 45, 19, 10, 8, 41, 22]

Individual 15:
  Route length: 14825
  Contribution to Diversity: 0.01890937229663514
  Route: [2, 7, 42, 17, 41, 8, 19, 45, 13, 47, 14, 52, 11, 51, 33, 10, 9, 15, 6, 48, 36, 29, 18, 43, 12, 23, 49, 32, 34, 35, 5, 37, 4, 40, 38, 44, 46, 50, 20, 16, 3, 30, 1, 39, 24, 25, 28, 27, 26, 31, 21, 22]

Individual 16:
  Route length: 14750
  Contribution to Diversity: 0.0024592868283423996
  Route: [6, 4, 44, 34, 40, 35, 36, 23, 31, 16, 1, 29, 26, 47, 27, 14, 13, 52, 51, 12, 28, 46, 43, 10, 9, 32, 41, 3, 5, 15, 38, 39, 49, 21, 18, 2, 7, 42, 30, 45, 8, 19, 17, 50, 20, 48, 25, 11, 33, 24, 37, 22]

Individual 17:
  Route length: 14786
  Contribution to Diversity: 0.019871201422033025
  Route: [32, 40, 15, 6, 51, 26, 11, 52, 14, 13, 27, 28, 12, 47, 4, 10, 9, 8, 41, 44, 17, 24, 36, 25, 29, 23, 20, 50, 48, 34, 38, 46, 39, 1, 49, 18, 21, 31, 3, 19, 5, 37, 16, 35, 45, 43, 33, 30, 2, 7, 42, 22]

Individual 18:
  Route length: 15054
  Contribution to Diversity: 0.023696923563855776
  Route: [44, 36, 1, 25, 46, 38, 24, 34, 35, 48, 6, 9, 43, 51, 11, 52, 14, 50, 32, 37, 4, 33, 41, 19, 10, 8, 45, 49, 29, 42, 7, 2, 30, 16, 13, 47, 28, 27, 26, 12, 40, 15, 20, 5, 39, 31, 18, 3, 23, 21, 17, 22]

Individual 19:
  Route length: 14642
  Contribution to Diversity: 0.0015857582682672344
  Route: [29, 1, 16, 31, 23, 36, 35, 40, 34, 44, 4, 6, 26, 47, 27, 14, 13, 52, 51, 12, 28, 33, 11, 25, 48, 20, 50, 17, 19, 8, 45, 30, 42, 7, 2, 18, 21, 49, 39, 38, 15, 5, 3, 41, 32, 9, 10, 43, 46, 24, 37, 22]

Total Entropy H: 5.911434278415857
