Individual 0:
  Route length: 14985
  Contribution to Diversity: 0.0003378858258926698
  Route: [4, 25, 42, 7, 34, 35, 36, 39, 47, 13, 11, 52, 14, 51, 33, 43, 10, 2, 44, 46, 16, 29, 50, 20, 23, 30, 9, 8, 41, 38, 48, 24, 5, 15, 6, 1, 49, 32, 45, 19, 37, 40, 26, 27, 28, 12, 21, 17, 3, 18, 31, 22]

Individual 1:
  Route length: 14822
  Contribution to Diversity: 0.001430591143964044
  Route: [1, 8, 41, 19, 45, 32, 26, 47, 13, 14, 52, 11, 51, 33, 43, 7, 42, 21, 17, 12, 48, 24, 5, 15, 39, 36, 35, 34, 44, 46, 16, 29, 4, 6, 40, 37, 38, 20, 23, 30, 2, 10, 9, 49, 27, 28, 50, 25, 3, 18, 31, 22]

Individual 2:
  Route length: 14890
  Contribution to Diversity: 0.00043196842828852056
  Route: [1, 24, 5, 28, 23, 20, 50, 29, 43, 33, 19, 41, 8, 9, 47, 13, 14, 52, 11, 51, 45, 32, 49, 48, 38, 37, 36, 39, 40, 35, 34, 44, 46, 16, 10, 26, 27, 15, 6, 4, 25, 12, 30, 3, 17, 21, 42, 7, 2, 18, 31, 22]

Individual 3:
  Route length: 13273
  Contribution to Diversity: 0.000261384986358415
  Route: [1, 49, 9, 8, 41, 19, 6, 15, 5, 52, 11, 51, 4, 45, 12, 28, 27, 18, 3, 17, 21, 42, 7, 2, 30, 23, 20, 50, 29, 16, 46, 25, 33, 43, 10, 32, 44, 34, 35, 36, 39, 40, 37, 38, 48, 24, 14, 13, 47, 26, 31, 22]

Individual 4:
  Route length: 14808
  Contribution to Diversity: 0.000249808482169378
  Route: [1, 49, 27, 26, 47, 24, 48, 38, 37, 40, 50, 30, 23, 20, 2, 7, 42, 21, 17, 3, 8, 41, 19, 45, 32, 28, 12, 25, 36, 39, 34, 44, 51, 11, 52, 14, 6, 33, 46, 15, 5, 13, 4, 35, 29, 16, 43, 10, 9, 18, 31, 22]

Individual 5:
  Route length: 14978
  Contribution to Diversity: 0.0008630068074007013
  Route: [1, 49, 4, 25, 12, 8, 9, 10, 43, 33, 51, 11, 19, 41, 28, 27, 20, 50, 29, 16, 46, 44, 34, 35, 36, 39, 40, 37, 38, 7, 21, 42, 48, 24, 5, 15, 6, 32, 45, 52, 14, 13, 47, 26, 23, 30, 2, 17, 3, 18, 31, 22]

Individual 6:
  Route length: 15026
  Contribution to Diversity: 0.00119059551219447
  Route: [1, 24, 5, 28, 23, 20, 50, 29, 43, 33, 44, 34, 35, 40, 39, 6, 15, 27, 26, 10, 16, 46, 51, 11, 52, 14, 13, 47, 9, 8, 41, 19, 45, 32, 49, 48, 38, 37, 36, 4, 25, 12, 30, 3, 17, 21, 42, 7, 2, 18, 31, 22]

Individual 7:
  Route length: 15026
  Contribution to Diversity: 0.0007726056183789964
  Route: [11, 51, 33, 43, 28, 27, 26, 47, 13, 35, 39, 36, 14, 52, 21, 40, 37, 38, 48, 24, 5, 50, 20, 23, 30, 2, 42, 7, 1, 49, 32, 45, 19, 41, 8, 9, 10, 34, 44, 46, 16, 25, 4, 6, 15, 29, 12, 17, 3, 18, 31, 22]

Individual 8:
  Route length: 14670
  Contribution to Diversity: 0.0007226414307712759
  Route: [42, 15, 5, 33, 51, 11, 26, 27, 39, 4, 25, 12, 28, 40, 37, 38, 20, 23, 30, 2, 7, 6, 36, 35, 34, 52, 47, 13, 14, 44, 46, 16, 29, 50, 48, 24, 43, 10, 9, 8, 41, 19, 45, 32, 49, 1, 21, 17, 31, 18, 3, 22]

Individual 9:
  Route length: 14125
  Contribution to Diversity: 0.001105976872275427
  Route: [18, 3, 11, 52, 14, 13, 47, 26, 7, 2, 30, 23, 20, 50, 29, 16, 8, 9, 10, 12, 28, 27, 42, 32, 49, 1, 21, 17, 51, 33, 43, 25, 4, 6, 15, 5, 24, 48, 38, 37, 40, 39, 35, 36, 34, 44, 46, 41, 19, 45, 31, 22]

Individual 10:
  Route length: 14258
  Contribution to Diversity: 0.00037944251609633994
  Route: [26, 27, 28, 7, 42, 2, 41, 19, 45, 48, 24, 5, 15, 6, 4, 40, 37, 38, 32, 49, 44, 47, 1, 20, 23, 30, 8, 9, 10, 43, 33, 51, 11, 52, 14, 13, 46, 16, 36, 35, 34, 50, 29, 39, 25, 12, 21, 17, 3, 18, 31, 22]

Individual 11:
  Route length: 14362
  Contribution to Diversity: 0.00020702018720708537
  Route: [1, 49, 32, 45, 31, 18, 4, 6, 15, 5, 24, 48, 38, 37, 40, 14, 26, 27, 28, 12, 25, 3, 17, 21, 42, 7, 33, 43, 39, 13, 47, 52, 11, 51, 2, 30, 34, 44, 46, 16, 29, 50, 20, 23, 35, 36, 10, 9, 8, 41, 19, 22]

Individual 12:
  Route length: 14788
  Contribution to Diversity: 0.001109385744801017
  Route: [1, 40, 37, 38, 48, 24, 5, 19, 41, 8, 9, 10, 43, 33, 51, 11, 52, 14, 13, 7, 42, 21, 17, 3, 18, 29, 2, 47, 26, 25, 12, 28, 27, 31, 15, 45, 32, 46, 44, 34, 35, 36, 39, 49, 16, 30, 6, 50, 20, 23, 4, 22]

Individual 13:
  Route length: 14599
  Contribution to Diversity: 0.0006827546047221134
  Route: [36, 39, 34, 44, 47, 26, 27, 28, 12, 42, 7, 2, 24, 48, 38, 37, 40, 50, 20, 23, 30, 46, 15, 5, 13, 14, 52, 11, 8, 3, 17, 21, 25, 4, 6, 33, 51, 41, 19, 45, 32, 49, 1, 35, 29, 16, 43, 10, 9, 18, 31, 22]

Individual 14:
  Route length: 14572
  Contribution to Diversity: 0.0001712080658524684
  Route: [1, 49, 37, 38, 48, 24, 5, 27, 11, 52, 14, 3, 17, 21, 42, 7, 2, 30, 23, 20, 50, 29, 16, 46, 44, 34, 10, 43, 31, 18, 13, 28, 39, 40, 32, 45, 19, 41, 8, 9, 35, 36, 12, 25, 4, 6, 15, 26, 47, 51, 33, 22]

Individual 15:
  Route length: 14910
  Contribution to Diversity: 0.00017499914760321644
  Route: [1, 49, 32, 45, 33, 30, 9, 8, 41, 19, 43, 27, 26, 47, 13, 14, 52, 11, 51, 23, 25, 4, 6, 20, 50, 29, 16, 46, 34, 44, 35, 36, 39, 40, 37, 21, 42, 38, 48, 24, 5, 15, 12, 28, 10, 2, 7, 17, 3, 18, 31, 22]

Individual 16:
  Route length: 15052
  Contribution to Diversity: 0.0014734212656328793
  Route: [11, 51, 33, 43, 28, 27, 26, 47, 13, 35, 12, 29, 15, 6, 4, 25, 16, 46, 44, 34, 10, 9, 8, 41, 19, 45, 32, 49, 1, 7, 42, 2, 30, 23, 20, 50, 5, 24, 38, 48, 37, 40, 21, 52, 14, 36, 39, 17, 3, 18, 31, 22]

Individual 17:
  Route length: 14819
  Contribution to Diversity: 0.0007265074615503408
  Route: [26, 27, 28, 7, 42, 2, 41, 19, 45, 48, 24, 5, 15, 6, 4, 40, 37, 38, 32, 49, 1, 47, 44, 20, 23, 30, 8, 9, 10, 13, 14, 52, 11, 51, 33, 43, 46, 16, 36, 35, 34, 50, 29, 39, 25, 12, 21, 17, 3, 18, 31, 22]

Individual 18:
  Route length: 14658
  Contribution to Diversity: 0.0004278192777906753
  Route: [1, 49, 32, 45, 34, 39, 36, 25, 12, 28, 27, 26, 47, 24, 48, 38, 37, 40, 50, 30, 23, 20, 2, 7, 42, 21, 17, 3, 8, 41, 19, 44, 51, 11, 52, 14, 6, 31, 18, 9, 10, 43, 16, 29, 35, 4, 13, 5, 15, 46, 33, 22]

Individual 19:
  Route length: 13499
  Contribution to Diversity: 0.0007203747308768271
  Route: [1, 9, 49, 8, 41, 19, 6, 15, 5, 52, 11, 51, 33, 43, 31, 18, 3, 17, 21, 42, 7, 2, 30, 23, 36, 35, 10, 32, 44, 4, 45, 46, 16, 29, 50, 20, 39, 40, 37, 38, 48, 24, 14, 13, 47, 26, 27, 28, 12, 25, 34, 22]

Individual 20:
  Route length: 14358
  Contribution to Diversity: 0.0006948595124391943
  Route: [1, 9, 49, 8, 41, 19, 6, 15, 5, 52, 11, 51, 33, 43, 7, 42, 21, 17, 3, 18, 31, 2, 30, 23, 20, 50, 29, 16, 46, 45, 4, 44, 32, 10, 35, 36, 39, 40, 37, 38, 48, 24, 14, 13, 47, 28, 27, 26, 12, 25, 34, 22]

Individual 21:
  Route length: 14657
  Contribution to Diversity: 0.000286411756785121
  Route: [1, 8, 27, 26, 47, 2, 35, 34, 44, 46, 16, 42, 7, 13, 14, 52, 11, 51, 33, 43, 6, 4, 25, 12, 28, 9, 10, 15, 48, 24, 5, 38, 37, 40, 39, 36, 30, 23, 20, 50, 29, 45, 32, 49, 41, 19, 21, 17, 3, 18, 31, 22]

Individual 22:
  Route length: 13816
  Contribution to Diversity: 0.00039374589733931487
  Route: [1, 49, 32, 45, 19, 17, 21, 42, 7, 2, 25, 12, 36, 35, 48, 24, 5, 15, 6, 23, 30, 4, 20, 50, 29, 44, 46, 16, 34, 38, 37, 40, 39, 28, 51, 33, 43, 10, 9, 8, 41, 3, 14, 52, 11, 27, 26, 47, 13, 18, 31, 22]

Individual 23:
  Route length: 14590
  Contribution to Diversity: 0.00047231024015914613
  Route: [1, 49, 32, 45, 19, 41, 8, 3, 51, 11, 52, 14, 6, 33, 46, 15, 5, 13, 4, 35, 29, 16, 43, 10, 9, 18, 39, 36, 25, 12, 28, 27, 26, 47, 24, 48, 38, 37, 40, 50, 30, 23, 20, 2, 7, 42, 21, 17, 44, 34, 31, 22]

Individual 24:
  Route length: 14746
  Contribution to Diversity: 0.0011722325051310989
  Route: [1, 5, 15, 6, 4, 25, 12, 20, 36, 35, 34, 44, 46, 16, 37, 40, 39, 26, 47, 13, 14, 52, 11, 51, 29, 31, 10, 43, 33, 50, 27, 28, 18, 9, 8, 21, 17, 3, 42, 7, 2, 30, 23, 41, 19, 45, 32, 49, 24, 38, 48, 22]

Individual 25:
  Route length: 14853
  Contribution to Diversity: 0.0003745114726951826
  Route: [38, 48, 24, 5, 20, 33, 51, 11, 52, 39, 45, 19, 41, 8, 9, 15, 43, 10, 2, 30, 23, 50, 29, 16, 46, 44, 34, 35, 36, 14, 13, 47, 40, 37, 1, 49, 32, 4, 25, 12, 28, 27, 26, 6, 7, 42, 21, 17, 3, 18, 31, 22]

Individual 26:
  Route length: 14070
  Contribution to Diversity: 0.0006514639691506119
  Route: [1, 49, 32, 46, 16, 29, 50, 39, 40, 37, 31, 10, 43, 33, 51, 11, 52, 14, 13, 47, 20, 12, 25, 4, 6, 48, 21, 17, 8, 41, 19, 45, 9, 18, 36, 35, 34, 44, 3, 42, 7, 30, 2, 23, 28, 27, 26, 24, 5, 15, 38, 22]

Individual 27:
  Route length: 14595
  Contribution to Diversity: 0.0011022246696494875
  Route: [1, 49, 32, 45, 33, 10, 28, 12, 23, 25, 4, 6, 20, 50, 29, 16, 46, 34, 44, 35, 36, 39, 40, 37, 21, 42, 38, 48, 24, 5, 15, 30, 9, 8, 41, 19, 43, 27, 26, 47, 13, 14, 52, 11, 51, 2, 7, 17, 3, 18, 31, 22]

Individual 28:
  Route length: 14144
  Contribution to Diversity: 0.0004064289200247373
  Route: [1, 40, 37, 38, 48, 24, 5, 15, 31, 36, 35, 34, 44, 46, 32, 45, 19, 41, 8, 9, 10, 43, 33, 51, 11, 52, 14, 13, 7, 42, 21, 17, 3, 18, 29, 2, 47, 26, 25, 12, 28, 27, 39, 49, 16, 30, 6, 50, 20, 23, 4, 22]

Individual 29:
  Route length: 13380
  Contribution to Diversity: 0.0005186047526839488
  Route: [1, 49, 26, 47, 13, 52, 14, 11, 51, 33, 43, 10, 9, 8, 27, 28, 42, 7, 2, 32, 30, 23, 20, 44, 46, 16, 29, 50, 34, 38, 41, 19, 45, 48, 24, 5, 15, 6, 4, 25, 12, 21, 17, 3, 39, 36, 35, 37, 40, 18, 31, 22]

Individual 30:
  Route length: 13843
  Contribution to Diversity: 0.0001665432125017574
  Route: [1, 3, 51, 33, 43, 10, 9, 8, 41, 19, 45, 37, 5, 15, 6, 7, 2, 30, 23, 18, 32, 25, 12, 28, 27, 26, 47, 13, 14, 52, 11, 17, 39, 36, 35, 34, 44, 50, 29, 16, 46, 40, 24, 48, 38, 21, 42, 4, 49, 20, 31, 22]

Individual 31:
  Route length: 14532
  Contribution to Diversity: 0.0018335092983443602
  Route: [47, 26, 27, 28, 12, 37, 38, 48, 24, 13, 1, 49, 32, 45, 18, 3, 17, 21, 42, 9, 10, 43, 33, 51, 11, 52, 14, 5, 31, 25, 8, 41, 19, 40, 39, 36, 35, 34, 44, 46, 16, 29, 50, 20, 23, 30, 2, 7, 4, 6, 15, 22]

Individual 32:
  Route length: 13018
  Contribution to Diversity: 4.931234600746848e-05
  Route: [1, 49, 32, 2, 7, 42, 28, 27, 26, 47, 4, 6, 15, 5, 45, 24, 40, 37, 38, 41, 19, 48, 39, 36, 35, 34, 50, 29, 16, 46, 44, 20, 23, 30, 8, 9, 10, 43, 33, 51, 11, 14, 52, 13, 25, 12, 21, 17, 3, 18, 31, 22]

Individual 33:
  Route length: 14958
  Contribution to Diversity: 0.0018143510751205127
  Route: [1, 44, 34, 18, 3, 6, 4, 36, 39, 47, 26, 27, 28, 12, 2, 30, 23, 52, 11, 51, 33, 43, 10, 9, 8, 41, 19, 45, 32, 49, 46, 16, 29, 50, 20, 40, 13, 14, 37, 38, 48, 24, 5, 15, 17, 21, 42, 7, 25, 35, 31, 22]

Individual 34:
  Route length: 14149
  Contribution to Diversity: 0.000972070516596979
  Route: [1, 5, 39, 40, 37, 16, 46, 44, 34, 35, 2, 7, 42, 3, 17, 21, 18, 9, 8, 41, 19, 45, 4, 6, 15, 50, 29, 31, 10, 43, 33, 51, 11, 26, 14, 13, 47, 52, 27, 28, 23, 30, 36, 20, 12, 25, 32, 49, 24, 48, 38, 22]

Individual 35:
  Route length: 14777
  Contribution to Diversity: 0.0006701745176647123
  Route: [11, 52, 14, 13, 47, 26, 39, 40, 37, 16, 46, 44, 34, 35, 36, 20, 12, 25, 4, 6, 15, 5, 1, 51, 33, 43, 10, 31, 29, 50, 27, 28, 23, 30, 2, 7, 42, 3, 17, 21, 8, 9, 18, 41, 19, 45, 48, 38, 24, 49, 32, 22]

Individual 36:
  Route length: 14532
  Contribution to Diversity: 0.00038212833683815006
  Route: [1, 3, 51, 33, 43, 10, 9, 8, 41, 19, 45, 37, 5, 15, 6, 7, 2, 4, 42, 21, 40, 24, 48, 38, 46, 16, 29, 50, 44, 34, 35, 36, 39, 17, 11, 52, 14, 13, 47, 26, 27, 28, 12, 25, 32, 18, 23, 30, 49, 20, 31, 22]

Individual 37:
  Route length: 14870
  Contribution to Diversity: 0.001437522563535687
  Route: [4, 25, 42, 39, 36, 35, 34, 44, 46, 16, 29, 50, 20, 23, 30, 2, 7, 47, 13, 14, 33, 43, 45, 19, 41, 37, 38, 48, 51, 52, 11, 24, 5, 15, 6, 1, 49, 32, 10, 9, 8, 40, 26, 27, 28, 12, 21, 17, 3, 18, 31, 22]

Individual 38:
  Route length: 15060
  Contribution to Diversity: 9.133182665088668e-05
  Route: [1, 49, 32, 30, 23, 45, 2, 7, 14, 13, 5, 15, 46, 44, 34, 39, 36, 35, 40, 37, 38, 48, 24, 47, 28, 27, 26, 12, 25, 4, 6, 16, 29, 50, 20, 19, 41, 8, 9, 10, 11, 51, 33, 43, 52, 42, 21, 17, 3, 18, 31, 22]

Individual 39:
  Route length: 14607
  Contribution to Diversity: 0.00020604480822949967
  Route: [1, 49, 32, 44, 46, 16, 29, 50, 39, 40, 37, 31, 13, 14, 52, 11, 51, 33, 43, 10, 47, 20, 12, 25, 4, 6, 15, 5, 24, 26, 27, 28, 23, 30, 2, 7, 42, 3, 34, 35, 36, 18, 9, 45, 19, 41, 8, 17, 21, 48, 38, 22]

Individual 40:
  Route length: 14952
  Contribution to Diversity: 0.0004788281187364518
  Route: [1, 49, 32, 30, 23, 45, 2, 7, 14, 13, 5, 15, 46, 44, 34, 39, 36, 35, 40, 37, 38, 48, 24, 47, 28, 27, 26, 12, 25, 4, 6, 16, 29, 50, 20, 19, 41, 8, 9, 10, 11, 51, 52, 43, 33, 42, 21, 17, 3, 18, 31, 22]

Individual 41:
  Route length: 14581
  Contribution to Diversity: 0.00045523509906164605
  Route: [1, 49, 32, 45, 19, 41, 44, 36, 39, 40, 37, 33, 28, 12, 25, 4, 34, 35, 29, 16, 2, 30, 23, 5, 24, 48, 38, 51, 11, 52, 14, 13, 15, 9, 10, 43, 27, 26, 47, 6, 8, 20, 50, 46, 7, 42, 21, 17, 3, 18, 31, 22]

Individual 42:
  Route length: 14478
  Contribution to Diversity: 0.0004502843001592538
  Route: [35, 36, 39, 17, 4, 25, 12, 28, 31, 20, 50, 29, 16, 46, 45, 19, 43, 10, 23, 18, 3, 1, 34, 44, 49, 32, 6, 15, 5, 24, 48, 38, 37, 9, 30, 2, 7, 42, 21, 40, 8, 41, 33, 51, 11, 52, 14, 13, 47, 26, 27, 22]

Individual 43:
  Route length: 14681
  Contribution to Diversity: 3.4569158109398757e-05
  Route: [1, 24, 5, 28, 23, 20, 50, 29, 43, 33, 44, 34, 35, 40, 39, 36, 37, 38, 48, 49, 32, 45, 19, 41, 8, 9, 27, 26, 10, 16, 46, 51, 11, 52, 14, 13, 47, 15, 6, 4, 25, 12, 30, 3, 17, 21, 42, 7, 2, 18, 31, 22]

Individual 44:
  Route length: 14839
  Contribution to Diversity: 0
  Route: [1, 8, 27, 26, 47, 2, 35, 34, 44, 46, 16, 42, 7, 13, 14, 52, 11, 51, 33, 43, 45, 29, 50, 20, 23, 30, 36, 39, 40, 37, 38, 48, 24, 5, 15, 10, 9, 28, 12, 25, 4, 6, 32, 49, 41, 19, 21, 17, 3, 18, 31, 22]

Individual 45:
  Route length: 13913
  Contribution to Diversity: 0
  Route: [44, 46, 16, 50, 7, 2, 30, 40, 39, 14, 52, 11, 51, 33, 43, 10, 9, 27, 26, 47, 13, 32, 49, 1, 34, 35, 36, 45, 19, 41, 6, 4, 25, 12, 28, 8, 15, 5, 24, 48, 38, 37, 23, 20, 29, 42, 21, 17, 3, 18, 31, 22]

Individual 46:
  Route length: 14503
  Contribution to Diversity: 4.093530590498773e-05
  Route: [1, 38, 23, 6, 25, 31, 18, 17, 35, 34, 44, 46, 16, 30, 14, 13, 47, 26, 27, 28, 12, 15, 5, 24, 10, 9, 8, 41, 21, 19, 45, 32, 49, 48, 43, 33, 51, 11, 52, 36, 39, 40, 37, 20, 50, 29, 2, 7, 42, 3, 4, 22]

Individual 47:
  Route length: 14716
  Contribution to Diversity: 0.0005004399618453448
  Route: [37, 48, 24, 47, 26, 27, 40, 50, 20, 23, 30, 2, 7, 42, 21, 46, 38, 1, 49, 32, 45, 19, 41, 25, 4, 6, 8, 10, 43, 16, 29, 35, 36, 39, 34, 44, 28, 12, 9, 18, 33, 51, 11, 52, 14, 13, 5, 15, 17, 3, 31, 22]

Individual 48:
  Route length: 14106
  Contribution to Diversity: 0
  Route: [1, 49, 32, 45, 19, 50, 4, 25, 10, 8, 39, 48, 24, 5, 15, 6, 29, 36, 38, 37, 40, 9, 12, 43, 33, 51, 11, 52, 14, 13, 30, 23, 20, 16, 46, 44, 34, 35, 41, 28, 27, 26, 47, 2, 7, 42, 21, 17, 3, 18, 31, 22]

Individual 49:
  Route length: 14775
  Contribution to Diversity: 0.0006059237983233601
  Route: [1, 43, 10, 9, 8, 41, 42, 7, 2, 29, 18, 3, 17, 21, 19, 45, 32, 49, 48, 16, 46, 44, 34, 35, 36, 39, 40, 15, 5, 24, 30, 14, 13, 33, 51, 11, 52, 23, 38, 47, 26, 27, 28, 12, 25, 31, 50, 20, 37, 6, 4, 22]

Individual 50:
  Route length: 14040
  Contribution to Diversity: 0
  Route: [1, 9, 49, 8, 41, 19, 6, 15, 5, 52, 11, 51, 33, 43, 7, 42, 21, 17, 3, 18, 31, 2, 30, 23, 20, 50, 29, 16, 46, 45, 4, 44, 32, 10, 35, 34, 25, 12, 28, 27, 26, 47, 13, 14, 24, 48, 38, 37, 40, 39, 36, 22]

Individual 51:
  Route length: 14443
  Contribution to Diversity: 0.0016288138181046463
  Route: [38, 48, 24, 5, 20, 33, 51, 11, 52, 39, 45, 19, 10, 9, 8, 41, 43, 15, 2, 30, 23, 50, 29, 16, 46, 44, 34, 35, 36, 14, 13, 47, 27, 26, 32, 49, 1, 37, 40, 28, 12, 25, 4, 6, 7, 42, 21, 17, 3, 18, 31, 22]

Individual 52:
  Route length: 14833
  Contribution to Diversity: 0.0007321777096853666
  Route: [1, 46, 51, 11, 52, 14, 13, 47, 9, 8, 41, 19, 45, 32, 49, 48, 38, 37, 36, 39, 40, 35, 34, 44, 33, 43, 29, 50, 20, 23, 28, 5, 24, 16, 10, 26, 27, 15, 6, 4, 25, 12, 30, 3, 17, 21, 42, 7, 2, 18, 31, 22]

Individual 53:
  Route length: 13979
  Contribution to Diversity: 0
  Route: [1, 49, 41, 2, 7, 42, 28, 27, 26, 47, 13, 14, 52, 50, 15, 5, 24, 48, 45, 19, 32, 4, 6, 29, 16, 46, 44, 20, 23, 30, 8, 9, 10, 43, 33, 51, 11, 34, 35, 36, 40, 37, 38, 39, 25, 12, 21, 17, 3, 18, 31, 22]

Individual 54:
  Route length: 14294
  Contribution to Diversity: 0.0005348390229320543
  Route: [35, 36, 39, 17, 4, 25, 12, 28, 31, 20, 41, 8, 40, 21, 42, 7, 2, 16, 46, 45, 19, 43, 10, 9, 37, 38, 48, 24, 5, 15, 6, 32, 49, 44, 34, 1, 3, 18, 23, 30, 29, 50, 33, 51, 11, 52, 14, 13, 47, 26, 27, 22]

Individual 55:
  Route length: 12065
  Contribution to Diversity: 0
  Route: [33, 43, 12, 25, 13, 14, 52, 11, 51, 35, 34, 23, 30, 2, 7, 42, 21, 41, 8, 9, 10, 28, 27, 26, 47, 4, 6, 36, 39, 40, 37, 38, 48, 24, 5, 15, 1, 49, 32, 45, 19, 17, 3, 18, 31, 50, 20, 44, 46, 16, 29, 22]

Individual 56:
  Route length: 13395
  Contribution to Diversity: 0
  Route: [23, 20, 50, 29, 32, 37, 4, 6, 15, 5, 52, 11, 27, 26, 47, 13, 14, 24, 48, 38, 40, 49, 41, 19, 8, 9, 10, 43, 33, 51, 28, 17, 21, 42, 7, 2, 45, 1, 30, 16, 46, 44, 34, 35, 36, 39, 25, 12, 3, 18, 31, 22]

Individual 57:
  Route length: 14590
  Contribution to Diversity: 0
  Route: [48, 49, 1, 36, 39, 40, 52, 11, 51, 28, 12, 25, 13, 2, 30, 23, 20, 50, 29, 16, 46, 44, 34, 35, 27, 26, 47, 4, 6, 15, 5, 24, 32, 45, 19, 41, 8, 9, 10, 43, 33, 38, 37, 14, 7, 42, 21, 17, 3, 18, 31, 22]

Individual 58:
  Route length: 14093
  Contribution to Diversity: 0.00018309452933173986
  Route: [1, 49, 19, 45, 9, 18, 36, 35, 34, 44, 46, 16, 29, 50, 39, 40, 37, 31, 10, 43, 33, 51, 11, 52, 14, 13, 47, 20, 12, 25, 4, 6, 15, 5, 24, 26, 27, 28, 23, 2, 30, 7, 42, 3, 32, 41, 8, 17, 21, 48, 38, 22]

Individual 59:
  Route length: 14665
  Contribution to Diversity: 0.0004184475311443947
  Route: [1, 49, 32, 13, 47, 26, 27, 9, 10, 3, 17, 21, 42, 29, 20, 34, 44, 46, 16, 50, 7, 2, 30, 23, 35, 36, 45, 15, 8, 28, 12, 25, 4, 6, 41, 19, 5, 24, 48, 38, 37, 40, 39, 14, 52, 11, 51, 33, 43, 18, 31, 22]

Individual 60:
  Route length: 12625
  Contribution to Diversity: 0
  Route: [1, 49, 9, 12, 43, 33, 51, 11, 52, 14, 13, 47, 26, 27, 28, 41, 35, 34, 44, 46, 16, 29, 6, 15, 5, 24, 48, 39, 8, 10, 25, 4, 50, 19, 45, 32, 40, 37, 38, 36, 20, 23, 30, 2, 7, 42, 21, 17, 3, 18, 31, 22]

Individual 61:
  Route length: 12649
  Contribution to Diversity: 0
  Route: [1, 45, 32, 37, 4, 6, 15, 5, 27, 28, 17, 34, 44, 46, 16, 30, 23, 20, 50, 29, 2, 7, 42, 21, 35, 36, 39, 25, 12, 3, 18, 31, 19, 49, 40, 38, 48, 24, 26, 47, 13, 14, 52, 11, 51, 33, 43, 10, 9, 8, 41, 22]

Individual 62:
  Route length: 14222
  Contribution to Diversity: 0
  Route: [1, 38, 23, 35, 20, 33, 43, 10, 9, 8, 41, 21, 19, 45, 32, 49, 48, 24, 5, 15, 12, 28, 27, 26, 47, 13, 14, 30, 16, 46, 44, 34, 37, 40, 39, 36, 52, 11, 51, 50, 29, 2, 7, 42, 3, 17, 18, 31, 25, 6, 4, 22]

Individual 63:
  Route length: 14934
  Contribution to Diversity: 0.0015954329565106562
  Route: [45, 16, 49, 6, 15, 5, 20, 50, 31, 25, 12, 28, 27, 26, 47, 2, 29, 18, 3, 17, 21, 42, 7, 13, 14, 52, 11, 51, 33, 46, 32, 30, 1, 19, 41, 8, 9, 10, 43, 44, 34, 35, 36, 39, 40, 37, 38, 48, 24, 23, 4, 22]

Individual 64:
  Route length: 14274
  Contribution to Diversity: 0.0015588375691244494
  Route: [26, 27, 28, 7, 42, 2, 41, 19, 45, 48, 24, 5, 12, 25, 39, 29, 50, 34, 35, 36, 16, 46, 13, 14, 52, 11, 51, 33, 43, 10, 9, 8, 30, 23, 20, 1, 47, 44, 49, 32, 38, 37, 40, 4, 6, 15, 21, 17, 3, 18, 31, 22]

Individual 65:
  Route length: 14622
  Contribution to Diversity: 0.0003397663617130675
  Route: [45, 16, 49, 1, 19, 41, 8, 9, 10, 43, 50, 31, 25, 12, 28, 27, 26, 47, 2, 29, 18, 3, 17, 21, 42, 7, 13, 14, 52, 11, 51, 33, 46, 32, 30, 6, 15, 5, 24, 48, 38, 37, 40, 39, 36, 35, 34, 44, 20, 23, 4, 22]

Individual 66:
  Route length: 15073
  Contribution to Diversity: 2.2871678773128679e-07
  Route: [1, 49, 31, 18, 3, 17, 21, 12, 25, 39, 38, 37, 40, 4, 6, 29, 16, 46, 44, 20, 8, 30, 23, 9, 10, 43, 33, 51, 11, 34, 35, 36, 32, 19, 45, 48, 24, 5, 15, 50, 52, 14, 13, 47, 26, 27, 28, 42, 7, 2, 41, 22]

Individual 67:
  Route length: 14721
  Contribution to Diversity: 0.0010269246407155208
  Route: [1, 38, 23, 6, 25, 31, 18, 17, 35, 34, 44, 46, 16, 30, 14, 13, 47, 26, 27, 28, 12, 33, 43, 48, 49, 32, 45, 19, 21, 41, 8, 9, 10, 24, 5, 15, 51, 11, 52, 36, 39, 40, 37, 20, 50, 29, 2, 7, 42, 3, 4, 22]

Individual 68:
  Route length: 14036
  Contribution to Diversity: 0
  Route: [1, 5, 39, 40, 37, 16, 46, 44, 34, 35, 2, 7, 42, 3, 17, 21, 49, 32, 25, 12, 20, 36, 30, 23, 28, 27, 26, 14, 13, 47, 52, 11, 51, 33, 43, 10, 31, 29, 50, 15, 6, 4, 45, 19, 41, 8, 9, 18, 24, 48, 38, 22]

Individual 69:
  Route length: 14392
  Contribution to Diversity: 0
  Route: [12, 25, 37, 40, 39, 36, 35, 33, 51, 23, 46, 44, 34, 43, 10, 9, 16, 29, 8, 41, 38, 48, 24, 5, 15, 6, 4, 30, 2, 7, 42, 21, 20, 50, 19, 45, 32, 49, 1, 28, 27, 26, 47, 13, 14, 52, 11, 17, 3, 18, 31, 22]

Individual 70:
  Route length: 12469
  Contribution to Diversity: 0
  Route: [1, 49, 32, 45, 19, 50, 20, 21, 42, 7, 2, 30, 4, 6, 15, 5, 24, 48, 38, 16, 29, 8, 41, 9, 10, 43, 34, 44, 46, 23, 51, 33, 35, 36, 39, 40, 37, 25, 12, 28, 27, 26, 47, 13, 14, 52, 11, 17, 3, 18, 31, 22]

Individual 71:
  Route length: 14683
  Contribution to Diversity: 0.0011071561219475612
  Route: [1, 49, 32, 45, 34, 39, 36, 25, 12, 28, 27, 26, 47, 24, 48, 38, 37, 40, 50, 30, 23, 20, 2, 7, 42, 21, 17, 3, 8, 41, 19, 44, 51, 11, 52, 14, 15, 5, 13, 4, 35, 29, 16, 43, 10, 9, 18, 31, 6, 46, 33, 22]

Individual 72:
  Route length: 14882
  Contribution to Diversity: 0.0009285034414157067
  Route: [1, 49, 32, 45, 31, 18, 4, 6, 15, 5, 24, 48, 38, 37, 40, 14, 26, 27, 28, 12, 25, 3, 17, 36, 35, 23, 20, 50, 29, 16, 46, 44, 34, 30, 2, 51, 11, 52, 47, 13, 39, 43, 33, 7, 42, 21, 10, 9, 8, 41, 19, 22]

Individual 73:
  Route length: 14021
  Contribution to Diversity: 0.0011645475815020845
  Route: [1, 45, 32, 37, 4, 6, 15, 5, 27, 28, 17, 21, 42, 23, 30, 16, 46, 44, 34, 35, 36, 39, 25, 12, 3, 18, 31, 19, 49, 40, 38, 48, 24, 26, 47, 13, 14, 52, 11, 51, 33, 43, 10, 9, 29, 2, 7, 20, 50, 8, 41, 22]

Individual 74:
  Route length: 13201
  Contribution to Diversity: 0
  Route: [1, 49, 32, 45, 43, 9, 10, 18, 33, 51, 11, 52, 14, 13, 50, 20, 23, 30, 2, 7, 42, 21, 46, 44, 34, 39, 36, 35, 29, 16, 19, 41, 8, 3, 17, 15, 5, 40, 27, 26, 47, 24, 48, 37, 38, 28, 12, 25, 4, 6, 31, 22]

Individual 75:
  Route length: 14150
  Contribution to Diversity: 0
  Route: [1, 49, 41, 2, 7, 42, 28, 27, 12, 25, 39, 38, 37, 40, 36, 35, 34, 11, 51, 33, 43, 10, 9, 8, 30, 23, 20, 44, 46, 16, 29, 6, 4, 32, 19, 45, 48, 24, 5, 15, 50, 52, 14, 13, 47, 26, 21, 17, 3, 18, 31, 22]

Individual 76:
  Route length: 14222
  Contribution to Diversity: 0
  Route: [1, 38, 23, 35, 34, 44, 46, 16, 30, 14, 13, 47, 26, 27, 51, 33, 43, 10, 9, 8, 24, 48, 49, 32, 45, 19, 21, 41, 5, 15, 12, 28, 11, 52, 36, 39, 40, 37, 20, 50, 29, 2, 7, 42, 3, 17, 18, 31, 25, 6, 4, 22]

Individual 77:
  Route length: 14910
  Contribution to Diversity: 0
  Route: [1, 49, 32, 2, 7, 10, 43, 33, 51, 11, 52, 14, 13, 47, 26, 27, 28, 42, 9, 8, 30, 23, 20, 44, 46, 17, 37, 16, 29, 50, 34, 35, 36, 39, 40, 21, 12, 25, 4, 6, 15, 5, 24, 48, 45, 19, 41, 38, 3, 18, 31, 22]

Individual 78:
  Route length: 14998
  Contribution to Diversity: 0.0016741601301459852
  Route: [1, 49, 25, 12, 28, 27, 26, 11, 52, 14, 9, 10, 43, 16, 46, 44, 39, 40, 37, 38, 48, 24, 31, 18, 3, 17, 21, 42, 7, 34, 35, 36, 2, 30, 23, 20, 50, 5, 15, 6, 4, 32, 45, 19, 41, 8, 13, 47, 29, 33, 51, 22]

Individual 79:
  Route length: 13934
  Contribution to Diversity: 0
  Route: [1, 49, 32, 45, 19, 41, 44, 36, 39, 40, 37, 38, 48, 24, 5, 23, 30, 2, 16, 29, 6, 47, 26, 27, 43, 10, 9, 15, 13, 14, 52, 11, 51, 33, 28, 12, 25, 4, 34, 35, 8, 20, 50, 46, 7, 42, 21, 17, 3, 18, 31, 22]

Individual 80:
  Route length: 14356
  Contribution to Diversity: 0.0007628062732036867
  Route: [36, 39, 34, 44, 2, 7, 42, 12, 28, 27, 26, 5, 15, 46, 30, 23, 20, 50, 40, 37, 38, 48, 24, 47, 13, 14, 52, 11, 8, 3, 17, 21, 25, 4, 6, 33, 51, 41, 19, 45, 32, 49, 1, 35, 29, 16, 43, 10, 9, 18, 31, 22]

Individual 81:
  Route length: 14847
  Contribution to Diversity: 0.0016672007822915447
  Route: [1, 49, 32, 45, 19, 41, 8, 3, 51, 11, 52, 14, 6, 33, 46, 15, 5, 13, 4, 35, 29, 16, 43, 10, 9, 18, 39, 36, 25, 28, 12, 27, 26, 47, 24, 48, 38, 37, 40, 50, 30, 23, 20, 2, 7, 42, 21, 17, 44, 34, 31, 22]

Individual 82:
  Route length: 14801
  Contribution to Diversity: 0.0005223109620233757
  Route: [1, 5, 39, 40, 37, 16, 46, 44, 34, 35, 2, 7, 42, 3, 17, 21, 49, 32, 25, 12, 20, 36, 30, 23, 28, 27, 50, 29, 31, 10, 43, 33, 51, 11, 52, 47, 13, 14, 26, 15, 6, 4, 45, 19, 41, 8, 9, 18, 24, 48, 38, 22]

Individual 83:
  Route length: 14245
  Contribution to Diversity: 8.058398545962575e-05
  Route: [1, 49, 32, 45, 43, 9, 10, 18, 33, 51, 21, 42, 7, 2, 30, 23, 20, 50, 13, 14, 52, 11, 46, 44, 34, 39, 36, 35, 29, 16, 19, 41, 8, 3, 17, 15, 5, 40, 27, 26, 47, 24, 48, 37, 38, 28, 12, 25, 4, 6, 31, 22]

Individual 84:
  Route length: 14592
  Contribution to Diversity: 0
  Route: [44, 46, 16, 50, 7, 30, 2, 40, 39, 14, 52, 11, 51, 33, 43, 10, 9, 27, 26, 47, 13, 32, 49, 1, 34, 35, 36, 45, 19, 41, 6, 4, 25, 12, 28, 8, 15, 5, 24, 48, 38, 37, 23, 20, 29, 42, 21, 17, 3, 18, 31, 22]

Individual 85:
  Route length: 14606
  Contribution to Diversity: 0.00044628529535550854
  Route: [37, 48, 24, 47, 26, 27, 40, 50, 20, 23, 30, 2, 7, 42, 21, 46, 28, 12, 9, 18, 33, 51, 11, 52, 14, 13, 5, 25, 10, 43, 16, 29, 35, 36, 39, 34, 44, 38, 1, 49, 32, 45, 19, 41, 8, 6, 4, 15, 17, 3, 31, 22]

Individual 86:
  Route length: 14807
  Contribution to Diversity: 0.0011925386532247728
  Route: [1, 49, 37, 38, 48, 24, 44, 46, 16, 29, 50, 20, 23, 30, 2, 7, 42, 21, 17, 3, 14, 52, 11, 27, 5, 34, 10, 43, 31, 18, 13, 28, 39, 40, 32, 45, 19, 41, 8, 9, 35, 36, 12, 25, 4, 6, 15, 26, 47, 51, 33, 22]

Individual 87:
  Route length: 14921
  Contribution to Diversity: 0.0005430151460785737
  Route: [42, 15, 5, 33, 51, 11, 52, 34, 35, 36, 6, 7, 2, 30, 23, 20, 26, 27, 39, 4, 25, 12, 28, 40, 37, 38, 47, 13, 14, 44, 46, 16, 29, 50, 48, 24, 43, 10, 9, 8, 41, 19, 45, 32, 49, 1, 21, 17, 31, 18, 3, 22]

Individual 88:
  Route length: 14215
  Contribution to Diversity: 0
  Route: [44, 46, 16, 50, 7, 2, 30, 40, 39, 14, 52, 11, 51, 33, 43, 10, 9, 27, 26, 47, 13, 32, 49, 1, 15, 8, 28, 12, 25, 4, 6, 41, 19, 45, 36, 35, 34, 5, 24, 48, 38, 37, 23, 20, 29, 42, 21, 17, 3, 18, 31, 22]

Individual 89:
  Route length: 13723
  Contribution to Diversity: 0.0008163736752893058
  Route: [23, 20, 50, 29, 32, 37, 4, 6, 15, 5, 52, 11, 27, 26, 47, 13, 14, 24, 48, 38, 40, 49, 41, 19, 8, 9, 10, 43, 25, 39, 36, 35, 34, 44, 46, 16, 30, 1, 45, 2, 7, 42, 21, 17, 28, 51, 33, 12, 3, 18, 31, 22]

Individual 90:
  Route length: 12772
  Contribution to Diversity: 0
  Route: [1, 49, 32, 45, 19, 50, 4, 48, 39, 8, 10, 25, 24, 5, 15, 6, 29, 36, 38, 37, 40, 9, 12, 43, 33, 51, 11, 52, 14, 13, 47, 26, 27, 28, 41, 35, 34, 44, 46, 16, 20, 23, 30, 2, 7, 42, 21, 17, 3, 18, 31, 22]

Individual 91:
  Route length: 13809
  Contribution to Diversity: 0.00010468795394835695
  Route: [1, 3, 17, 15, 6, 4, 28, 12, 25, 27, 26, 52, 14, 13, 47, 11, 48, 16, 46, 45, 29, 50, 20, 24, 5, 39, 36, 35, 40, 23, 18, 32, 49, 44, 34, 21, 42, 7, 2, 30, 37, 38, 19, 41, 8, 9, 10, 43, 33, 51, 31, 22]

Individual 92:
  Route length: 13681
  Contribution to Diversity: 0
  Route: [1, 49, 32, 45, 43, 9, 10, 18, 33, 51, 11, 52, 14, 13, 50, 20, 23, 30, 2, 7, 42, 21, 46, 44, 34, 8, 41, 19, 16, 29, 35, 36, 39, 3, 17, 15, 5, 40, 27, 26, 47, 24, 48, 37, 38, 28, 12, 25, 4, 6, 31, 22]

Individual 93:
  Route length: 12709
  Contribution to Diversity: 0
  Route: [1, 49, 32, 45, 19, 50, 4, 25, 10, 8, 39, 48, 44, 46, 16, 29, 6, 15, 5, 24, 34, 35, 41, 28, 27, 26, 47, 13, 14, 52, 11, 51, 33, 43, 12, 9, 40, 37, 38, 36, 20, 23, 30, 2, 7, 42, 21, 17, 3, 18, 31, 22]

Individual 94:
  Route length: 14107
  Contribution to Diversity: 0
  Route: [1, 49, 32, 45, 33, 51, 11, 52, 14, 13, 47, 26, 27, 43, 19, 41, 34, 44, 35, 36, 30, 23, 15, 5, 24, 48, 38, 42, 21, 37, 40, 39, 9, 8, 46, 16, 29, 50, 20, 6, 4, 25, 12, 28, 10, 2, 7, 17, 3, 18, 31, 22]

Individual 95:
  Route length: 13165
  Contribution to Diversity: 0.0007482614883667082
  Route: [1, 3, 17, 39, 36, 35, 40, 23, 18, 41, 8, 9, 10, 43, 33, 51, 11, 47, 13, 14, 52, 26, 27, 25, 12, 28, 4, 6, 49, 32, 19, 38, 37, 30, 2, 7, 42, 21, 34, 44, 15, 5, 24, 20, 29, 50, 45, 46, 16, 48, 31, 22]

Individual 96:
  Route length: 14678
  Contribution to Diversity: 0.0005737979620032974
  Route: [1, 3, 51, 33, 43, 10, 9, 8, 41, 19, 45, 37, 5, 15, 6, 7, 2, 30, 23, 18, 32, 25, 12, 39, 17, 11, 52, 14, 13, 47, 26, 27, 28, 36, 35, 34, 44, 50, 29, 16, 46, 38, 48, 24, 40, 21, 42, 4, 49, 20, 31, 22]

Individual 97:
  Route length: 14899
  Contribution to Diversity: 0.00017122740437969242
  Route: [1, 49, 32, 2, 7, 10, 43, 33, 51, 11, 52, 14, 13, 47, 26, 27, 28, 42, 9, 8, 34, 50, 29, 16, 37, 17, 21, 12, 25, 4, 6, 15, 5, 24, 48, 45, 44, 20, 23, 30, 35, 36, 39, 40, 46, 19, 41, 38, 3, 18, 31, 22]

Individual 98:
  Route length: 13989
  Contribution to Diversity: 0.0017298649446226833
  Route: [1, 3, 17, 39, 36, 35, 40, 23, 18, 25, 27, 26, 52, 14, 13, 47, 11, 51, 33, 43, 10, 9, 8, 41, 12, 28, 4, 6, 49, 32, 19, 38, 37, 30, 2, 7, 42, 21, 34, 44, 15, 5, 24, 20, 29, 50, 45, 46, 16, 48, 31, 22]

Individual 99:
  Route length: 14631
  Contribution to Diversity: 9.55972485643386e-05
  Route: [1, 49, 27, 28, 12, 25, 4, 6, 3, 17, 21, 32, 45, 34, 44, 38, 46, 20, 7, 42, 26, 47, 13, 14, 52, 5, 24, 48, 50, 29, 16, 37, 40, 39, 36, 35, 19, 41, 8, 9, 10, 2, 30, 23, 43, 33, 51, 11, 15, 18, 31, 22]

Individual 100:
  Route length: 15064
  Contribution to Diversity: 0.0011750052063623784
  Route: [1, 49, 32, 45, 33, 51, 11, 52, 14, 13, 47, 26, 27, 43, 19, 41, 34, 44, 35, 36, 30, 23, 15, 5, 17, 7, 2, 10, 28, 12, 25, 4, 6, 20, 50, 29, 16, 46, 8, 9, 39, 40, 37, 21, 42, 38, 48, 24, 3, 18, 31, 22]

Individual 101:
  Route length: 14292
  Contribution to Diversity: 0.0008879754356909686
  Route: [1, 5, 39, 40, 37, 16, 46, 44, 34, 35, 2, 7, 42, 48, 24, 49, 32, 20, 12, 25, 36, 30, 23, 28, 27, 26, 14, 13, 47, 52, 11, 51, 33, 43, 10, 31, 29, 50, 15, 6, 4, 45, 19, 41, 8, 9, 18, 21, 17, 3, 38, 22]

Individual 102:
  Route length: 14778
  Contribution to Diversity: 0
  Route: [12, 25, 37, 40, 39, 36, 35, 33, 51, 23, 46, 44, 34, 43, 10, 9, 16, 29, 8, 41, 38, 48, 24, 5, 15, 6, 4, 30, 2, 7, 42, 21, 20, 50, 19, 31, 18, 3, 17, 11, 52, 14, 13, 47, 26, 27, 28, 1, 49, 32, 45, 22]

Individual 103:
  Route length: 14621
  Contribution to Diversity: 0.0007116102095983123
  Route: [15, 4, 6, 8, 41, 19, 45, 32, 49, 1, 38, 44, 34, 39, 36, 35, 29, 16, 43, 10, 25, 5, 13, 14, 52, 11, 51, 33, 18, 9, 12, 28, 46, 21, 42, 7, 2, 30, 23, 20, 50, 40, 27, 26, 47, 24, 48, 37, 17, 3, 31, 22]

Individual 104:
  Route length: 13798
  Contribution to Diversity: 0
  Route: [1, 45, 32, 48, 24, 5, 47, 26, 50, 29, 16, 37, 40, 39, 36, 35, 19, 41, 8, 9, 10, 2, 30, 23, 20, 46, 38, 44, 34, 49, 27, 28, 12, 25, 4, 6, 3, 17, 21, 42, 7, 43, 33, 51, 11, 52, 14, 13, 15, 18, 31, 22]

Individual 105:
  Route length: 14147
  Contribution to Diversity: 0.0008069849102714244
  Route: [32, 42, 27, 28, 12, 10, 9, 8, 16, 29, 50, 20, 23, 30, 2, 7, 26, 47, 13, 14, 52, 11, 6, 4, 25, 43, 33, 51, 17, 21, 1, 49, 18, 3, 15, 5, 24, 48, 38, 37, 40, 39, 36, 35, 34, 44, 46, 41, 19, 45, 31, 22]

Individual 106:
  Route length: 14103
  Contribution to Diversity: 0.00020114231038270702
  Route: [23, 20, 50, 29, 32, 37, 4, 6, 15, 19, 41, 49, 40, 38, 48, 24, 14, 13, 47, 26, 27, 11, 52, 5, 8, 9, 10, 43, 33, 51, 28, 17, 21, 42, 7, 2, 45, 1, 30, 16, 46, 44, 34, 35, 36, 39, 25, 12, 3, 18, 31, 22]

Individual 107:
  Route length: 14840
  Contribution to Diversity: 0
  Route: [1, 38, 23, 35, 34, 44, 46, 16, 6, 25, 31, 18, 17, 3, 42, 7, 2, 29, 50, 51, 11, 52, 36, 39, 40, 37, 20, 33, 43, 10, 9, 8, 41, 21, 19, 45, 32, 49, 48, 24, 5, 15, 12, 28, 27, 26, 47, 13, 14, 30, 4, 22]

Individual 108:
  Route length: 14077
  Contribution to Diversity: 0
  Route: [1, 38, 23, 35, 34, 44, 46, 16, 30, 14, 13, 47, 26, 27, 51, 33, 43, 10, 9, 37, 40, 39, 36, 52, 11, 28, 12, 15, 5, 24, 48, 49, 32, 45, 19, 21, 41, 8, 20, 50, 29, 2, 7, 42, 3, 17, 18, 31, 25, 6, 4, 22]

Individual 109:
  Route length: 15019
  Contribution to Diversity: 0.0009861838956668478
  Route: [1, 3, 51, 33, 6, 15, 5, 37, 45, 19, 41, 8, 9, 10, 43, 7, 2, 30, 23, 18, 32, 25, 12, 39, 17, 11, 52, 14, 13, 47, 26, 27, 28, 36, 35, 34, 44, 50, 29, 16, 46, 38, 48, 24, 40, 21, 42, 4, 49, 20, 31, 22]

Individual 110:
  Route length: 14895
  Contribution to Diversity: 0.0005349504488627588
  Route: [1, 49, 8, 30, 2, 7, 42, 21, 51, 33, 35, 36, 39, 40, 37, 29, 16, 46, 44, 34, 43, 10, 9, 23, 20, 50, 19, 45, 6, 4, 25, 12, 28, 27, 26, 47, 13, 14, 52, 38, 48, 24, 5, 15, 32, 41, 11, 17, 3, 18, 31, 22]

Individual 111:
  Route length: 14520
  Contribution to Diversity: 0.0006063694249851537
  Route: [1, 17, 3, 42, 7, 2, 29, 50, 20, 37, 40, 39, 36, 52, 11, 28, 12, 15, 5, 41, 21, 19, 45, 32, 49, 48, 24, 8, 9, 10, 43, 33, 51, 27, 26, 47, 13, 14, 30, 16, 46, 44, 34, 35, 23, 38, 18, 31, 25, 6, 4, 22]

Individual 112:
  Route length: 14529
  Contribution to Diversity: 0.0007116170476564321
  Route: [1, 49, 19, 45, 9, 18, 36, 35, 34, 44, 46, 16, 29, 50, 39, 40, 37, 31, 10, 43, 33, 28, 27, 26, 24, 5, 15, 6, 4, 25, 12, 20, 47, 13, 14, 52, 11, 51, 23, 2, 30, 7, 42, 3, 32, 41, 8, 17, 21, 48, 38, 22]

Individual 113:
  Route length: 14075
  Contribution to Diversity: 0.00033135958530028375
  Route: [1, 21, 34, 44, 49, 32, 18, 23, 40, 35, 36, 39, 5, 24, 20, 50, 29, 45, 46, 16, 48, 11, 47, 13, 14, 52, 26, 27, 25, 12, 28, 4, 6, 15, 17, 3, 42, 7, 2, 30, 37, 38, 19, 41, 8, 9, 10, 43, 33, 51, 31, 22]

Individual 114:
  Route length: 14163
  Contribution to Diversity: 0
  Route: [1, 49, 32, 45, 19, 50, 20, 21, 51, 23, 46, 44, 34, 43, 10, 9, 41, 8, 29, 16, 38, 48, 24, 5, 15, 6, 4, 30, 2, 7, 42, 33, 35, 36, 39, 40, 37, 25, 12, 28, 27, 26, 47, 13, 14, 52, 11, 17, 3, 18, 31, 22]

Individual 115:
  Route length: 14434
  Contribution to Diversity: 0
  Route: [1, 49, 32, 45, 19, 50, 4, 25, 10, 8, 39, 48, 24, 5, 15, 6, 29, 36, 38, 37, 40, 9, 12, 43, 33, 51, 11, 52, 14, 26, 27, 28, 41, 35, 34, 44, 46, 16, 20, 23, 30, 13, 47, 2, 7, 42, 21, 17, 3, 18, 31, 22]

Individual 116:
  Route length: 15059
  Contribution to Diversity: 0.0007320308436655765
  Route: [42, 15, 5, 33, 51, 11, 52, 34, 35, 36, 6, 7, 2, 30, 23, 20, 4, 39, 27, 26, 25, 12, 28, 40, 37, 38, 47, 13, 14, 44, 46, 16, 29, 50, 48, 24, 43, 10, 9, 8, 41, 19, 45, 32, 49, 1, 21, 17, 31, 18, 3, 22]

Individual 117:
  Route length: 13994
  Contribution to Diversity: 0.0004404792102326027
  Route: [23, 20, 50, 29, 32, 39, 36, 35, 34, 44, 46, 16, 30, 1, 45, 2, 7, 42, 21, 17, 28, 51, 33, 43, 10, 9, 8, 5, 52, 11, 27, 26, 47, 13, 14, 24, 48, 38, 40, 49, 41, 19, 15, 6, 4, 37, 25, 12, 3, 18, 31, 22]

Individual 118:
  Route length: 14810
  Contribution to Diversity: 0
  Route: [1, 8, 9, 42, 28, 27, 26, 47, 13, 14, 52, 11, 51, 33, 43, 10, 7, 2, 32, 49, 30, 23, 20, 44, 45, 48, 24, 5, 15, 6, 4, 25, 12, 21, 17, 37, 16, 29, 50, 34, 35, 36, 39, 40, 46, 19, 41, 38, 3, 18, 31, 22]

Individual 119:
  Route length: 14079
  Contribution to Diversity: 0.00034914513753037113
  Route: [1, 45, 32, 48, 24, 5, 47, 26, 50, 29, 16, 37, 40, 39, 36, 35, 19, 41, 8, 9, 10, 2, 30, 23, 20, 46, 38, 44, 31, 18, 15, 13, 14, 52, 11, 51, 33, 43, 7, 42, 21, 17, 3, 6, 4, 25, 12, 28, 27, 49, 34, 22]

Individual 120:
  Route length: 14127
  Contribution to Diversity: 0.0008237207617636244
  Route: [1, 49, 27, 28, 12, 25, 4, 6, 10, 9, 8, 41, 19, 35, 36, 39, 40, 37, 16, 29, 50, 48, 24, 5, 52, 14, 13, 47, 26, 42, 7, 20, 46, 38, 44, 34, 45, 32, 21, 17, 3, 2, 30, 23, 43, 33, 51, 11, 15, 18, 31, 22]

Individual 121:
  Route length: 14603
  Contribution to Diversity: 0.0020438071070252306
  Route: [1, 37, 40, 13, 14, 20, 34, 44, 46, 16, 29, 50, 35, 36, 39, 47, 26, 27, 28, 12, 2, 30, 23, 52, 11, 51, 33, 43, 10, 9, 8, 41, 19, 45, 32, 31, 15, 5, 24, 48, 38, 49, 18, 21, 17, 3, 42, 7, 25, 4, 6, 22]

Individual 122:
  Route length: 14216
  Contribution to Diversity: 0.001188059068076619
  Route: [1, 21, 34, 44, 49, 31, 51, 33, 43, 10, 9, 8, 41, 19, 38, 37, 30, 2, 7, 42, 3, 17, 15, 6, 4, 28, 12, 25, 27, 26, 52, 14, 13, 47, 11, 48, 16, 46, 45, 29, 50, 20, 24, 5, 39, 36, 35, 40, 23, 18, 32, 22]

Individual 123:
  Route length: 15067
  Contribution to Diversity: 0.0010083557338340654
  Route: [1, 43, 10, 9, 8, 41, 42, 7, 2, 29, 18, 3, 17, 21, 19, 45, 32, 40, 39, 36, 35, 34, 44, 46, 16, 48, 49, 15, 5, 24, 30, 14, 13, 33, 51, 11, 52, 23, 38, 47, 26, 27, 28, 12, 25, 31, 50, 20, 37, 6, 4, 22]

Individual 124:
  Route length: 14342
  Contribution to Diversity: 0.0003179458427027271
  Route: [1, 49, 41, 2, 7, 42, 28, 27, 12, 25, 39, 38, 37, 40, 36, 35, 34, 11, 51, 33, 43, 10, 9, 8, 30, 23, 20, 44, 24, 48, 45, 19, 32, 4, 6, 29, 16, 46, 5, 15, 50, 52, 14, 13, 47, 26, 21, 17, 3, 18, 31, 22]

Individual 125:
  Route length: 13854
  Contribution to Diversity: 0.0011024644917618787
  Route: [1, 45, 10, 9, 8, 41, 19, 35, 36, 39, 40, 37, 16, 29, 50, 26, 47, 5, 24, 48, 32, 2, 30, 23, 20, 46, 38, 44, 31, 18, 15, 13, 14, 52, 11, 51, 33, 43, 7, 42, 21, 17, 3, 6, 4, 25, 12, 28, 27, 49, 34, 22]

Individual 126:
  Route length: 15022
  Contribution to Diversity: 0.001625854252905512
  Route: [1, 49, 32, 45, 19, 41, 44, 36, 39, 12, 28, 33, 37, 40, 25, 4, 34, 35, 29, 16, 2, 30, 23, 5, 24, 48, 38, 51, 11, 52, 14, 13, 15, 9, 10, 43, 27, 26, 47, 6, 8, 20, 50, 46, 7, 42, 21, 17, 3, 18, 31, 22]

Individual 127:
  Route length: 14670
  Contribution to Diversity: 0
  Route: [1, 38, 23, 35, 34, 44, 46, 16, 6, 25, 31, 18, 17, 3, 42, 7, 2, 29, 50, 51, 11, 52, 36, 39, 40, 37, 20, 33, 43, 10, 9, 8, 41, 45, 19, 21, 32, 49, 48, 24, 5, 15, 12, 28, 27, 26, 47, 13, 14, 30, 4, 22]

Individual 128:
  Route length: 14034
  Contribution to Diversity: 0.0011091884844125488
  Route: [1, 49, 32, 46, 16, 29, 50, 39, 40, 38, 15, 5, 24, 26, 27, 28, 23, 2, 30, 7, 42, 3, 44, 34, 35, 36, 18, 9, 45, 19, 41, 8, 17, 21, 48, 6, 4, 25, 12, 20, 47, 13, 14, 52, 11, 51, 33, 43, 10, 31, 37, 22]

Individual 129:
  Route length: 14666
  Contribution to Diversity: 0
  Route: [44, 46, 16, 50, 7, 30, 2, 40, 39, 14, 52, 11, 51, 33, 43, 10, 9, 27, 26, 47, 13, 32, 49, 1, 34, 35, 36, 45, 19, 41, 37, 38, 48, 24, 5, 15, 8, 28, 12, 25, 4, 6, 23, 20, 29, 42, 21, 17, 3, 18, 31, 22]

Individual 130:
  Route length: 13746
  Contribution to Diversity: 0
  Route: [1, 49, 31, 18, 3, 17, 21, 12, 25, 15, 5, 24, 48, 45, 19, 32, 36, 35, 34, 11, 51, 33, 43, 10, 9, 8, 30, 23, 20, 44, 46, 16, 29, 6, 4, 40, 37, 38, 39, 50, 52, 14, 13, 47, 26, 27, 28, 42, 7, 2, 41, 22]

Individual 131:
  Route length: 14605
  Contribution to Diversity: 0.0005993583148073967
  Route: [1, 49, 32, 45, 19, 50, 4, 25, 10, 8, 44, 34, 35, 41, 28, 27, 26, 14, 52, 11, 51, 33, 43, 12, 9, 40, 37, 38, 36, 29, 6, 15, 5, 24, 48, 39, 46, 16, 20, 23, 30, 13, 47, 2, 7, 42, 21, 17, 3, 18, 31, 22]

Individual 132:
  Route length: 14341
  Contribution to Diversity: 0.0002469898588559616
  Route: [44, 46, 16, 50, 7, 2, 30, 18, 3, 17, 21, 42, 29, 20, 23, 37, 38, 48, 24, 5, 34, 35, 36, 45, 19, 41, 6, 4, 25, 12, 28, 8, 15, 1, 49, 32, 13, 47, 26, 27, 9, 10, 43, 33, 51, 11, 52, 14, 39, 40, 31, 22]

Individual 133:
  Route length: 14875
  Contribution to Diversity: 0
  Route: [1, 38, 23, 35, 34, 44, 46, 16, 6, 25, 31, 18, 17, 3, 42, 7, 2, 20, 37, 40, 39, 36, 52, 11, 51, 50, 29, 33, 43, 10, 9, 8, 41, 21, 19, 45, 32, 49, 48, 24, 5, 15, 12, 28, 27, 26, 47, 13, 14, 30, 4, 22]

Individual 134:
  Route length: 14543
  Contribution to Diversity: 0.001060175748887282
  Route: [1, 49, 32, 45, 19, 17, 21, 42, 7, 2, 25, 12, 36, 35, 48, 24, 5, 15, 6, 23, 30, 4, 20, 50, 29, 44, 46, 41, 8, 9, 10, 43, 33, 51, 28, 39, 40, 37, 38, 34, 16, 3, 14, 52, 11, 27, 26, 47, 13, 18, 31, 22]

Individual 135:
  Route length: 14166
  Contribution to Diversity: 0.001892862788620775
  Route: [1, 3, 17, 39, 36, 35, 34, 28, 19, 41, 8, 9, 10, 43, 33, 51, 11, 52, 14, 38, 27, 13, 47, 26, 37, 30, 2, 7, 42, 21, 40, 23, 18, 32, 49, 44, 12, 25, 4, 6, 15, 5, 24, 20, 50, 29, 16, 46, 45, 48, 31, 22]

Individual 136:
  Route length: 13267
  Contribution to Diversity: 0.00013395885126410434
  Route: [1, 49, 32, 45, 43, 9, 10, 18, 44, 46, 21, 42, 7, 2, 30, 23, 20, 50, 13, 14, 52, 11, 51, 33, 34, 39, 36, 35, 29, 16, 19, 41, 8, 3, 17, 15, 5, 40, 27, 26, 47, 24, 48, 37, 38, 28, 12, 25, 4, 6, 31, 22]

Individual 137:
  Route length: 15037
  Contribution to Diversity: 0.0012313097949192553
  Route: [37, 48, 24, 47, 26, 27, 40, 50, 20, 23, 30, 2, 7, 42, 21, 46, 28, 12, 9, 18, 33, 51, 11, 52, 14, 13, 5, 25, 10, 43, 16, 29, 35, 36, 39, 34, 44, 38, 1, 49, 32, 45, 19, 41, 3, 17, 15, 4, 6, 8, 31, 22]

Individual 138:
  Route length: 14939
  Contribution to Diversity: 0.002614915431985665
  Route: [1, 21, 34, 44, 49, 31, 51, 33, 43, 10, 9, 8, 41, 19, 38, 37, 30, 2, 7, 42, 3, 50, 29, 45, 46, 16, 48, 11, 47, 13, 14, 52, 26, 27, 25, 12, 28, 4, 6, 15, 17, 20, 24, 5, 39, 36, 35, 40, 23, 18, 32, 22]

Individual 139:
  Route length: 13730
  Contribution to Diversity: 0.0011760422242712565
  Route: [35, 36, 43, 10, 9, 37, 38, 48, 24, 5, 15, 6, 32, 49, 44, 34, 1, 3, 18, 23, 30, 29, 50, 20, 31, 28, 12, 25, 4, 17, 39, 19, 45, 46, 16, 2, 7, 42, 21, 40, 8, 41, 33, 51, 11, 52, 14, 13, 47, 26, 27, 22]

Individual 140:
  Route length: 12639
  Contribution to Diversity: 0.001258917206423682
  Route: [1, 49, 32, 45, 5, 24, 48, 34, 4, 25, 12, 28, 33, 51, 11, 52, 14, 13, 47, 26, 27, 43, 10, 9, 15, 6, 8, 7, 2, 30, 23, 19, 41, 44, 39, 36, 35, 38, 37, 40, 29, 16, 46, 50, 20, 42, 21, 17, 3, 18, 31, 22]

Individual 141:
  Route length: 14555
  Contribution to Diversity: 0
  Route: [48, 49, 1, 36, 39, 40, 52, 11, 51, 28, 12, 25, 13, 2, 30, 23, 20, 50, 29, 16, 46, 44, 34, 35, 27, 26, 47, 33, 43, 10, 9, 8, 41, 19, 45, 32, 24, 5, 15, 6, 4, 38, 37, 14, 7, 42, 21, 17, 3, 18, 31, 22]

Individual 142:
  Route length: 14763
  Contribution to Diversity: 0.00010445117972590623
  Route: [1, 38, 23, 35, 20, 33, 43, 10, 9, 8, 41, 21, 19, 44, 46, 16, 30, 14, 13, 47, 26, 27, 28, 12, 15, 5, 24, 48, 49, 32, 45, 34, 37, 40, 39, 36, 52, 11, 51, 50, 29, 2, 7, 42, 3, 17, 18, 31, 25, 6, 4, 22]

Individual 143:
  Route length: 14555
  Contribution to Diversity: 0.0016297921005312688
  Route: [35, 36, 39, 17, 4, 25, 12, 28, 31, 20, 41, 8, 40, 21, 42, 7, 2, 16, 24, 48, 38, 37, 9, 10, 43, 19, 45, 46, 5, 15, 6, 32, 49, 44, 34, 1, 3, 18, 23, 30, 29, 50, 33, 51, 11, 52, 14, 13, 47, 26, 27, 22]

Individual 144:
  Route length: 14859
  Contribution to Diversity: 0.0012213395409617078
  Route: [23, 20, 50, 29, 32, 39, 28, 17, 21, 42, 7, 2, 45, 1, 30, 16, 46, 44, 34, 35, 36, 51, 33, 43, 10, 9, 8, 5, 52, 11, 27, 26, 47, 13, 14, 24, 48, 38, 40, 49, 41, 19, 15, 6, 4, 37, 25, 12, 3, 18, 31, 22]

Individual 145:
  Route length: 14754
  Contribution to Diversity: 0
  Route: [44, 46, 16, 50, 7, 30, 2, 40, 39, 14, 52, 11, 51, 33, 43, 10, 9, 27, 26, 47, 13, 32, 49, 1, 34, 8, 28, 12, 25, 4, 6, 41, 19, 45, 36, 35, 15, 5, 24, 48, 38, 37, 23, 20, 29, 42, 21, 17, 3, 18, 31, 22]

Individual 146:
  Route length: 14068
  Contribution to Diversity: 0.0018008058857557074
  Route: [1, 3, 17, 39, 36, 35, 40, 23, 18, 41, 4, 28, 12, 25, 27, 26, 52, 14, 13, 47, 11, 51, 33, 43, 10, 9, 8, 6, 49, 32, 19, 38, 37, 30, 2, 7, 42, 21, 34, 44, 15, 5, 24, 20, 29, 50, 45, 46, 16, 48, 31, 22]

Individual 147:
  Route length: 14760
  Contribution to Diversity: 0.0017758624468537931
  Route: [42, 15, 5, 33, 51, 11, 52, 34, 35, 36, 6, 7, 2, 30, 23, 20, 38, 37, 40, 28, 12, 25, 4, 39, 27, 26, 47, 13, 14, 44, 18, 3, 19, 41, 8, 9, 10, 43, 24, 48, 50, 29, 16, 46, 31, 17, 21, 1, 49, 32, 45, 22]

Individual 148:
  Route length: 12567
  Contribution to Diversity: 0.0001862941422379194
  Route: [33, 43, 12, 25, 13, 14, 52, 11, 51, 35, 34, 23, 30, 2, 7, 42, 21, 41, 8, 9, 10, 28, 27, 26, 47, 4, 6, 36, 39, 16, 46, 44, 20, 50, 31, 18, 3, 17, 19, 45, 32, 49, 1, 15, 5, 24, 48, 38, 37, 40, 29, 22]

Individual 149:
  Route length: 12890
  Contribution to Diversity: 0
  Route: [1, 49, 5, 15, 6, 29, 16, 46, 44, 34, 35, 41, 28, 27, 26, 47, 13, 14, 52, 11, 51, 33, 43, 12, 9, 24, 48, 39, 8, 10, 25, 4, 50, 19, 45, 32, 40, 37, 38, 36, 20, 23, 30, 2, 7, 42, 21, 17, 3, 18, 31, 22]

Total Entropy H: 5.369746926276721
