Individual 0:
  Route length: 9420
  Contribution to Diversity: 0.023856886240793962
  Route: [1, 31, 18, 3, 17, 2, 7, 42, 21, 30, 23, 20, 50, 29, 16, 32, 49, 44, 39, 36, 37, 48, 40, 46, 35, 34, 38, 19, 8, 41, 9, 10, 43, 33, 51, 11, 52, 13, 14, 47, 26, 27, 28, 12, 6, 24, 25, 4, 5, 15, 45, 22]

Individual 1:
  Route length: 9401
  Contribution to Diversity: 0.05986733616451012
  Route: [49, 48, 15, 24, 5, 45, 19, 41, 8, 9, 10, 43, 33, 12, 28, 27, 13, 47, 26, 14, 52, 11, 51, 25, 6, 4, 37, 38, 40, 39, 34, 32, 3, 17, 21, 2, 7, 42, 30, 20, 44, 35, 36, 46, 16, 29, 50, 23, 31, 18, 1, 22]

Individual 2:
  Route length: 9390
  Contribution to Diversity: 0.06001118124797422
  Route: [3, 17, 7, 2, 42, 21, 23, 30, 50, 20, 29, 16, 46, 24, 39, 36, 40, 12, 28, 26, 47, 27, 13, 14, 52, 11, 51, 33, 43, 9, 10, 8, 41, 19, 45, 1, 31, 18, 32, 35, 37, 38, 15, 6, 48, 25, 4, 5, 44, 49, 34, 22]

Individual 3:
  Route length: 9406
  Contribution to Diversity: 0.012740451110276219
  Route: [32, 49, 1, 20, 29, 23, 35, 39, 36, 34, 5, 6, 38, 46, 44, 16, 50, 30, 2, 21, 42, 7, 17, 3, 45, 19, 41, 8, 9, 10, 43, 33, 51, 11, 52, 14, 13, 47, 26, 27, 28, 12, 25, 4, 15, 48, 24, 40, 37, 18, 31, 22]

Individual 4:
  Route length: 9370
  Contribution to Diversity: 0.025649262053621058
  Route: [36, 25, 5, 39, 15, 4, 6, 12, 28, 27, 26, 47, 14, 13, 52, 11, 51, 33, 43, 10, 9, 41, 8, 19, 24, 38, 48, 35, 34, 45, 32, 31, 18, 3, 17, 21, 42, 7, 2, 30, 23, 20, 50, 29, 16, 44, 46, 37, 40, 49, 1, 22]

Individual 5:
  Route length: 9413
  Contribution to Diversity: 0.022597340388578857
  Route: [1, 49, 31, 18, 3, 17, 21, 42, 7, 2, 30, 23, 50, 29, 20, 16, 46, 6, 24, 48, 5, 15, 4, 51, 11, 52, 13, 14, 47, 26, 27, 28, 12, 25, 38, 40, 39, 36, 44, 34, 37, 35, 9, 41, 19, 45, 8, 10, 33, 43, 32, 22]

Individual 6:
  Route length: 9250
  Contribution to Diversity: 0.01830106743886084
  Route: [44, 34, 35, 5, 15, 6, 4, 25, 20, 50, 16, 29, 7, 2, 42, 30, 23, 18, 1, 49, 37, 36, 39, 40, 38, 46, 48, 24, 12, 28, 27, 26, 47, 14, 13, 52, 11, 51, 33, 43, 10, 9, 8, 41, 19, 45, 32, 3, 17, 21, 31, 22]

Individual 7:
  Route length: 9198
  Contribution to Diversity: 0.02766500277542061
  Route: [18, 31, 35, 39, 38, 6, 4, 24, 37, 40, 34, 36, 44, 49, 32, 3, 17, 2, 7, 42, 21, 30, 29, 46, 20, 23, 50, 16, 48, 5, 15, 25, 12, 28, 27, 47, 26, 13, 14, 52, 11, 51, 33, 43, 10, 9, 8, 41, 19, 45, 1, 22]

Individual 8:
  Route length: 9420
  Contribution to Diversity: 0.0225289510921991
  Route: [18, 21, 42, 7, 2, 30, 23, 1, 31, 20, 50, 16, 46, 48, 39, 34, 24, 37, 38, 15, 5, 6, 4, 25, 12, 28, 27, 26, 47, 14, 13, 52, 11, 51, 33, 43, 10, 9, 8, 41, 45, 3, 17, 19, 40, 35, 36, 29, 44, 49, 32, 22]

Individual 9:
  Route length: 9355
  Contribution to Diversity: 0.012582307587139852
  Route: [1, 3, 18, 31, 44, 32, 49, 46, 38, 24, 6, 5, 15, 4, 25, 12, 28, 27, 26, 47, 14, 13, 52, 11, 51, 33, 43, 10, 9, 8, 41, 45, 19, 36, 35, 48, 34, 40, 37, 39, 16, 20, 50, 29, 23, 30, 2, 7, 42, 21, 17, 22]

Total Entropy H: 4.977824388070751
