Individual 0:
  Route length: 22588
  Contribution to Diversity: 0.0016149371668028323
  Route: [19, 43, 52, 51, 47, 1, 29, 5, 26, 48, 11, 21, 30, 3, 18, 39, 44, 13, 14, 40, 37, 32, 28, 27, 24, 33, 46, 36, 6, 38, 12, 25, 16, 31, 10, 9, 8, 23, 50, 20, 7, 42, 34, 35, 49, 45, 4, 15, 17, 41, 2, 22]

Individual 1:
  Route length: 22378
  Contribution to Diversity: 0.0005047481345741289
  Route: [1, 45, 48, 24, 51, 46, 25, 16, 29, 50, 20, 30, 42, 11, 52, 12, 15, 5, 40, 7, 8, 9, 34, 4, 36, 28, 27, 14, 6, 10, 23, 17, 35, 38, 47, 44, 19, 41, 21, 49, 18, 33, 43, 13, 26, 2, 39, 3, 37, 32, 31, 22]

Individual 2:
  Route length: 22608
  Contribution to Diversity: 0.0004746542173359458
  Route: [1, 28, 5, 38, 17, 21, 42, 36, 25, 35, 49, 32, 27, 26, 47, 2, 30, 7, 39, 40, 46, 3, 18, 48, 44, 41, 31, 51, 23, 20, 6, 52, 14, 13, 16, 11, 37, 15, 45, 33, 8, 34, 19, 24, 12, 4, 50, 29, 43, 10, 9, 22]

Individual 3:
  Route length: 22434
  Contribution to Diversity: 0.0006823007426897121
  Route: [1, 49, 38, 32, 40, 37, 23, 16, 44, 12, 25, 29, 30, 2, 15, 33, 5, 35, 13, 14, 21, 27, 51, 4, 9, 36, 39, 52, 11, 46, 20, 50, 48, 24, 10, 26, 47, 43, 45, 7, 28, 34, 6, 42, 17, 19, 41, 8, 3, 18, 31, 22]

Individual 4:
  Route length: 22618
  Contribution to Diversity: 0.0007208624780403738
  Route: [27, 20, 50, 24, 14, 19, 39, 15, 10, 9, 6, 12, 5, 26, 7, 31, 1, 17, 2, 30, 23, 37, 36, 28, 52, 11, 13, 45, 48, 40, 35, 34, 21, 49, 32, 44, 25, 47, 46, 16, 29, 3, 8, 41, 51, 33, 43, 18, 4, 38, 42, 22]

Individual 5:
  Route length: 22578
  Contribution to Diversity: 0.000926478765524763
  Route: [27, 35, 50, 37, 38, 34, 39, 43, 11, 26, 13, 14, 33, 17, 20, 25, 48, 23, 49, 1, 9, 3, 18, 16, 4, 15, 5, 44, 8, 41, 42, 7, 2, 6, 21, 31, 36, 46, 40, 47, 51, 10, 12, 28, 29, 52, 24, 19, 30, 45, 32, 22]

Individual 6:
  Route length: 22486
  Contribution to Diversity: 0.0007980994338883107
  Route: [27, 35, 17, 33, 14, 13, 26, 11, 43, 18, 3, 9, 1, 49, 23, 48, 25, 20, 50, 37, 38, 34, 39, 16, 4, 15, 5, 44, 8, 41, 21, 6, 2, 7, 42, 31, 36, 46, 40, 47, 51, 10, 12, 28, 29, 52, 24, 19, 30, 45, 32, 22]

Individual 7:
  Route length: 22551
  Contribution to Diversity: 0.0013196878488681563
  Route: [52, 14, 44, 33, 19, 46, 16, 3, 20, 38, 42, 24, 12, 28, 27, 10, 9, 8, 41, 21, 32, 30, 50, 29, 25, 35, 11, 40, 13, 51, 18, 7, 2, 23, 31, 49, 45, 36, 48, 37, 15, 17, 26, 47, 5, 4, 39, 43, 6, 34, 1, 22]

Individual 8:
  Route length: 22517
  Contribution to Diversity: 0.0015490766907459985
  Route: [40, 33, 51, 12, 43, 14, 34, 21, 3, 41, 29, 4, 20, 23, 30, 24, 5, 44, 18, 9, 10, 46, 16, 6, 15, 26, 28, 13, 47, 50, 11, 25, 7, 42, 39, 52, 27, 2, 35, 38, 48, 17, 1, 8, 45, 36, 37, 32, 49, 19, 31, 22]

Individual 9:
  Route length: 22587
  Contribution to Diversity: 0.0008963572969253875
  Route: [6, 14, 20, 28, 27, 12, 7, 32, 31, 16, 37, 3, 36, 40, 17, 9, 10, 30, 41, 24, 8, 19, 50, 23, 29, 26, 52, 11, 51, 25, 48, 38, 5, 33, 4, 43, 21, 42, 49, 18, 39, 34, 2, 45, 35, 44, 1, 47, 13, 15, 46, 22]

Individual 10:
  Route length: 22594
  Contribution to Diversity: 0.0006640222428995202
  Route: [50, 30, 48, 38, 17, 1, 18, 3, 26, 28, 13, 47, 21, 34, 41, 11, 27, 44, 40, 33, 39, 35, 23, 20, 4, 46, 10, 9, 15, 37, 29, 5, 24, 7, 42, 2, 8, 32, 49, 25, 6, 14, 43, 12, 36, 19, 45, 51, 52, 16, 31, 22]

Individual 11:
  Route length: 22527
  Contribution to Diversity: 0.001324229069774141
  Route: [35, 46, 37, 39, 38, 47, 13, 50, 21, 4, 1, 5, 48, 23, 33, 43, 36, 27, 29, 52, 14, 25, 12, 28, 30, 26, 10, 51, 11, 32, 2, 7, 17, 16, 24, 31, 45, 19, 18, 3, 42, 44, 9, 8, 41, 20, 49, 15, 34, 6, 40, 22]

Individual 12:
  Route length: 22542
  Contribution to Diversity: 0.0006912062964765653
  Route: [6, 45, 41, 19, 30, 18, 31, 3, 7, 42, 46, 29, 47, 26, 2, 28, 51, 33, 43, 38, 21, 35, 39, 23, 14, 52, 36, 32, 49, 37, 4, 16, 34, 10, 9, 17, 11, 50, 13, 27, 44, 1, 5, 40, 20, 24, 12, 25, 15, 8, 48, 22]

Individual 13:
  Route length: 22406
  Contribution to Diversity: 0.0003903674711009941
  Route: [41, 8, 16, 29, 31, 35, 30, 2, 24, 48, 26, 27, 25, 52, 14, 7, 42, 21, 44, 37, 28, 33, 12, 40, 5, 18, 9, 43, 10, 23, 32, 50, 15, 4, 36, 20, 34, 39, 47, 11, 1, 49, 3, 17, 6, 46, 13, 38, 51, 19, 45, 22]

Individual 14:
  Route length: 22345
  Contribution to Diversity: 0.0015275347271899165
  Route: [50, 47, 13, 28, 26, 34, 16, 46, 10, 9, 32, 45, 36, 25, 11, 40, 41, 3, 48, 38, 30, 33, 51, 52, 2, 35, 23, 20, 4, 44, 18, 15, 29, 7, 42, 39, 8, 19, 49, 14, 43, 12, 27, 6, 5, 24, 37, 1, 17, 31, 21, 22]

Individual 15:
  Route length: 22489
  Contribution to Diversity: 0.0016195588482004197
  Route: [9, 39, 29, 50, 20, 47, 26, 28, 14, 52, 11, 18, 16, 42, 6, 48, 25, 44, 34, 4, 10, 43, 17, 8, 30, 23, 13, 15, 5, 35, 36, 12, 46, 3, 21, 49, 32, 2, 31, 7, 24, 40, 37, 38, 19, 41, 33, 51, 1, 27, 45, 22]

Individual 16:
  Route length: 22503
  Contribution to Diversity: 0.0006542362682084857
  Route: [18, 3, 30, 17, 41, 7, 42, 45, 4, 15, 21, 8, 9, 10, 28, 27, 12, 36, 39, 44, 13, 31, 16, 1, 5, 23, 52, 33, 47, 51, 48, 11, 43, 19, 49, 35, 34, 46, 40, 37, 38, 24, 14, 26, 32, 6, 25, 29, 50, 20, 2, 22]

Individual 17:
  Route length: 22422
  Contribution to Diversity: 0.0008817642895069255
  Route: [41, 8, 17, 27, 26, 24, 1, 12, 47, 42, 32, 21, 11, 13, 28, 52, 14, 38, 15, 25, 37, 30, 20, 19, 6, 4, 36, 44, 9, 51, 49, 45, 34, 50, 31, 40, 23, 3, 35, 18, 2, 7, 5, 48, 10, 43, 33, 29, 16, 46, 39, 22]

Individual 18:
  Route length: 21578
  Contribution to Diversity: 0.00037470655733429226
  Route: [12, 14, 52, 11, 33, 6, 19, 45, 25, 1, 47, 43, 31, 17, 39, 4, 38, 20, 46, 50, 29, 42, 7, 2, 30, 21, 24, 48, 44, 41, 8, 15, 49, 26, 18, 28, 13, 32, 16, 27, 5, 34, 35, 36, 40, 37, 23, 3, 51, 9, 10, 22]

Individual 19:
  Route length: 22557
  Contribution to Diversity: 0.0016505857298811932
  Route: [30, 50, 33, 38, 45, 34, 28, 12, 14, 13, 51, 48, 4, 3, 40, 20, 6, 25, 47, 26, 37, 35, 17, 21, 1, 16, 2, 7, 42, 19, 52, 29, 9, 10, 5, 24, 49, 43, 18, 31, 44, 27, 15, 39, 36, 32, 41, 23, 46, 11, 8, 22]

Individual 20:
  Route length: 22532
  Contribution to Diversity: 0.001198581485129857
  Route: [35, 7, 2, 48, 4, 12, 16, 46, 44, 49, 43, 41, 8, 36, 39, 37, 34, 14, 13, 29, 6, 52, 38, 25, 42, 20, 32, 40, 23, 19, 21, 50, 1, 45, 51, 33, 26, 27, 28, 10, 9, 11, 30, 15, 47, 5, 24, 17, 3, 18, 31, 22]

Individual 21:
  Route length: 22403
  Contribution to Diversity: 0.00033708776766516735
  Route: [29, 10, 48, 26, 47, 13, 50, 18, 8, 43, 52, 14, 30, 17, 37, 44, 9, 39, 40, 34, 31, 27, 28, 1, 25, 5, 15, 6, 51, 11, 33, 24, 21, 19, 41, 42, 38, 46, 35, 45, 3, 12, 16, 7, 2, 20, 23, 4, 49, 36, 32, 22]

Individual 22:
  Route length: 22609
  Contribution to Diversity: 0.0014391088643472827
  Route: [8, 23, 30, 41, 19, 26, 47, 48, 24, 5, 49, 35, 29, 16, 9, 10, 37, 25, 7, 32, 6, 11, 52, 28, 27, 13, 18, 51, 4, 14, 31, 21, 33, 15, 43, 38, 3, 17, 1, 36, 50, 2, 42, 20, 39, 46, 34, 12, 45, 44, 40, 22]

Individual 23:
  Route length: 22575
  Contribution to Diversity: 0.0013065084406616023
  Route: [23, 50, 44, 12, 29, 14, 52, 9, 24, 48, 37, 47, 16, 32, 21, 17, 3, 49, 2, 7, 10, 13, 11, 8, 36, 30, 42, 41, 19, 39, 27, 18, 38, 40, 15, 43, 6, 25, 34, 33, 51, 26, 28, 31, 20, 1, 45, 5, 35, 4, 46, 22]

Individual 24:
  Route length: 21903
  Contribution to Diversity: 0.0013834829320229503
  Route: [32, 43, 37, 38, 49, 35, 16, 47, 13, 5, 39, 14, 26, 23, 8, 31, 21, 7, 42, 15, 6, 34, 44, 50, 29, 28, 48, 17, 1, 18, 40, 33, 51, 12, 46, 24, 45, 36, 25, 11, 4, 20, 2, 27, 52, 19, 10, 9, 30, 41, 3, 22]

Individual 25:
  Route length: 21797
  Contribution to Diversity: 0.0009774192462579379
  Route: [18, 25, 21, 1, 49, 37, 42, 3, 6, 27, 26, 47, 24, 23, 28, 12, 10, 45, 17, 46, 32, 14, 51, 33, 43, 35, 40, 48, 4, 13, 52, 11, 34, 20, 50, 15, 19, 36, 39, 5, 38, 2, 16, 44, 30, 31, 29, 7, 9, 8, 41, 22]

Individual 26:
  Route length: 22449
  Contribution to Diversity: 0.0010463454086320212
  Route: [35, 42, 43, 33, 4, 25, 47, 13, 50, 44, 34, 6, 40, 45, 19, 18, 32, 48, 23, 16, 24, 30, 31, 17, 1, 15, 12, 46, 41, 9, 3, 27, 14, 52, 29, 39, 21, 2, 7, 8, 26, 10, 49, 28, 36, 38, 5, 51, 11, 37, 20, 22]

Individual 27:
  Route length: 22607
  Contribution to Diversity: 0.001736524111910498
  Route: [23, 50, 4, 46, 49, 3, 17, 21, 32, 42, 30, 36, 8, 11, 13, 10, 37, 48, 24, 9, 52, 14, 29, 12, 44, 35, 5, 45, 1, 20, 31, 28, 26, 51, 33, 34, 25, 6, 43, 15, 40, 38, 18, 27, 39, 19, 41, 16, 47, 7, 2, 22]

Individual 28:
  Route length: 22616
  Contribution to Diversity: 0.0007124892247185599
  Route: [6, 14, 20, 28, 27, 12, 7, 32, 31, 16, 37, 3, 34, 39, 18, 49, 42, 21, 43, 4, 33, 5, 38, 48, 25, 51, 11, 52, 26, 29, 23, 50, 19, 8, 24, 41, 30, 10, 9, 17, 40, 36, 2, 45, 35, 44, 1, 47, 13, 15, 46, 22]

Individual 29:
  Route length: 22372
  Contribution to Diversity: 0.000432297509795454
  Route: [9, 43, 10, 41, 25, 35, 31, 29, 16, 44, 21, 42, 7, 14, 52, 5, 49, 32, 24, 48, 27, 26, 2, 30, 4, 39, 34, 20, 36, 47, 11, 1, 23, 8, 37, 33, 28, 12, 38, 51, 19, 45, 17, 3, 18, 50, 15, 40, 13, 46, 6, 22]

Individual 30:
  Route length: 22587
  Contribution to Diversity: 0.0013489413780751747
  Route: [1, 41, 48, 44, 20, 35, 24, 11, 46, 40, 3, 18, 17, 2, 21, 6, 49, 26, 47, 45, 25, 28, 8, 27, 32, 19, 51, 13, 52, 14, 33, 7, 42, 50, 29, 39, 43, 10, 9, 34, 12, 38, 36, 16, 4, 23, 30, 5, 15, 37, 31, 22]

Individual 31:
  Route length: 22388
  Contribution to Diversity: 0.0006166433318348652
  Route: [30, 50, 27, 38, 32, 36, 39, 1, 26, 47, 25, 29, 42, 7, 2, 16, 46, 23, 41, 40, 11, 15, 8, 43, 49, 24, 5, 10, 9, 35, 3, 4, 48, 51, 13, 14, 12, 28, 17, 21, 37, 18, 31, 44, 6, 52, 19, 33, 34, 45, 20, 22]

Individual 32:
  Route length: 21846
  Contribution to Diversity: 0.00037393057136103636
  Route: [30, 50, 27, 38, 32, 36, 39, 1, 26, 47, 25, 29, 42, 7, 2, 16, 46, 23, 41, 40, 11, 15, 8, 43, 49, 24, 5, 10, 9, 35, 3, 4, 48, 51, 13, 14, 12, 28, 33, 19, 52, 6, 44, 31, 18, 37, 21, 17, 34, 45, 20, 22]

Individual 33:
  Route length: 22410
  Contribution to Diversity: 0.0008901060261576887
  Route: [36, 32, 3, 11, 51, 38, 19, 18, 16, 39, 40, 6, 28, 10, 4, 41, 9, 8, 17, 30, 35, 46, 48, 29, 52, 14, 5, 31, 50, 13, 47, 34, 44, 21, 42, 24, 27, 26, 25, 12, 37, 20, 49, 15, 23, 33, 43, 1, 2, 7, 45, 22]

Individual 34:
  Route length: 22484
  Contribution to Diversity: 0.001677319750898576
  Route: [1, 41, 48, 44, 20, 35, 24, 11, 46, 40, 3, 18, 17, 2, 51, 13, 52, 14, 33, 7, 42, 21, 19, 32, 27, 8, 28, 25, 39, 6, 50, 29, 49, 26, 47, 45, 43, 10, 9, 34, 12, 38, 36, 16, 4, 23, 30, 5, 15, 37, 31, 22]

Individual 35:
  Route length: 22331
  Contribution to Diversity: 0.0008632778881301206
  Route: [41, 8, 17, 27, 26, 24, 1, 12, 47, 42, 32, 21, 11, 13, 28, 52, 14, 38, 15, 25, 37, 30, 20, 19, 6, 4, 36, 44, 9, 51, 49, 45, 34, 50, 31, 40, 23, 3, 35, 18, 2, 7, 5, 33, 43, 10, 48, 29, 16, 46, 39, 22]

Individual 36:
  Route length: 22111
  Contribution to Diversity: 0.0008950535005523008
  Route: [45, 33, 21, 40, 15, 6, 36, 35, 34, 8, 23, 30, 24, 5, 38, 26, 47, 12, 41, 7, 42, 20, 48, 39, 51, 28, 13, 16, 1, 43, 10, 17, 3, 18, 31, 50, 32, 49, 27, 4, 29, 44, 9, 37, 25, 2, 46, 14, 52, 11, 19, 22]

Individual 37:
  Route length: 22597
  Contribution to Diversity: 0.0012354298725334445
  Route: [43, 36, 27, 5, 23, 25, 29, 44, 46, 21, 34, 15, 24, 20, 30, 50, 16, 28, 18, 3, 7, 48, 38, 13, 14, 52, 4, 8, 9, 6, 10, 33, 12, 49, 37, 39, 17, 32, 45, 19, 41, 1, 35, 31, 26, 51, 40, 11, 47, 2, 42, 22]

Individual 38:
  Route length: 22606
  Contribution to Diversity: 0.0006180598000637971
  Route: [43, 10, 9, 39, 3, 21, 1, 40, 20, 29, 49, 41, 46, 25, 15, 5, 24, 48, 42, 33, 13, 14, 6, 36, 47, 28, 11, 51, 19, 18, 16, 50, 23, 17, 31, 4, 35, 27, 26, 37, 30, 2, 7, 44, 32, 38, 12, 45, 52, 8, 34, 22]

Individual 39:
  Route length: 22195
  Contribution to Diversity: 0.0007816262177682276
  Route: [50, 30, 48, 38, 17, 1, 18, 3, 26, 28, 13, 29, 5, 24, 7, 42, 2, 8, 32, 49, 25, 6, 14, 43, 12, 36, 19, 45, 51, 52, 27, 11, 41, 34, 21, 47, 37, 15, 9, 10, 46, 4, 20, 23, 35, 39, 33, 40, 44, 16, 31, 22]

Individual 40:
  Route length: 22616
  Contribution to Diversity: 0.001264209450400955
  Route: [5, 15, 4, 27, 26, 29, 45, 19, 35, 8, 41, 10, 1, 32, 20, 23, 31, 18, 46, 37, 44, 40, 39, 12, 17, 30, 13, 14, 3, 51, 33, 38, 48, 36, 43, 24, 9, 7, 21, 42, 2, 6, 11, 16, 47, 52, 49, 50, 34, 25, 28, 22]

Individual 41:
  Route length: 22249
  Contribution to Diversity: 0.0009864745556260601
  Route: [21, 7, 18, 3, 1, 49, 25, 4, 37, 27, 40, 8, 32, 42, 23, 39, 50, 30, 29, 14, 17, 52, 47, 26, 51, 33, 19, 12, 13, 11, 28, 16, 46, 20, 43, 9, 48, 31, 2, 36, 35, 5, 15, 24, 41, 6, 44, 34, 38, 10, 45, 22]

Individual 42:
  Route length: 22197
  Contribution to Diversity: 0.0014379239305490898
  Route: [1, 42, 46, 12, 24, 35, 38, 40, 4, 19, 41, 39, 28, 10, 36, 50, 26, 27, 20, 7, 49, 47, 43, 48, 15, 13, 14, 52, 11, 51, 33, 30, 17, 21, 44, 34, 23, 5, 6, 16, 2, 8, 45, 29, 37, 9, 32, 25, 3, 18, 31, 22]

Individual 43:
  Route length: 22196
  Contribution to Diversity: 0.0002080546418223861
  Route: [7, 39, 5, 46, 42, 18, 20, 3, 9, 17, 49, 31, 30, 14, 52, 47, 40, 37, 4, 44, 21, 50, 8, 2, 12, 48, 34, 38, 32, 29, 36, 35, 45, 19, 41, 10, 43, 13, 25, 1, 28, 27, 26, 23, 16, 51, 11, 33, 24, 15, 6, 22]

Individual 44:
  Route length: 22491
  Contribution to Diversity: 0.0003861414314307865
  Route: [10, 39, 36, 5, 37, 40, 35, 42, 50, 3, 43, 33, 51, 11, 24, 44, 17, 12, 28, 26, 27, 21, 25, 18, 45, 29, 30, 23, 16, 2, 19, 14, 52, 13, 20, 46, 7, 4, 48, 1, 49, 38, 32, 9, 8, 41, 15, 6, 47, 31, 34, 22]

Individual 45:
  Route length: 22564
  Contribution to Diversity: 0.0007733672814609349
  Route: [12, 14, 52, 32, 24, 19, 15, 37, 1, 49, 4, 34, 26, 27, 40, 10, 9, 38, 33, 11, 41, 8, 47, 44, 46, 5, 6, 30, 36, 28, 31, 43, 51, 39, 3, 45, 25, 13, 18, 35, 23, 20, 50, 29, 2, 7, 42, 17, 21, 16, 48, 22]

Individual 46:
  Route length: 22033
  Contribution to Diversity: 0.0006018036783173031
  Route: [6, 3, 38, 47, 41, 45, 44, 26, 16, 46, 1, 29, 50, 4, 25, 12, 28, 2, 7, 42, 37, 40, 15, 52, 14, 49, 32, 30, 43, 5, 34, 24, 51, 33, 17, 31, 21, 36, 35, 13, 27, 20, 23, 18, 39, 8, 10, 9, 19, 11, 48, 22]

Individual 47:
  Route length: 22600
  Contribution to Diversity: 0.0007651792120846324
  Route: [18, 28, 12, 10, 45, 17, 46, 32, 14, 51, 33, 43, 21, 25, 23, 24, 47, 26, 27, 6, 31, 30, 44, 16, 2, 38, 5, 39, 36, 13, 52, 11, 34, 20, 50, 15, 19, 4, 48, 40, 35, 1, 49, 37, 42, 3, 29, 7, 9, 41, 8, 22]

Individual 48:
  Route length: 22599
  Contribution to Diversity: 0.0016522913159766617
  Route: [24, 43, 27, 26, 11, 5, 9, 7, 21, 42, 2, 34, 19, 18, 25, 28, 4, 15, 1, 10, 41, 8, 16, 29, 3, 17, 30, 13, 14, 45, 46, 37, 32, 20, 23, 31, 6, 44, 40, 39, 12, 51, 33, 38, 48, 36, 47, 35, 50, 49, 52, 22]

Individual 49:
  Route length: 22062
  Contribution to Diversity: 0.0003204837238257596
  Route: [12, 14, 52, 11, 33, 6, 19, 45, 25, 1, 47, 43, 31, 17, 39, 4, 23, 37, 40, 36, 35, 34, 5, 27, 16, 32, 13, 28, 18, 26, 49, 15, 8, 41, 44, 48, 24, 21, 30, 2, 7, 42, 29, 50, 46, 20, 38, 3, 51, 9, 10, 22]

Individual 50:
  Route length: 22425
  Contribution to Diversity: 0.000839271393128449
  Route: [24, 39, 3, 21, 17, 7, 2, 30, 44, 43, 11, 29, 35, 46, 6, 18, 19, 41, 5, 38, 37, 27, 33, 50, 13, 47, 26, 42, 28, 12, 25, 23, 20, 45, 4, 1, 32, 49, 40, 52, 34, 16, 36, 14, 51, 8, 9, 10, 15, 48, 31, 22]

Individual 51:
  Route length: 22490
  Contribution to Diversity: 0.0006177464645942266
  Route: [6, 24, 17, 40, 36, 12, 27, 28, 20, 14, 8, 30, 35, 44, 3, 34, 39, 32, 7, 2, 45, 10, 9, 16, 21, 42, 49, 1, 37, 25, 52, 26, 29, 23, 43, 4, 33, 5, 38, 48, 51, 11, 19, 41, 50, 46, 15, 13, 47, 18, 31, 22]

Individual 52:
  Route length: 22325
  Contribution to Diversity: 0.0005075658899755808
  Route: [41, 8, 16, 29, 31, 35, 30, 2, 24, 48, 26, 27, 25, 52, 14, 7, 42, 21, 44, 37, 28, 33, 12, 40, 5, 18, 50, 32, 23, 10, 43, 9, 15, 4, 36, 20, 34, 39, 47, 11, 1, 49, 3, 17, 6, 46, 13, 38, 51, 19, 45, 22]

Individual 53:
  Route length: 22569
  Contribution to Diversity: 0.0002083445865723732
  Route: [43, 36, 18, 12, 49, 51, 26, 27, 34, 21, 17, 32, 31, 35, 1, 41, 19, 45, 5, 23, 25, 29, 30, 46, 39, 13, 14, 52, 4, 44, 40, 9, 6, 10, 33, 15, 20, 7, 16, 50, 37, 38, 48, 28, 11, 8, 3, 24, 47, 2, 42, 22]

Individual 54:
  Route length: 22296
  Contribution to Diversity: 5.250364699449506e-06
  Route: [37, 20, 49, 4, 41, 9, 8, 17, 1, 43, 33, 23, 15, 10, 28, 6, 40, 39, 16, 18, 19, 38, 51, 11, 3, 32, 36, 12, 25, 26, 27, 24, 42, 21, 44, 34, 47, 13, 50, 31, 5, 14, 52, 29, 48, 46, 35, 30, 2, 7, 45, 22]

Individual 55:
  Route length: 22262
  Contribution to Diversity: 0.0010656352306517292
  Route: [1, 32, 35, 40, 39, 50, 8, 9, 21, 45, 28, 2, 44, 17, 42, 18, 36, 41, 10, 3, 20, 6, 38, 37, 51, 48, 12, 47, 14, 24, 5, 4, 25, 7, 34, 33, 43, 16, 49, 30, 29, 15, 26, 11, 52, 13, 27, 31, 23, 19, 46, 22]

Individual 56:
  Route length: 22452
  Contribution to Diversity: 0.0005466153060211809
  Route: [20, 44, 28, 12, 8, 41, 18, 37, 14, 52, 5, 1, 23, 38, 51, 19, 31, 11, 47, 9, 24, 4, 25, 10, 43, 48, 36, 15, 40, 3, 17, 45, 33, 32, 49, 39, 13, 26, 16, 29, 27, 42, 21, 50, 7, 2, 30, 35, 6, 46, 34, 22]

Individual 57:
  Route length: 22093
  Contribution to Diversity: 0.0005749660447014193
  Route: [45, 18, 25, 49, 1, 23, 17, 4, 6, 40, 2, 30, 20, 50, 15, 46, 28, 29, 16, 48, 37, 38, 47, 44, 32, 14, 51, 27, 26, 13, 34, 9, 8, 21, 7, 41, 19, 36, 35, 43, 5, 24, 3, 31, 12, 52, 11, 42, 39, 33, 10, 22]

Individual 58:
  Route length: 20875
  Contribution to Diversity: 0.0003809906807008545
  Route: [43, 36, 45, 32, 17, 21, 23, 25, 29, 44, 46, 39, 37, 49, 12, 33, 10, 6, 9, 8, 4, 52, 14, 13, 38, 48, 7, 20, 15, 24, 34, 47, 11, 40, 51, 27, 28, 16, 50, 30, 3, 18, 19, 41, 1, 35, 31, 26, 5, 2, 42, 22]

Individual 59:
  Route length: 22600
  Contribution to Diversity: 0.0005500203558774786
  Route: [5, 4, 14, 12, 34, 35, 8, 9, 52, 13, 27, 28, 46, 25, 15, 30, 23, 42, 6, 51, 33, 19, 18, 45, 21, 3, 20, 50, 39, 11, 29, 48, 38, 24, 10, 43, 37, 41, 36, 17, 44, 2, 49, 26, 47, 40, 1, 16, 7, 32, 31, 22]

Individual 60:
  Route length: 21635
  Contribution to Diversity: 0.00034882830136506726
  Route: [36, 40, 16, 48, 38, 24, 27, 6, 43, 29, 50, 46, 10, 39, 37, 35, 13, 23, 17, 21, 32, 30, 45, 51, 33, 9, 19, 8, 41, 44, 49, 1, 34, 42, 4, 28, 3, 2, 7, 12, 25, 15, 11, 26, 14, 52, 47, 20, 5, 18, 31, 22]

Individual 61:
  Route length: 22504
  Contribution to Diversity: 0.0006849123843961635
  Route: [1, 46, 42, 21, 45, 40, 4, 25, 50, 28, 3, 2, 29, 17, 15, 44, 27, 7, 31, 41, 10, 49, 16, 34, 35, 30, 38, 26, 36, 9, 19, 18, 8, 39, 11, 52, 13, 14, 47, 51, 33, 43, 37, 23, 6, 24, 32, 20, 12, 5, 48, 22]

Individual 62:
  Route length: 22587
  Contribution to Diversity: 0.0008280582978352768
  Route: [1, 52, 11, 13, 20, 46, 16, 49, 17, 19, 41, 37, 44, 14, 24, 48, 34, 39, 4, 43, 42, 2, 36, 28, 40, 21, 7, 3, 18, 38, 50, 25, 5, 15, 10, 45, 26, 47, 12, 33, 29, 30, 27, 51, 23, 31, 32, 35, 9, 8, 6, 22]

Individual 63:
  Route length: 21967
  Contribution to Diversity: 0.0007346030741164356
  Route: [38, 17, 1, 21, 7, 2, 32, 34, 44, 46, 36, 11, 10, 18, 14, 13, 12, 26, 20, 23, 30, 47, 28, 27, 48, 37, 40, 39, 51, 4, 43, 41, 52, 8, 9, 33, 29, 50, 35, 49, 5, 15, 16, 24, 6, 45, 42, 3, 19, 25, 31, 22]

Individual 64:
  Route length: 22606
  Contribution to Diversity: 0.0005654840373932046
  Route: [20, 44, 48, 36, 15, 40, 3, 17, 45, 33, 32, 49, 39, 13, 26, 30, 2, 7, 50, 21, 42, 24, 4, 25, 10, 43, 28, 12, 8, 41, 18, 37, 14, 52, 5, 1, 23, 38, 51, 19, 31, 11, 47, 9, 27, 29, 16, 35, 6, 46, 34, 22]

Individual 65:
  Route length: 22158
  Contribution to Diversity: 0.0005283165357674591
  Route: [1, 38, 48, 45, 49, 34, 24, 43, 10, 36, 4, 19, 44, 31, 33, 51, 11, 52, 14, 28, 12, 26, 13, 47, 37, 21, 6, 9, 50, 20, 17, 35, 7, 46, 27, 41, 39, 32, 42, 25, 8, 40, 2, 30, 23, 5, 15, 18, 16, 29, 3, 22]

Individual 66:
  Route length: 22562
  Contribution to Diversity: 0.0006932400377870351
  Route: [46, 40, 35, 15, 30, 39, 2, 7, 36, 37, 34, 18, 3, 17, 20, 32, 49, 1, 24, 42, 38, 44, 31, 9, 6, 13, 14, 43, 33, 50, 29, 52, 21, 19, 4, 12, 16, 48, 23, 45, 10, 28, 27, 26, 47, 5, 25, 11, 51, 8, 41, 22]

Individual 67:
  Route length: 22568
  Contribution to Diversity: 0.0007919978006958317
  Route: [35, 30, 11, 9, 10, 28, 26, 27, 33, 51, 45, 1, 50, 21, 19, 23, 40, 32, 20, 42, 25, 38, 14, 13, 29, 6, 52, 34, 37, 39, 36, 8, 41, 43, 49, 44, 46, 16, 12, 4, 48, 2, 7, 15, 47, 5, 24, 17, 3, 18, 31, 22]

Individual 68:
  Route length: 22173
  Contribution to Diversity: 3.528379875739063e-05
  Route: [5, 40, 44, 8, 13, 30, 41, 10, 24, 43, 45, 19, 9, 7, 21, 42, 2, 37, 46, 25, 11, 26, 27, 35, 36, 12, 51, 33, 49, 28, 15, 39, 34, 18, 4, 52, 6, 14, 47, 23, 16, 29, 3, 17, 31, 50, 38, 48, 1, 32, 20, 22]

Individual 69:
  Route length: 22098
  Contribution to Diversity: 0.0006860304056823807
  Route: [1, 20, 17, 45, 9, 24, 33, 4, 51, 11, 52, 14, 13, 8, 12, 46, 47, 18, 31, 15, 6, 30, 23, 44, 38, 49, 39, 40, 34, 35, 48, 50, 42, 7, 28, 21, 16, 10, 36, 3, 25, 5, 26, 27, 29, 37, 32, 41, 19, 2, 43, 22]

Individual 70:
  Route length: 22280
  Contribution to Diversity: 0.0009286185020416227
  Route: [36, 2, 18, 31, 51, 10, 49, 34, 29, 1, 30, 7, 3, 17, 21, 19, 41, 8, 23, 45, 32, 16, 47, 26, 27, 28, 12, 35, 33, 43, 46, 44, 14, 4, 6, 52, 11, 9, 48, 24, 50, 13, 38, 42, 39, 15, 25, 20, 40, 37, 5, 22]

Individual 71:
  Route length: 22218
  Contribution to Diversity: 0.0007176380693483253
  Route: [7, 39, 5, 46, 17, 3, 20, 18, 42, 9, 49, 31, 30, 14, 52, 47, 40, 1, 25, 13, 2, 12, 48, 34, 38, 32, 29, 36, 35, 45, 19, 41, 10, 43, 8, 50, 21, 44, 4, 37, 28, 27, 26, 23, 16, 51, 11, 33, 24, 15, 6, 22]

Individual 72:
  Route length: 20559
  Contribution to Diversity: 0.0008735171201017522
  Route: [18, 32, 19, 10, 33, 6, 11, 26, 47, 13, 14, 50, 36, 41, 31, 34, 38, 35, 27, 30, 49, 46, 29, 1, 39, 20, 2, 7, 44, 3, 8, 9, 24, 51, 25, 48, 5, 37, 28, 43, 40, 16, 45, 15, 4, 12, 52, 42, 23, 17, 21, 22]

Individual 73:
  Route length: 21166
  Contribution to Diversity: 0.0003682378322862334
  Route: [1, 17, 25, 19, 9, 8, 52, 11, 27, 28, 47, 30, 23, 50, 29, 51, 33, 41, 2, 7, 21, 38, 24, 13, 14, 18, 4, 15, 34, 44, 37, 48, 36, 46, 26, 20, 35, 42, 3, 12, 16, 6, 45, 32, 10, 49, 5, 39, 40, 43, 31, 22]

Individual 74:
  Route length: 22068
  Contribution to Diversity: 0.00047554883638678547
  Route: [1, 29, 3, 18, 32, 30, 23, 20, 50, 17, 5, 15, 36, 33, 7, 34, 24, 25, 27, 39, 37, 41, 26, 46, 16, 48, 28, 13, 47, 45, 35, 9, 31, 44, 49, 4, 38, 6, 19, 10, 43, 42, 2, 40, 8, 51, 11, 52, 14, 12, 21, 22]

Individual 75:
  Route length: 22214
  Contribution to Diversity: 0.0008794808091483475
  Route: [42, 7, 29, 15, 45, 20, 5, 25, 4, 21, 10, 19, 33, 9, 18, 3, 24, 35, 8, 41, 2, 28, 50, 16, 51, 6, 30, 1, 31, 40, 44, 46, 34, 12, 27, 36, 23, 17, 43, 38, 11, 48, 52, 14, 13, 47, 26, 32, 49, 37, 39, 22]

Individual 76:
  Route length: 21536
  Contribution to Diversity: 0.0005304046234266835
  Route: [1, 29, 3, 18, 32, 30, 23, 20, 50, 43, 10, 19, 6, 38, 4, 49, 44, 31, 9, 35, 45, 47, 13, 28, 48, 16, 46, 26, 41, 37, 39, 27, 25, 24, 34, 7, 33, 36, 15, 5, 17, 42, 2, 40, 8, 51, 11, 52, 14, 12, 21, 22]

Individual 77:
  Route length: 21885
  Contribution to Diversity: 0.00044417058115975294
  Route: [32, 7, 35, 49, 8, 23, 30, 41, 45, 12, 6, 18, 13, 27, 28, 52, 40, 48, 50, 2, 42, 21, 20, 39, 31, 33, 15, 5, 24, 44, 36, 1, 17, 3, 46, 14, 29, 16, 19, 11, 51, 9, 10, 37, 25, 4, 34, 47, 26, 43, 38, 22]

Individual 78:
  Route length: 22364
  Contribution to Diversity: 0.0015031910500065138
  Route: [30, 2, 1, 16, 39, 18, 48, 49, 19, 36, 32, 46, 8, 7, 42, 21, 17, 27, 14, 13, 51, 28, 12, 50, 38, 23, 41, 45, 11, 34, 33, 52, 6, 44, 31, 35, 15, 24, 5, 10, 9, 29, 25, 47, 26, 43, 3, 40, 37, 4, 20, 22]

Individual 79:
  Route length: 22111
  Contribution to Diversity: 0.0007085204765067132
  Route: [1, 20, 17, 45, 9, 24, 33, 4, 51, 11, 52, 14, 13, 8, 12, 46, 47, 18, 31, 15, 6, 30, 23, 44, 38, 49, 39, 40, 34, 2, 19, 41, 32, 37, 29, 27, 26, 5, 25, 3, 36, 10, 16, 21, 28, 7, 42, 50, 48, 35, 43, 22]

Individual 80:
  Route length: 21840
  Contribution to Diversity: 0.0007530800440820329
  Route: [33, 30, 48, 39, 41, 10, 19, 9, 8, 45, 21, 49, 35, 50, 16, 46, 42, 12, 28, 44, 4, 27, 26, 47, 13, 14, 52, 37, 6, 15, 5, 1, 11, 7, 18, 40, 29, 20, 36, 17, 31, 24, 34, 25, 51, 43, 2, 23, 32, 38, 3, 22]

Individual 81:
  Route length: 22566
  Contribution to Diversity: 0.0006878465899715636
  Route: [1, 17, 25, 19, 9, 8, 52, 34, 44, 37, 48, 36, 46, 26, 20, 35, 42, 3, 12, 16, 6, 45, 32, 15, 4, 18, 14, 13, 24, 38, 21, 7, 2, 41, 33, 51, 29, 50, 23, 30, 47, 28, 27, 11, 10, 49, 5, 39, 40, 43, 31, 22]

Individual 82:
  Route length: 21939
  Contribution to Diversity: 0.0009334596041314924
  Route: [38, 17, 1, 21, 7, 2, 32, 34, 44, 46, 36, 11, 10, 18, 14, 13, 12, 51, 39, 40, 37, 48, 27, 28, 47, 30, 23, 20, 26, 4, 43, 41, 52, 8, 9, 33, 29, 50, 35, 49, 5, 15, 16, 24, 6, 45, 42, 3, 19, 25, 31, 22]

Individual 83:
  Route length: 22498
  Contribution to Diversity: 0.0009302009420029123
  Route: [1, 6, 7, 2, 33, 51, 15, 36, 39, 29, 26, 24, 27, 16, 40, 49, 32, 47, 43, 48, 35, 5, 17, 19, 41, 3, 18, 9, 23, 21, 20, 44, 12, 50, 42, 45, 13, 11, 52, 14, 28, 34, 30, 10, 25, 4, 46, 37, 38, 8, 31, 22]

Individual 84:
  Route length: 22584
  Contribution to Diversity: 0.0012259860967001046
  Route: [37, 42, 24, 5, 19, 1, 33, 28, 12, 38, 39, 20, 50, 16, 46, 9, 10, 27, 26, 47, 51, 44, 43, 35, 36, 15, 25, 40, 7, 21, 8, 13, 29, 6, 48, 45, 4, 32, 49, 2, 14, 52, 11, 23, 30, 41, 34, 31, 18, 3, 17, 22]

Individual 85:
  Route length: 22498
  Contribution to Diversity: 0.0008512360882368952
  Route: [1, 6, 7, 2, 33, 51, 15, 36, 40, 16, 27, 24, 26, 29, 39, 49, 32, 47, 43, 48, 35, 5, 17, 19, 41, 3, 18, 9, 23, 21, 20, 44, 12, 50, 42, 45, 13, 11, 52, 14, 28, 34, 30, 10, 25, 4, 46, 37, 38, 8, 31, 22]

Individual 86:
  Route length: 21980
  Contribution to Diversity: 0.0010766563219375413
  Route: [52, 11, 25, 38, 20, 50, 42, 23, 6, 36, 37, 12, 13, 47, 16, 46, 24, 40, 48, 19, 28, 27, 2, 30, 31, 21, 17, 35, 5, 15, 49, 32, 14, 44, 29, 1, 34, 41, 51, 33, 43, 10, 9, 7, 3, 18, 4, 45, 8, 39, 26, 22]

Individual 87:
  Route length: 22562
  Contribution to Diversity: 0.00011116480219719449
  Route: [24, 3, 8, 11, 38, 37, 50, 16, 7, 20, 15, 33, 10, 6, 9, 40, 44, 4, 52, 14, 13, 39, 46, 30, 29, 25, 23, 5, 45, 19, 41, 1, 35, 31, 32, 17, 21, 34, 48, 28, 27, 26, 51, 49, 12, 18, 36, 43, 47, 2, 42, 22]

Individual 88:
  Route length: 21796
  Contribution to Diversity: 0.0008027089748141591
  Route: [23, 50, 49, 8, 16, 38, 27, 18, 15, 11, 13, 6, 25, 34, 43, 33, 51, 26, 14, 52, 29, 40, 39, 46, 37, 3, 17, 21, 32, 42, 30, 35, 4, 31, 28, 12, 47, 36, 44, 9, 24, 48, 10, 45, 1, 20, 41, 19, 5, 7, 2, 22]

Individual 89:
  Route length: 20845
  Contribution to Diversity: 0.0005461263424395568
  Route: [33, 43, 41, 10, 19, 9, 8, 45, 21, 49, 35, 50, 1, 27, 26, 47, 13, 14, 52, 37, 6, 15, 5, 4, 44, 28, 12, 42, 46, 16, 11, 7, 18, 40, 29, 34, 24, 31, 17, 36, 20, 25, 51, 39, 48, 30, 2, 23, 32, 38, 3, 22]

Individual 90:
  Route length: 21907
  Contribution to Diversity: 0.000302935729484588
  Route: [17, 31, 30, 24, 16, 23, 48, 27, 14, 52, 29, 39, 21, 2, 7, 8, 26, 10, 49, 28, 42, 35, 1, 15, 12, 13, 50, 44, 34, 6, 40, 45, 19, 18, 32, 3, 9, 41, 11, 51, 5, 38, 36, 43, 33, 4, 25, 47, 46, 37, 20, 22]

Individual 91:
  Route length: 21843
  Contribution to Diversity: 0.0006863555926308607
  Route: [45, 18, 25, 49, 1, 23, 17, 4, 6, 40, 34, 13, 26, 27, 51, 14, 32, 44, 47, 38, 37, 48, 16, 29, 28, 46, 15, 50, 20, 30, 2, 9, 8, 21, 7, 41, 19, 36, 35, 43, 5, 24, 3, 31, 12, 52, 11, 42, 39, 33, 10, 22]

Individual 92:
  Route length: 22571
  Contribution to Diversity: 0.0006645561014018142
  Route: [1, 52, 11, 13, 27, 47, 26, 44, 37, 9, 28, 5, 15, 10, 45, 51, 33, 49, 16, 39, 4, 43, 18, 38, 50, 25, 30, 42, 3, 7, 23, 12, 17, 40, 35, 36, 2, 29, 14, 24, 48, 34, 46, 20, 41, 19, 8, 6, 31, 21, 32, 22]

Individual 93:
  Route length: 21687
  Contribution to Diversity: 0.00010738067384696848
  Route: [45, 27, 49, 17, 1, 32, 34, 23, 7, 42, 30, 36, 35, 19, 2, 48, 28, 11, 33, 51, 39, 20, 50, 4, 6, 40, 16, 31, 44, 3, 18, 13, 43, 37, 15, 47, 29, 26, 52, 14, 21, 41, 5, 24, 38, 12, 25, 46, 10, 9, 8, 22]

Individual 94:
  Route length: 21777
  Contribution to Diversity: 0.0004907992601159705
  Route: [18, 32, 19, 2, 7, 10, 9, 8, 3, 44, 20, 42, 52, 12, 38, 34, 21, 43, 31, 41, 36, 28, 24, 49, 50, 14, 13, 47, 26, 25, 48, 5, 37, 33, 6, 11, 51, 46, 29, 1, 39, 23, 17, 30, 27, 35, 4, 15, 45, 16, 40, 22]

Individual 95:
  Route length: 22322
  Contribution to Diversity: 0.00048486883819442994
  Route: [1, 46, 42, 21, 45, 40, 4, 25, 50, 28, 3, 2, 29, 48, 5, 12, 20, 32, 24, 6, 35, 30, 38, 26, 36, 9, 19, 18, 8, 39, 11, 52, 13, 14, 47, 51, 33, 43, 37, 23, 34, 16, 49, 10, 41, 31, 7, 27, 44, 15, 17, 22]

Individual 96:
  Route length: 22356
  Contribution to Diversity: 0
  Route: [27, 38, 49, 4, 46, 23, 16, 2, 5, 28, 25, 33, 47, 43, 26, 50, 20, 31, 13, 14, 51, 11, 12, 39, 36, 10, 45, 19, 18, 29, 1, 3, 17, 21, 42, 7, 32, 41, 34, 35, 52, 8, 9, 44, 6, 15, 40, 48, 24, 37, 30, 22]

Individual 97:
  Route length: 22305
  Contribution to Diversity: 3.416391250699036e-05
  Route: [19, 41, 52, 14, 29, 43, 37, 21, 44, 39, 45, 6, 25, 46, 9, 28, 27, 26, 47, 1, 8, 10, 51, 33, 38, 40, 12, 23, 20, 34, 11, 17, 3, 18, 15, 13, 49, 32, 4, 24, 36, 2, 7, 42, 30, 5, 16, 48, 31, 35, 50, 22]

Individual 98:
  Route length: 21945
  Contribution to Diversity: 0.0007637953425376764
  Route: [36, 40, 16, 48, 38, 24, 27, 6, 43, 29, 50, 46, 10, 39, 37, 35, 31, 18, 5, 20, 47, 52, 14, 26, 11, 15, 25, 12, 7, 2, 3, 28, 4, 42, 34, 1, 49, 44, 41, 8, 19, 9, 33, 51, 45, 30, 32, 21, 17, 23, 13, 22]

Individual 99:
  Route length: 21805
  Contribution to Diversity: 0.0005873752613378969
  Route: [46, 35, 20, 23, 19, 37, 21, 17, 3, 49, 32, 31, 42, 9, 30, 38, 48, 18, 34, 1, 52, 14, 45, 11, 29, 44, 4, 6, 15, 16, 50, 2, 7, 26, 27, 28, 12, 41, 8, 10, 36, 39, 40, 51, 5, 24, 25, 33, 47, 13, 43, 22]

Individual 100:
  Route length: 21596
  Contribution to Diversity: 0.00013773923865390003
  Route: [5, 40, 44, 8, 13, 30, 41, 10, 24, 43, 45, 19, 9, 33, 51, 12, 36, 35, 27, 26, 11, 25, 46, 37, 2, 42, 21, 7, 49, 52, 4, 18, 34, 39, 15, 28, 6, 14, 47, 23, 16, 29, 3, 17, 31, 50, 38, 48, 1, 32, 20, 22]

Individual 101:
  Route length: 22458
  Contribution to Diversity: 0.0012274896296826654
  Route: [21, 7, 18, 3, 1, 49, 25, 4, 37, 27, 40, 8, 32, 42, 23, 39, 50, 30, 29, 14, 17, 52, 47, 26, 51, 43, 20, 46, 16, 28, 11, 13, 12, 19, 33, 9, 48, 31, 2, 36, 35, 5, 15, 24, 41, 6, 44, 34, 38, 10, 45, 22]

Individual 102:
  Route length: 21064
  Contribution to Diversity: 0
  Route: [44, 46, 16, 14, 5, 50, 36, 25, 17, 34, 1, 18, 20, 47, 24, 29, 26, 38, 37, 19, 41, 8, 9, 10, 51, 11, 49, 32, 21, 15, 6, 4, 39, 48, 43, 33, 45, 42, 23, 30, 40, 12, 27, 28, 35, 13, 52, 2, 7, 3, 31, 22]

Individual 103:
  Route length: 22444
  Contribution to Diversity: 0
  Route: [6, 3, 17, 5, 8, 13, 52, 14, 15, 43, 33, 51, 28, 38, 31, 18, 29, 30, 42, 7, 19, 41, 11, 39, 16, 40, 24, 37, 12, 45, 32, 49, 48, 25, 36, 2, 23, 10, 9, 50, 35, 46, 1, 44, 21, 26, 47, 4, 20, 27, 34, 22]

Individual 104:
  Route length: 22210
  Contribution to Diversity: 0
  Route: [27, 38, 49, 4, 46, 23, 16, 2, 24, 48, 40, 15, 6, 44, 9, 8, 52, 35, 34, 41, 19, 18, 29, 1, 3, 17, 21, 42, 7, 32, 45, 10, 36, 39, 12, 11, 51, 14, 13, 31, 20, 50, 26, 43, 47, 33, 25, 28, 5, 37, 30, 22]

Individual 105:
  Route length: 22132
  Contribution to Diversity: 0.00032489389619350106
  Route: [20, 44, 48, 36, 15, 40, 3, 17, 45, 33, 32, 49, 39, 13, 26, 30, 2, 7, 50, 21, 42, 24, 4, 25, 10, 43, 28, 12, 8, 41, 18, 23, 1, 5, 52, 14, 37, 38, 51, 19, 31, 11, 47, 9, 27, 29, 16, 35, 6, 46, 34, 22]

Individual 106:
  Route length: 22540
  Contribution to Diversity: 0
  Route: [45, 49, 15, 13, 38, 24, 1, 48, 8, 42, 52, 33, 43, 10, 41, 37, 30, 23, 17, 21, 19, 9, 25, 35, 20, 32, 6, 4, 11, 51, 31, 40, 26, 27, 28, 14, 29, 16, 46, 39, 12, 47, 44, 3, 34, 50, 36, 18, 2, 7, 5, 22]

Individual 107:
  Route length: 22093
  Contribution to Diversity: 0.00041358808847835604
  Route: [50, 39, 40, 35, 32, 1, 8, 9, 24, 5, 4, 25, 7, 34, 33, 43, 16, 49, 30, 29, 14, 47, 12, 48, 51, 38, 37, 6, 20, 3, 10, 41, 36, 18, 42, 17, 44, 2, 28, 45, 21, 15, 26, 11, 52, 13, 27, 31, 23, 19, 46, 22]

Individual 108:
  Route length: 21632
  Contribution to Diversity: 0
  Route: [7, 30, 12, 5, 32, 34, 39, 38, 15, 6, 4, 44, 11, 21, 23, 36, 35, 45, 49, 48, 31, 42, 18, 10, 41, 19, 9, 51, 16, 29, 20, 17, 3, 50, 46, 47, 13, 25, 1, 28, 27, 26, 2, 14, 52, 43, 8, 33, 24, 40, 37, 22]

Individual 109:
  Route length: 22270
  Contribution to Diversity: 0.0005519818686314792
  Route: [50, 39, 40, 35, 32, 1, 8, 9, 24, 5, 4, 25, 7, 34, 33, 43, 16, 49, 30, 29, 14, 47, 12, 48, 51, 38, 37, 6, 20, 3, 10, 45, 28, 2, 44, 17, 42, 18, 36, 41, 21, 15, 26, 11, 52, 13, 27, 31, 23, 19, 46, 22]

Individual 110:
  Route length: 22094
  Contribution to Diversity: 0
  Route: [44, 46, 16, 14, 5, 50, 36, 13, 35, 19, 41, 8, 9, 10, 51, 11, 49, 32, 21, 15, 6, 4, 39, 48, 43, 33, 45, 42, 23, 30, 40, 12, 27, 28, 37, 38, 26, 29, 24, 47, 20, 18, 1, 34, 17, 25, 52, 2, 7, 3, 31, 22]

Individual 111:
  Route length: 22542
  Contribution to Diversity: 0.000375858800779838
  Route: [24, 39, 9, 8, 51, 14, 36, 16, 34, 52, 43, 11, 47, 13, 50, 33, 27, 37, 38, 28, 12, 25, 23, 20, 45, 49, 32, 1, 4, 40, 44, 30, 2, 7, 17, 21, 3, 10, 15, 35, 29, 26, 5, 42, 41, 19, 18, 6, 46, 48, 31, 22]

Individual 112:
  Route length: 21056
  Contribution to Diversity: 0.0007999293024987253
  Route: [32, 43, 37, 38, 49, 35, 42, 7, 21, 31, 8, 23, 26, 14, 39, 5, 13, 47, 16, 6, 15, 34, 36, 52, 28, 29, 50, 44, 48, 17, 1, 18, 40, 33, 51, 12, 46, 24, 45, 19, 10, 9, 2, 20, 4, 11, 25, 27, 30, 41, 3, 22]

Individual 113:
  Route length: 22372
  Contribution to Diversity: 0.0005188971389928909
  Route: [10, 39, 36, 5, 37, 40, 35, 42, 50, 3, 43, 33, 51, 11, 24, 44, 17, 12, 28, 26, 27, 21, 25, 18, 45, 34, 31, 47, 6, 15, 41, 8, 9, 32, 38, 49, 1, 48, 4, 7, 46, 20, 13, 52, 14, 19, 2, 16, 23, 30, 29, 22]

Individual 114:
  Route length: 22358
  Contribution to Diversity: 0.000669840136843014
  Route: [6, 45, 41, 19, 2, 26, 47, 29, 46, 42, 7, 3, 31, 18, 30, 28, 51, 33, 43, 38, 21, 35, 39, 23, 14, 52, 36, 32, 49, 37, 4, 16, 34, 10, 9, 11, 17, 50, 13, 27, 44, 1, 5, 40, 20, 24, 12, 25, 15, 8, 48, 22]

Individual 115:
  Route length: 22391
  Contribution to Diversity: 0.0008742302430153615
  Route: [6, 50, 29, 45, 16, 36, 38, 12, 11, 28, 25, 39, 30, 41, 10, 9, 47, 26, 32, 43, 4, 27, 40, 46, 2, 7, 42, 13, 51, 31, 49, 44, 52, 14, 33, 18, 3, 23, 34, 37, 17, 8, 20, 5, 15, 35, 24, 48, 1, 19, 21, 22]

Individual 116:
  Route length: 21943
  Contribution to Diversity: 0.00034679195994336
  Route: [17, 31, 30, 24, 16, 23, 48, 27, 14, 52, 29, 39, 21, 2, 7, 8, 26, 10, 49, 28, 42, 35, 1, 15, 12, 13, 50, 44, 34, 6, 40, 45, 19, 18, 32, 3, 9, 41, 11, 51, 5, 38, 36, 37, 46, 47, 25, 4, 33, 43, 20, 22]

Individual 117:
  Route length: 22314
  Contribution to Diversity: 0.0006987138260203807
  Route: [1, 46, 42, 21, 45, 40, 4, 25, 50, 28, 39, 8, 18, 19, 9, 36, 26, 38, 30, 35, 6, 24, 32, 20, 12, 5, 48, 29, 2, 3, 11, 52, 13, 14, 47, 51, 33, 43, 37, 23, 34, 16, 49, 10, 41, 31, 7, 27, 44, 15, 17, 22]

Individual 118:
  Route length: 22226
  Contribution to Diversity: 0.0008913114120305821
  Route: [42, 21, 43, 4, 33, 5, 38, 48, 24, 6, 49, 1, 37, 25, 52, 26, 29, 23, 16, 41, 19, 50, 46, 15, 13, 47, 10, 9, 11, 51, 17, 40, 36, 12, 27, 20, 28, 14, 8, 30, 35, 44, 3, 34, 39, 32, 7, 2, 45, 18, 31, 22]

Individual 119:
  Route length: 22590
  Contribution to Diversity: 0.0005117363501083716
  Route: [2, 14, 11, 52, 26, 15, 1, 5, 10, 48, 44, 40, 49, 7, 19, 32, 37, 17, 3, 18, 29, 31, 20, 16, 30, 38, 43, 33, 51, 47, 13, 8, 50, 41, 28, 27, 45, 12, 25, 9, 24, 46, 6, 4, 35, 34, 36, 39, 42, 21, 23, 22]

Individual 120:
  Route length: 22441
  Contribution to Diversity: 0.0002978528592780805
  Route: [1, 49, 21, 41, 10, 51, 24, 48, 45, 18, 33, 17, 23, 3, 39, 2, 26, 13, 34, 14, 27, 28, 36, 46, 4, 6, 25, 19, 44, 47, 38, 35, 43, 37, 32, 11, 52, 12, 40, 5, 15, 7, 8, 9, 16, 29, 50, 20, 30, 42, 31, 22]

Individual 121:
  Route length: 21759
  Contribution to Diversity: 0.001496767091999196
  Route: [1, 21, 50, 29, 24, 18, 48, 44, 17, 3, 33, 40, 19, 34, 8, 9, 10, 26, 14, 42, 20, 16, 39, 6, 23, 46, 4, 43, 37, 38, 12, 28, 7, 45, 32, 5, 15, 47, 13, 52, 11, 51, 27, 2, 49, 31, 36, 25, 35, 41, 30, 22]

Individual 122:
  Route length: 22583
  Contribution to Diversity: 0.0013726434884322458
  Route: [1, 52, 14, 13, 21, 48, 45, 47, 26, 37, 49, 5, 42, 29, 46, 12, 43, 33, 51, 28, 35, 32, 4, 3, 34, 2, 7, 31, 17, 8, 9, 10, 19, 23, 50, 40, 15, 24, 16, 38, 11, 44, 6, 27, 20, 39, 18, 25, 41, 36, 30, 22]

Individual 123:
  Route length: 22433
  Contribution to Diversity: 0.0006530655871594959
  Route: [1, 52, 11, 13, 27, 47, 26, 23, 7, 3, 42, 30, 25, 50, 38, 18, 43, 4, 39, 16, 49, 33, 51, 45, 10, 15, 5, 28, 9, 37, 36, 35, 40, 17, 12, 44, 2, 29, 14, 24, 48, 34, 46, 20, 41, 19, 8, 6, 31, 21, 32, 22]

Individual 124:
  Route length: 22577
  Contribution to Diversity: 0.0011992366907227492
  Route: [33, 30, 48, 39, 11, 51, 25, 41, 2, 12, 28, 42, 36, 50, 16, 46, 44, 32, 52, 14, 13, 47, 26, 27, 1, 40, 18, 7, 4, 5, 19, 29, 23, 35, 34, 20, 24, 31, 17, 49, 21, 43, 10, 45, 8, 9, 15, 37, 6, 38, 3, 22]

Individual 125:
  Route length: 22294
  Contribution to Diversity: 0
  Route: [45, 49, 39, 46, 16, 29, 14, 28, 27, 26, 40, 31, 51, 11, 4, 6, 32, 20, 35, 25, 9, 19, 21, 17, 23, 30, 37, 41, 10, 43, 33, 52, 42, 8, 48, 1, 24, 38, 13, 15, 12, 47, 44, 3, 34, 50, 36, 18, 2, 7, 5, 22]

Individual 126:
  Route length: 22232
  Contribution to Diversity: 0.001099731083320954
  Route: [2, 14, 11, 52, 26, 15, 1, 5, 10, 48, 44, 40, 49, 7, 13, 47, 51, 33, 43, 46, 6, 4, 35, 34, 36, 17, 3, 18, 29, 31, 20, 16, 30, 38, 24, 9, 25, 12, 45, 8, 50, 41, 28, 27, 19, 32, 37, 39, 42, 21, 23, 22]

Individual 127:
  Route length: 22009
  Contribution to Diversity: 0.0004712314431980502
  Route: [19, 43, 27, 24, 33, 14, 13, 5, 25, 12, 38, 6, 36, 37, 32, 42, 7, 20, 50, 23, 44, 39, 40, 46, 29, 3, 18, 28, 52, 51, 47, 1, 30, 21, 11, 48, 26, 8, 9, 10, 31, 16, 34, 35, 49, 45, 4, 15, 17, 41, 2, 22]

Individual 128:
  Route length: 22160
  Contribution to Diversity: 0.0008073782639046456
  Route: [6, 3, 38, 47, 41, 45, 44, 26, 16, 46, 1, 29, 50, 4, 25, 5, 2, 7, 42, 37, 40, 15, 52, 14, 49, 32, 30, 20, 23, 18, 39, 8, 9, 10, 35, 36, 21, 31, 17, 33, 51, 24, 34, 28, 12, 43, 27, 13, 19, 11, 48, 22]

Individual 129:
  Route length: 22242
  Contribution to Diversity: 0.0013413939715150036
  Route: [43, 10, 9, 39, 3, 21, 1, 40, 36, 6, 14, 13, 33, 42, 48, 24, 5, 15, 25, 46, 41, 49, 29, 20, 47, 28, 11, 51, 19, 18, 16, 50, 23, 52, 45, 38, 12, 32, 44, 7, 2, 30, 37, 26, 27, 35, 4, 31, 17, 8, 34, 22]

Individual 130:
  Route length: 22255
  Contribution to Diversity: 0.0009487414936746319
  Route: [18, 48, 44, 17, 3, 33, 38, 29, 28, 12, 50, 21, 45, 4, 43, 37, 24, 26, 25, 14, 52, 11, 51, 27, 7, 40, 10, 9, 8, 34, 41, 36, 35, 31, 49, 46, 23, 6, 1, 19, 2, 5, 15, 47, 13, 42, 30, 32, 20, 16, 39, 22]

Individual 131:
  Route length: 21843
  Contribution to Diversity: 0.00042255894269604966
  Route: [32, 7, 35, 49, 8, 23, 30, 41, 3, 17, 1, 36, 44, 24, 5, 15, 33, 31, 39, 20, 21, 42, 2, 50, 48, 40, 52, 28, 27, 13, 18, 6, 12, 45, 46, 14, 29, 16, 19, 11, 51, 9, 10, 37, 25, 4, 34, 47, 26, 43, 38, 22]

Individual 132:
  Route length: 21604
  Contribution to Diversity: 0.00023449141065157164
  Route: [1, 38, 48, 45, 49, 34, 24, 43, 10, 36, 4, 19, 8, 25, 42, 32, 39, 41, 27, 46, 7, 35, 17, 20, 50, 9, 6, 21, 37, 47, 13, 26, 12, 28, 14, 52, 11, 51, 33, 31, 44, 40, 2, 30, 23, 5, 15, 18, 16, 29, 3, 22]

Individual 133:
  Route length: 22528
  Contribution to Diversity: 0.0012977187759846132
  Route: [45, 18, 31, 50, 32, 40, 21, 5, 38, 2, 46, 14, 52, 11, 25, 41, 7, 42, 20, 48, 37, 19, 12, 47, 26, 15, 49, 8, 23, 30, 24, 1, 33, 43, 10, 17, 3, 16, 13, 28, 51, 39, 9, 44, 4, 29, 27, 34, 35, 36, 6, 22]

Individual 134:
  Route length: 22496
  Contribution to Diversity: 0.0003202654709522079
  Route: [29, 10, 48, 26, 47, 13, 50, 18, 8, 43, 52, 14, 30, 31, 34, 40, 39, 9, 44, 37, 17, 27, 28, 1, 25, 5, 15, 6, 51, 11, 33, 24, 21, 19, 41, 42, 36, 49, 4, 23, 20, 2, 7, 16, 12, 3, 45, 35, 46, 38, 32, 22]

Individual 135:
  Route length: 21066
  Contribution to Diversity: 0.0005415917887994226
  Route: [42, 7, 2, 41, 8, 35, 24, 26, 47, 6, 51, 16, 50, 28, 29, 15, 45, 19, 10, 30, 44, 46, 34, 12, 27, 36, 23, 21, 4, 25, 5, 20, 33, 9, 18, 3, 49, 32, 13, 14, 52, 48, 38, 11, 43, 17, 1, 31, 40, 37, 39, 22]

Individual 136:
  Route length: 22082
  Contribution to Diversity: 0
  Route: [37, 51, 5, 29, 47, 13, 50, 30, 31, 19, 15, 6, 42, 40, 52, 46, 48, 26, 14, 11, 35, 28, 38, 43, 33, 23, 44, 1, 32, 49, 39, 41, 10, 36, 2, 7, 17, 21, 27, 12, 25, 4, 34, 8, 9, 3, 18, 20, 45, 24, 16, 22]

Individual 137:
  Route length: 20946
  Contribution to Diversity: 0
  Route: [37, 19, 31, 30, 50, 13, 47, 29, 5, 51, 15, 6, 42, 40, 52, 46, 48, 26, 14, 11, 35, 28, 38, 43, 33, 23, 44, 1, 32, 49, 39, 41, 10, 9, 8, 34, 4, 25, 12, 27, 16, 24, 45, 20, 18, 3, 36, 2, 7, 17, 21, 22]

Individual 138:
  Route length: 22362
  Contribution to Diversity: 0
  Route: [44, 46, 16, 14, 5, 50, 36, 25, 17, 34, 1, 18, 20, 47, 24, 29, 26, 38, 37, 19, 41, 8, 9, 10, 51, 11, 49, 32, 21, 15, 6, 4, 39, 48, 43, 33, 45, 42, 23, 30, 40, 12, 27, 28, 35, 2, 52, 13, 7, 3, 31, 22]

Individual 139:
  Route length: 20877
  Contribution to Diversity: 0
  Route: [37, 19, 31, 30, 50, 13, 47, 29, 5, 51, 15, 6, 42, 40, 52, 46, 48, 26, 14, 11, 35, 28, 38, 43, 33, 23, 44, 1, 32, 49, 39, 20, 45, 24, 16, 27, 12, 25, 4, 34, 8, 9, 10, 41, 18, 3, 36, 2, 7, 17, 21, 22]

Individual 140:
  Route length: 22458
  Contribution to Diversity: 0.0006948344074073631
  Route: [12, 14, 52, 32, 24, 19, 15, 37, 1, 49, 4, 34, 26, 27, 40, 10, 9, 38, 33, 11, 41, 8, 47, 44, 46, 51, 43, 31, 28, 36, 30, 6, 5, 39, 3, 45, 25, 13, 18, 35, 23, 20, 50, 29, 2, 7, 42, 17, 21, 16, 48, 22]

Individual 141:
  Route length: 22223
  Contribution to Diversity: 0.0006587225689349552
  Route: [18, 32, 19, 2, 7, 10, 9, 8, 3, 26, 47, 13, 14, 50, 49, 24, 28, 36, 41, 31, 43, 21, 34, 38, 12, 52, 42, 20, 44, 25, 48, 5, 37, 33, 6, 11, 51, 46, 29, 1, 39, 23, 17, 30, 27, 35, 4, 15, 45, 16, 40, 22]

Individual 142:
  Route length: 22555
  Contribution to Diversity: 0.0002040679487507191
  Route: [24, 3, 8, 11, 38, 37, 50, 16, 7, 20, 15, 33, 10, 6, 9, 40, 44, 4, 52, 14, 13, 39, 46, 30, 29, 51, 26, 27, 28, 48, 34, 21, 17, 32, 31, 35, 1, 41, 19, 45, 5, 23, 25, 49, 12, 18, 36, 43, 47, 2, 42, 22]

Individual 143:
  Route length: 22535
  Contribution to Diversity: 0.000815616265358976
  Route: [6, 50, 29, 45, 16, 36, 37, 17, 8, 20, 5, 15, 35, 24, 48, 1, 19, 21, 49, 31, 51, 13, 42, 7, 2, 46, 40, 27, 4, 43, 32, 26, 47, 9, 10, 41, 30, 39, 25, 28, 11, 12, 38, 34, 23, 3, 18, 33, 14, 52, 44, 22]

Individual 144:
  Route length: 21736
  Contribution to Diversity: 0
  Route: [6, 3, 17, 5, 8, 13, 52, 14, 15, 43, 33, 51, 28, 38, 31, 18, 29, 30, 42, 7, 19, 41, 11, 10, 9, 50, 35, 46, 1, 44, 21, 26, 47, 4, 20, 27, 25, 48, 49, 32, 45, 12, 37, 24, 40, 16, 39, 23, 2, 36, 34, 22]

Individual 145:
  Route length: 21289
  Contribution to Diversity: 0
  Route: [37, 19, 31, 30, 50, 13, 47, 29, 5, 51, 15, 6, 42, 40, 41, 10, 9, 8, 34, 4, 25, 12, 27, 16, 24, 45, 20, 39, 49, 32, 1, 44, 23, 33, 43, 38, 28, 35, 11, 14, 26, 48, 46, 52, 18, 3, 36, 2, 7, 17, 21, 22]

Individual 146:
  Route length: 22245
  Contribution to Diversity: 0
  Route: [7, 30, 12, 5, 32, 34, 39, 38, 15, 6, 4, 44, 11, 21, 20, 17, 3, 50, 46, 47, 13, 25, 1, 28, 27, 26, 2, 14, 52, 43, 8, 33, 24, 29, 16, 51, 48, 31, 42, 18, 10, 41, 19, 9, 49, 45, 35, 36, 23, 40, 37, 22]

Individual 147:
  Route length: 22237
  Contribution to Diversity: 0
  Route: [19, 41, 52, 14, 29, 43, 37, 21, 44, 39, 45, 46, 25, 6, 9, 28, 27, 26, 47, 1, 8, 10, 51, 33, 38, 40, 12, 23, 20, 34, 11, 17, 3, 18, 15, 13, 49, 32, 4, 24, 36, 2, 7, 42, 30, 5, 16, 48, 31, 35, 50, 22]

Individual 148:
  Route length: 22268
  Contribution to Diversity: 0
  Route: [7, 30, 12, 5, 32, 34, 39, 38, 15, 6, 11, 44, 4, 21, 20, 17, 3, 50, 46, 47, 13, 25, 1, 28, 27, 26, 2, 14, 52, 43, 8, 33, 24, 29, 16, 51, 48, 31, 42, 18, 10, 41, 19, 9, 49, 45, 35, 36, 23, 40, 37, 22]

Individual 149:
  Route length: 22440
  Contribution to Diversity: 0
  Route: [6, 3, 17, 5, 8, 13, 52, 14, 15, 43, 33, 51, 28, 38, 31, 18, 29, 30, 42, 7, 19, 41, 11, 39, 16, 40, 24, 37, 12, 45, 32, 49, 48, 25, 36, 2, 23, 10, 9, 50, 35, 46, 47, 26, 21, 44, 1, 4, 20, 27, 34, 22]

Total Entropy H: 6.788838269543642
