Individual 0:
  Route length: 14986
  Contribution to Diversity: 0.0012240159699095088
  Route: [41, 19, 3, 23, 30, 2, 7, 42, 37, 39, 15, 5, 27, 26, 44, 25, 12, 28, 24, 48, 38, 21, 17, 10, 43, 33, 51, 11, 52, 14, 6, 4, 46, 16, 29, 50, 20, 9, 8, 31, 18, 45, 40, 36, 35, 34, 13, 47, 32, 49, 1, 22]

Individual 1:
  Route length: 14942
  Contribution to Diversity: 0.016829583423522365
  Route: [1, 49, 32, 45, 19, 10, 43, 33, 51, 11, 52, 14, 47, 26, 46, 16, 34, 44, 13, 29, 50, 20, 9, 8, 41, 23, 17, 3, 27, 28, 30, 2, 7, 42, 37, 15, 5, 48, 24, 38, 21, 12, 25, 4, 35, 39, 36, 40, 6, 18, 31, 22]

Individual 2:
  Route length: 15047
  Contribution to Diversity: 0.020123748082120585
  Route: [44, 34, 51, 15, 25, 13, 47, 26, 27, 28, 12, 6, 1, 35, 5, 4, 43, 10, 49, 32, 45, 46, 16, 29, 38, 11, 52, 14, 33, 24, 48, 9, 8, 23, 20, 50, 37, 40, 39, 36, 18, 3, 17, 30, 2, 7, 42, 21, 41, 19, 31, 22]

Individual 3:
  Route length: 14928
  Contribution to Diversity: 0.010485708073491473
  Route: [41, 20, 50, 29, 16, 44, 26, 27, 5, 15, 6, 4, 25, 12, 28, 24, 48, 38, 21, 17, 10, 9, 19, 3, 23, 30, 31, 18, 45, 40, 37, 42, 7, 2, 8, 43, 33, 51, 11, 52, 14, 39, 34, 35, 36, 46, 13, 47, 32, 49, 1, 22]

Individual 4:
  Route length: 14769
  Contribution to Diversity: 0.01400587610712023
  Route: [1, 24, 5, 13, 4, 26, 47, 27, 28, 48, 46, 31, 18, 3, 17, 21, 38, 23, 30, 16, 29, 50, 20, 9, 8, 41, 19, 45, 32, 49, 15, 34, 35, 36, 39, 40, 37, 42, 7, 2, 10, 43, 33, 51, 6, 25, 12, 11, 52, 14, 44, 22]

Individual 5:
  Route length: 15079
  Contribution to Diversity: 0.01645651748808774
  Route: [26, 47, 13, 14, 38, 4, 25, 12, 28, 34, 35, 1, 8, 9, 10, 43, 33, 51, 46, 16, 29, 6, 15, 5, 24, 49, 37, 50, 20, 23, 27, 36, 40, 39, 44, 11, 52, 48, 32, 45, 19, 41, 30, 2, 7, 42, 21, 17, 3, 18, 31, 22]

Individual 6:
  Route length: 15012
  Contribution to Diversity: 0.01792592979436769
  Route: [9, 10, 43, 33, 8, 41, 1, 49, 32, 40, 39, 34, 44, 26, 46, 16, 25, 12, 28, 27, 47, 13, 14, 52, 11, 45, 5, 24, 3, 19, 15, 6, 4, 29, 50, 20, 23, 48, 38, 37, 17, 30, 2, 7, 42, 18, 21, 35, 36, 51, 31, 22]

Individual 7:
  Route length: 15069
  Contribution to Diversity: 0.021004850202493763
  Route: [1, 7, 29, 12, 28, 27, 26, 4, 6, 15, 48, 24, 20, 23, 30, 2, 38, 37, 19, 41, 47, 25, 50, 5, 16, 46, 44, 34, 35, 36, 39, 40, 45, 21, 42, 17, 3, 18, 32, 49, 8, 9, 10, 43, 33, 51, 11, 52, 14, 13, 31, 22]

Individual 8:
  Route length: 14941
  Contribution to Diversity: 0.01848720900612033
  Route: [1, 49, 32, 20, 42, 21, 17, 39, 36, 2, 30, 23, 10, 43, 7, 35, 34, 44, 12, 25, 9, 8, 41, 19, 45, 18, 3, 40, 37, 38, 33, 51, 11, 52, 14, 13, 47, 26, 27, 48, 28, 4, 24, 5, 15, 6, 46, 16, 29, 50, 31, 22]

Individual 9:
  Route length: 14767
  Contribution to Diversity: 0.006730065770466531
  Route: [21, 34, 44, 41, 19, 48, 24, 5, 4, 43, 8, 23, 20, 50, 37, 40, 39, 36, 49, 32, 15, 10, 9, 46, 16, 29, 38, 42, 7, 2, 30, 17, 3, 18, 45, 25, 13, 47, 26, 27, 28, 12, 6, 51, 11, 52, 14, 33, 35, 1, 31, 22]

Individual 10:
  Route length: 15018
  Contribution to Diversity: 0.021187949059161326
  Route: [36, 16, 46, 7, 8, 9, 10, 43, 33, 51, 11, 52, 14, 13, 42, 21, 17, 3, 18, 19, 41, 47, 25, 12, 28, 27, 26, 4, 6, 40, 29, 50, 32, 49, 1, 39, 15, 5, 37, 38, 34, 44, 48, 24, 20, 23, 30, 2, 35, 45, 31, 22]

Individual 11:
  Route length: 14970
  Contribution to Diversity: 0.008762219627413081
  Route: [21, 42, 7, 2, 30, 43, 8, 23, 20, 50, 37, 40, 39, 36, 49, 32, 15, 13, 47, 26, 27, 28, 12, 6, 9, 10, 46, 16, 29, 38, 34, 44, 41, 19, 48, 24, 5, 4, 17, 3, 18, 45, 25, 51, 11, 52, 14, 33, 35, 1, 31, 22]

Individual 12:
  Route length: 14917
  Contribution to Diversity: 0
  Route: [34, 44, 35, 45, 19, 52, 14, 1, 32, 49, 36, 3, 18, 31, 51, 27, 28, 11, 13, 47, 26, 46, 16, 29, 38, 48, 24, 30, 2, 7, 42, 21, 17, 12, 4, 25, 6, 15, 5, 43, 33, 41, 8, 9, 10, 23, 20, 50, 37, 40, 39, 22]

Individual 13:
  Route length: 14794
  Contribution to Diversity: 0.019992958324819732
  Route: [3, 19, 5, 45, 50, 20, 23, 40, 39, 36, 35, 34, 44, 11, 52, 14, 13, 47, 26, 46, 16, 25, 29, 27, 28, 12, 4, 6, 15, 24, 48, 38, 37, 49, 32, 9, 10, 43, 33, 17, 30, 2, 7, 42, 1, 41, 8, 18, 21, 31, 51, 22]

Individual 14:
  Route length: 14636
  Contribution to Diversity: 0.004382615616173702
  Route: [1, 49, 32, 45, 19, 41, 8, 9, 20, 50, 29, 16, 40, 15, 6, 27, 26, 39, 31, 18, 28, 14, 52, 11, 51, 33, 43, 10, 23, 17, 3, 34, 13, 47, 38, 24, 5, 48, 12, 25, 4, 37, 44, 46, 30, 21, 2, 7, 42, 36, 35, 22]

Individual 15:
  Route length: 14671
  Contribution to Diversity: 0.0022818204632528705
  Route: [34, 44, 35, 45, 19, 52, 14, 1, 32, 49, 36, 3, 18, 31, 51, 27, 28, 11, 13, 47, 26, 46, 24, 48, 38, 29, 16, 30, 2, 7, 42, 21, 17, 12, 4, 25, 6, 15, 5, 43, 33, 41, 8, 9, 10, 23, 20, 50, 37, 40, 39, 22]

Individual 16:
  Route length: 14749
  Contribution to Diversity: 0.005511884600557515
  Route: [1, 49, 32, 45, 19, 41, 8, 9, 20, 50, 29, 16, 10, 43, 33, 51, 11, 52, 14, 28, 18, 31, 39, 26, 27, 6, 15, 40, 23, 17, 3, 34, 13, 47, 38, 24, 5, 48, 12, 25, 4, 37, 44, 46, 30, 21, 2, 7, 42, 36, 35, 22]

Individual 17:
  Route length: 14842
  Contribution to Diversity: 0.024361498228369527
  Route: [15, 5, 34, 19, 8, 41, 9, 20, 50, 29, 14, 52, 11, 51, 33, 43, 3, 39, 36, 35, 37, 40, 44, 23, 10, 17, 21, 1, 49, 32, 27, 28, 12, 25, 4, 6, 26, 47, 13, 24, 48, 38, 45, 42, 7, 2, 30, 46, 16, 18, 31, 22]

Individual 18:
  Route length: 14465
  Contribution to Diversity: 0
  Route: [35, 36, 24, 48, 46, 16, 29, 19, 32, 49, 1, 21, 17, 31, 2, 39, 40, 37, 38, 44, 34, 47, 7, 42, 18, 3, 10, 43, 33, 51, 11, 5, 15, 6, 4, 25, 12, 28, 27, 26, 13, 14, 52, 30, 23, 20, 50, 45, 9, 8, 41, 22]

Individual 19:
  Route length: 14687
  Contribution to Diversity: 0
  Route: [35, 36, 24, 48, 46, 16, 29, 6, 15, 5, 11, 51, 33, 43, 10, 3, 18, 42, 7, 47, 34, 44, 38, 37, 40, 39, 2, 31, 17, 21, 1, 49, 32, 19, 4, 25, 12, 28, 27, 26, 13, 14, 52, 30, 23, 20, 50, 45, 9, 8, 41, 22]

Total Entropy H: 5.241517771372582
