Individual 0:
  Route length: 9408
  Contribution to Diversity: 0.012390435552486423
  Route: [1, 39, 32, 49, 36, 35, 34, 44, 40, 45, 19, 41, 8, 9, 10, 3, 17, 21, 42, 7, 2, 30, 23, 20, 50, 29, 16, 46, 24, 48, 4, 6, 12, 28, 27, 26, 47, 13, 14, 52, 11, 51, 33, 25, 15, 5, 38, 37, 43, 18, 31, 22]

Individual 1:
  Route length: 9395
  Contribution to Diversity: 0.006329637738674343
  Route: [1, 49, 24, 34, 44, 46, 25, 4, 6, 48, 40, 39, 36, 35, 31, 18, 3, 17, 21, 42, 7, 2, 30, 23, 20, 50, 29, 16, 12, 28, 27, 26, 47, 13, 14, 52, 11, 51, 15, 38, 37, 5, 33, 43, 10, 8, 9, 41, 19, 45, 32, 22]

Individual 2:
  Route length: 9388
  Contribution to Diversity: 0.0057188763510538365
  Route: [49, 32, 45, 19, 41, 8, 9, 10, 43, 33, 51, 11, 47, 13, 14, 52, 26, 27, 28, 12, 25, 4, 6, 48, 24, 5, 15, 29, 38, 37, 40, 39, 36, 35, 34, 44, 50, 16, 46, 1, 23, 20, 30, 2, 7, 42, 21, 17, 3, 18, 31, 22]

Individual 3:
  Route length: 9417
  Contribution to Diversity: 0.007061120336670612
  Route: [1, 49, 32, 19, 45, 41, 8, 9, 10, 43, 33, 51, 6, 24, 48, 38, 37, 36, 4, 25, 12, 28, 27, 26, 47, 14, 13, 11, 52, 15, 5, 39, 40, 35, 34, 44, 46, 16, 29, 50, 20, 23, 30, 2, 7, 42, 21, 17, 3, 18, 31, 22]

Individual 4:
  Route length: 9399
  Contribution to Diversity: 0.00936943922382305
  Route: [1, 49, 32, 45, 41, 19, 16, 29, 20, 50, 34, 44, 36, 35, 46, 39, 15, 6, 4, 25, 12, 28, 27, 26, 47, 14, 13, 52, 11, 51, 33, 43, 10, 9, 8, 40, 5, 24, 37, 38, 48, 23, 30, 2, 7, 42, 21, 17, 3, 18, 31, 22]

Individual 5:
  Route length: 9419
  Contribution to Diversity: 0.002593020146175462
  Route: [1, 31, 18, 3, 6, 15, 5, 4, 21, 30, 50, 20, 23, 17, 42, 7, 2, 29, 16, 46, 44, 34, 35, 36, 39, 40, 37, 38, 48, 24, 25, 12, 28, 47, 26, 27, 13, 14, 52, 11, 51, 33, 43, 10, 9, 8, 41, 19, 45, 49, 32, 22]

Individual 6:
  Route length: 9422
  Contribution to Diversity: 0.007559701254517215
  Route: [1, 32, 49, 45, 19, 41, 8, 9, 10, 43, 33, 51, 11, 52, 14, 13, 47, 26, 27, 28, 12, 4, 46, 44, 35, 34, 16, 29, 2, 7, 42, 21, 30, 50, 20, 23, 17, 36, 39, 40, 37, 38, 48, 24, 6, 15, 5, 25, 3, 18, 31, 22]

Individual 7:
  Route length: 9405
  Contribution to Diversity: 0.008719928577271219
  Route: [1, 49, 32, 45, 19, 41, 8, 9, 10, 43, 28, 27, 26, 47, 13, 14, 52, 11, 51, 33, 12, 25, 4, 15, 6, 48, 38, 40, 37, 39, 36, 35, 46, 44, 34, 16, 29, 20, 50, 24, 5, 23, 30, 2, 7, 42, 21, 17, 18, 3, 31, 22]

Individual 8:
  Route length: 9405
  Contribution to Diversity: 0.016457174601201885
  Route: [1, 48, 24, 5, 15, 6, 12, 28, 27, 26, 47, 13, 14, 52, 11, 51, 33, 25, 4, 46, 16, 29, 50, 23, 20, 30, 42, 7, 2, 21, 17, 3, 18, 44, 34, 35, 36, 49, 32, 39, 38, 37, 43, 10, 9, 8, 41, 19, 45, 40, 31, 22]

Individual 9:
  Route length: 9381
  Contribution to Diversity: 0.004758169425957526
  Route: [1, 31, 18, 3, 6, 15, 5, 4, 44, 46, 16, 29, 2, 7, 42, 17, 23, 20, 50, 30, 21, 34, 35, 36, 39, 40, 37, 38, 48, 24, 25, 12, 28, 47, 26, 27, 13, 14, 52, 11, 51, 33, 43, 10, 9, 8, 41, 19, 45, 49, 32, 22]

Individual 10:
  Route length: 9409
  Contribution to Diversity: 0
  Route: [1, 49, 32, 45, 19, 41, 8, 9, 10, 43, 33, 6, 15, 24, 5, 46, 44, 4, 25, 28, 27, 26, 47, 13, 14, 52, 11, 51, 12, 29, 50, 20, 23, 30, 2, 7, 42, 21, 16, 48, 37, 38, 40, 39, 36, 35, 34, 17, 3, 18, 31, 22]

Individual 11:
  Route length: 9413
  Contribution to Diversity: 0.0005103290822621176
  Route: [31, 18, 3, 17, 21, 42, 7, 2, 30, 20, 50, 46, 16, 23, 1, 49, 32, 45, 19, 41, 8, 9, 10, 43, 33, 51, 11, 47, 13, 14, 52, 26, 27, 28, 12, 25, 4, 6, 40, 38, 48, 24, 5, 15, 44, 35, 34, 36, 39, 37, 29, 22]

Individual 12:
  Route length: 9401
  Contribution to Diversity: 0.0010344343806911738
  Route: [1, 49, 37, 15, 38, 36, 35, 31, 18, 3, 17, 21, 42, 7, 2, 30, 23, 20, 50, 29, 16, 24, 40, 25, 4, 6, 39, 34, 44, 46, 48, 5, 33, 51, 11, 52, 14, 13, 47, 26, 27, 28, 12, 43, 10, 8, 9, 41, 19, 45, 32, 22]

Individual 13:
  Route length: 9391
  Contribution to Diversity: 0.006763651352782674
  Route: [36, 39, 37, 38, 5, 12, 28, 27, 26, 47, 13, 14, 52, 11, 51, 33, 34, 44, 35, 40, 25, 15, 6, 4, 43, 10, 8, 9, 41, 19, 45, 32, 49, 1, 31, 18, 3, 17, 21, 42, 7, 2, 30, 23, 20, 50, 29, 16, 46, 48, 24, 22]

Individual 14:
  Route length: 9414
  Contribution to Diversity: 0.0037332485393042347
  Route: [31, 18, 3, 17, 21, 42, 7, 2, 30, 20, 50, 46, 16, 23, 1, 49, 32, 45, 19, 41, 8, 9, 10, 43, 33, 51, 11, 47, 14, 13, 52, 26, 27, 28, 12, 25, 4, 6, 40, 38, 48, 24, 5, 15, 44, 35, 34, 36, 39, 37, 29, 22]

Individual 15:
  Route length: 9385
  Contribution to Diversity: 0.005549522343580193
  Route: [1, 49, 32, 45, 41, 19, 50, 20, 29, 16, 34, 44, 36, 35, 15, 6, 4, 25, 12, 28, 27, 26, 47, 14, 13, 52, 11, 51, 33, 43, 10, 9, 8, 24, 5, 40, 39, 46, 37, 38, 48, 23, 30, 2, 7, 42, 21, 17, 3, 18, 31, 22]

Individual 16:
  Route length: 9396
  Contribution to Diversity: 0.005724107080303575
  Route: [1, 6, 24, 48, 40, 39, 36, 35, 34, 44, 46, 16, 29, 50, 2, 7, 42, 21, 30, 23, 20, 17, 37, 38, 4, 5, 15, 25, 12, 28, 27, 26, 47, 13, 14, 52, 11, 51, 33, 43, 10, 9, 8, 41, 19, 45, 49, 32, 3, 18, 31, 22]

Individual 17:
  Route length: 9367
  Contribution to Diversity: 0.00384069826959621
  Route: [1, 49, 39, 6, 4, 25, 40, 24, 16, 29, 50, 20, 23, 30, 2, 7, 42, 21, 17, 3, 18, 31, 35, 36, 38, 15, 37, 34, 44, 46, 48, 5, 33, 51, 11, 52, 14, 13, 47, 26, 27, 28, 12, 43, 10, 8, 9, 41, 19, 45, 32, 22]

Individual 18:
  Route length: 9417
  Contribution to Diversity: 0.012766637678429227
  Route: [1, 49, 37, 15, 24, 39, 34, 40, 25, 4, 6, 16, 29, 50, 20, 23, 30, 2, 7, 42, 21, 17, 3, 18, 31, 35, 36, 38, 48, 46, 44, 5, 43, 12, 28, 27, 26, 47, 13, 14, 52, 11, 51, 33, 10, 8, 9, 41, 19, 45, 32, 22]

Individual 19:
  Route length: 9403
  Contribution to Diversity: 0.0019836579740246663
  Route: [1, 49, 32, 45, 19, 41, 8, 9, 10, 43, 33, 6, 44, 46, 5, 24, 15, 4, 25, 28, 27, 26, 47, 13, 14, 52, 11, 51, 12, 29, 50, 20, 23, 30, 2, 7, 42, 21, 16, 48, 37, 38, 40, 39, 36, 35, 34, 17, 3, 18, 31, 22]

Total Entropy H: 4.765409574673388
