Individual 0:
  Route length: 22623
  Contribution to Diversity: 0.0013021658735201669
  Route: [27, 35, 50, 37, 38, 34, 39, 43, 11, 26, 13, 14, 33, 17, 32, 45, 30, 19, 24, 52, 29, 28, 12, 10, 51, 47, 40, 46, 36, 31, 21, 6, 2, 7, 42, 41, 8, 44, 5, 15, 4, 16, 18, 3, 9, 1, 49, 23, 48, 25, 20, 22]

Individual 1:
  Route length: 22101
  Contribution to Diversity: 0.0005968374065048465
  Route: [18, 48, 15, 5, 2, 19, 1, 6, 23, 46, 49, 31, 35, 36, 41, 34, 8, 9, 10, 40, 7, 27, 51, 11, 52, 14, 25, 26, 24, 37, 43, 4, 45, 21, 50, 12, 28, 29, 38, 33, 3, 17, 44, 47, 13, 42, 30, 32, 20, 16, 39, 22]

Individual 2:
  Route length: 22585
  Contribution to Diversity: 0.0021634433099952943
  Route: [27, 38, 49, 4, 46, 23, 16, 2, 24, 48, 40, 15, 36, 10, 13, 14, 51, 11, 12, 39, 6, 44, 9, 8, 52, 35, 34, 41, 19, 17, 3, 1, 29, 18, 21, 42, 7, 32, 45, 31, 20, 50, 26, 33, 47, 43, 25, 28, 5, 37, 30, 22]

Individual 3:
  Route length: 22463
  Contribution to Diversity: 0.0011785985041719016
  Route: [27, 35, 17, 48, 23, 49, 1, 9, 3, 18, 43, 11, 26, 13, 14, 33, 25, 20, 50, 37, 46, 36, 31, 42, 7, 2, 6, 21, 41, 8, 44, 5, 15, 4, 16, 39, 34, 38, 40, 47, 51, 10, 12, 28, 29, 52, 24, 19, 30, 45, 32, 22]

Individual 4:
  Route length: 22519
  Contribution to Diversity: 0.0007679564056450872
  Route: [39, 26, 27, 48, 24, 32, 49, 5, 52, 14, 7, 42, 21, 8, 37, 33, 28, 12, 38, 51, 19, 41, 10, 43, 9, 4, 11, 1, 23, 44, 16, 29, 36, 20, 34, 2, 30, 47, 31, 35, 18, 3, 17, 45, 25, 50, 15, 40, 13, 46, 6, 22]

Individual 5:
  Route length: 22618
  Contribution to Diversity: 0.0011273029669380819
  Route: [31, 25, 19, 3, 42, 45, 6, 24, 16, 15, 36, 11, 10, 18, 14, 13, 12, 26, 20, 23, 30, 47, 28, 27, 48, 35, 50, 29, 33, 9, 8, 52, 41, 32, 39, 40, 37, 49, 5, 46, 44, 34, 43, 4, 51, 2, 7, 21, 1, 17, 38, 22]

Individual 6:
  Route length: 22392
  Contribution to Diversity: 0.0011230954940009141
  Route: [24, 43, 44, 40, 39, 1, 15, 4, 28, 21, 42, 2, 34, 19, 18, 25, 7, 9, 5, 11, 26, 45, 46, 37, 32, 20, 23, 31, 6, 27, 14, 13, 30, 17, 3, 29, 16, 8, 41, 10, 12, 51, 33, 38, 48, 36, 49, 50, 35, 47, 52, 22]

Individual 7:
  Route length: 22283
  Contribution to Diversity: 0.0013025162912816413
  Route: [19, 43, 27, 24, 33, 14, 13, 5, 25, 12, 6, 38, 36, 18, 28, 52, 51, 47, 1, 30, 21, 11, 32, 42, 7, 20, 50, 23, 44, 26, 48, 37, 3, 29, 46, 40, 39, 8, 9, 10, 31, 16, 34, 35, 49, 45, 4, 15, 17, 41, 2, 22]

Individual 8:
  Route length: 22339
  Contribution to Diversity: 0.0013953782317068786
  Route: [6, 30, 19, 41, 45, 18, 31, 8, 15, 2, 26, 47, 29, 46, 24, 12, 5, 10, 9, 17, 11, 50, 13, 27, 44, 1, 34, 16, 4, 37, 49, 32, 36, 52, 14, 23, 39, 35, 21, 38, 43, 33, 51, 28, 25, 40, 20, 42, 7, 3, 48, 22]

Individual 9:
  Route length: 21707
  Contribution to Diversity: 0.0005182403928714052
  Route: [2, 38, 5, 21, 40, 32, 50, 16, 13, 28, 51, 39, 9, 44, 4, 29, 27, 34, 35, 36, 1, 24, 30, 23, 8, 49, 15, 26, 47, 12, 19, 37, 48, 20, 42, 7, 41, 25, 11, 52, 14, 46, 45, 18, 31, 3, 17, 10, 43, 33, 6, 22]

Individual 10:
  Route length: 22451
  Contribution to Diversity: 0.00048669252450483924
  Route: [3, 39, 2, 26, 52, 11, 42, 30, 20, 50, 29, 16, 25, 46, 38, 47, 44, 19, 41, 21, 49, 18, 33, 43, 13, 12, 15, 5, 4, 34, 9, 8, 7, 40, 6, 14, 27, 28, 36, 10, 23, 17, 35, 51, 24, 48, 45, 1, 37, 32, 31, 22]

Individual 11:
  Route length: 22616
  Contribution to Diversity: 0.0009579970085553668
  Route: [19, 16, 29, 14, 46, 45, 12, 6, 18, 13, 27, 28, 52, 40, 48, 50, 2, 41, 3, 17, 1, 36, 44, 24, 4, 25, 37, 10, 9, 51, 11, 32, 7, 35, 49, 8, 23, 30, 20, 21, 42, 39, 31, 33, 15, 5, 34, 47, 26, 43, 38, 22]

Individual 12:
  Route length: 22540
  Contribution to Diversity: 0.0008702624365835021
  Route: [32, 43, 37, 17, 48, 44, 50, 29, 28, 52, 36, 34, 15, 6, 16, 47, 24, 45, 19, 10, 8, 31, 21, 7, 42, 35, 49, 38, 1, 18, 40, 33, 51, 12, 46, 13, 5, 39, 14, 26, 23, 9, 2, 20, 4, 11, 25, 27, 30, 3, 41, 22]

Individual 13:
  Route length: 22086
  Contribution to Diversity: 0.0004372864787072217
  Route: [24, 39, 3, 42, 26, 47, 13, 50, 52, 35, 29, 11, 43, 44, 30, 2, 7, 17, 21, 28, 12, 25, 23, 20, 45, 4, 1, 32, 49, 41, 19, 18, 6, 46, 40, 36, 16, 34, 33, 27, 38, 37, 5, 14, 51, 8, 9, 10, 15, 48, 31, 22]

Individual 14:
  Route length: 22518
  Contribution to Diversity: 0.0012051225965894474
  Route: [44, 8, 9, 21, 45, 28, 2, 50, 39, 30, 29, 15, 26, 11, 52, 13, 27, 23, 19, 40, 35, 32, 1, 31, 17, 42, 18, 36, 41, 10, 3, 20, 6, 49, 16, 43, 4, 5, 24, 14, 47, 12, 48, 51, 37, 34, 33, 25, 7, 38, 46, 22]

Individual 15:
  Route length: 22468
  Contribution to Diversity: 0.0010556081181993804
  Route: [42, 21, 43, 4, 45, 32, 7, 2, 39, 34, 3, 47, 13, 50, 46, 15, 19, 41, 16, 23, 29, 26, 52, 25, 37, 40, 36, 12, 27, 10, 9, 17, 51, 11, 20, 28, 14, 8, 30, 35, 44, 1, 49, 6, 24, 48, 38, 5, 33, 18, 31, 22]

Individual 16:
  Route length: 22601
  Contribution to Diversity: 0.0006576420977637554
  Route: [1, 41, 48, 44, 20, 35, 24, 39, 25, 28, 51, 13, 52, 14, 33, 7, 4, 16, 36, 26, 47, 45, 43, 10, 9, 34, 12, 38, 49, 29, 50, 6, 11, 40, 46, 3, 18, 17, 8, 2, 27, 32, 19, 21, 42, 23, 30, 5, 15, 37, 31, 22]

Individual 17:
  Route length: 22529
  Contribution to Diversity: 0.000875079705195958
  Route: [44, 8, 9, 21, 45, 28, 2, 50, 39, 30, 29, 1, 27, 13, 52, 11, 26, 15, 32, 35, 40, 19, 23, 31, 17, 42, 18, 36, 41, 10, 3, 20, 6, 49, 16, 43, 4, 5, 24, 14, 47, 12, 48, 51, 37, 34, 33, 25, 7, 38, 46, 22]

Individual 18:
  Route length: 22624
  Contribution to Diversity: 0.0010233178356306993
  Route: [1, 17, 8, 39, 38, 12, 5, 48, 29, 2, 3, 11, 52, 46, 42, 21, 45, 40, 4, 25, 50, 28, 30, 35, 6, 24, 32, 20, 16, 34, 23, 37, 43, 33, 51, 47, 14, 13, 15, 44, 27, 7, 31, 41, 10, 49, 26, 36, 9, 19, 18, 22]

Individual 19:
  Route length: 22535
  Contribution to Diversity: 0.0007734245173320886
  Route: [32, 43, 37, 17, 48, 44, 50, 16, 6, 15, 34, 36, 52, 28, 29, 47, 24, 45, 19, 10, 8, 31, 21, 7, 42, 35, 49, 38, 1, 18, 40, 33, 51, 12, 46, 13, 5, 39, 14, 26, 23, 9, 2, 20, 4, 11, 25, 27, 30, 41, 3, 22]

Individual 20:
  Route length: 22542
  Contribution to Diversity: 0.000484546803642516
  Route: [44, 2, 28, 43, 38, 15, 29, 30, 45, 48, 51, 37, 34, 33, 39, 50, 8, 9, 21, 12, 47, 14, 24, 5, 4, 25, 7, 26, 11, 52, 13, 27, 1, 32, 35, 40, 19, 23, 31, 17, 42, 18, 36, 41, 10, 3, 20, 6, 46, 49, 16, 22]

Individual 21:
  Route length: 22572
  Contribution to Diversity: 0.0006764018821847628
  Route: [10, 39, 36, 5, 37, 40, 29, 2, 19, 14, 52, 13, 48, 4, 7, 44, 47, 6, 15, 41, 8, 9, 32, 38, 49, 1, 42, 50, 3, 43, 33, 51, 11, 20, 46, 24, 35, 45, 18, 25, 21, 27, 26, 28, 23, 30, 16, 12, 17, 31, 34, 22]

Individual 22:
  Route length: 22433
  Contribution to Diversity: 0.0010209184212577327
  Route: [6, 50, 29, 45, 14, 52, 47, 27, 4, 43, 44, 32, 26, 31, 51, 13, 42, 7, 2, 46, 40, 49, 21, 19, 39, 25, 28, 11, 12, 38, 34, 15, 5, 20, 8, 17, 37, 36, 16, 33, 18, 3, 23, 35, 24, 48, 1, 30, 10, 41, 9, 22]

Individual 23:
  Route length: 21565
  Contribution to Diversity: 0.0005705244045994817
  Route: [1, 32, 45, 7, 23, 21, 50, 29, 24, 18, 3, 17, 44, 48, 33, 40, 19, 12, 28, 6, 39, 52, 13, 47, 15, 5, 34, 38, 37, 43, 4, 46, 8, 9, 10, 26, 14, 42, 20, 16, 11, 51, 27, 2, 49, 31, 36, 25, 35, 41, 30, 22]

Individual 24:
  Route length: 22480
  Contribution to Diversity: 0.0008786267493245958
  Route: [32, 18, 12, 49, 25, 44, 4, 46, 37, 38, 11, 8, 3, 39, 24, 13, 14, 52, 30, 29, 51, 26, 27, 28, 48, 19, 45, 40, 23, 5, 1, 41, 34, 21, 17, 50, 16, 7, 20, 15, 36, 31, 35, 9, 6, 10, 33, 43, 47, 2, 42, 22]

Individual 25:
  Route length: 22205
  Contribution to Diversity: 0.00014167217732019566
  Route: [5, 15, 4, 27, 16, 3, 12, 39, 40, 44, 37, 29, 26, 51, 8, 41, 10, 50, 49, 52, 47, 34, 1, 32, 20, 23, 31, 18, 46, 45, 19, 38, 48, 33, 6, 2, 42, 21, 7, 9, 24, 43, 36, 35, 17, 30, 13, 14, 11, 25, 28, 22]

Individual 26:
  Route length: 22579
  Contribution to Diversity: 0.0004175369130017259
  Route: [44, 2, 28, 43, 38, 7, 25, 4, 5, 24, 14, 47, 12, 48, 51, 37, 34, 33, 39, 50, 8, 9, 21, 45, 30, 29, 15, 26, 11, 52, 13, 27, 32, 35, 40, 19, 23, 31, 17, 42, 18, 36, 41, 10, 1, 3, 20, 6, 46, 49, 16, 22]

Individual 27:
  Route length: 22515
  Contribution to Diversity: 0.0001810278517826447
  Route: [41, 8, 16, 29, 18, 27, 26, 6, 46, 13, 38, 51, 23, 10, 43, 9, 15, 4, 36, 20, 34, 39, 47, 11, 1, 49, 3, 17, 48, 5, 40, 12, 33, 28, 37, 44, 31, 35, 30, 2, 24, 25, 52, 14, 7, 42, 21, 50, 32, 19, 45, 22]

Individual 28:
  Route length: 22140
  Contribution to Diversity: 0.0017192804679844187
  Route: [19, 41, 12, 40, 38, 33, 51, 10, 8, 1, 13, 15, 18, 3, 17, 11, 34, 20, 23, 39, 45, 5, 25, 46, 16, 14, 52, 44, 21, 37, 43, 29, 6, 9, 28, 27, 26, 47, 49, 32, 4, 24, 36, 2, 7, 42, 30, 48, 31, 35, 50, 22]

Individual 29:
  Route length: 22605
  Contribution to Diversity: 0.0010867905913762854
  Route: [17, 24, 30, 31, 32, 3, 9, 41, 11, 51, 5, 38, 36, 43, 33, 4, 25, 47, 46, 48, 27, 14, 52, 29, 39, 21, 2, 7, 8, 26, 10, 49, 28, 42, 35, 1, 15, 12, 13, 23, 16, 18, 19, 45, 37, 20, 44, 50, 40, 6, 34, 22]

Individual 30:
  Route length: 22592
  Contribution to Diversity: 0.0011471293040941077
  Route: [1, 43, 35, 48, 50, 38, 44, 23, 16, 21, 28, 7, 42, 49, 2, 19, 34, 10, 36, 3, 25, 5, 37, 32, 12, 46, 47, 18, 31, 15, 8, 41, 39, 40, 33, 4, 51, 11, 52, 14, 13, 6, 30, 24, 9, 45, 17, 20, 29, 27, 26, 22]

Individual 31:
  Route length: 22319
  Contribution to Diversity: 0.0009671299627527219
  Route: [44, 18, 20, 47, 4, 39, 48, 43, 33, 38, 26, 29, 24, 21, 3, 31, 41, 19, 37, 45, 42, 23, 30, 7, 15, 6, 32, 49, 11, 14, 16, 46, 52, 13, 28, 27, 12, 40, 5, 50, 36, 25, 17, 34, 1, 51, 35, 2, 10, 9, 8, 22]

Individual 32:
  Route length: 22080
  Contribution to Diversity: 0.00023076275062106077
  Route: [5, 15, 4, 27, 16, 31, 23, 20, 32, 1, 34, 47, 52, 49, 50, 10, 41, 8, 51, 26, 29, 37, 44, 40, 39, 12, 3, 18, 46, 45, 19, 38, 48, 33, 6, 2, 42, 21, 7, 9, 24, 43, 36, 35, 17, 30, 13, 14, 11, 25, 28, 22]

Individual 33:
  Route length: 22605
  Contribution to Diversity: 0.0011727308986317908
  Route: [48, 1, 49, 51, 33, 9, 40, 36, 16, 19, 8, 41, 44, 45, 30, 32, 21, 17, 23, 13, 35, 37, 39, 10, 46, 50, 29, 43, 6, 28, 4, 42, 34, 38, 24, 27, 3, 2, 7, 12, 25, 15, 11, 26, 14, 52, 47, 20, 5, 18, 31, 22]

Individual 34:
  Route length: 22341
  Contribution to Diversity: 0.001145188992993873
  Route: [52, 11, 34, 41, 51, 33, 43, 10, 9, 47, 13, 12, 37, 36, 6, 23, 42, 19, 28, 27, 16, 40, 48, 50, 20, 38, 25, 14, 21, 8, 45, 4, 18, 3, 7, 2, 17, 24, 46, 35, 5, 15, 49, 32, 1, 29, 44, 31, 30, 39, 26, 22]

Individual 35:
  Route length: 22223
  Contribution to Diversity: 0.00016999431393305287
  Route: [31, 25, 19, 3, 42, 45, 6, 24, 29, 33, 9, 8, 50, 16, 15, 36, 11, 10, 18, 14, 13, 12, 26, 20, 23, 30, 47, 28, 27, 48, 37, 40, 39, 38, 43, 4, 51, 2, 7, 21, 1, 17, 34, 44, 46, 5, 49, 35, 52, 41, 32, 22]

Individual 36:
  Route length: 22515
  Contribution to Diversity: 0.000986750229281519
  Route: [45, 18, 36, 15, 12, 47, 44, 20, 52, 33, 43, 41, 10, 8, 48, 1, 24, 38, 17, 21, 26, 27, 28, 14, 29, 16, 46, 39, 42, 37, 30, 23, 13, 50, 34, 3, 32, 6, 4, 11, 51, 31, 40, 19, 9, 25, 35, 49, 2, 7, 5, 22]

Individual 37:
  Route length: 22548
  Contribution to Diversity: 0.0009694003202351809
  Route: [29, 23, 5, 15, 18, 16, 3, 2, 40, 44, 31, 33, 51, 11, 46, 32, 39, 38, 1, 30, 36, 4, 19, 8, 25, 52, 14, 28, 12, 26, 13, 47, 37, 21, 27, 42, 7, 35, 17, 20, 50, 9, 6, 41, 48, 45, 49, 34, 24, 43, 10, 22]

Individual 38:
  Route length: 22452
  Contribution to Diversity: 0.00010780980565616716
  Route: [43, 10, 9, 39, 3, 21, 1, 40, 36, 23, 50, 16, 47, 28, 11, 51, 19, 26, 27, 35, 8, 17, 33, 13, 14, 6, 5, 15, 25, 46, 41, 52, 45, 38, 12, 32, 44, 7, 2, 30, 37, 18, 20, 29, 49, 24, 48, 42, 31, 4, 34, 22]

Individual 39:
  Route length: 22439
  Contribution to Diversity: 0.0005970683747982264
  Route: [21, 17, 23, 42, 52, 12, 4, 15, 45, 16, 40, 43, 28, 20, 1, 39, 29, 46, 49, 30, 27, 35, 38, 34, 31, 41, 36, 32, 19, 10, 33, 6, 11, 26, 47, 13, 5, 48, 25, 51, 24, 9, 8, 3, 44, 7, 2, 37, 14, 50, 18, 22]

Individual 40:
  Route length: 22568
  Contribution to Diversity: 0.0015025202256584436
  Route: [21, 34, 13, 26, 27, 51, 14, 32, 44, 47, 38, 40, 28, 29, 16, 48, 37, 8, 9, 2, 30, 20, 50, 49, 25, 7, 36, 5, 43, 17, 31, 4, 6, 3, 24, 35, 23, 1, 15, 46, 12, 52, 11, 42, 18, 45, 19, 41, 39, 33, 10, 22]

Individual 41:
  Route length: 22485
  Contribution to Diversity: 0.0009455183242881304
  Route: [44, 18, 20, 47, 4, 39, 48, 43, 33, 38, 26, 29, 24, 21, 3, 31, 41, 19, 37, 45, 36, 50, 5, 40, 12, 27, 28, 13, 52, 46, 16, 14, 11, 49, 32, 6, 15, 7, 30, 23, 42, 25, 17, 34, 1, 51, 35, 2, 10, 9, 8, 22]

Individual 42:
  Route length: 22376
  Contribution to Diversity: 9.848598535722175e-05
  Route: [39, 51, 25, 38, 26, 47, 13, 14, 52, 10, 41, 43, 33, 48, 32, 23, 44, 28, 34, 24, 31, 11, 16, 46, 42, 17, 35, 12, 4, 5, 50, 1, 27, 6, 37, 19, 9, 8, 45, 21, 15, 30, 2, 29, 40, 18, 7, 49, 36, 20, 3, 22]

Individual 43:
  Route length: 22583
  Contribution to Diversity: 0.0014534068437903613
  Route: [38, 36, 28, 13, 9, 41, 3, 27, 14, 52, 15, 32, 18, 19, 45, 40, 6, 34, 44, 50, 46, 12, 29, 39, 21, 2, 7, 8, 26, 10, 49, 48, 23, 16, 5, 51, 11, 37, 20, 35, 42, 43, 33, 4, 25, 47, 24, 30, 31, 17, 1, 22]

Individual 44:
  Route length: 22279
  Contribution to Diversity: 0.0009616139124419831
  Route: [18, 35, 40, 23, 28, 2, 38, 5, 39, 46, 24, 29, 7, 9, 8, 41, 19, 15, 50, 20, 48, 4, 13, 52, 11, 34, 31, 30, 44, 16, 6, 27, 26, 47, 17, 45, 10, 12, 3, 42, 37, 49, 1, 21, 25, 43, 33, 51, 14, 32, 36, 22]

Individual 45:
  Route length: 22300
  Contribution to Diversity: 0.0006849609049455196
  Route: [32, 18, 12, 49, 25, 44, 4, 46, 37, 38, 11, 8, 3, 39, 24, 13, 14, 52, 36, 15, 20, 7, 16, 50, 17, 21, 34, 41, 1, 5, 23, 40, 45, 19, 48, 28, 27, 26, 51, 29, 30, 31, 35, 9, 6, 10, 33, 43, 47, 2, 42, 22]

Individual 46:
  Route length: 21905
  Contribution to Diversity: 0.0015218797717979626
  Route: [1, 38, 31, 33, 10, 43, 24, 34, 49, 45, 48, 44, 40, 2, 30, 16, 18, 15, 5, 37, 21, 27, 46, 7, 35, 17, 20, 4, 19, 8, 25, 42, 32, 39, 41, 9, 6, 50, 36, 51, 11, 52, 14, 28, 12, 26, 13, 47, 23, 3, 29, 22]

Individual 47:
  Route length: 22008
  Contribution to Diversity: 0.001064730924698054
  Route: [1, 26, 27, 29, 20, 37, 5, 25, 3, 36, 10, 33, 4, 51, 11, 52, 14, 13, 6, 30, 24, 9, 45, 17, 32, 12, 46, 47, 18, 31, 15, 8, 41, 39, 40, 34, 19, 2, 49, 42, 7, 28, 21, 16, 23, 44, 38, 50, 48, 35, 43, 22]

Individual 48:
  Route length: 22579
  Contribution to Diversity: 0.0013143758566060981
  Route: [41, 33, 51, 1, 49, 32, 2, 31, 7, 24, 42, 16, 18, 35, 5, 15, 47, 26, 28, 27, 21, 3, 46, 12, 36, 11, 52, 14, 45, 13, 20, 50, 29, 39, 9, 19, 38, 37, 40, 6, 48, 25, 44, 34, 4, 10, 43, 17, 8, 30, 23, 22]

Individual 49:
  Route length: 22393
  Contribution to Diversity: 0.0012608680608190426
  Route: [39, 13, 47, 27, 12, 33, 4, 43, 21, 42, 49, 20, 51, 11, 52, 14, 6, 34, 3, 37, 16, 44, 28, 25, 48, 38, 5, 30, 41, 24, 8, 7, 40, 17, 9, 10, 36, 2, 45, 35, 1, 31, 32, 19, 50, 23, 29, 26, 18, 15, 46, 22]

Individual 50:
  Route length: 22479
  Contribution to Diversity: 0.00029925207792924624
  Route: [38, 43, 4, 51, 2, 7, 21, 1, 17, 34, 44, 46, 5, 49, 35, 52, 41, 32, 39, 40, 37, 48, 27, 28, 47, 30, 23, 20, 26, 12, 13, 14, 18, 10, 11, 36, 15, 16, 50, 8, 9, 33, 29, 24, 6, 45, 42, 3, 19, 25, 31, 22]

Individual 51:
  Route length: 22623
  Contribution to Diversity: 0.0007031256095251237
  Route: [7, 39, 5, 46, 15, 24, 33, 11, 51, 16, 23, 26, 27, 28, 37, 20, 18, 42, 9, 49, 31, 30, 14, 52, 47, 40, 1, 25, 13, 2, 12, 48, 34, 38, 32, 4, 44, 21, 50, 8, 43, 10, 41, 19, 45, 35, 36, 29, 3, 17, 6, 22]

Individual 52:
  Route length: 22527
  Contribution to Diversity: 0.0007949302362586508
  Route: [18, 40, 33, 38, 34, 10, 17, 30, 27, 24, 5, 48, 25, 26, 47, 13, 14, 28, 36, 23, 39, 1, 29, 43, 31, 41, 7, 2, 19, 32, 46, 21, 9, 8, 50, 35, 4, 15, 45, 16, 37, 49, 3, 44, 20, 42, 52, 12, 6, 11, 51, 22]

Individual 53:
  Route length: 22430
  Contribution to Diversity: 0.0006009513725881988
  Route: [23, 16, 3, 30, 17, 41, 7, 42, 45, 4, 15, 24, 14, 26, 32, 6, 25, 19, 43, 11, 48, 1, 5, 51, 13, 31, 18, 52, 33, 47, 44, 39, 36, 12, 27, 28, 21, 8, 9, 10, 38, 37, 40, 46, 34, 35, 49, 29, 50, 20, 2, 22]

Individual 54:
  Route length: 21895
  Contribution to Diversity: 8.16179170968212e-05
  Route: [45, 33, 39, 51, 28, 13, 16, 20, 42, 7, 29, 44, 41, 12, 47, 26, 2, 3, 18, 31, 50, 32, 49, 27, 4, 9, 34, 8, 23, 30, 36, 6, 15, 40, 21, 48, 1, 43, 10, 17, 46, 24, 5, 38, 25, 37, 35, 14, 52, 11, 19, 22]

Individual 55:
  Route length: 22583
  Contribution to Diversity: 0.001438668399721621
  Route: [42, 44, 9, 8, 41, 20, 49, 43, 33, 23, 48, 5, 1, 4, 21, 50, 13, 47, 38, 39, 37, 46, 35, 3, 18, 19, 45, 31, 24, 16, 17, 7, 2, 32, 51, 11, 10, 15, 36, 27, 29, 52, 14, 25, 12, 28, 30, 26, 34, 6, 40, 22]

Individual 56:
  Route length: 22563
  Contribution to Diversity: 0.0026134739438825605
  Route: [19, 43, 52, 42, 7, 20, 50, 25, 12, 38, 6, 36, 46, 33, 24, 27, 28, 32, 37, 40, 14, 13, 26, 48, 11, 21, 30, 3, 18, 31, 16, 23, 8, 9, 10, 39, 44, 5, 29, 1, 47, 51, 34, 35, 49, 45, 4, 15, 17, 41, 2, 22]

Individual 57:
  Route length: 22613
  Contribution to Diversity: 0.001171051387226285
  Route: [6, 50, 23, 35, 24, 43, 44, 9, 41, 10, 30, 1, 48, 4, 27, 47, 52, 14, 45, 29, 3, 18, 33, 16, 36, 37, 17, 8, 20, 5, 15, 34, 38, 12, 11, 28, 25, 39, 19, 21, 49, 31, 51, 13, 42, 7, 2, 46, 40, 26, 32, 22]

Individual 58:
  Route length: 22501
  Contribution to Diversity: 0.0015456592594116358
  Route: [4, 1, 29, 50, 46, 36, 35, 10, 9, 38, 47, 41, 6, 25, 15, 40, 37, 42, 7, 2, 20, 30, 32, 49, 14, 52, 5, 23, 18, 39, 8, 3, 45, 44, 26, 16, 21, 31, 17, 33, 51, 24, 43, 12, 28, 34, 27, 13, 19, 11, 48, 22]

Individual 59:
  Route length: 22367
  Contribution to Diversity: 0.000923134139179993
  Route: [43, 38, 48, 7, 3, 18, 1, 41, 19, 45, 32, 17, 39, 37, 49, 12, 33, 10, 6, 9, 8, 4, 52, 14, 13, 36, 27, 5, 23, 25, 29, 44, 46, 21, 34, 15, 24, 20, 30, 50, 16, 28, 35, 31, 26, 51, 40, 11, 47, 2, 42, 22]

Individual 60:
  Route length: 22573
  Contribution to Diversity: 0.00023414997379234137
  Route: [46, 35, 20, 23, 24, 49, 44, 4, 6, 15, 16, 19, 37, 21, 31, 42, 9, 30, 38, 48, 18, 34, 3, 26, 27, 28, 12, 41, 8, 10, 36, 39, 40, 51, 5, 1, 52, 14, 45, 25, 32, 17, 7, 2, 50, 29, 11, 33, 47, 13, 43, 22]

Individual 61:
  Route length: 22261
  Contribution to Diversity: 0.0008373653579729634
  Route: [1, 34, 15, 21, 7, 2, 39, 5, 49, 10, 32, 45, 6, 19, 9, 8, 52, 11, 27, 13, 29, 51, 33, 14, 50, 23, 30, 47, 28, 4, 3, 42, 31, 43, 40, 41, 18, 12, 16, 25, 17, 44, 37, 48, 36, 46, 26, 24, 38, 20, 35, 22]

Individual 62:
  Route length: 22297
  Contribution to Diversity: 0.001357128097294158
  Route: [1, 42, 47, 49, 7, 20, 27, 26, 43, 35, 25, 32, 17, 30, 33, 51, 11, 52, 14, 13, 16, 2, 8, 45, 29, 37, 9, 21, 44, 34, 23, 5, 6, 15, 48, 50, 36, 10, 28, 39, 41, 19, 4, 40, 38, 46, 12, 24, 3, 18, 31, 22]

Individual 63:
  Route length: 22379
  Contribution to Diversity: 0
  Route: [20, 36, 4, 15, 9, 43, 10, 23, 32, 50, 18, 27, 26, 6, 46, 13, 38, 40, 12, 33, 28, 37, 44, 31, 35, 30, 2, 24, 25, 52, 14, 7, 42, 21, 29, 16, 8, 41, 34, 39, 47, 11, 1, 49, 3, 17, 48, 5, 51, 19, 45, 22]

Individual 64:
  Route length: 21810
  Contribution to Diversity: 0.00023221439664578014
  Route: [5, 24, 23, 35, 47, 15, 7, 2, 48, 4, 12, 16, 46, 40, 30, 11, 9, 10, 33, 13, 14, 38, 25, 42, 20, 32, 44, 49, 43, 41, 8, 36, 39, 37, 34, 6, 52, 29, 27, 26, 28, 51, 45, 1, 50, 21, 19, 31, 18, 3, 17, 22]

Individual 65:
  Route length: 22610
  Contribution to Diversity: 7.091662907843244e-05
  Route: [21, 42, 24, 27, 26, 25, 46, 45, 16, 18, 19, 38, 51, 11, 3, 32, 36, 44, 34, 10, 4, 41, 9, 8, 17, 30, 35, 1, 43, 33, 23, 7, 2, 5, 47, 28, 6, 15, 49, 12, 37, 31, 13, 50, 20, 14, 52, 29, 48, 40, 39, 22]

Individual 66:
  Route length: 22269
  Contribution to Diversity: 0.00026941402973434947
  Route: [20, 44, 48, 36, 13, 26, 35, 16, 27, 29, 51, 38, 23, 1, 5, 52, 14, 37, 18, 41, 8, 12, 28, 43, 10, 25, 6, 15, 40, 3, 17, 9, 47, 11, 31, 19, 45, 33, 32, 49, 39, 30, 2, 7, 50, 21, 42, 24, 4, 46, 34, 22]

Individual 67:
  Route length: 22394
  Contribution to Diversity: 0.0003093113121677149
  Route: [37, 48, 45, 4, 5, 19, 1, 9, 10, 27, 26, 47, 51, 39, 38, 12, 28, 33, 15, 36, 35, 43, 44, 32, 24, 42, 6, 29, 13, 8, 21, 7, 30, 41, 34, 49, 20, 50, 16, 46, 2, 14, 52, 11, 23, 40, 25, 31, 18, 3, 17, 22]

Individual 68:
  Route length: 22584
  Contribution to Diversity: 0.0010194898252535722
  Route: [43, 21, 46, 44, 29, 25, 23, 5, 27, 36, 34, 15, 24, 20, 30, 50, 16, 28, 18, 3, 7, 48, 38, 13, 14, 52, 4, 8, 9, 6, 10, 33, 12, 49, 37, 39, 17, 32, 45, 19, 41, 1, 35, 31, 26, 51, 40, 11, 47, 2, 42, 22]

Individual 69:
  Route length: 21859
  Contribution to Diversity: 0.0016063505270711431
  Route: [16, 40, 51, 33, 20, 21, 19, 41, 3, 18, 49, 15, 45, 42, 50, 12, 5, 35, 44, 17, 2, 7, 6, 4, 46, 37, 38, 48, 43, 10, 30, 34, 28, 14, 52, 11, 13, 36, 39, 27, 24, 26, 29, 1, 25, 47, 32, 9, 23, 8, 31, 22]

Individual 70:
  Route length: 21749
  Contribution to Diversity: 0.0014670378877434942
  Route: [40, 33, 51, 12, 26, 28, 13, 47, 50, 11, 25, 7, 42, 39, 52, 27, 2, 4, 29, 37, 36, 45, 8, 1, 17, 49, 32, 41, 3, 21, 34, 14, 20, 23, 30, 24, 5, 44, 31, 19, 48, 38, 35, 43, 15, 6, 16, 46, 10, 9, 18, 22]

Individual 71:
  Route length: 22389
  Contribution to Diversity: 0.00016072863853100472
  Route: [12, 14, 52, 11, 33, 6, 23, 37, 40, 21, 24, 13, 32, 16, 27, 31, 18, 48, 44, 19, 5, 36, 30, 2, 7, 42, 29, 50, 46, 20, 15, 35, 34, 3, 51, 9, 10, 41, 45, 1, 25, 47, 17, 4, 39, 49, 43, 28, 26, 38, 8, 22]

Individual 72:
  Route length: 22160
  Contribution to Diversity: 0.0006048807733041173
  Route: [43, 10, 9, 39, 3, 21, 1, 40, 41, 46, 42, 33, 5, 6, 14, 13, 26, 37, 30, 2, 7, 44, 32, 12, 38, 29, 20, 18, 19, 51, 11, 28, 47, 16, 50, 23, 52, 45, 49, 36, 24, 48, 25, 15, 27, 35, 4, 31, 17, 8, 34, 22]

Individual 73:
  Route length: 22398
  Contribution to Diversity: 0.0005228028768815562
  Route: [5, 4, 14, 12, 34, 35, 8, 9, 52, 13, 27, 28, 46, 25, 15, 32, 7, 16, 1, 40, 47, 26, 49, 2, 44, 11, 29, 48, 38, 24, 10, 43, 37, 41, 36, 17, 39, 50, 20, 3, 21, 45, 18, 19, 33, 51, 6, 42, 23, 30, 31, 22]

Individual 74:
  Route length: 22342
  Contribution to Diversity: 0.0002535307102213835
  Route: [37, 51, 5, 39, 13, 47, 29, 49, 32, 4, 25, 12, 27, 33, 48, 16, 24, 45, 35, 28, 52, 23, 46, 44, 6, 42, 15, 19, 31, 40, 34, 8, 10, 41, 50, 30, 1, 38, 43, 21, 17, 7, 2, 36, 20, 18, 3, 9, 11, 14, 26, 22]

Individual 75:
  Route length: 22474
  Contribution to Diversity: 0.00013146570539657176
  Route: [41, 8, 16, 29, 21, 42, 7, 14, 52, 25, 24, 2, 30, 35, 31, 44, 1, 11, 47, 39, 34, 20, 36, 4, 15, 9, 43, 10, 23, 32, 50, 18, 27, 26, 6, 46, 13, 38, 40, 12, 33, 28, 37, 49, 3, 17, 48, 5, 51, 19, 45, 22]

Individual 76:
  Route length: 21214
  Contribution to Diversity: 0.00022475411707567616
  Route: [41, 31, 42, 7, 25, 40, 34, 3, 18, 48, 44, 1, 28, 5, 38, 17, 21, 30, 2, 47, 26, 27, 32, 36, 46, 19, 24, 12, 4, 50, 29, 49, 35, 39, 8, 33, 45, 15, 37, 11, 16, 13, 14, 52, 6, 20, 23, 51, 43, 10, 9, 22]

Individual 77:
  Route length: 21834
  Contribution to Diversity: 0.00017601940358069612
  Route: [45, 33, 39, 51, 28, 13, 16, 20, 42, 7, 29, 44, 41, 12, 47, 26, 2, 3, 18, 31, 50, 32, 49, 27, 4, 9, 37, 25, 38, 5, 11, 52, 14, 35, 34, 8, 23, 30, 36, 6, 15, 40, 21, 48, 1, 43, 10, 17, 46, 24, 19, 22]

Individual 78:
  Route length: 22500
  Contribution to Diversity: 0.001004556991850869
  Route: [23, 50, 20, 31, 1, 45, 5, 35, 44, 12, 29, 14, 16, 41, 19, 39, 27, 48, 24, 9, 52, 13, 11, 8, 32, 42, 30, 36, 49, 46, 4, 28, 26, 51, 33, 21, 17, 47, 10, 37, 18, 38, 34, 25, 6, 43, 15, 40, 3, 7, 2, 22]

Individual 79:
  Route length: 22526
  Contribution to Diversity: 0.00033488072098109
  Route: [28, 36, 30, 6, 4, 35, 23, 7, 42, 17, 21, 41, 45, 3, 39, 5, 34, 46, 51, 43, 31, 2, 29, 50, 20, 12, 14, 52, 16, 8, 47, 44, 26, 27, 40, 10, 9, 38, 33, 11, 25, 13, 18, 49, 48, 32, 24, 19, 15, 37, 1, 22]

Individual 80:
  Route length: 22369
  Contribution to Diversity: 0.0011111301719912703
  Route: [1, 48, 31, 18, 38, 50, 25, 30, 42, 3, 7, 23, 40, 49, 33, 51, 45, 10, 15, 5, 26, 47, 27, 13, 11, 52, 34, 9, 37, 36, 35, 28, 46, 20, 41, 19, 8, 6, 43, 4, 39, 12, 17, 16, 44, 2, 29, 14, 24, 21, 32, 22]

Individual 81:
  Route length: 21296
  Contribution to Diversity: 0.001329683467223397
  Route: [7, 30, 12, 5, 32, 34, 39, 38, 15, 6, 11, 26, 27, 28, 1, 25, 13, 47, 46, 50, 3, 17, 20, 21, 4, 40, 37, 43, 52, 14, 2, 44, 23, 42, 18, 10, 41, 19, 9, 49, 45, 35, 36, 31, 48, 51, 16, 29, 24, 33, 8, 22]

Individual 82:
  Route length: 20244
  Contribution to Diversity: 0.0012680397905366902
  Route: [16, 46, 32, 18, 45, 35, 9, 31, 44, 42, 20, 50, 24, 34, 7, 30, 12, 14, 52, 11, 27, 47, 13, 28, 48, 1, 29, 3, 39, 37, 41, 5, 40, 8, 4, 38, 6, 19, 10, 43, 33, 36, 15, 26, 25, 51, 21, 23, 2, 17, 49, 22]

Individual 83:
  Route length: 22495
  Contribution to Diversity: 0.00024755600105752507
  Route: [28, 36, 30, 6, 33, 38, 9, 10, 40, 27, 26, 44, 47, 8, 41, 45, 3, 39, 4, 35, 23, 7, 42, 17, 21, 16, 52, 14, 12, 20, 50, 29, 2, 31, 43, 51, 46, 34, 5, 11, 25, 13, 18, 49, 48, 32, 24, 19, 15, 37, 1, 22]

Individual 84:
  Route length: 22547
  Contribution to Diversity: 0.00021593505991468476
  Route: [38, 48, 49, 10, 46, 16, 34, 26, 28, 13, 47, 50, 30, 33, 51, 52, 2, 35, 23, 20, 4, 44, 18, 24, 5, 6, 27, 12, 43, 14, 3, 41, 40, 11, 25, 36, 45, 32, 9, 19, 8, 39, 42, 7, 29, 15, 37, 1, 17, 31, 21, 22]

Individual 85:
  Route length: 22148
  Contribution to Diversity: 0.001955201038153831
  Route: [16, 46, 32, 18, 45, 35, 9, 14, 12, 30, 7, 34, 24, 50, 20, 42, 44, 31, 52, 11, 27, 47, 13, 28, 48, 1, 29, 3, 39, 37, 41, 5, 40, 8, 4, 38, 6, 19, 10, 43, 33, 36, 15, 26, 25, 51, 21, 23, 2, 17, 49, 22]

Individual 86:
  Route length: 22551
  Contribution to Diversity: 0.001174260839168717
  Route: [43, 14, 13, 6, 35, 19, 21, 52, 29, 50, 4, 12, 33, 38, 42, 24, 1, 49, 44, 15, 30, 39, 2, 7, 36, 37, 34, 18, 3, 17, 20, 32, 31, 9, 40, 46, 16, 48, 23, 45, 8, 51, 11, 5, 25, 47, 26, 27, 28, 10, 41, 22]

Individual 87:
  Route length: 21454
  Contribution to Diversity: 0.0013191907098049072
  Route: [30, 46, 23, 41, 40, 11, 15, 25, 47, 26, 4, 35, 3, 9, 10, 5, 24, 49, 43, 33, 16, 50, 51, 48, 6, 52, 1, 39, 36, 32, 38, 44, 19, 8, 29, 42, 7, 2, 28, 12, 14, 13, 27, 31, 18, 37, 21, 17, 34, 45, 20, 22]

Individual 88:
  Route length: 22619
  Contribution to Diversity: 0.0012598334127194022
  Route: [6, 34, 3, 37, 16, 44, 2, 45, 35, 1, 31, 32, 7, 5, 38, 48, 25, 28, 27, 12, 33, 4, 43, 21, 42, 49, 20, 51, 11, 52, 14, 39, 13, 47, 36, 10, 9, 17, 40, 30, 41, 24, 8, 19, 50, 23, 15, 18, 26, 29, 46, 22]

Individual 89:
  Route length: 22591
  Contribution to Diversity: 0.0003816974303667564
  Route: [49, 1, 45, 10, 38, 5, 51, 26, 47, 52, 35, 36, 2, 20, 43, 9, 48, 31, 14, 29, 30, 50, 11, 13, 12, 19, 33, 15, 24, 41, 6, 46, 8, 40, 37, 16, 44, 34, 17, 32, 42, 23, 39, 27, 28, 4, 25, 21, 7, 18, 3, 22]

Individual 90:
  Route length: 22252
  Contribution to Diversity: 0
  Route: [52, 14, 44, 33, 39, 4, 49, 31, 23, 2, 7, 17, 26, 47, 50, 29, 25, 27, 28, 13, 24, 42, 38, 20, 3, 16, 46, 19, 48, 36, 45, 43, 37, 11, 35, 10, 9, 8, 41, 21, 32, 30, 40, 12, 51, 18, 15, 5, 6, 34, 1, 22]

Individual 91:
  Route length: 22498
  Contribution to Diversity: 0.0006925773561832216
  Route: [10, 39, 36, 5, 37, 40, 29, 2, 19, 14, 52, 13, 48, 4, 7, 32, 9, 8, 41, 15, 6, 47, 44, 38, 49, 1, 42, 50, 3, 43, 33, 51, 11, 20, 46, 24, 35, 45, 18, 25, 21, 27, 26, 28, 23, 30, 16, 12, 17, 31, 34, 22]

Individual 92:
  Route length: 21816
  Contribution to Diversity: 0.0009860317894698767
  Route: [2, 14, 11, 52, 26, 47, 42, 7, 21, 15, 46, 43, 33, 51, 6, 25, 8, 45, 12, 50, 41, 35, 34, 36, 17, 37, 32, 19, 27, 13, 28, 39, 49, 48, 16, 20, 31, 29, 38, 24, 9, 4, 3, 18, 30, 10, 5, 44, 1, 40, 23, 22]

Individual 93:
  Route length: 22099
  Contribution to Diversity: 0.001377279534443332
  Route: [2, 14, 11, 52, 26, 47, 42, 7, 21, 15, 46, 43, 33, 51, 6, 25, 3, 4, 9, 24, 38, 29, 31, 20, 16, 48, 49, 39, 28, 13, 27, 19, 32, 37, 17, 36, 34, 35, 41, 50, 12, 45, 8, 18, 30, 10, 5, 44, 1, 40, 23, 22]

Individual 94:
  Route length: 21674
  Contribution to Diversity: 0.0011954981204196358
  Route: [33, 36, 42, 32, 44, 11, 39, 48, 30, 50, 16, 6, 37, 24, 31, 17, 49, 21, 43, 10, 3, 38, 46, 51, 25, 41, 2, 12, 28, 52, 14, 13, 47, 26, 27, 1, 40, 4, 5, 19, 29, 7, 18, 23, 35, 34, 20, 15, 9, 8, 45, 22]

Individual 95:
  Route length: 21724
  Contribution to Diversity: 0
  Route: [28, 27, 25, 29, 50, 47, 26, 17, 7, 2, 23, 31, 49, 4, 39, 33, 44, 14, 52, 13, 24, 42, 38, 20, 3, 16, 46, 19, 48, 36, 45, 43, 37, 11, 35, 10, 9, 8, 41, 21, 32, 30, 40, 12, 51, 18, 15, 5, 6, 34, 1, 22]

Individual 96:
  Route length: 21864
  Contribution to Diversity: 0.0005799189043429465
  Route: [49, 1, 45, 10, 38, 5, 51, 26, 47, 52, 35, 36, 2, 20, 43, 9, 48, 31, 14, 29, 30, 50, 39, 23, 42, 37, 16, 44, 34, 17, 32, 40, 8, 46, 6, 41, 24, 15, 33, 19, 12, 13, 11, 27, 28, 4, 25, 21, 7, 18, 3, 22]

Individual 97:
  Route length: 22517
  Contribution to Diversity: 2.4856714417431647e-05
  Route: [5, 40, 44, 8, 13, 30, 41, 10, 24, 43, 45, 19, 9, 33, 51, 12, 36, 35, 27, 26, 11, 25, 46, 37, 2, 42, 21, 7, 49, 16, 18, 4, 52, 23, 47, 14, 6, 28, 15, 39, 50, 38, 48, 1, 17, 3, 29, 34, 31, 32, 20, 22]

Individual 98:
  Route length: 21329
  Contribution to Diversity: 0.0005725908888054576
  Route: [1, 30, 23, 4, 16, 36, 38, 49, 29, 31, 18, 3, 40, 46, 11, 6, 50, 10, 9, 34, 12, 26, 47, 45, 43, 37, 15, 5, 41, 48, 44, 20, 35, 24, 39, 25, 28, 51, 13, 52, 14, 33, 7, 42, 21, 19, 32, 27, 8, 2, 17, 22]

Individual 99:
  Route length: 22432
  Contribution to Diversity: 0.0012369887183671935
  Route: [8, 23, 30, 48, 47, 26, 19, 41, 24, 5, 49, 35, 37, 13, 27, 28, 52, 11, 6, 32, 7, 25, 29, 16, 9, 10, 18, 51, 4, 14, 31, 21, 33, 15, 38, 43, 3, 17, 1, 40, 44, 12, 45, 34, 46, 39, 20, 42, 2, 50, 36, 22]

Individual 100:
  Route length: 21966
  Contribution to Diversity: 0.0014812593823281262
  Route: [47, 38, 37, 48, 16, 4, 40, 24, 5, 43, 17, 6, 29, 28, 46, 15, 50, 20, 30, 2, 9, 8, 3, 31, 12, 52, 11, 42, 18, 45, 19, 41, 25, 49, 1, 23, 35, 36, 44, 32, 14, 51, 27, 26, 13, 34, 21, 7, 39, 33, 10, 22]

Individual 101:
  Route length: 21775
  Contribution to Diversity: 0
  Route: [21, 42, 24, 27, 26, 25, 46, 45, 16, 18, 19, 38, 51, 11, 3, 32, 36, 44, 34, 10, 4, 41, 9, 8, 17, 30, 20, 50, 13, 47, 28, 6, 15, 49, 12, 37, 31, 5, 2, 7, 52, 14, 35, 1, 43, 33, 23, 29, 48, 40, 39, 22]

Individual 102:
  Route length: 22605
  Contribution to Diversity: 0.0006817181417257956
  Route: [23, 17, 42, 7, 28, 36, 30, 6, 4, 35, 21, 16, 48, 49, 18, 13, 25, 47, 45, 3, 41, 8, 11, 33, 38, 9, 10, 40, 27, 26, 44, 39, 5, 34, 46, 51, 43, 31, 2, 29, 50, 20, 12, 14, 52, 32, 24, 19, 15, 37, 1, 22]

Individual 103:
  Route length: 22494
  Contribution to Diversity: 0.0005372463665205274
  Route: [18, 50, 14, 37, 2, 7, 44, 3, 8, 9, 24, 51, 25, 48, 5, 13, 47, 26, 11, 6, 33, 36, 32, 19, 10, 41, 31, 34, 38, 35, 27, 30, 49, 46, 29, 39, 1, 20, 28, 43, 40, 16, 45, 15, 4, 12, 52, 42, 23, 17, 21, 22]

Individual 104:
  Route length: 22462
  Contribution to Diversity: 0.00046860909467572043
  Route: [49, 46, 32, 4, 43, 26, 47, 25, 29, 18, 48, 30, 38, 41, 17, 27, 14, 13, 35, 9, 10, 5, 24, 15, 51, 12, 28, 50, 23, 2, 1, 16, 39, 31, 44, 6, 33, 52, 34, 11, 45, 21, 42, 7, 8, 19, 36, 37, 40, 3, 20, 22]

Individual 105:
  Route length: 22103
  Contribution to Diversity: 0.00031728369092398623
  Route: [1, 34, 15, 37, 48, 36, 46, 26, 24, 38, 20, 35, 42, 3, 4, 28, 47, 30, 23, 50, 14, 33, 51, 29, 13, 27, 11, 52, 9, 8, 19, 6, 45, 32, 10, 49, 5, 39, 2, 7, 21, 44, 17, 25, 16, 12, 18, 41, 40, 43, 31, 22]

Individual 106:
  Route length: 22577
  Contribution to Diversity: 0
  Route: [41, 6, 4, 36, 44, 2, 7, 5, 19, 8, 17, 10, 46, 39, 15, 38, 14, 52, 28, 13, 11, 21, 32, 42, 47, 35, 18, 20, 48, 16, 29, 30, 9, 3, 23, 40, 31, 50, 34, 45, 49, 51, 12, 1, 24, 26, 27, 43, 33, 37, 25, 22]

Individual 107:
  Route length: 22034
  Contribution to Diversity: 0
  Route: [1, 49, 38, 21, 14, 13, 35, 52, 11, 46, 20, 50, 48, 24, 15, 2, 30, 29, 47, 26, 10, 33, 5, 39, 36, 3, 31, 18, 9, 43, 6, 34, 28, 7, 45, 4, 51, 27, 32, 19, 17, 42, 25, 12, 44, 16, 23, 37, 40, 41, 8, 22]

Individual 108:
  Route length: 22333
  Contribution to Diversity: 0
  Route: [1, 49, 38, 21, 14, 13, 29, 47, 26, 10, 24, 48, 50, 20, 46, 11, 52, 35, 30, 2, 15, 33, 5, 39, 36, 3, 31, 18, 9, 43, 6, 34, 28, 7, 45, 4, 51, 27, 32, 40, 37, 23, 16, 44, 12, 25, 42, 17, 19, 41, 8, 22]

Individual 109:
  Route length: 22007
  Contribution to Diversity: 0.0011830548303315425
  Route: [17, 24, 30, 31, 32, 3, 9, 41, 11, 51, 5, 38, 36, 43, 33, 4, 25, 47, 46, 48, 27, 14, 52, 29, 39, 21, 2, 7, 26, 8, 10, 49, 28, 42, 35, 1, 15, 12, 13, 23, 16, 18, 19, 45, 37, 20, 44, 50, 40, 6, 34, 22]

Individual 110:
  Route length: 21851
  Contribution to Diversity: 0.0008994529854771116
  Route: [36, 40, 16, 48, 38, 24, 27, 30, 2, 7, 12, 25, 15, 44, 49, 1, 18, 45, 11, 26, 14, 52, 47, 20, 5, 34, 42, 4, 28, 3, 41, 8, 19, 9, 43, 29, 50, 46, 10, 39, 35, 37, 31, 51, 33, 6, 32, 21, 17, 23, 13, 22]

Individual 111:
  Route length: 21774
  Contribution to Diversity: 0.0003063645913883306
  Route: [23, 50, 31, 10, 37, 48, 24, 9, 46, 49, 3, 17, 21, 32, 42, 30, 36, 8, 11, 13, 20, 1, 45, 5, 35, 44, 12, 29, 14, 52, 4, 28, 26, 51, 33, 34, 25, 6, 40, 15, 43, 38, 18, 41, 19, 39, 27, 16, 2, 7, 47, 22]

Individual 112:
  Route length: 22265
  Contribution to Diversity: 0.0002889762594771028
  Route: [37, 51, 5, 48, 33, 27, 12, 25, 4, 32, 49, 29, 47, 13, 39, 16, 24, 45, 35, 28, 52, 23, 46, 44, 6, 42, 15, 19, 31, 40, 34, 8, 10, 41, 50, 30, 1, 38, 43, 21, 17, 7, 2, 36, 20, 18, 3, 9, 11, 14, 26, 22]

Individual 113:
  Route length: 22305
  Contribution to Diversity: 0.0005652528258588418
  Route: [23, 50, 31, 10, 37, 48, 24, 9, 46, 49, 3, 17, 21, 32, 42, 30, 36, 8, 11, 13, 20, 1, 45, 5, 35, 44, 12, 29, 19, 41, 18, 38, 43, 15, 40, 6, 25, 34, 33, 51, 26, 28, 4, 52, 14, 39, 27, 16, 2, 7, 47, 22]

Individual 114:
  Route length: 21979
  Contribution to Diversity: 0.0004504493564914114
  Route: [30, 50, 33, 36, 32, 41, 10, 9, 29, 44, 27, 15, 42, 7, 2, 16, 1, 21, 17, 35, 34, 45, 38, 48, 51, 13, 14, 52, 19, 39, 4, 3, 40, 20, 6, 25, 47, 26, 37, 28, 12, 31, 18, 43, 49, 24, 5, 23, 46, 11, 8, 22]

Individual 115:
  Route length: 22266
  Contribution to Diversity: 0.0006923073969815619
  Route: [50, 30, 48, 38, 17, 33, 40, 16, 49, 32, 8, 2, 42, 7, 24, 5, 36, 19, 41, 11, 27, 52, 51, 45, 34, 44, 31, 20, 9, 10, 46, 4, 15, 37, 47, 21, 25, 6, 14, 43, 12, 29, 13, 28, 26, 3, 18, 1, 39, 35, 23, 22]

Individual 116:
  Route length: 22377
  Contribution to Diversity: 0.0002856858616366864
  Route: [6, 3, 38, 47, 35, 41, 45, 44, 26, 16, 46, 1, 29, 50, 4, 25, 12, 28, 2, 7, 42, 40, 37, 15, 52, 14, 17, 33, 51, 24, 34, 5, 43, 30, 32, 49, 31, 21, 36, 13, 27, 20, 23, 18, 39, 8, 10, 9, 19, 11, 48, 22]

Individual 117:
  Route length: 21783
  Contribution to Diversity: 0.0010358444983280535
  Route: [29, 10, 48, 26, 47, 28, 4, 23, 20, 2, 7, 16, 12, 14, 52, 43, 8, 18, 50, 13, 27, 31, 44, 9, 39, 40, 34, 37, 17, 30, 3, 45, 35, 46, 38, 42, 41, 19, 5, 49, 1, 25, 21, 24, 33, 11, 51, 6, 15, 36, 32, 22]

Individual 118:
  Route length: 22051
  Contribution to Diversity: 0.00023468652629254905
  Route: [24, 39, 3, 42, 26, 47, 13, 50, 52, 35, 29, 11, 43, 44, 30, 2, 7, 17, 21, 28, 12, 25, 23, 20, 45, 4, 1, 32, 49, 41, 19, 18, 15, 10, 9, 8, 51, 14, 5, 37, 38, 27, 33, 34, 16, 36, 40, 46, 6, 48, 31, 22]

Individual 119:
  Route length: 22045
  Contribution to Diversity: 0.0012795735545214626
  Route: [36, 1, 16, 32, 45, 23, 8, 41, 19, 21, 3, 17, 2, 29, 34, 49, 10, 51, 6, 4, 14, 44, 46, 43, 33, 35, 28, 12, 27, 26, 47, 30, 7, 18, 31, 52, 11, 9, 48, 24, 50, 13, 38, 42, 39, 15, 25, 20, 40, 37, 5, 22]

Individual 120:
  Route length: 22305
  Contribution to Diversity: 0
  Route: [46, 35, 20, 23, 24, 49, 44, 4, 6, 15, 16, 19, 37, 21, 31, 42, 9, 30, 38, 48, 18, 45, 14, 52, 1, 5, 51, 40, 39, 36, 10, 8, 41, 12, 28, 27, 26, 3, 34, 25, 32, 17, 7, 2, 50, 29, 11, 33, 47, 13, 43, 22]

Individual 121:
  Route length: 22470
  Contribution to Diversity: 0.0003944483874125382
  Route: [6, 3, 17, 27, 48, 25, 36, 40, 16, 39, 11, 41, 19, 7, 42, 30, 44, 1, 4, 20, 49, 10, 9, 50, 35, 37, 24, 2, 23, 32, 45, 12, 46, 47, 26, 21, 29, 18, 31, 38, 28, 51, 33, 43, 15, 14, 52, 13, 8, 5, 34, 22]

Individual 122:
  Route length: 22098
  Contribution to Diversity: 0
  Route: [33, 1, 50, 35, 17, 21, 45, 8, 9, 19, 10, 41, 43, 36, 49, 20, 27, 14, 52, 37, 6, 13, 47, 26, 38, 25, 51, 28, 18, 40, 29, 44, 7, 11, 16, 46, 42, 12, 4, 5, 15, 30, 2, 23, 32, 48, 39, 34, 24, 31, 3, 22]

Individual 123:
  Route length: 22398
  Contribution to Diversity: 0.00012399169109311714
  Route: [12, 14, 52, 11, 33, 6, 23, 37, 40, 21, 24, 13, 32, 16, 27, 31, 18, 48, 44, 19, 5, 36, 20, 46, 50, 29, 42, 7, 2, 30, 15, 35, 34, 3, 51, 9, 10, 41, 45, 1, 25, 47, 17, 4, 39, 49, 43, 28, 26, 38, 8, 22]

Individual 124:
  Route length: 22571
  Contribution to Diversity: 0.0010507164096953403
  Route: [19, 16, 29, 14, 46, 45, 12, 27, 13, 18, 6, 28, 52, 40, 48, 34, 4, 25, 37, 10, 9, 51, 11, 32, 7, 35, 49, 44, 24, 5, 15, 33, 31, 39, 20, 21, 42, 30, 23, 8, 36, 1, 17, 3, 41, 2, 50, 26, 47, 43, 38, 22]

Individual 125:
  Route length: 22439
  Contribution to Diversity: 0
  Route: [33, 1, 50, 35, 17, 21, 45, 8, 9, 19, 10, 41, 43, 36, 49, 20, 27, 14, 52, 37, 6, 13, 47, 26, 38, 25, 16, 11, 7, 44, 29, 40, 18, 28, 51, 46, 42, 12, 4, 5, 15, 30, 2, 23, 32, 48, 39, 34, 24, 31, 3, 22]

Individual 126:
  Route length: 21615
  Contribution to Diversity: 0
  Route: [1, 49, 38, 21, 14, 13, 35, 52, 11, 46, 20, 50, 48, 24, 15, 2, 30, 29, 47, 26, 10, 33, 6, 43, 9, 18, 31, 3, 36, 39, 5, 34, 28, 7, 45, 4, 51, 27, 32, 40, 37, 23, 16, 44, 12, 25, 42, 17, 19, 41, 8, 22]

Individual 127:
  Route length: 22212
  Contribution to Diversity: 0
  Route: [41, 35, 18, 20, 48, 10, 17, 8, 19, 5, 7, 2, 44, 36, 4, 6, 47, 42, 32, 21, 11, 13, 28, 52, 14, 38, 15, 39, 46, 16, 29, 30, 9, 3, 23, 40, 31, 50, 34, 45, 49, 51, 12, 1, 24, 26, 27, 43, 33, 37, 25, 22]

Individual 128:
  Route length: 22199
  Contribution to Diversity: 0.00017241915514176753
  Route: [43, 10, 9, 39, 3, 21, 1, 40, 36, 23, 50, 16, 47, 28, 11, 51, 19, 26, 27, 35, 8, 44, 32, 12, 38, 45, 52, 41, 46, 25, 15, 5, 6, 14, 13, 33, 17, 7, 2, 30, 37, 18, 20, 29, 49, 24, 48, 42, 31, 4, 34, 22]

Individual 129:
  Route length: 22159
  Contribution to Diversity: 0
  Route: [20, 44, 48, 51, 38, 35, 36, 19, 31, 11, 47, 9, 8, 37, 14, 52, 5, 1, 23, 16, 25, 4, 24, 42, 21, 50, 7, 2, 30, 26, 13, 39, 49, 32, 33, 45, 29, 27, 10, 43, 28, 12, 18, 41, 17, 3, 40, 15, 6, 46, 34, 22]

Individual 130:
  Route length: 22378
  Contribution to Diversity: 0.00029181336687233994
  Route: [29, 25, 47, 26, 43, 4, 37, 40, 9, 23, 50, 28, 14, 13, 51, 12, 11, 34, 33, 52, 6, 44, 19, 36, 32, 46, 8, 7, 42, 21, 17, 27, 45, 41, 38, 10, 5, 24, 15, 35, 18, 48, 30, 2, 1, 16, 39, 31, 49, 3, 20, 22]

Individual 131:
  Route length: 22459
  Contribution to Diversity: 0.0008080889122847879
  Route: [50, 30, 48, 38, 17, 33, 40, 16, 49, 32, 8, 2, 42, 7, 24, 45, 51, 52, 27, 11, 41, 19, 36, 5, 34, 44, 31, 20, 9, 10, 46, 4, 15, 37, 47, 21, 25, 6, 14, 43, 12, 29, 13, 28, 26, 3, 18, 1, 39, 35, 23, 22]

Individual 132:
  Route length: 22558
  Contribution to Diversity: 0.0005801240273592967
  Route: [6, 3, 38, 47, 35, 41, 45, 44, 26, 16, 46, 1, 29, 50, 4, 25, 12, 28, 2, 7, 42, 40, 37, 15, 52, 14, 17, 33, 51, 24, 34, 49, 32, 30, 43, 5, 31, 21, 36, 13, 27, 20, 23, 18, 39, 8, 10, 9, 19, 11, 48, 22]

Individual 133:
  Route length: 22301
  Contribution to Diversity: 0.00037360201702352214
  Route: [29, 25, 47, 26, 43, 4, 37, 40, 9, 23, 50, 28, 14, 13, 51, 12, 11, 34, 33, 52, 6, 44, 19, 36, 32, 46, 8, 7, 42, 17, 21, 27, 45, 41, 38, 10, 5, 24, 15, 35, 18, 48, 30, 2, 1, 16, 39, 31, 49, 3, 20, 22]

Individual 134:
  Route length: 22444
  Contribution to Diversity: 0.0011228218938885703
  Route: [30, 50, 27, 10, 9, 35, 32, 36, 39, 1, 26, 25, 11, 15, 8, 43, 45, 38, 3, 4, 48, 51, 13, 14, 12, 28, 33, 19, 52, 6, 44, 31, 18, 37, 21, 7, 42, 29, 47, 40, 41, 23, 46, 16, 2, 17, 34, 5, 24, 49, 20, 22]

Individual 135:
  Route length: 21612
  Contribution to Diversity: 0
  Route: [41, 10, 17, 8, 19, 5, 7, 2, 44, 36, 4, 6, 48, 20, 18, 35, 47, 42, 32, 21, 11, 13, 28, 52, 14, 38, 15, 39, 46, 16, 29, 30, 9, 3, 23, 40, 31, 50, 34, 45, 49, 51, 12, 1, 24, 26, 27, 43, 33, 37, 25, 22]

Individual 136:
  Route length: 22109
  Contribution to Diversity: 0.0008568240044271036
  Route: [1, 52, 14, 13, 21, 16, 24, 15, 25, 18, 39, 20, 11, 38, 48, 45, 47, 26, 37, 3, 34, 2, 7, 31, 42, 29, 46, 12, 43, 33, 51, 28, 35, 32, 27, 44, 50, 23, 19, 10, 8, 9, 17, 5, 49, 4, 6, 40, 41, 36, 30, 22]

Individual 137:
  Route length: 22293
  Contribution to Diversity: 0
  Route: [41, 6, 4, 36, 44, 2, 7, 5, 19, 8, 17, 10, 48, 34, 50, 31, 40, 23, 3, 9, 30, 29, 16, 46, 39, 15, 38, 14, 52, 28, 13, 11, 21, 32, 42, 47, 35, 18, 20, 45, 49, 51, 12, 1, 24, 26, 27, 43, 33, 37, 25, 22]

Individual 138:
  Route length: 22073
  Contribution to Diversity: 0
  Route: [33, 1, 50, 35, 17, 21, 45, 8, 9, 19, 10, 41, 43, 36, 49, 20, 27, 14, 7, 44, 29, 40, 18, 28, 51, 25, 38, 26, 47, 13, 6, 37, 52, 11, 16, 46, 42, 12, 4, 5, 15, 30, 2, 23, 32, 48, 39, 34, 24, 31, 3, 22]

Individual 139:
  Route length: 22579
  Contribution to Diversity: 0.0004557078650515578
  Route: [20, 44, 48, 36, 13, 26, 35, 16, 27, 29, 51, 38, 23, 1, 5, 52, 14, 37, 18, 41, 8, 12, 4, 24, 42, 21, 50, 7, 2, 30, 39, 49, 32, 33, 45, 19, 31, 11, 47, 9, 17, 3, 40, 15, 6, 25, 10, 43, 28, 46, 34, 22]

Individual 140:
  Route length: 22596
  Contribution to Diversity: 0.000574431041350465
  Route: [6, 43, 33, 51, 28, 38, 31, 18, 50, 35, 37, 24, 2, 23, 32, 45, 12, 46, 47, 26, 21, 29, 9, 10, 49, 48, 25, 36, 40, 16, 39, 11, 41, 19, 7, 42, 30, 44, 1, 4, 20, 27, 17, 3, 15, 14, 52, 13, 8, 5, 34, 22]

Individual 141:
  Route length: 22545
  Contribution to Diversity: 0.00019017216951233706
  Route: [7, 39, 5, 46, 17, 3, 29, 36, 35, 45, 19, 41, 10, 43, 8, 50, 21, 44, 4, 32, 38, 34, 48, 12, 2, 13, 25, 1, 40, 47, 26, 27, 28, 37, 20, 18, 42, 9, 49, 31, 30, 14, 52, 23, 16, 51, 11, 33, 24, 15, 6, 22]

Individual 142:
  Route length: 22600
  Contribution to Diversity: 0.0003698704262280472
  Route: [38, 48, 49, 10, 46, 16, 34, 26, 28, 13, 47, 50, 30, 11, 40, 41, 3, 14, 43, 12, 27, 6, 5, 24, 18, 44, 4, 20, 23, 35, 2, 52, 51, 33, 25, 36, 45, 32, 9, 19, 8, 39, 42, 7, 29, 15, 37, 1, 17, 31, 21, 22]

Individual 143:
  Route length: 22168
  Contribution to Diversity: 0.0010147234154898044
  Route: [46, 44, 30, 10, 19, 45, 15, 29, 28, 50, 16, 43, 36, 23, 21, 17, 27, 34, 42, 7, 2, 41, 8, 35, 12, 24, 26, 33, 3, 18, 9, 49, 4, 25, 5, 13, 14, 52, 48, 38, 1, 32, 20, 47, 6, 51, 11, 31, 40, 37, 39, 22]

Individual 144:
  Route length: 22010
  Contribution to Diversity: 0.0011929945736044445
  Route: [1, 17, 8, 39, 38, 16, 34, 23, 37, 43, 33, 51, 42, 21, 45, 40, 4, 25, 50, 28, 30, 35, 44, 27, 7, 31, 20, 12, 5, 48, 29, 2, 3, 11, 52, 13, 14, 47, 15, 46, 6, 24, 32, 41, 10, 49, 26, 36, 9, 19, 18, 22]

Individual 145:
  Route length: 22218
  Contribution to Diversity: 0.0007789968837901284
  Route: [1, 52, 11, 13, 14, 29, 2, 44, 12, 17, 16, 39, 4, 43, 6, 8, 19, 41, 20, 46, 28, 5, 15, 10, 45, 21, 24, 27, 47, 26, 35, 36, 37, 9, 34, 48, 31, 18, 38, 50, 25, 30, 42, 3, 7, 23, 40, 49, 33, 51, 32, 22]

Individual 146:
  Route length: 22577
  Contribution to Diversity: 0
  Route: [33, 1, 50, 35, 17, 21, 45, 37, 6, 13, 47, 26, 38, 25, 51, 28, 18, 40, 29, 44, 7, 14, 27, 20, 49, 36, 43, 41, 10, 19, 9, 8, 52, 11, 16, 46, 42, 12, 4, 5, 15, 30, 2, 23, 32, 48, 39, 34, 24, 31, 3, 22]

Individual 147:
  Route length: 22613
  Contribution to Diversity: 0
  Route: [5, 40, 44, 8, 13, 30, 41, 10, 24, 43, 45, 18, 16, 49, 7, 21, 42, 2, 37, 46, 25, 11, 26, 27, 35, 36, 12, 51, 33, 9, 19, 4, 52, 23, 47, 14, 6, 28, 15, 39, 50, 38, 48, 1, 17, 3, 29, 34, 31, 32, 20, 22]

Individual 148:
  Route length: 22220
  Contribution to Diversity: 0
  Route: [52, 14, 44, 33, 39, 4, 49, 17, 7, 2, 23, 31, 26, 47, 50, 29, 25, 27, 28, 13, 24, 42, 38, 20, 3, 16, 46, 19, 48, 36, 45, 43, 37, 11, 35, 10, 9, 8, 41, 21, 32, 30, 40, 12, 51, 18, 15, 5, 6, 34, 1, 22]

Individual 149:
  Route length: 21349
  Contribution to Diversity: 0
  Route: [21, 42, 24, 27, 26, 25, 46, 45, 16, 18, 19, 38, 51, 11, 3, 32, 36, 44, 34, 10, 4, 41, 9, 8, 17, 7, 2, 5, 31, 37, 12, 49, 15, 6, 28, 47, 13, 50, 20, 30, 52, 14, 35, 1, 43, 33, 23, 29, 48, 40, 39, 22]

Total Entropy H: 6.829819156149384
