Individual 0:
  Route length: 9425
  Contribution to Diversity: 0.0001690712024124963
  Route: [21, 42, 7, 2, 30, 23, 20, 50, 29, 16, 48, 5, 38, 15, 6, 40, 37, 4, 32, 49, 1, 17, 3, 18, 44, 34, 35, 36, 46, 24, 25, 12, 28, 27, 26, 47, 13, 14, 52, 11, 51, 33, 43, 10, 9, 8, 41, 19, 45, 39, 31, 22]

Individual 1:
  Route length: 9417
  Contribution to Diversity: 0.0006789637948969585
  Route: [40, 39, 36, 49, 42, 7, 2, 30, 23, 20, 50, 16, 29, 46, 44, 35, 34, 37, 1, 38, 5, 15, 24, 48, 6, 4, 25, 12, 28, 27, 14, 26, 47, 13, 52, 11, 51, 33, 43, 10, 9, 8, 41, 19, 45, 32, 21, 17, 3, 18, 31, 22]

Individual 2:
  Route length: 9390
  Contribution to Diversity: 0.0006144322066905517
  Route: [17, 21, 42, 7, 2, 30, 23, 20, 50, 1, 49, 32, 29, 16, 46, 37, 15, 5, 25, 4, 6, 35, 34, 44, 38, 48, 24, 12, 28, 27, 26, 47, 13, 14, 52, 11, 51, 33, 43, 10, 9, 8, 41, 19, 39, 40, 36, 45, 3, 18, 31, 22]

Individual 3:
  Route length: 9399
  Contribution to Diversity: 0.0006036286877684205
  Route: [37, 40, 39, 24, 5, 35, 36, 48, 38, 1, 44, 46, 16, 29, 50, 20, 23, 30, 2, 7, 42, 17, 21, 3, 32, 45, 19, 41, 8, 9, 10, 43, 33, 51, 11, 52, 13, 47, 26, 14, 27, 28, 12, 25, 4, 6, 15, 34, 49, 18, 31, 22]

Individual 4:
  Route length: 9410
  Contribution to Diversity: 0.00018496704468073943
  Route: [1, 49, 3, 17, 21, 42, 7, 2, 30, 23, 20, 50, 29, 47, 26, 27, 28, 13, 14, 52, 11, 51, 33, 43, 48, 24, 5, 15, 38, 37, 16, 46, 36, 39, 34, 44, 35, 40, 25, 12, 4, 6, 8, 9, 10, 41, 19, 45, 32, 18, 31, 22]

Individual 5:
  Route length: 9378
  Contribution to Diversity: 0.0008439890981914999
  Route: [1, 34, 44, 46, 16, 29, 50, 20, 23, 30, 42, 7, 2, 21, 17, 3, 45, 41, 19, 31, 18, 35, 49, 32, 39, 40, 38, 15, 5, 24, 48, 8, 9, 10, 43, 33, 51, 11, 52, 14, 13, 27, 26, 47, 28, 12, 25, 4, 37, 6, 36, 22]

Individual 6:
  Route length: 9403
  Contribution to Diversity: 0.001640434808869884
  Route: [18, 3, 17, 21, 42, 7, 2, 30, 20, 35, 36, 39, 40, 37, 44, 25, 4, 15, 6, 5, 24, 48, 38, 34, 23, 50, 29, 16, 46, 12, 28, 27, 26, 47, 13, 14, 52, 11, 51, 33, 43, 10, 9, 1, 49, 32, 45, 19, 41, 8, 31, 22]

Individual 7:
  Route length: 9396
  Contribution to Diversity: 0.0012826172942537184
  Route: [21, 17, 42, 2, 7, 30, 23, 20, 50, 29, 16, 46, 44, 39, 48, 38, 37, 40, 10, 9, 8, 41, 19, 35, 34, 43, 33, 51, 11, 13, 52, 14, 47, 26, 27, 28, 12, 25, 4, 6, 5, 15, 24, 36, 45, 32, 49, 1, 3, 18, 31, 22]

Individual 8:
  Route length: 9362
  Contribution to Diversity: 0.0006746578896645872
  Route: [1, 49, 18, 15, 5, 24, 48, 39, 32, 31, 23, 30, 2, 7, 42, 21, 17, 3, 19, 41, 8, 9, 10, 43, 33, 51, 11, 52, 14, 13, 27, 26, 47, 28, 12, 25, 4, 40, 45, 36, 38, 6, 37, 35, 34, 44, 46, 16, 29, 50, 20, 22]

Individual 9:
  Route length: 9421
  Contribution to Diversity: 0.00110547571531594
  Route: [1, 49, 31, 18, 44, 46, 16, 50, 20, 30, 17, 19, 41, 8, 9, 10, 43, 33, 51, 11, 52, 14, 13, 47, 26, 27, 28, 12, 4, 25, 6, 15, 40, 37, 38, 48, 24, 5, 39, 36, 35, 34, 29, 23, 21, 42, 7, 2, 3, 45, 32, 22]

Individual 10:
  Route length: 9383
  Contribution to Diversity: 0.0009854650781262464
  Route: [1, 49, 35, 24, 40, 37, 38, 48, 44, 15, 5, 46, 16, 29, 50, 20, 23, 30, 36, 34, 39, 6, 4, 25, 11, 52, 14, 13, 47, 26, 27, 28, 12, 51, 33, 43, 10, 9, 8, 41, 19, 45, 32, 42, 7, 2, 21, 17, 3, 31, 18, 22]

Individual 11:
  Route length: 9425
  Contribution to Diversity: 0.0012227842517065213
  Route: [1, 49, 31, 18, 44, 46, 16, 50, 20, 30, 17, 3, 2, 7, 42, 21, 23, 29, 34, 35, 36, 39, 40, 37, 38, 48, 24, 5, 15, 6, 25, 4, 12, 28, 27, 11, 52, 14, 13, 47, 26, 51, 33, 43, 10, 9, 8, 41, 19, 45, 32, 22]

Individual 12:
  Route length: 9343
  Contribution to Diversity: 0.00040201270226791763
  Route: [1, 49, 32, 45, 44, 34, 35, 36, 39, 38, 40, 37, 48, 24, 5, 15, 6, 10, 8, 41, 19, 9, 43, 33, 51, 27, 28, 26, 47, 13, 14, 52, 11, 12, 25, 4, 46, 16, 29, 50, 20, 23, 30, 2, 7, 42, 18, 3, 17, 21, 31, 22]

Individual 13:
  Route length: 9423
  Contribution to Diversity: 0.0004321412588357276
  Route: [21, 42, 7, 2, 30, 23, 20, 50, 29, 16, 37, 40, 6, 24, 25, 12, 28, 27, 26, 47, 13, 14, 52, 11, 51, 33, 43, 10, 9, 8, 41, 19, 45, 39, 36, 35, 34, 18, 3, 17, 1, 49, 32, 44, 4, 48, 5, 38, 15, 46, 31, 22]

Individual 14:
  Route length: 9353
  Contribution to Diversity: 0.001155126539313045
  Route: [1, 49, 50, 29, 16, 23, 21, 42, 7, 2, 30, 20, 17, 3, 18, 31, 34, 44, 46, 38, 37, 40, 32, 45, 19, 8, 41, 9, 10, 43, 33, 51, 11, 52, 14, 13, 47, 26, 27, 28, 12, 25, 5, 48, 24, 39, 15, 6, 4, 36, 35, 22]

Individual 15:
  Route length: 9351
  Contribution to Diversity: 0.0006695307958679564
  Route: [49, 36, 20, 50, 16, 29, 46, 44, 34, 40, 1, 38, 24, 5, 15, 48, 6, 4, 25, 12, 28, 27, 47, 26, 14, 13, 52, 11, 51, 33, 43, 10, 9, 8, 41, 19, 45, 32, 39, 37, 35, 42, 7, 2, 30, 23, 21, 17, 3, 18, 31, 22]

Individual 16:
  Route length: 9320
  Contribution to Diversity: 0.0004519017672865999
  Route: [1, 31, 20, 50, 29, 16, 5, 6, 15, 4, 24, 32, 49, 36, 19, 45, 41, 8, 9, 10, 43, 33, 51, 11, 52, 14, 13, 47, 27, 26, 28, 12, 25, 35, 34, 44, 46, 48, 38, 37, 40, 39, 18, 3, 17, 21, 42, 7, 2, 30, 23, 22]

Individual 17:
  Route length: 9374
  Contribution to Diversity: 0.0008439536142228476
  Route: [17, 21, 42, 2, 7, 30, 23, 20, 50, 29, 16, 46, 44, 34, 35, 49, 32, 45, 36, 5, 15, 6, 43, 33, 51, 11, 13, 52, 14, 47, 26, 27, 28, 12, 25, 4, 39, 48, 24, 38, 37, 40, 10, 9, 8, 41, 19, 1, 18, 3, 31, 22]

Individual 18:
  Route length: 9385
  Contribution to Diversity: 0.0007419806881694413
  Route: [35, 37, 39, 20, 50, 16, 29, 46, 44, 34, 40, 1, 38, 24, 5, 15, 48, 6, 4, 25, 12, 28, 27, 47, 26, 14, 13, 52, 11, 51, 33, 43, 10, 9, 8, 41, 19, 45, 32, 36, 49, 42, 7, 2, 30, 23, 21, 17, 3, 18, 31, 22]

Individual 19:
  Route length: 9380
  Contribution to Diversity: 0.00019508938386625374
  Route: [1, 44, 29, 20, 50, 2, 7, 42, 21, 23, 30, 17, 3, 16, 46, 34, 35, 36, 39, 5, 24, 48, 37, 38, 40, 15, 6, 25, 4, 12, 28, 27, 26, 47, 14, 13, 52, 11, 51, 33, 43, 10, 9, 8, 41, 19, 45, 32, 31, 49, 18, 22]

Individual 20:
  Route length: 9388
  Contribution to Diversity: 0.00016272592532828867
  Route: [31, 21, 17, 3, 18, 42, 7, 2, 30, 23, 20, 50, 29, 16, 46, 4, 25, 12, 11, 52, 14, 13, 47, 26, 28, 27, 51, 33, 43, 39, 36, 35, 34, 44, 38, 40, 37, 48, 24, 5, 15, 6, 10, 8, 41, 19, 9, 45, 32, 49, 1, 22]

Individual 21:
  Route length: 9371
  Contribution to Diversity: 0.0007738577823905857
  Route: [1, 24, 5, 39, 36, 35, 34, 18, 31, 49, 16, 3, 17, 30, 2, 7, 42, 21, 23, 50, 20, 29, 44, 46, 48, 38, 37, 40, 6, 15, 4, 25, 12, 28, 27, 26, 47, 14, 13, 52, 11, 51, 33, 43, 10, 9, 8, 41, 19, 45, 32, 22]

Individual 22:
  Route length: 9416
  Contribution to Diversity: 0.0008522493529206088
  Route: [1, 31, 18, 3, 17, 21, 2, 7, 42, 23, 30, 48, 38, 37, 40, 46, 16, 29, 50, 20, 32, 45, 19, 41, 8, 9, 10, 43, 33, 11, 52, 14, 13, 47, 26, 27, 28, 12, 51, 25, 15, 44, 24, 6, 4, 5, 39, 34, 36, 35, 49, 22]

Individual 23:
  Route length: 9387
  Contribution to Diversity: 0.001287908993592879
  Route: [21, 42, 7, 2, 30, 20, 23, 50, 29, 16, 37, 40, 4, 48, 5, 38, 15, 46, 36, 35, 34, 39, 32, 49, 1, 17, 3, 18, 45, 19, 41, 8, 9, 10, 43, 33, 51, 11, 52, 14, 13, 47, 26, 27, 28, 12, 6, 24, 25, 44, 31, 22]

Individual 24:
  Route length: 9424
  Contribution to Diversity: 0.00028263251100657527
  Route: [1, 49, 45, 36, 48, 39, 35, 32, 31, 23, 30, 2, 7, 42, 21, 17, 3, 18, 37, 6, 38, 24, 5, 15, 19, 41, 8, 9, 10, 43, 33, 51, 11, 52, 14, 13, 27, 26, 47, 28, 12, 25, 4, 40, 34, 44, 46, 16, 29, 50, 20, 22]

Individual 25:
  Route length: 9401
  Contribution to Diversity: 0.001264981294207601
  Route: [1, 49, 18, 3, 17, 21, 42, 2, 7, 30, 29, 50, 20, 23, 16, 46, 44, 34, 35, 37, 6, 36, 43, 33, 51, 11, 52, 14, 13, 27, 26, 47, 28, 12, 25, 4, 40, 45, 10, 9, 8, 41, 19, 38, 15, 5, 24, 48, 39, 32, 31, 22]

Individual 26:
  Route length: 9356
  Contribution to Diversity: 0.0006523041922346096
  Route: [1, 31, 18, 3, 17, 21, 42, 7, 2, 30, 23, 20, 50, 29, 47, 26, 27, 28, 13, 14, 52, 11, 51, 33, 43, 38, 37, 34, 44, 36, 39, 46, 16, 35, 40, 24, 15, 5, 6, 4, 12, 25, 48, 41, 19, 8, 10, 9, 45, 32, 49, 22]

Individual 27:
  Route length: 9392
  Contribution to Diversity: 0.0006390988326412383
  Route: [1, 31, 18, 3, 17, 21, 42, 7, 2, 30, 23, 20, 50, 29, 47, 26, 27, 28, 13, 14, 52, 11, 51, 33, 43, 48, 25, 12, 4, 6, 5, 15, 24, 40, 35, 44, 36, 39, 46, 16, 34, 37, 38, 8, 19, 41, 10, 9, 45, 32, 49, 22]

Individual 28:
  Route length: 9417
  Contribution to Diversity: 0.0013000575471702192
  Route: [21, 42, 7, 2, 30, 20, 23, 50, 29, 16, 37, 40, 4, 48, 12, 28, 27, 26, 47, 13, 14, 52, 11, 51, 33, 43, 10, 9, 8, 41, 19, 45, 18, 3, 17, 1, 49, 32, 39, 34, 35, 36, 46, 15, 38, 5, 6, 24, 25, 44, 31, 22]

Individual 29:
  Route length: 9336
  Contribution to Diversity: 0.0009577989325526559
  Route: [18, 3, 45, 36, 15, 5, 39, 19, 41, 8, 9, 10, 43, 33, 51, 11, 52, 14, 13, 47, 26, 27, 28, 12, 4, 6, 25, 24, 48, 38, 46, 37, 40, 35, 34, 32, 49, 1, 29, 44, 16, 50, 20, 23, 30, 21, 42, 7, 2, 17, 31, 22]

Individual 30:
  Route length: 9415
  Contribution to Diversity: 0.00030495709104894075
  Route: [1, 31, 18, 3, 17, 21, 42, 7, 2, 30, 23, 20, 50, 29, 47, 26, 27, 28, 13, 14, 52, 11, 51, 33, 43, 37, 34, 44, 36, 39, 46, 16, 35, 40, 38, 24, 15, 5, 6, 4, 12, 25, 48, 8, 19, 41, 10, 9, 45, 32, 49, 22]

Individual 31:
  Route length: 9342
  Contribution to Diversity: 0.0006634437379506863
  Route: [1, 31, 18, 3, 17, 21, 42, 7, 2, 30, 23, 20, 50, 29, 47, 26, 27, 28, 13, 14, 52, 11, 51, 33, 43, 39, 36, 44, 35, 40, 24, 15, 5, 6, 4, 12, 25, 48, 46, 16, 34, 37, 38, 8, 19, 41, 10, 9, 45, 32, 49, 22]

Individual 32:
  Route length: 9337
  Contribution to Diversity: 0.0013644663704237558
  Route: [1, 49, 18, 3, 17, 21, 42, 2, 7, 30, 29, 50, 20, 23, 16, 46, 44, 34, 35, 37, 6, 39, 48, 24, 5, 15, 38, 19, 41, 8, 9, 10, 45, 40, 4, 25, 12, 28, 47, 26, 27, 13, 14, 52, 11, 51, 33, 43, 36, 32, 31, 22]

Individual 33:
  Route length: 9408
  Contribution to Diversity: 0.0011194592253307434
  Route: [1, 20, 50, 24, 5, 40, 38, 37, 32, 45, 19, 41, 8, 9, 10, 43, 33, 51, 12, 28, 27, 26, 47, 13, 14, 52, 11, 25, 4, 6, 48, 35, 15, 39, 49, 36, 34, 46, 44, 16, 29, 30, 23, 18, 3, 17, 21, 42, 7, 2, 31, 22]

Individual 34:
  Route length: 9278
  Contribution to Diversity: 0.00128569360946873
  Route: [1, 31, 18, 38, 48, 24, 5, 15, 39, 40, 37, 46, 16, 29, 50, 20, 23, 30, 2, 7, 42, 21, 17, 3, 41, 8, 9, 10, 43, 33, 51, 11, 52, 14, 47, 26, 13, 27, 28, 12, 25, 4, 6, 49, 19, 44, 34, 35, 36, 32, 45, 22]

Individual 35:
  Route length: 9388
  Contribution to Diversity: 0.0008087302365336058
  Route: [18, 3, 45, 36, 34, 32, 49, 1, 29, 44, 38, 48, 24, 25, 6, 4, 12, 28, 27, 26, 47, 13, 14, 52, 11, 51, 33, 43, 10, 9, 8, 41, 19, 39, 5, 15, 35, 40, 37, 46, 16, 50, 20, 23, 30, 21, 42, 7, 2, 17, 31, 22]

Individual 36:
  Route length: 9372
  Contribution to Diversity: 0.00014541401493683992
  Route: [1, 49, 31, 18, 44, 29, 20, 50, 7, 2, 42, 21, 23, 30, 17, 3, 16, 46, 34, 35, 36, 39, 5, 24, 48, 37, 38, 40, 6, 15, 25, 4, 12, 28, 27, 26, 47, 14, 13, 52, 11, 51, 33, 43, 10, 9, 8, 41, 19, 45, 32, 22]

Individual 37:
  Route length: 9380
  Contribution to Diversity: 0.0006195462352902581
  Route: [17, 21, 42, 2, 7, 30, 23, 20, 50, 29, 16, 46, 44, 34, 35, 36, 45, 32, 49, 5, 15, 6, 43, 33, 51, 11, 13, 52, 14, 47, 26, 27, 28, 12, 25, 4, 39, 48, 24, 38, 37, 40, 10, 9, 8, 41, 19, 1, 18, 3, 31, 22]

Individual 38:
  Route length: 9384
  Contribution to Diversity: 0.0005996607696330258
  Route: [31, 21, 17, 3, 18, 42, 7, 2, 30, 23, 20, 50, 29, 16, 46, 6, 15, 5, 24, 48, 37, 40, 38, 39, 36, 35, 34, 44, 43, 33, 51, 27, 28, 26, 47, 13, 14, 52, 11, 12, 25, 4, 10, 8, 41, 19, 9, 45, 32, 49, 1, 22]

Individual 39:
  Route length: 9414
  Contribution to Diversity: 0.0005090069392803542
  Route: [1, 5, 15, 6, 4, 25, 24, 48, 49, 32, 45, 19, 41, 8, 9, 10, 43, 33, 51, 11, 52, 14, 13, 47, 26, 27, 28, 12, 38, 16, 29, 21, 42, 7, 2, 30, 50, 20, 31, 18, 3, 17, 23, 46, 44, 34, 37, 40, 39, 36, 35, 22]

Individual 40:
  Route length: 9412
  Contribution to Diversity: 0.0014473684988187685
  Route: [1, 41, 8, 24, 37, 5, 15, 6, 4, 44, 35, 34, 38, 48, 40, 36, 39, 25, 12, 28, 27, 26, 47, 13, 14, 52, 11, 51, 33, 43, 10, 9, 19, 45, 32, 49, 16, 46, 29, 50, 20, 23, 30, 2, 7, 42, 21, 17, 3, 18, 31, 22]

Individual 41:
  Route length: 9334
  Contribution to Diversity: 0.0005802021918235312
  Route: [38, 48, 36, 35, 5, 24, 39, 40, 37, 1, 44, 46, 16, 29, 50, 20, 23, 30, 2, 7, 42, 17, 21, 3, 32, 49, 34, 15, 6, 4, 25, 12, 28, 27, 14, 26, 47, 13, 52, 11, 51, 33, 43, 10, 9, 8, 41, 19, 45, 18, 31, 22]

Individual 42:
  Route length: 9406
  Contribution to Diversity: 0.0010511375467325834
  Route: [1, 20, 50, 24, 5, 40, 38, 37, 32, 45, 19, 41, 8, 9, 10, 43, 33, 51, 12, 28, 27, 26, 47, 13, 14, 52, 11, 25, 4, 6, 48, 35, 49, 39, 15, 36, 34, 46, 44, 16, 29, 30, 23, 18, 3, 17, 21, 42, 7, 2, 31, 22]

Individual 43:
  Route length: 9375
  Contribution to Diversity: 0.0008332830031481109
  Route: [1, 39, 24, 29, 16, 46, 35, 36, 49, 23, 20, 50, 48, 37, 38, 40, 5, 15, 6, 4, 25, 12, 28, 27, 26, 47, 13, 14, 52, 11, 51, 33, 43, 10, 41, 9, 8, 19, 45, 32, 34, 44, 30, 2, 7, 42, 21, 17, 3, 18, 31, 22]

Individual 44:
  Route length: 9358
  Contribution to Diversity: 0.00027904642935627777
  Route: [3, 18, 31, 32, 49, 44, 37, 34, 35, 36, 46, 16, 29, 30, 23, 20, 50, 2, 7, 42, 21, 17, 1, 15, 48, 38, 39, 4, 6, 24, 5, 40, 25, 12, 28, 27, 26, 47, 14, 13, 52, 11, 51, 33, 43, 10, 9, 8, 41, 19, 45, 22]

Individual 45:
  Route length: 9275
  Contribution to Diversity: 0.0008336071666192879
  Route: [1, 31, 18, 3, 17, 21, 2, 7, 42, 23, 30, 29, 16, 46, 40, 37, 38, 48, 50, 20, 32, 45, 19, 41, 8, 9, 10, 43, 33, 11, 52, 14, 13, 47, 26, 27, 28, 12, 51, 25, 15, 44, 24, 6, 4, 5, 39, 34, 36, 35, 49, 22]

Individual 46:
  Route length: 9403
  Contribution to Diversity: 9.623591969365464e-05
  Route: [1, 36, 37, 38, 48, 5, 15, 6, 4, 24, 35, 25, 12, 28, 26, 47, 13, 14, 52, 11, 51, 27, 33, 43, 10, 9, 8, 41, 19, 45, 32, 49, 40, 39, 34, 44, 46, 16, 29, 50, 20, 3, 17, 21, 42, 7, 2, 30, 23, 18, 31, 22]

Individual 47:
  Route length: 9423
  Contribution to Diversity: 0.0003138923204701882
  Route: [49, 45, 32, 1, 44, 37, 40, 34, 46, 36, 15, 5, 48, 24, 6, 4, 25, 12, 28, 47, 26, 27, 13, 14, 52, 11, 51, 33, 43, 10, 9, 8, 41, 19, 39, 35, 38, 20, 31, 18, 3, 17, 21, 42, 7, 2, 30, 23, 50, 29, 16, 22]

Individual 48:
  Route length: 9416
  Contribution to Diversity: 0.0012225554802443028
  Route: [18, 3, 45, 36, 15, 5, 35, 34, 32, 49, 1, 29, 44, 38, 48, 24, 25, 6, 4, 12, 28, 27, 26, 47, 13, 14, 52, 11, 51, 33, 43, 10, 9, 8, 41, 19, 39, 37, 40, 46, 16, 50, 20, 23, 30, 21, 42, 7, 2, 17, 31, 22]

Individual 49:
  Route length: 9326
  Contribution to Diversity: 0.0008949671067952636
  Route: [1, 49, 37, 39, 32, 45, 19, 41, 8, 9, 10, 43, 33, 51, 12, 28, 27, 26, 47, 13, 14, 52, 11, 25, 4, 38, 40, 35, 15, 6, 48, 5, 24, 50, 20, 36, 34, 44, 46, 16, 29, 30, 31, 18, 3, 17, 21, 42, 7, 2, 23, 22]

Individual 50:
  Route length: 9405
  Contribution to Diversity: 0.0011488433454909242
  Route: [1, 49, 39, 25, 4, 11, 52, 14, 13, 47, 26, 27, 28, 12, 51, 33, 43, 10, 9, 8, 41, 19, 45, 32, 50, 20, 34, 36, 44, 24, 5, 48, 6, 15, 35, 40, 38, 37, 46, 16, 29, 30, 31, 18, 3, 17, 21, 42, 7, 2, 23, 22]

Individual 51:
  Route length: 9414
  Contribution to Diversity: 0.0010732330565907944
  Route: [1, 49, 45, 36, 38, 6, 5, 24, 48, 39, 35, 32, 31, 23, 30, 2, 7, 42, 21, 17, 3, 18, 37, 15, 19, 41, 8, 9, 10, 43, 33, 51, 11, 52, 14, 13, 27, 26, 47, 28, 12, 25, 4, 40, 34, 46, 44, 16, 29, 50, 20, 22]

Individual 52:
  Route length: 9300
  Contribution to Diversity: 0.0007001808875601867
  Route: [1, 34, 36, 46, 16, 29, 50, 20, 23, 30, 2, 7, 42, 17, 21, 49, 38, 15, 6, 39, 40, 48, 37, 44, 35, 24, 5, 4, 25, 12, 28, 27, 14, 26, 47, 13, 52, 11, 51, 33, 43, 10, 9, 8, 41, 19, 32, 45, 3, 18, 31, 22]

Individual 53:
  Route length: 9371
  Contribution to Diversity: 0
  Route: [17, 21, 2, 7, 42, 30, 23, 20, 50, 29, 16, 46, 36, 1, 31, 39, 44, 24, 6, 38, 48, 37, 49, 32, 40, 35, 34, 4, 5, 15, 25, 12, 28, 27, 26, 47, 13, 14, 52, 11, 51, 33, 43, 10, 9, 8, 41, 19, 45, 18, 3, 22]

Individual 54:
  Route length: 9416
  Contribution to Diversity: 1.6692101742599164e-05
  Route: [3, 18, 45, 19, 41, 8, 9, 10, 43, 33, 51, 11, 52, 14, 13, 26, 47, 27, 28, 12, 25, 15, 5, 34, 35, 40, 32, 49, 39, 31, 1, 17, 21, 2, 7, 42, 30, 23, 20, 50, 29, 16, 46, 36, 37, 48, 38, 6, 4, 24, 44, 22]

Individual 55:
  Route length: 9179
  Contribution to Diversity: 0
  Route: [39, 44, 5, 25, 12, 28, 27, 47, 26, 13, 14, 52, 11, 51, 33, 43, 10, 9, 8, 41, 19, 45, 18, 3, 31, 1, 17, 21, 2, 7, 42, 30, 23, 20, 50, 29, 16, 46, 36, 37, 48, 38, 15, 6, 4, 24, 34, 35, 40, 32, 49, 22]

Individual 56:
  Route length: 9381
  Contribution to Diversity: 0.0011219754391325054
  Route: [1, 31, 18, 3, 17, 21, 2, 7, 42, 23, 30, 29, 16, 46, 40, 37, 38, 48, 50, 20, 39, 5, 4, 6, 24, 44, 15, 25, 51, 12, 28, 27, 26, 47, 13, 14, 52, 11, 33, 43, 10, 9, 8, 41, 19, 45, 32, 34, 36, 35, 49, 22]

Individual 57:
  Route length: 9401
  Contribution to Diversity: 0
  Route: [3, 18, 31, 21, 42, 7, 2, 30, 23, 20, 50, 29, 16, 46, 39, 17, 1, 35, 36, 4, 24, 5, 15, 6, 40, 34, 44, 37, 49, 32, 38, 48, 25, 12, 28, 27, 26, 47, 13, 14, 52, 11, 51, 33, 43, 10, 9, 8, 41, 19, 45, 22]

Individual 58:
  Route length: 9228
  Contribution to Diversity: 0
  Route: [1, 34, 49, 35, 46, 36, 38, 15, 6, 16, 29, 50, 20, 23, 30, 2, 7, 42, 17, 21, 44, 37, 48, 40, 39, 24, 5, 4, 25, 12, 28, 27, 13, 47, 26, 14, 52, 11, 51, 33, 43, 10, 9, 8, 41, 19, 45, 32, 3, 18, 31, 22]

Individual 59:
  Route length: 9410
  Contribution to Diversity: 0.0004949847436410693
  Route: [39, 44, 5, 25, 12, 28, 27, 47, 26, 13, 14, 52, 11, 51, 33, 43, 10, 9, 8, 41, 19, 45, 18, 3, 31, 1, 17, 21, 2, 7, 42, 30, 23, 20, 50, 29, 16, 46, 36, 37, 48, 38, 15, 6, 35, 34, 24, 4, 40, 32, 49, 22]

Individual 60:
  Route length: 9299
  Contribution to Diversity: 8.300492747093102e-05
  Route: [3, 18, 45, 19, 41, 8, 9, 10, 43, 33, 51, 11, 52, 14, 13, 26, 47, 27, 28, 12, 25, 6, 15, 38, 48, 37, 36, 46, 16, 29, 50, 20, 23, 30, 42, 7, 2, 21, 17, 1, 31, 39, 44, 4, 5, 24, 34, 35, 40, 49, 32, 22]

Individual 61:
  Route length: 9417
  Contribution to Diversity: 0.0004247478800145643
  Route: [1, 34, 49, 21, 17, 42, 7, 2, 30, 23, 20, 50, 29, 16, 37, 48, 40, 44, 36, 46, 35, 38, 15, 6, 39, 24, 5, 4, 25, 12, 28, 27, 14, 26, 47, 13, 52, 11, 51, 33, 43, 10, 9, 8, 41, 19, 45, 32, 3, 18, 31, 22]

Individual 62:
  Route length: 9425
  Contribution to Diversity: 0.000741811959387384
  Route: [31, 1, 20, 50, 29, 16, 40, 44, 46, 48, 38, 37, 32, 49, 36, 35, 39, 5, 6, 15, 4, 24, 34, 19, 45, 41, 8, 9, 10, 43, 33, 51, 11, 52, 14, 13, 47, 26, 27, 28, 12, 25, 18, 3, 17, 21, 42, 7, 2, 30, 23, 22]

Individual 63:
  Route length: 9185
  Contribution to Diversity: 0
  Route: [21, 17, 42, 7, 2, 30, 23, 20, 50, 29, 16, 6, 15, 38, 36, 46, 35, 49, 34, 1, 44, 37, 48, 40, 39, 24, 5, 4, 25, 12, 28, 27, 13, 47, 26, 14, 52, 11, 51, 33, 43, 10, 9, 8, 41, 19, 45, 32, 3, 18, 31, 22]

Individual 64:
  Route length: 9148
  Contribution to Diversity: 0.00013108189519250857
  Route: [1, 49, 31, 18, 44, 3, 17, 30, 23, 21, 42, 2, 7, 50, 20, 29, 16, 46, 34, 35, 36, 39, 5, 24, 48, 37, 38, 40, 6, 15, 25, 4, 12, 28, 27, 26, 47, 14, 13, 52, 11, 51, 33, 43, 10, 9, 8, 41, 19, 45, 32, 22]

Individual 65:
  Route length: 9283
  Contribution to Diversity: 0
  Route: [1, 32, 45, 49, 36, 44, 15, 38, 35, 34, 46, 37, 40, 39, 19, 41, 8, 9, 10, 43, 33, 51, 11, 52, 14, 13, 27, 26, 47, 28, 12, 25, 4, 6, 24, 48, 5, 20, 31, 18, 3, 17, 21, 42, 7, 2, 30, 23, 50, 29, 16, 22]

Individual 66:
  Route length: 9414
  Contribution to Diversity: 0.00021540475080339405
  Route: [1, 5, 15, 6, 4, 25, 24, 48, 49, 32, 45, 19, 41, 8, 9, 10, 43, 33, 51, 11, 52, 14, 13, 47, 26, 27, 28, 12, 38, 37, 34, 44, 46, 23, 17, 3, 18, 31, 20, 50, 30, 2, 7, 42, 21, 29, 16, 40, 39, 36, 35, 22]

Individual 67:
  Route length: 9206
  Contribution to Diversity: 0
  Route: [1, 32, 45, 49, 44, 36, 15, 5, 48, 24, 37, 38, 25, 12, 28, 47, 26, 27, 13, 14, 52, 11, 51, 33, 43, 10, 9, 8, 41, 19, 39, 40, 35, 34, 46, 6, 4, 20, 16, 29, 50, 23, 30, 2, 7, 42, 21, 17, 3, 18, 31, 22]

Individual 68:
  Route length: 9276
  Contribution to Diversity: 0
  Route: [35, 37, 1, 38, 24, 5, 15, 48, 6, 4, 25, 12, 28, 27, 47, 26, 14, 13, 52, 11, 51, 33, 43, 10, 9, 8, 41, 19, 45, 32, 20, 50, 29, 16, 46, 44, 34, 40, 39, 49, 36, 42, 7, 2, 30, 23, 21, 17, 3, 18, 31, 22]

Individual 69:
  Route length: 9390
  Contribution to Diversity: 0
  Route: [3, 18, 45, 19, 41, 8, 9, 10, 43, 33, 51, 11, 52, 14, 13, 47, 26, 27, 28, 12, 25, 38, 40, 32, 49, 48, 37, 35, 34, 4, 5, 15, 6, 24, 44, 39, 31, 1, 36, 46, 16, 29, 50, 20, 23, 30, 42, 7, 2, 21, 17, 22]

Individual 70:
  Route length: 9247
  Contribution to Diversity: 0
  Route: [1, 32, 45, 49, 44, 36, 15, 5, 48, 24, 37, 38, 40, 39, 19, 41, 8, 9, 10, 43, 33, 51, 11, 52, 14, 13, 27, 26, 47, 28, 12, 25, 35, 34, 46, 6, 4, 20, 16, 29, 50, 23, 30, 2, 7, 42, 21, 17, 3, 18, 31, 22]

Individual 71:
  Route length: 9314
  Contribution to Diversity: 0.0005616352309063544
  Route: [1, 34, 44, 46, 16, 29, 50, 20, 23, 30, 42, 7, 2, 21, 17, 3, 45, 41, 19, 31, 18, 35, 49, 32, 39, 40, 38, 15, 5, 24, 48, 37, 4, 25, 12, 28, 47, 26, 27, 13, 14, 52, 11, 51, 33, 43, 10, 9, 8, 6, 36, 22]

Individual 72:
  Route length: 9419
  Contribution to Diversity: 0.0007102078080478691
  Route: [29, 16, 46, 44, 34, 35, 19, 41, 8, 9, 10, 43, 33, 51, 11, 52, 14, 13, 47, 26, 27, 28, 12, 25, 5, 15, 6, 48, 39, 4, 24, 37, 38, 36, 45, 40, 32, 49, 1, 31, 18, 23, 20, 50, 30, 7, 2, 42, 21, 17, 3, 22]

Individual 73:
  Route length: 9409
  Contribution to Diversity: 0.0009697329344593442
  Route: [1, 49, 39, 4, 25, 11, 52, 14, 13, 47, 26, 27, 28, 12, 51, 33, 43, 10, 9, 8, 41, 19, 45, 32, 50, 20, 34, 36, 44, 24, 37, 38, 40, 35, 15, 6, 48, 5, 46, 16, 29, 30, 31, 18, 3, 17, 21, 42, 7, 2, 23, 22]

Individual 74:
  Route length: 9360
  Contribution to Diversity: 0.0010152076000506938
  Route: [18, 3, 45, 36, 15, 25, 6, 4, 12, 28, 27, 26, 47, 13, 14, 52, 11, 51, 33, 43, 10, 9, 8, 41, 19, 39, 5, 24, 48, 38, 46, 37, 40, 35, 34, 32, 49, 1, 29, 44, 16, 50, 20, 23, 30, 21, 42, 7, 2, 17, 31, 22]

Individual 75:
  Route length: 9384
  Contribution to Diversity: 0
  Route: [3, 18, 45, 19, 41, 8, 9, 10, 43, 33, 51, 11, 52, 14, 13, 47, 26, 27, 28, 12, 25, 38, 40, 32, 49, 39, 44, 24, 6, 15, 5, 4, 34, 35, 37, 48, 31, 1, 36, 46, 16, 29, 50, 20, 23, 30, 42, 7, 2, 21, 17, 22]

Individual 76:
  Route length: 9314
  Contribution to Diversity: 0
  Route: [1, 34, 49, 35, 46, 36, 38, 15, 6, 16, 29, 50, 20, 23, 30, 2, 7, 42, 17, 21, 44, 37, 48, 40, 39, 24, 5, 4, 25, 12, 28, 27, 13, 47, 26, 14, 52, 11, 51, 33, 43, 10, 9, 8, 41, 19, 45, 32, 3, 31, 18, 22]

Individual 77:
  Route length: 9110
  Contribution to Diversity: 0
  Route: [1, 31, 20, 50, 29, 16, 5, 6, 15, 4, 24, 36, 49, 32, 19, 45, 41, 8, 9, 10, 43, 33, 51, 11, 52, 14, 13, 47, 27, 26, 28, 12, 25, 35, 34, 44, 46, 48, 38, 37, 40, 39, 18, 3, 17, 21, 42, 7, 2, 30, 23, 22]

Individual 78:
  Route length: 9361
  Contribution to Diversity: 0
  Route: [1, 36, 44, 49, 45, 32, 15, 5, 48, 24, 37, 40, 39, 19, 41, 8, 9, 10, 43, 33, 51, 11, 52, 14, 13, 27, 26, 47, 28, 12, 25, 38, 35, 34, 46, 6, 4, 20, 16, 29, 50, 23, 30, 2, 7, 42, 21, 17, 3, 18, 31, 22]

Individual 79:
  Route length: 9401
  Contribution to Diversity: 0.0009169816167213796
  Route: [1, 31, 18, 3, 17, 21, 42, 7, 2, 30, 23, 20, 50, 29, 47, 26, 27, 28, 13, 14, 52, 11, 51, 33, 43, 37, 34, 44, 48, 25, 12, 4, 6, 5, 15, 24, 38, 40, 35, 16, 46, 39, 36, 8, 19, 41, 10, 9, 45, 32, 49, 22]

Individual 80:
  Route length: 9396
  Contribution to Diversity: 0
  Route: [1, 32, 45, 49, 44, 36, 15, 40, 38, 37, 24, 48, 5, 39, 19, 41, 8, 9, 10, 43, 33, 51, 11, 52, 14, 13, 27, 26, 47, 28, 12, 25, 35, 34, 46, 6, 4, 20, 16, 29, 50, 23, 30, 2, 7, 42, 21, 17, 3, 18, 31, 22]

Individual 81:
  Route length: 9406
  Contribution to Diversity: 0.0009299909227582503
  Route: [1, 49, 32, 45, 44, 34, 35, 36, 39, 38, 24, 48, 37, 40, 5, 15, 6, 10, 8, 41, 19, 9, 43, 33, 51, 27, 28, 26, 47, 13, 14, 52, 11, 12, 25, 4, 46, 16, 29, 50, 20, 23, 30, 2, 7, 42, 18, 3, 17, 21, 31, 22]

Individual 82:
  Route length: 9384
  Contribution to Diversity: 0.0006378715550452441
  Route: [1, 49, 39, 24, 50, 20, 32, 38, 37, 35, 40, 15, 5, 48, 6, 4, 25, 11, 52, 14, 13, 26, 47, 27, 28, 12, 51, 33, 43, 10, 9, 41, 8, 19, 45, 36, 34, 44, 46, 16, 29, 30, 23, 2, 7, 42, 21, 17, 3, 18, 31, 22]

Individual 83:
  Route length: 9396
  Contribution to Diversity: 6.758720958721653e-05
  Route: [1, 31, 3, 18, 45, 19, 41, 8, 9, 10, 43, 33, 51, 11, 52, 14, 13, 26, 47, 27, 28, 12, 25, 5, 44, 39, 17, 21, 2, 7, 42, 30, 23, 20, 50, 29, 16, 46, 36, 37, 48, 38, 15, 6, 35, 34, 24, 4, 40, 32, 49, 22]

Individual 84:
  Route length: 9283
  Contribution to Diversity: 0.0004115317139472552
  Route: [1, 49, 32, 45, 19, 41, 10, 9, 8, 38, 37, 34, 44, 36, 16, 46, 39, 35, 6, 4, 12, 25, 48, 40, 24, 5, 15, 43, 33, 51, 11, 52, 14, 13, 28, 27, 26, 47, 29, 50, 23, 20, 30, 2, 7, 42, 21, 17, 3, 18, 31, 22]

Individual 85:
  Route length: 9210
  Contribution to Diversity: 0.00017338676981193402
  Route: [1, 34, 49, 35, 39, 40, 48, 37, 44, 21, 17, 42, 7, 2, 30, 23, 20, 50, 29, 16, 6, 15, 38, 36, 46, 24, 5, 4, 25, 12, 28, 27, 13, 47, 26, 14, 52, 11, 51, 33, 43, 10, 9, 8, 41, 19, 45, 32, 3, 31, 18, 22]

Individual 86:
  Route length: 9314
  Contribution to Diversity: 0
  Route: [1, 49, 45, 36, 48, 15, 5, 24, 38, 6, 37, 18, 3, 17, 21, 42, 7, 2, 30, 23, 31, 32, 35, 39, 19, 41, 8, 9, 10, 43, 33, 51, 11, 52, 14, 13, 27, 26, 47, 28, 12, 25, 4, 40, 34, 44, 46, 16, 29, 50, 20, 22]

Individual 87:
  Route length: 9361
  Contribution to Diversity: 0.0005327926124181204
  Route: [17, 21, 42, 2, 7, 30, 23, 20, 50, 29, 16, 46, 44, 34, 5, 15, 4, 25, 12, 28, 27, 26, 47, 14, 52, 13, 11, 51, 33, 43, 6, 39, 48, 24, 38, 37, 40, 10, 9, 8, 41, 19, 35, 36, 45, 32, 49, 1, 18, 3, 31, 22]

Individual 88:
  Route length: 9407
  Contribution to Diversity: 0
  Route: [35, 37, 1, 38, 24, 40, 34, 44, 46, 16, 29, 50, 20, 32, 45, 19, 41, 8, 9, 10, 43, 33, 51, 11, 52, 13, 14, 26, 47, 27, 28, 12, 25, 4, 6, 48, 15, 5, 39, 49, 36, 42, 7, 2, 30, 23, 21, 17, 3, 18, 31, 22]

Individual 89:
  Route length: 9323
  Contribution to Diversity: 0.000729109927911864
  Route: [1, 49, 32, 45, 19, 41, 10, 9, 8, 40, 24, 5, 15, 4, 12, 25, 48, 6, 35, 39, 46, 16, 36, 44, 34, 37, 38, 43, 33, 51, 11, 52, 14, 13, 28, 27, 26, 47, 29, 50, 23, 20, 30, 2, 7, 42, 21, 17, 3, 18, 31, 22]

Individual 90:
  Route length: 9392
  Contribution to Diversity: 0.000493365491257336
  Route: [3, 18, 31, 32, 49, 44, 48, 15, 1, 17, 21, 42, 7, 2, 50, 20, 23, 30, 29, 16, 46, 36, 35, 34, 37, 38, 39, 4, 6, 24, 5, 40, 25, 12, 28, 27, 26, 47, 14, 13, 52, 11, 51, 33, 43, 10, 9, 8, 41, 19, 45, 22]

Individual 91:
  Route length: 9197
  Contribution to Diversity: 0
  Route: [1, 31, 20, 29, 50, 16, 44, 46, 48, 38, 37, 40, 32, 49, 36, 35, 25, 12, 28, 27, 26, 47, 13, 14, 52, 11, 51, 33, 43, 10, 9, 8, 41, 45, 19, 34, 5, 6, 15, 4, 24, 39, 18, 3, 17, 21, 42, 7, 2, 30, 23, 22]

Individual 92:
  Route length: 9420
  Contribution to Diversity: 2.2246822686255996e-06
  Route: [3, 18, 31, 21, 42, 7, 2, 30, 23, 20, 50, 29, 16, 46, 39, 17, 1, 35, 36, 4, 24, 15, 5, 6, 40, 34, 44, 37, 49, 32, 38, 48, 25, 12, 28, 27, 26, 47, 13, 14, 52, 11, 51, 33, 43, 10, 9, 8, 41, 19, 45, 22]

Individual 93:
  Route length: 9267
  Contribution to Diversity: 0.0003871974500473385
  Route: [1, 31, 20, 29, 50, 44, 16, 46, 48, 38, 37, 40, 32, 49, 36, 35, 25, 12, 28, 27, 26, 47, 13, 14, 52, 11, 51, 33, 43, 10, 9, 8, 41, 45, 19, 34, 5, 6, 15, 4, 24, 39, 18, 3, 17, 21, 42, 7, 2, 30, 23, 22]

Individual 94:
  Route length: 9424
  Contribution to Diversity: 0.0014931128558801632
  Route: [1, 39, 46, 44, 35, 34, 36, 37, 38, 48, 24, 5, 9, 8, 41, 49, 32, 45, 19, 10, 43, 33, 51, 11, 52, 14, 13, 47, 26, 27, 28, 12, 25, 4, 6, 15, 40, 20, 50, 29, 16, 23, 30, 2, 42, 7, 21, 17, 3, 18, 31, 22]

Individual 95:
  Route length: 9419
  Contribution to Diversity: 0.0008227460824370425
  Route: [1, 49, 32, 45, 19, 8, 41, 9, 10, 43, 33, 51, 11, 52, 14, 13, 47, 26, 27, 28, 12, 25, 15, 6, 5, 38, 37, 40, 39, 4, 36, 35, 46, 48, 24, 30, 2, 7, 42, 21, 23, 16, 29, 50, 20, 17, 3, 18, 31, 34, 44, 22]

Individual 96:
  Route length: 9341
  Contribution to Diversity: 0.00019328823780284665
  Route: [1, 44, 29, 20, 50, 2, 7, 42, 21, 23, 30, 17, 3, 16, 46, 34, 35, 36, 39, 5, 24, 48, 37, 38, 40, 15, 6, 25, 4, 12, 28, 27, 26, 47, 14, 13, 52, 11, 51, 33, 43, 10, 9, 8, 41, 19, 45, 32, 18, 49, 31, 22]

Individual 97:
  Route length: 9370
  Contribution to Diversity: 0.0005431003825062675
  Route: [21, 42, 7, 2, 30, 23, 20, 50, 29, 16, 37, 40, 6, 24, 25, 12, 28, 27, 26, 47, 13, 14, 52, 11, 51, 33, 43, 10, 9, 8, 41, 19, 45, 39, 36, 35, 34, 18, 3, 17, 32, 49, 1, 44, 4, 48, 5, 38, 15, 46, 31, 22]

Individual 98:
  Route length: 9236
  Contribution to Diversity: 0
  Route: [35, 37, 1, 38, 15, 5, 24, 48, 6, 4, 25, 12, 28, 27, 47, 26, 14, 13, 52, 11, 51, 33, 43, 10, 9, 8, 41, 19, 45, 32, 20, 50, 29, 16, 46, 44, 34, 40, 39, 49, 36, 42, 7, 2, 30, 23, 21, 17, 3, 18, 31, 22]

Individual 99:
  Route length: 9365
  Contribution to Diversity: 0
  Route: [1, 32, 45, 36, 44, 49, 15, 5, 48, 24, 37, 38, 40, 39, 19, 41, 8, 9, 10, 43, 33, 51, 11, 52, 14, 13, 27, 26, 47, 28, 12, 25, 35, 34, 46, 6, 4, 20, 16, 29, 50, 23, 30, 2, 7, 42, 21, 17, 3, 18, 31, 22]

Total Entropy H: 5.08023115684901
