Individual 0:
  Route length: 7915
  Contribution to Diversity: 0.004171131798400118
  Route: [1, 32, 49, 45, 19, 41, 8, 9, 10, 43, 33, 51, 11, 52, 13, 14, 47, 26, 27, 28, 12, 25, 4, 6, 15, 5, 24, 48, 40, 38, 37, 39, 35, 36, 34, 44, 46, 16, 29, 50, 23, 20, 30, 2, 7, 42, 21, 17, 3, 18, 22, 31]

Individual 1:
  Route length: 7911
  Contribution to Diversity: 0.0016494230086410155
  Route: [1, 49, 32, 45, 19, 41, 8, 9, 10, 43, 33, 51, 11, 52, 14, 13, 26, 47, 27, 28, 12, 25, 4, 6, 15, 5, 48, 24, 38, 37, 39, 40, 35, 36, 34, 44, 46, 16, 29, 50, 20, 23, 30, 2, 7, 42, 21, 17, 18, 3, 31, 22]

Individual 2:
  Route length: 7915
  Contribution to Diversity: 0.0021719093739971385
  Route: [1, 49, 32, 45, 41, 19, 8, 10, 9, 43, 33, 51, 11, 52, 14, 13, 47, 26, 27, 28, 12, 25, 4, 6, 15, 5, 48, 24, 38, 37, 40, 39, 36, 35, 34, 44, 46, 16, 29, 50, 20, 23, 30, 2, 42, 7, 21, 17, 3, 18, 31, 22]

Individual 3:
  Route length: 7914
  Contribution to Diversity: 0.0033831063067619738
  Route: [1, 49, 32, 45, 19, 41, 8, 9, 10, 43, 33, 51, 11, 52, 13, 14, 47, 26, 27, 12, 28, 25, 4, 6, 15, 5, 24, 48, 38, 40, 37, 39, 36, 35, 34, 44, 46, 16, 29, 50, 20, 23, 30, 7, 2, 42, 21, 17, 3, 31, 18, 22]

Individual 4:
  Route length: 7911
  Contribution to Diversity: 0.0048558436907049085
  Route: [1, 32, 49, 45, 19, 41, 8, 9, 10, 43, 33, 51, 11, 52, 14, 13, 47, 26, 27, 28, 12, 25, 4, 6, 15, 5, 48, 24, 38, 40, 39, 37, 34, 35, 36, 46, 44, 16, 29, 50, 20, 23, 30, 7, 2, 42, 21, 17, 3, 18, 22, 31]

Individual 5:
  Route length: 7915
  Contribution to Diversity: 0.007670651902371262
  Route: [1, 32, 49, 45, 19, 41, 8, 10, 9, 43, 33, 51, 11, 52, 14, 13, 47, 26, 27, 28, 12, 4, 25, 6, 5, 15, 37, 24, 48, 38, 40, 39, 36, 34, 35, 44, 46, 16, 29, 50, 20, 23, 30, 2, 7, 42, 21, 17, 3, 18, 31, 22]

Individual 6:
  Route length: 7912
  Contribution to Diversity: 0.005982423221125188
  Route: [1, 32, 49, 45, 19, 41, 8, 10, 9, 43, 33, 51, 11, 52, 14, 13, 47, 26, 27, 28, 12, 4, 25, 6, 5, 15, 24, 37, 48, 38, 40, 39, 36, 34, 35, 44, 46, 16, 29, 50, 20, 23, 30, 2, 7, 42, 21, 17, 3, 18, 31, 22]

Individual 7:
  Route length: 7918
  Contribution to Diversity: 0.006325763065055057
  Route: [1, 49, 32, 45, 19, 41, 8, 9, 10, 43, 33, 51, 11, 52, 14, 13, 47, 26, 27, 28, 12, 25, 4, 6, 15, 5, 38, 24, 48, 39, 40, 37, 35, 36, 44, 34, 46, 16, 50, 29, 20, 23, 30, 42, 2, 7, 21, 17, 3, 18, 31, 22]

Individual 8:
  Route length: 7905
  Contribution to Diversity: 0.0015260133068641935
  Route: [1, 32, 49, 45, 19, 41, 8, 9, 10, 43, 33, 51, 11, 52, 13, 14, 47, 26, 27, 28, 12, 25, 4, 6, 5, 15, 24, 48, 38, 40, 37, 39, 34, 36, 35, 46, 44, 16, 29, 50, 20, 23, 30, 7, 2, 42, 21, 17, 3, 18, 22, 31]

Individual 9:
  Route length: 7915
  Contribution to Diversity: 0.002683997254818493
  Route: [1, 49, 32, 19, 45, 41, 8, 9, 10, 43, 33, 51, 11, 52, 13, 14, 47, 26, 27, 28, 12, 25, 4, 15, 6, 48, 5, 24, 37, 40, 38, 39, 36, 35, 34, 44, 46, 16, 29, 20, 50, 23, 30, 42, 7, 2, 21, 17, 3, 18, 31, 22]

Individual 10:
  Route length: 7917
  Contribution to Diversity: 0.0017998762669337864
  Route: [1, 32, 49, 45, 19, 41, 8, 9, 10, 43, 33, 51, 11, 52, 13, 14, 47, 26, 27, 28, 12, 25, 4, 6, 5, 15, 48, 24, 38, 40, 37, 39, 34, 36, 35, 46, 44, 16, 29, 50, 20, 23, 30, 7, 2, 42, 21, 17, 3, 18, 22, 31]

Individual 11:
  Route length: 7913
  Contribution to Diversity: 0.003325662896002335
  Route: [1, 49, 32, 45, 19, 41, 8, 9, 10, 43, 33, 51, 11, 52, 14, 13, 47, 26, 27, 28, 12, 25, 4, 6, 24, 5, 15, 38, 37, 48, 40, 39, 35, 36, 34, 44, 46, 16, 29, 50, 20, 23, 30, 2, 7, 42, 17, 21, 18, 3, 31, 22]

Individual 12:
  Route length: 7908
  Contribution to Diversity: 0.006148274934206555
  Route: [1, 49, 32, 45, 19, 41, 8, 9, 10, 33, 43, 51, 11, 52, 13, 14, 47, 26, 27, 28, 12, 25, 4, 6, 5, 15, 24, 48, 37, 38, 39, 40, 34, 36, 35, 44, 46, 16, 29, 50, 20, 23, 30, 2, 7, 42, 21, 17, 3, 18, 31, 22]

Individual 13:
  Route length: 7911
  Contribution to Diversity: 0.0036421568300442075
  Route: [1, 49, 32, 45, 19, 41, 8, 9, 10, 43, 33, 51, 11, 52, 14, 13, 47, 26, 27, 28, 12, 25, 4, 6, 5, 24, 15, 38, 48, 37, 40, 39, 35, 36, 34, 44, 46, 16, 29, 50, 20, 23, 30, 7, 2, 42, 17, 21, 18, 3, 31, 22]

Individual 14:
  Route length: 7913
  Contribution to Diversity: 0.000961532311929858
  Route: [1, 49, 32, 45, 19, 41, 8, 9, 10, 43, 33, 51, 11, 52, 14, 13, 26, 47, 27, 28, 12, 25, 4, 6, 15, 5, 48, 24, 38, 37, 39, 40, 36, 35, 34, 44, 46, 16, 29, 50, 20, 23, 30, 7, 2, 42, 21, 17, 18, 3, 31, 22]

Individual 15:
  Route length: 7905
  Contribution to Diversity: 0.003568759591618509
  Route: [1, 49, 32, 19, 45, 41, 8, 9, 10, 43, 33, 51, 11, 52, 13, 14, 47, 26, 27, 28, 12, 25, 4, 15, 6, 24, 48, 5, 37, 40, 38, 39, 36, 35, 34, 44, 46, 16, 29, 20, 50, 23, 30, 42, 7, 2, 21, 17, 3, 18, 31, 22]

Individual 16:
  Route length: 7901
  Contribution to Diversity: 0.005386381783987204
  Route: [1, 49, 32, 19, 45, 41, 8, 9, 10, 43, 33, 51, 11, 52, 13, 14, 47, 26, 27, 28, 12, 25, 15, 6, 4, 5, 24, 48, 37, 38, 40, 39, 36, 35, 34, 44, 46, 16, 29, 20, 50, 23, 30, 42, 2, 7, 21, 17, 3, 18, 31, 22]

Individual 17:
  Route length: 7915
  Contribution to Diversity: 0.004323652609422801
  Route: [1, 49, 32, 45, 19, 41, 8, 9, 10, 43, 33, 51, 11, 52, 14, 13, 47, 26, 27, 28, 12, 4, 25, 6, 5, 15, 48, 24, 40, 39, 38, 37, 36, 35, 34, 44, 46, 16, 50, 29, 20, 23, 30, 42, 2, 7, 21, 17, 3, 18, 31, 22]

Individual 18:
  Route length: 7907
  Contribution to Diversity: 0.004220624189035682
  Route: [1, 49, 32, 45, 19, 41, 8, 9, 10, 43, 33, 51, 11, 52, 13, 14, 47, 26, 27, 28, 12, 25, 4, 6, 15, 5, 38, 48, 24, 40, 39, 37, 35, 36, 44, 34, 46, 16, 50, 29, 20, 23, 30, 42, 7, 2, 21, 17, 3, 18, 31, 22]

Individual 19:
  Route length: 7907
  Contribution to Diversity: 0.002600660377700237
  Route: [1, 49, 32, 19, 45, 41, 8, 9, 10, 43, 33, 51, 11, 52, 13, 14, 47, 26, 27, 28, 12, 25, 4, 15, 6, 48, 24, 5, 40, 37, 38, 39, 36, 35, 34, 44, 46, 16, 29, 20, 50, 23, 30, 42, 2, 7, 21, 17, 3, 18, 31, 22]

Total Entropy H: 4.733619581219641
