Individual 0:
  Route length: 22429
  Contribution to Diversity: 0.03645580123288017
  Route: [9, 5, 42, 2, 21, 17, 16, 48, 29, 1, 49, 8, 36, 35, 27, 46, 39, 37, 47, 33, 20, 23, 50, 51, 31, 32, 43, 25, 38, 10, 30, 34, 24, 19, 41, 26, 13, 14, 28, 52, 11, 45, 40, 4, 6, 15, 12, 44, 18, 7, 3, 22]

Individual 1:
  Route length: 22625
  Contribution to Diversity: 0.027117927228667682
  Route: [48, 10, 25, 42, 40, 9, 5, 6, 44, 11, 52, 28, 13, 29, 35, 36, 8, 45, 4, 41, 3, 19, 34, 2, 37, 38, 43, 33, 49, 1, 18, 17, 39, 32, 20, 7, 23, 15, 51, 16, 27, 47, 14, 26, 24, 12, 50, 30, 31, 46, 21, 22]

Individual 2:
  Route length: 22235
  Contribution to Diversity: 0.0459857393482217
  Route: [33, 28, 12, 26, 27, 15, 10, 7, 39, 6, 38, 46, 51, 36, 30, 29, 13, 25, 16, 40, 23, 31, 3, 2, 49, 21, 18, 43, 8, 9, 19, 42, 1, 5, 44, 20, 50, 4, 45, 17, 41, 37, 48, 32, 47, 52, 11, 14, 34, 35, 24, 22]

Individual 3:
  Route length: 22095
  Contribution to Diversity: 0.03900632469748011
  Route: [43, 32, 18, 38, 39, 48, 5, 44, 37, 8, 9, 10, 33, 16, 1, 3, 19, 17, 50, 31, 45, 6, 46, 47, 34, 36, 49, 24, 23, 26, 51, 21, 7, 30, 12, 25, 11, 14, 27, 28, 35, 4, 29, 52, 13, 42, 41, 40, 15, 2, 20, 22]

Individual 4:
  Route length: 22276
  Contribution to Diversity: 0.037620812432201944
  Route: [5, 43, 35, 45, 17, 32, 36, 29, 14, 26, 20, 18, 49, 44, 38, 30, 1, 9, 15, 25, 23, 24, 4, 12, 11, 37, 8, 19, 27, 47, 16, 28, 33, 6, 10, 41, 39, 7, 2, 42, 52, 13, 51, 50, 46, 34, 48, 31, 40, 21, 3, 22]

Individual 5:
  Route length: 22418
  Contribution to Diversity: 0.04176014604993039
  Route: [31, 15, 25, 51, 1, 45, 46, 47, 13, 24, 42, 14, 52, 26, 36, 40, 20, 21, 43, 33, 32, 27, 28, 11, 35, 38, 4, 9, 17, 30, 18, 12, 48, 44, 37, 6, 5, 39, 16, 50, 34, 23, 49, 7, 2, 8, 41, 19, 29, 10, 3, 22]

Individual 6:
  Route length: 22606
  Contribution to Diversity: 0.03221208539882614
  Route: [48, 36, 47, 13, 37, 38, 32, 25, 27, 28, 29, 20, 7, 2, 21, 5, 23, 18, 39, 26, 15, 50, 11, 51, 17, 6, 8, 42, 30, 4, 12, 14, 52, 33, 43, 16, 34, 19, 46, 24, 44, 45, 49, 40, 31, 9, 35, 1, 3, 10, 41, 22]

Individual 7:
  Route length: 22515
  Contribution to Diversity: 0.02779939167761558
  Route: [32, 16, 45, 41, 5, 9, 10, 4, 43, 1, 49, 7, 29, 51, 26, 27, 6, 34, 19, 47, 14, 13, 12, 44, 28, 33, 46, 18, 30, 21, 39, 15, 17, 40, 42, 2, 38, 35, 37, 20, 25, 24, 48, 3, 23, 50, 52, 11, 8, 36, 31, 22]

Individual 8:
  Route length: 22385
  Contribution to Diversity: 0.025078884612679708
  Route: [18, 17, 3, 50, 29, 49, 26, 46, 38, 32, 4, 12, 28, 14, 16, 51, 25, 11, 21, 1, 7, 30, 20, 42, 2, 23, 19, 45, 6, 5, 40, 39, 10, 13, 15, 43, 27, 47, 33, 8, 9, 34, 35, 37, 44, 24, 36, 52, 48, 31, 41, 22]

Individual 9:
  Route length: 21137
  Contribution to Diversity: 0.03661404819990022
  Route: [24, 51, 26, 11, 33, 52, 14, 47, 45, 15, 44, 34, 19, 10, 43, 5, 9, 3, 23, 1, 6, 17, 38, 8, 40, 35, 49, 41, 32, 18, 31, 2, 28, 13, 39, 29, 36, 16, 46, 20, 37, 12, 27, 50, 48, 4, 25, 21, 42, 7, 30, 22]

Individual 10:
  Route length: 22478
  Contribution to Diversity: 0.04501471733085616
  Route: [2, 30, 35, 41, 42, 7, 25, 13, 11, 52, 14, 29, 16, 46, 9, 45, 31, 27, 48, 43, 40, 4, 20, 50, 10, 12, 47, 24, 17, 51, 28, 26, 6, 15, 23, 36, 38, 33, 44, 19, 37, 5, 49, 32, 1, 8, 3, 18, 34, 21, 39, 22]

Individual 11:
  Route length: 22216
  Contribution to Diversity: 0
  Route: [25, 12, 51, 37, 36, 18, 23, 48, 38, 29, 30, 2, 19, 44, 16, 31, 34, 8, 10, 9, 6, 15, 35, 39, 52, 46, 26, 13, 27, 21, 3, 32, 43, 40, 5, 14, 28, 50, 47, 45, 49, 33, 11, 4, 42, 7, 20, 17, 1, 24, 41, 22]

Individual 12:
  Route length: 22177
  Contribution to Diversity: 0.020695547203958498
  Route: [28, 4, 41, 45, 19, 8, 38, 24, 25, 52, 48, 35, 49, 15, 14, 37, 23, 20, 50, 3, 17, 21, 7, 42, 29, 33, 43, 13, 26, 11, 51, 34, 1, 18, 39, 27, 30, 2, 10, 9, 6, 44, 46, 16, 32, 47, 31, 40, 36, 12, 5, 22]

Individual 13:
  Route length: 22280
  Contribution to Diversity: 0
  Route: [25, 12, 51, 37, 36, 18, 23, 48, 38, 29, 30, 2, 19, 44, 16, 31, 34, 8, 10, 9, 6, 15, 35, 39, 52, 46, 26, 13, 27, 21, 3, 32, 43, 40, 5, 14, 28, 7, 42, 4, 11, 33, 49, 45, 47, 50, 20, 17, 1, 24, 41, 22]

Individual 14:
  Route length: 21683
  Contribution to Diversity: 0
  Route: [8, 29, 50, 40, 34, 7, 2, 4, 38, 43, 19, 28, 52, 26, 11, 17, 15, 32, 9, 12, 25, 6, 48, 37, 27, 47, 14, 13, 35, 36, 3, 39, 51, 33, 41, 45, 5, 30, 20, 23, 1, 31, 42, 49, 10, 24, 46, 44, 21, 16, 18, 22]

Individual 15:
  Route length: 22277
  Contribution to Diversity: 0.033015551743273086
  Route: [50, 42, 39, 5, 44, 46, 21, 8, 31, 15, 19, 20, 3, 17, 34, 38, 12, 23, 32, 43, 9, 41, 47, 11, 26, 6, 49, 27, 16, 30, 2, 7, 48, 40, 24, 25, 37, 35, 10, 36, 29, 14, 52, 13, 51, 33, 1, 4, 28, 45, 18, 22]

Individual 16:
  Route length: 22016
  Contribution to Diversity: 0.02625563244531559
  Route: [23, 50, 5, 41, 31, 8, 4, 52, 13, 40, 16, 24, 37, 44, 26, 51, 11, 46, 21, 10, 33, 25, 36, 1, 34, 19, 43, 9, 18, 42, 29, 30, 14, 27, 47, 12, 38, 39, 6, 3, 28, 45, 35, 32, 20, 49, 7, 2, 17, 15, 48, 22]

Individual 17:
  Route length: 22059
  Contribution to Diversity: 0
  Route: [8, 29, 50, 40, 34, 7, 2, 4, 38, 21, 44, 46, 24, 10, 49, 42, 31, 1, 23, 20, 30, 5, 45, 41, 33, 51, 39, 3, 36, 35, 13, 14, 47, 27, 37, 48, 6, 25, 12, 9, 32, 15, 17, 11, 26, 52, 28, 19, 43, 16, 18, 22]

Individual 18:
  Route length: 22522
  Contribution to Diversity: 0.0359781375283692
  Route: [37, 24, 27, 28, 33, 5, 40, 10, 42, 8, 9, 36, 18, 44, 52, 14, 25, 46, 13, 26, 47, 4, 20, 34, 21, 2, 6, 16, 41, 19, 39, 35, 7, 29, 17, 43, 3, 31, 48, 11, 51, 12, 49, 45, 50, 30, 15, 38, 23, 1, 32, 22]

Individual 19:
  Route length: 22047
  Contribution to Diversity: 0.03864620205684677
  Route: [50, 1, 34, 10, 19, 12, 52, 51, 26, 36, 15, 5, 3, 17, 45, 41, 23, 21, 18, 35, 40, 46, 29, 44, 16, 2, 7, 24, 13, 14, 30, 9, 39, 38, 37, 8, 20, 6, 33, 47, 28, 27, 11, 48, 49, 25, 4, 32, 31, 43, 42, 22]

Total Entropy H: 6.316619203978908
