Individual 0:
  Route length: 8243
  Contribution to Diversity: 0.0013403446903632599
  Route: [1, 49, 32, 45, 19, 41, 8, 9, 10, 3, 17, 21, 42, 7, 2, 30, 23, 20, 50, 29, 16, 46, 44, 34, 40, 39, 36, 35, 37, 38, 48, 24, 5, 15, 6, 4, 25, 12, 28, 27, 26, 47, 13, 14, 52, 11, 51, 33, 43, 18, 31, 22]

Individual 1:
  Route length: 8216
  Contribution to Diversity: 0.002182229748277642
  Route: [1, 16, 46, 44, 34, 35, 36, 39, 40, 37, 38, 48, 24, 5, 15, 6, 4, 25, 12, 28, 27, 26, 47, 13, 14, 52, 11, 51, 33, 43, 8, 9, 10, 41, 19, 45, 32, 49, 29, 50, 20, 23, 30, 2, 7, 42, 21, 17, 3, 18, 31, 22]

Individual 2:
  Route length: 8166
  Contribution to Diversity: 0.014399171080006212
  Route: [1, 49, 32, 45, 19, 41, 8, 9, 10, 43, 33, 51, 11, 52, 14, 13, 26, 47, 27, 28, 12, 25, 4, 44, 34, 35, 36, 39, 40, 37, 38, 48, 24, 5, 15, 6, 46, 50, 29, 16, 20, 23, 30, 2, 7, 42, 21, 17, 3, 18, 31, 22]

Individual 3:
  Route length: 8284
  Contribution to Diversity: 0.003769275032320607
  Route: [1, 49, 32, 45, 19, 41, 8, 9, 10, 43, 33, 51, 11, 52, 14, 13, 47, 26, 27, 28, 12, 15, 6, 4, 25, 5, 24, 48, 38, 39, 40, 37, 36, 35, 34, 44, 31, 18, 3, 17, 21, 42, 2, 7, 30, 23, 20, 50, 29, 16, 46, 22]

Individual 4:
  Route length: 8198
  Contribution to Diversity: 0.007509002270568388
  Route: [1, 49, 32, 45, 19, 41, 8, 9, 10, 43, 33, 51, 11, 52, 13, 14, 47, 26, 27, 28, 12, 38, 37, 5, 39, 40, 15, 6, 4, 25, 48, 24, 36, 35, 34, 46, 44, 16, 29, 50, 20, 23, 30, 2, 7, 42, 21, 17, 3, 18, 31, 22]

Individual 5:
  Route length: 8211
  Contribution to Diversity: 0.0023727060912674958
  Route: [1, 18, 19, 45, 32, 49, 41, 8, 9, 10, 43, 33, 51, 11, 52, 14, 13, 47, 26, 27, 28, 12, 25, 4, 6, 15, 5, 24, 48, 38, 37, 40, 39, 36, 35, 34, 44, 46, 16, 29, 20, 50, 23, 30, 2, 7, 42, 21, 17, 3, 31, 22]

Individual 6:
  Route length: 8230
  Contribution to Diversity: 0.009387312767805689
  Route: [1, 49, 36, 39, 40, 37, 38, 48, 24, 5, 15, 6, 4, 25, 12, 28, 27, 26, 47, 13, 14, 52, 11, 51, 33, 43, 10, 9, 8, 41, 18, 19, 45, 32, 35, 34, 44, 46, 16, 29, 20, 50, 23, 30, 2, 7, 42, 21, 17, 3, 31, 22]

Individual 7:
  Route length: 8220
  Contribution to Diversity: 0.025130033740002666
  Route: [1, 49, 20, 50, 29, 16, 46, 39, 34, 44, 35, 36, 40, 37, 38, 48, 24, 5, 15, 6, 25, 4, 12, 28, 27, 26, 47, 13, 14, 52, 11, 51, 33, 43, 10, 9, 8, 41, 19, 45, 32, 23, 30, 2, 7, 42, 21, 17, 3, 18, 31, 22]

Individual 8:
  Route length: 8277
  Contribution to Diversity: 0.020351530241947913
  Route: [1, 49, 32, 45, 19, 41, 8, 10, 9, 43, 33, 51, 11, 52, 13, 14, 47, 26, 27, 28, 12, 38, 37, 5, 39, 40, 15, 6, 4, 25, 48, 24, 36, 35, 34, 46, 44, 16, 29, 50, 20, 23, 30, 2, 7, 42, 21, 17, 3, 18, 31, 22]

Individual 9:
  Route length: 8287
  Contribution to Diversity: 0.009903493468258695
  Route: [1, 44, 34, 35, 36, 37, 40, 39, 38, 48, 24, 5, 25, 4, 6, 15, 12, 28, 27, 26, 47, 13, 14, 52, 11, 51, 33, 43, 10, 9, 8, 41, 19, 45, 32, 49, 31, 18, 3, 17, 21, 42, 2, 7, 30, 23, 20, 50, 29, 16, 46, 22]

Total Entropy H: 4.342488636034253
