Individual 0:
  Route length: 22626
  Contribution to Diversity: 0.0012507129818262186
  Route: [17, 48, 23, 20, 27, 37, 32, 8, 49, 1, 14, 51, 11, 52, 25, 12, 28, 18, 33, 39, 19, 44, 34, 9, 10, 2, 30, 45, 3, 29, 13, 24, 5, 15, 6, 4, 38, 42, 50, 41, 21, 7, 31, 43, 40, 35, 36, 16, 47, 26, 46, 22]

Individual 1:
  Route length: 22613
  Contribution to Diversity: 0.0026392734771132353
  Route: [8, 24, 34, 21, 13, 47, 32, 12, 52, 35, 11, 9, 49, 31, 25, 48, 40, 38, 2, 7, 42, 14, 39, 5, 6, 37, 4, 41, 45, 18, 10, 19, 36, 29, 30, 23, 20, 51, 33, 43, 26, 27, 28, 50, 46, 44, 1, 3, 17, 16, 15, 22]

Individual 2:
  Route length: 22287
  Contribution to Diversity: 0.0005786969366372574
  Route: [17, 23, 30, 50, 8, 39, 52, 14, 25, 36, 33, 38, 43, 32, 9, 10, 11, 37, 51, 49, 3, 48, 20, 18, 46, 28, 27, 1, 41, 31, 21, 4, 35, 40, 34, 5, 19, 45, 29, 16, 15, 6, 7, 42, 2, 24, 44, 26, 47, 13, 12, 22]

Individual 3:
  Route length: 22594
  Contribution to Diversity: 0.0028955859860451127
  Route: [25, 12, 28, 27, 43, 33, 51, 35, 23, 26, 8, 9, 10, 52, 14, 5, 20, 44, 45, 6, 11, 31, 34, 29, 21, 42, 2, 38, 36, 32, 4, 13, 47, 18, 19, 41, 40, 49, 39, 3, 24, 1, 17, 16, 46, 15, 37, 30, 7, 48, 50, 22]

Individual 4:
  Route length: 22623
  Contribution to Diversity: 0.002924676673208282
  Route: [24, 49, 6, 15, 36, 25, 48, 43, 7, 17, 3, 1, 8, 21, 29, 11, 12, 14, 37, 40, 39, 32, 38, 52, 13, 47, 26, 51, 45, 35, 46, 30, 31, 2, 33, 19, 34, 44, 41, 10, 9, 27, 23, 18, 20, 50, 42, 28, 5, 4, 16, 22]

Individual 5:
  Route length: 22618
  Contribution to Diversity: 0.001786478836093508
  Route: [32, 31, 34, 23, 9, 3, 21, 30, 7, 38, 26, 1, 5, 12, 46, 33, 17, 10, 41, 43, 44, 8, 27, 13, 47, 28, 37, 49, 48, 39, 51, 25, 40, 18, 2, 4, 11, 52, 14, 24, 36, 45, 6, 15, 20, 29, 50, 16, 35, 42, 19, 22]

Individual 6:
  Route length: 22461
  Contribution to Diversity: 0.003202141962939109
  Route: [1, 16, 29, 37, 50, 20, 26, 27, 28, 7, 3, 15, 4, 44, 40, 36, 38, 13, 47, 52, 14, 6, 46, 2, 30, 23, 43, 10, 17, 21, 8, 19, 24, 9, 5, 39, 33, 51, 34, 49, 45, 31, 11, 25, 48, 18, 32, 12, 42, 35, 41, 22]

Individual 7:
  Route length: 22286
  Contribution to Diversity: 0.0015600390760726057
  Route: [37, 38, 3, 19, 23, 42, 33, 34, 10, 20, 36, 44, 24, 46, 45, 7, 2, 11, 51, 4, 15, 6, 32, 30, 16, 21, 35, 1, 9, 43, 8, 41, 26, 28, 27, 48, 5, 25, 52, 14, 31, 50, 49, 12, 47, 13, 39, 40, 18, 17, 29, 22]

Individual 8:
  Route length: 22399
  Contribution to Diversity: 0.0012264918721260898
  Route: [45, 42, 20, 19, 37, 6, 5, 51, 15, 43, 32, 40, 39, 21, 30, 29, 18, 25, 33, 50, 10, 1, 34, 44, 7, 3, 9, 12, 28, 11, 52, 8, 41, 36, 48, 38, 23, 31, 46, 17, 4, 2, 35, 49, 26, 27, 13, 14, 47, 16, 24, 22]

Individual 9:
  Route length: 22467
  Contribution to Diversity: 0.000965621408262507
  Route: [16, 18, 6, 40, 28, 12, 43, 5, 15, 27, 26, 21, 1, 10, 33, 23, 29, 31, 20, 32, 14, 47, 34, 25, 30, 37, 38, 2, 7, 42, 50, 46, 9, 3, 49, 45, 11, 52, 51, 48, 24, 44, 36, 35, 39, 4, 8, 41, 13, 17, 19, 22]

Individual 10:
  Route length: 22533
  Contribution to Diversity: 0.0011220853609348325
  Route: [1, 46, 16, 41, 26, 12, 36, 37, 32, 45, 23, 20, 31, 34, 39, 3, 50, 19, 43, 33, 51, 11, 47, 14, 13, 17, 2, 44, 25, 6, 5, 49, 42, 18, 30, 8, 40, 27, 28, 7, 24, 48, 29, 21, 38, 15, 10, 9, 52, 4, 35, 22]

Individual 11:
  Route length: 22548
  Contribution to Diversity: 0.0010350177859397292
  Route: [49, 50, 27, 25, 12, 41, 8, 35, 36, 39, 38, 28, 37, 52, 11, 51, 10, 17, 31, 44, 26, 20, 24, 18, 16, 47, 9, 42, 2, 30, 7, 15, 5, 1, 23, 21, 45, 43, 6, 40, 32, 3, 4, 29, 14, 13, 46, 48, 19, 33, 34, 22]

Individual 12:
  Route length: 22449
  Contribution to Diversity: 0.000796324164163309
  Route: [30, 7, 19, 42, 17, 5, 11, 52, 14, 27, 47, 50, 16, 46, 45, 32, 49, 1, 3, 4, 24, 6, 36, 10, 20, 41, 8, 38, 40, 21, 34, 37, 28, 29, 33, 9, 39, 35, 48, 43, 18, 26, 25, 13, 51, 15, 31, 44, 12, 2, 23, 22]

Individual 13:
  Route length: 22463
  Contribution to Diversity: 0.0015510850636948348
  Route: [3, 45, 17, 48, 25, 14, 8, 49, 1, 41, 50, 46, 9, 34, 28, 12, 51, 11, 52, 27, 31, 7, 21, 18, 33, 37, 32, 30, 2, 10, 26, 47, 16, 36, 35, 44, 29, 20, 23, 40, 43, 39, 19, 13, 24, 5, 15, 6, 4, 38, 42, 22]

Individual 14:
  Route length: 22578
  Contribution to Diversity: 0.002455965206799249
  Route: [18, 52, 14, 16, 4, 5, 37, 38, 11, 42, 7, 2, 40, 24, 35, 20, 51, 33, 48, 28, 13, 47, 46, 36, 29, 25, 23, 17, 1, 39, 15, 49, 30, 44, 19, 9, 12, 45, 43, 10, 6, 27, 50, 21, 3, 31, 8, 41, 32, 26, 34, 22]

Individual 15:
  Route length: 22459
  Contribution to Diversity: 0.0016225004916350372
  Route: [5, 18, 16, 15, 38, 2, 7, 42, 50, 29, 31, 20, 40, 6, 24, 48, 51, 33, 30, 3, 36, 44, 43, 12, 28, 32, 14, 47, 34, 25, 9, 46, 45, 49, 35, 39, 4, 8, 41, 13, 52, 11, 1, 21, 26, 27, 37, 23, 10, 17, 19, 22]

Individual 16:
  Route length: 22283
  Contribution to Diversity: 0.0016863791014163354
  Route: [8, 9, 35, 47, 23, 42, 21, 49, 36, 38, 1, 14, 31, 37, 40, 19, 46, 34, 45, 4, 10, 44, 48, 16, 20, 51, 43, 15, 13, 26, 2, 7, 17, 3, 18, 41, 32, 50, 29, 12, 28, 27, 6, 5, 11, 52, 25, 39, 24, 33, 30, 22]

Individual 17:
  Route length: 22506
  Contribution to Diversity: 0.0008638199580452977
  Route: [1, 20, 50, 29, 25, 30, 23, 24, 6, 49, 26, 32, 38, 48, 44, 41, 19, 8, 21, 7, 9, 40, 43, 10, 33, 13, 35, 18, 46, 16, 39, 36, 5, 28, 3, 42, 2, 45, 17, 37, 15, 34, 14, 51, 4, 11, 27, 12, 47, 52, 31, 22]

Individual 18:
  Route length: 21869
  Contribution to Diversity: 0.0006819303893434991
  Route: [21, 17, 18, 3, 2, 37, 46, 44, 41, 45, 15, 38, 20, 34, 35, 8, 9, 19, 28, 48, 5, 42, 31, 29, 12, 16, 40, 43, 10, 7, 49, 32, 1, 13, 24, 47, 26, 50, 4, 25, 14, 52, 11, 27, 51, 6, 36, 39, 23, 30, 33, 22]

Individual 19:
  Route length: 22484
  Contribution to Diversity: 0.0022813455741230726
  Route: [29, 31, 16, 45, 10, 43, 19, 41, 39, 6, 24, 35, 40, 34, 30, 23, 8, 48, 51, 20, 17, 52, 4, 21, 38, 26, 50, 1, 18, 3, 49, 32, 2, 7, 42, 11, 37, 5, 47, 13, 28, 27, 12, 14, 25, 36, 33, 9, 15, 44, 46, 22]

Individual 20:
  Route length: 22473
  Contribution to Diversity: 0.0024412767552774994
  Route: [1, 21, 43, 40, 16, 36, 49, 15, 34, 18, 10, 37, 35, 46, 14, 23, 51, 27, 28, 25, 4, 20, 32, 41, 45, 50, 42, 7, 11, 52, 12, 47, 26, 48, 13, 33, 39, 44, 29, 3, 17, 9, 6, 31, 30, 2, 19, 38, 5, 24, 8, 22]

Individual 21:
  Route length: 22005
  Contribution to Diversity: 0.00147083634289924
  Route: [1, 12, 26, 3, 50, 19, 8, 30, 49, 5, 6, 25, 44, 42, 18, 40, 15, 38, 21, 29, 48, 24, 7, 28, 27, 2, 17, 13, 14, 47, 11, 51, 33, 43, 10, 9, 52, 4, 39, 34, 31, 20, 23, 45, 32, 37, 16, 46, 36, 41, 35, 22]

Individual 22:
  Route length: 22397
  Contribution to Diversity: 0.0009354598396162928
  Route: [1, 20, 50, 29, 25, 30, 23, 24, 6, 49, 26, 7, 21, 8, 19, 41, 40, 9, 32, 38, 48, 44, 15, 37, 17, 45, 2, 42, 3, 28, 5, 36, 39, 16, 46, 18, 35, 13, 33, 10, 43, 34, 14, 51, 4, 11, 27, 12, 47, 52, 31, 22]

Individual 23:
  Route length: 22546
  Contribution to Diversity: 0.00047181191190315275
  Route: [40, 1, 23, 34, 28, 27, 2, 7, 18, 42, 8, 41, 6, 11, 25, 39, 44, 20, 32, 15, 26, 37, 47, 13, 14, 46, 29, 24, 12, 43, 45, 35, 17, 21, 48, 38, 31, 3, 16, 36, 4, 51, 33, 9, 10, 30, 19, 50, 52, 5, 49, 22]

Individual 24:
  Route length: 22313
  Contribution to Diversity: 0.0020910913510236995
  Route: [26, 24, 35, 46, 32, 44, 2, 23, 20, 4, 38, 34, 40, 1, 37, 30, 21, 42, 19, 27, 29, 43, 3, 17, 45, 25, 5, 28, 12, 33, 51, 52, 13, 47, 18, 31, 10, 41, 7, 36, 39, 14, 11, 6, 8, 9, 16, 48, 15, 50, 49, 22]

Individual 25:
  Route length: 22351
  Contribution to Diversity: 0.0012961853972255355
  Route: [36, 8, 3, 27, 1, 33, 51, 5, 35, 49, 18, 31, 32, 46, 42, 25, 23, 34, 17, 9, 48, 28, 26, 50, 16, 44, 39, 21, 7, 2, 29, 24, 40, 38, 6, 15, 13, 47, 20, 30, 4, 12, 41, 37, 43, 11, 14, 52, 45, 10, 19, 22]

Individual 26:
  Route length: 22495
  Contribution to Diversity: 0.001082606713078249
  Route: [45, 42, 20, 19, 37, 6, 5, 31, 23, 38, 48, 36, 41, 8, 52, 11, 33, 50, 10, 1, 34, 44, 7, 3, 9, 12, 28, 25, 18, 29, 30, 21, 39, 40, 32, 43, 15, 51, 46, 17, 4, 2, 35, 49, 26, 27, 13, 14, 47, 16, 24, 22]

Individual 27:
  Route length: 21940
  Contribution to Diversity: 0.0036391312410408716
  Route: [31, 18, 6, 12, 14, 21, 17, 51, 11, 52, 28, 27, 26, 47, 9, 32, 15, 29, 2, 7, 16, 3, 8, 19, 20, 42, 25, 44, 36, 30, 35, 1, 49, 46, 41, 37, 43, 4, 45, 24, 39, 40, 48, 50, 13, 33, 5, 10, 38, 23, 34, 22]

Individual 28:
  Route length: 22439
  Contribution to Diversity: 0.0013991124759327178
  Route: [28, 11, 40, 36, 4, 52, 14, 46, 44, 33, 24, 34, 38, 32, 37, 1, 3, 17, 21, 2, 35, 8, 42, 30, 19, 41, 49, 18, 9, 10, 15, 20, 23, 27, 50, 7, 31, 39, 5, 6, 16, 45, 26, 12, 47, 13, 43, 48, 51, 25, 29, 22]

Individual 29:
  Route length: 22232
  Contribution to Diversity: 0.0009040589663023013
  Route: [47, 46, 51, 38, 41, 42, 45, 34, 44, 31, 10, 32, 43, 19, 26, 16, 29, 24, 39, 36, 1, 17, 3, 18, 37, 8, 9, 23, 25, 27, 28, 30, 21, 49, 20, 50, 40, 33, 4, 5, 48, 7, 2, 6, 15, 35, 14, 13, 12, 11, 52, 22]

Individual 30:
  Route length: 22506
  Contribution to Diversity: 0.0011567667981093877
  Route: [34, 21, 24, 15, 31, 20, 50, 29, 12, 23, 3, 41, 52, 13, 27, 8, 9, 37, 17, 7, 42, 40, 36, 47, 44, 32, 49, 10, 5, 45, 19, 35, 43, 38, 48, 4, 18, 26, 14, 33, 28, 16, 46, 51, 11, 25, 1, 39, 6, 30, 2, 22]

Individual 31:
  Route length: 22134
  Contribution to Diversity: 0.003305253314986878
  Route: [3, 42, 20, 2, 17, 21, 30, 19, 8, 9, 4, 50, 13, 28, 52, 11, 51, 31, 34, 35, 24, 29, 7, 37, 10, 36, 14, 38, 43, 6, 25, 12, 45, 16, 1, 49, 47, 26, 27, 39, 5, 15, 33, 32, 23, 40, 41, 48, 44, 18, 46, 22]

Individual 32:
  Route length: 21737
  Contribution to Diversity: 0.0021776264292441283
  Route: [17, 23, 41, 5, 35, 4, 10, 9, 32, 27, 25, 46, 43, 6, 8, 2, 7, 42, 24, 39, 44, 34, 40, 48, 15, 36, 33, 38, 28, 14, 1, 49, 45, 19, 31, 16, 29, 12, 52, 37, 11, 21, 3, 18, 20, 30, 51, 13, 47, 26, 50, 22]

Individual 33:
  Route length: 22583
  Contribution to Diversity: 0.0020448181490104744
  Route: [46, 41, 8, 35, 38, 23, 12, 28, 47, 26, 27, 13, 14, 11, 52, 2, 21, 30, 9, 3, 39, 36, 48, 4, 7, 18, 1, 34, 44, 29, 15, 6, 37, 19, 31, 5, 51, 45, 42, 20, 43, 32, 40, 17, 49, 25, 10, 50, 33, 16, 24, 22]

Individual 34:
  Route length: 22101
  Contribution to Diversity: 0.0034467109767453152
  Route: [48, 49, 10, 17, 3, 32, 50, 1, 24, 30, 7, 42, 4, 35, 29, 12, 28, 47, 26, 15, 23, 5, 25, 19, 31, 6, 51, 11, 52, 14, 2, 37, 40, 39, 36, 8, 41, 18, 21, 44, 46, 33, 43, 27, 45, 38, 9, 16, 13, 34, 20, 22]

Individual 35:
  Route length: 21866
  Contribution to Diversity: 0.002613671104183979
  Route: [29, 18, 37, 45, 5, 16, 6, 48, 24, 33, 12, 23, 20, 49, 40, 27, 38, 52, 14, 4, 43, 13, 47, 30, 42, 32, 26, 28, 31, 10, 19, 8, 51, 11, 9, 39, 41, 34, 46, 15, 1, 3, 17, 21, 2, 7, 50, 25, 36, 35, 44, 22]

Individual 36:
  Route length: 21912
  Contribution to Diversity: 0.0019419132945843742
  Route: [8, 9, 44, 52, 7, 21, 23, 37, 15, 41, 2, 42, 5, 10, 3, 45, 32, 49, 1, 50, 14, 47, 29, 20, 31, 18, 11, 51, 33, 43, 30, 19, 13, 27, 28, 4, 25, 40, 12, 38, 46, 39, 36, 16, 34, 35, 17, 26, 48, 6, 24, 22]

Individual 37:
  Route length: 22562
  Contribution to Diversity: 0.0013762301658086784
  Route: [37, 38, 3, 19, 8, 43, 9, 42, 33, 34, 10, 20, 36, 44, 48, 5, 25, 52, 14, 31, 50, 49, 12, 47, 13, 39, 40, 18, 7, 2, 11, 51, 4, 15, 6, 32, 30, 16, 21, 35, 1, 23, 41, 26, 28, 27, 24, 46, 45, 17, 29, 22]

Individual 38:
  Route length: 22497
  Contribution to Diversity: 0.0027049209032936616
  Route: [21, 17, 18, 16, 7, 33, 51, 11, 31, 24, 32, 35, 41, 9, 50, 20, 3, 8, 1, 45, 46, 39, 43, 10, 28, 27, 36, 40, 4, 15, 5, 25, 6, 2, 26, 48, 19, 42, 30, 23, 37, 29, 38, 47, 13, 14, 52, 49, 34, 44, 12, 22]

Individual 39:
  Route length: 22370
  Contribution to Diversity: 0.0031230948290872362
  Route: [1, 28, 12, 6, 38, 32, 52, 14, 13, 23, 27, 34, 24, 48, 11, 49, 44, 35, 36, 3, 17, 21, 50, 20, 39, 18, 41, 19, 25, 30, 47, 16, 2, 7, 45, 33, 43, 5, 37, 15, 4, 29, 51, 10, 9, 8, 42, 40, 46, 31, 26, 22]

Individual 40:
  Route length: 21196
  Contribution to Diversity: 0.0025735581449719547
  Route: [33, 51, 41, 4, 8, 9, 10, 12, 31, 15, 23, 29, 6, 3, 18, 24, 5, 46, 48, 38, 37, 44, 35, 52, 11, 49, 13, 14, 39, 25, 16, 36, 1, 19, 32, 45, 20, 21, 42, 7, 2, 30, 50, 26, 47, 40, 43, 34, 28, 27, 17, 22]

Individual 41:
  Route length: 21384
  Contribution to Diversity: 0.0019331632423540412
  Route: [8, 9, 10, 45, 50, 29, 4, 14, 35, 3, 18, 39, 5, 32, 40, 1, 25, 12, 28, 27, 16, 46, 15, 34, 43, 44, 38, 49, 7, 2, 51, 11, 19, 20, 36, 37, 42, 17, 21, 6, 41, 33, 52, 48, 24, 13, 26, 47, 23, 30, 31, 22]

Individual 42:
  Route length: 22576
  Contribution to Diversity: 0.0013536166642786895
  Route: [49, 16, 47, 19, 33, 20, 24, 18, 38, 2, 42, 9, 48, 46, 7, 30, 44, 31, 3, 32, 40, 6, 43, 45, 21, 23, 51, 11, 52, 37, 28, 26, 27, 25, 12, 41, 8, 39, 36, 35, 50, 10, 17, 4, 29, 14, 13, 15, 5, 1, 34, 22]

Individual 43:
  Route length: 21929
  Contribution to Diversity: 0.0007882036205408838
  Route: [31, 30, 41, 21, 8, 19, 39, 48, 25, 4, 10, 46, 5, 15, 33, 51, 1, 6, 3, 9, 16, 29, 12, 43, 24, 40, 23, 50, 49, 27, 28, 36, 17, 18, 32, 14, 52, 11, 47, 42, 7, 2, 20, 35, 26, 38, 37, 34, 44, 45, 13, 22]

Individual 44:
  Route length: 21295
  Contribution to Diversity: 0.0008425126062965305
  Route: [8, 15, 19, 48, 6, 38, 17, 35, 39, 20, 40, 37, 41, 9, 44, 46, 50, 12, 21, 24, 4, 11, 27, 18, 23, 52, 47, 14, 13, 51, 43, 33, 32, 10, 45, 36, 34, 16, 3, 42, 29, 28, 25, 26, 5, 49, 1, 30, 2, 7, 31, 22]

Individual 45:
  Route length: 22595
  Contribution to Diversity: 0.0005188928542319005
  Route: [40, 10, 9, 8, 36, 49, 18, 31, 7, 42, 23, 46, 37, 32, 41, 2, 1, 19, 48, 38, 39, 43, 17, 45, 16, 5, 27, 50, 52, 26, 47, 3, 25, 11, 4, 15, 29, 20, 12, 13, 14, 28, 35, 34, 24, 51, 6, 21, 33, 30, 44, 22]

Individual 46:
  Route length: 21147
  Contribution to Diversity: 0.0009063865638996305
  Route: [21, 1, 35, 5, 24, 37, 17, 26, 29, 20, 2, 36, 34, 18, 16, 50, 11, 52, 14, 32, 31, 45, 48, 44, 19, 15, 33, 46, 12, 38, 4, 8, 10, 42, 7, 23, 30, 6, 39, 51, 25, 40, 47, 13, 27, 28, 49, 3, 9, 41, 43, 22]

Individual 47:
  Route length: 22441
  Contribution to Diversity: 0.002069245871011205
  Route: [17, 21, 1, 32, 44, 26, 27, 13, 40, 39, 36, 35, 3, 8, 9, 10, 43, 18, 4, 14, 7, 50, 30, 2, 5, 24, 19, 25, 45, 38, 52, 11, 12, 48, 6, 42, 20, 28, 33, 51, 23, 41, 47, 37, 15, 49, 31, 34, 29, 16, 46, 22]

Individual 48:
  Route length: 22564
  Contribution to Diversity: 0.0034043519775162068
  Route: [1, 35, 33, 51, 24, 48, 20, 49, 34, 36, 40, 37, 52, 14, 13, 11, 28, 41, 19, 46, 15, 30, 12, 47, 27, 29, 50, 4, 45, 5, 23, 18, 26, 9, 3, 17, 21, 6, 10, 25, 42, 7, 44, 31, 39, 43, 16, 38, 2, 8, 32, 22]

Individual 49:
  Route length: 21503
  Contribution to Diversity: 0.0004135389586892302
  Route: [21, 1, 35, 24, 5, 17, 9, 6, 49, 29, 26, 28, 47, 14, 32, 31, 45, 33, 8, 4, 38, 12, 46, 15, 36, 34, 18, 3, 50, 16, 19, 30, 23, 7, 42, 10, 2, 44, 48, 39, 51, 25, 40, 27, 13, 52, 11, 20, 37, 41, 43, 22]

Individual 50:
  Route length: 21289
  Contribution to Diversity: 2.916367237748574e-05
  Route: [21, 1, 35, 24, 5, 17, 9, 6, 49, 29, 26, 28, 47, 14, 32, 31, 45, 33, 8, 4, 38, 12, 46, 15, 11, 52, 13, 27, 40, 25, 51, 39, 48, 44, 2, 10, 42, 7, 23, 30, 19, 16, 50, 3, 18, 34, 36, 20, 37, 41, 43, 22]

Individual 51:
  Route length: 22594
  Contribution to Diversity: 0.0022608580899472486
  Route: [10, 43, 47, 48, 13, 14, 52, 1, 11, 51, 33, 24, 35, 23, 20, 38, 5, 30, 42, 7, 45, 36, 28, 26, 8, 9, 31, 25, 2, 44, 46, 50, 17, 16, 29, 32, 19, 41, 12, 15, 4, 6, 49, 27, 34, 18, 3, 39, 40, 37, 21, 22]

Individual 52:
  Route length: 22065
  Contribution to Diversity: 0.002454417418428889
  Route: [16, 24, 48, 40, 38, 46, 35, 6, 23, 20, 50, 28, 9, 13, 37, 11, 51, 26, 29, 14, 52, 36, 32, 4, 12, 49, 34, 2, 21, 18, 41, 31, 39, 15, 19, 5, 47, 27, 33, 25, 45, 30, 17, 42, 7, 3, 1, 43, 10, 8, 44, 22]

Individual 53:
  Route length: 22234
  Contribution to Diversity: 0.002335852018634732
  Route: [16, 24, 48, 40, 38, 34, 49, 12, 4, 32, 36, 52, 14, 29, 26, 51, 11, 37, 13, 9, 28, 50, 20, 23, 6, 35, 46, 2, 21, 18, 41, 31, 39, 15, 3, 7, 42, 17, 30, 45, 25, 33, 27, 47, 5, 19, 1, 43, 10, 8, 44, 22]

Individual 54:
  Route length: 22482
  Contribution to Diversity: 0.001069832813803906
  Route: [41, 48, 1, 12, 52, 33, 49, 21, 17, 9, 30, 11, 34, 40, 32, 45, 19, 8, 28, 39, 4, 43, 10, 29, 7, 42, 26, 27, 47, 13, 14, 5, 44, 51, 46, 15, 6, 36, 31, 2, 16, 25, 23, 20, 3, 50, 35, 24, 38, 37, 18, 22]

Individual 55:
  Route length: 21745
  Contribution to Diversity: 0.0018857791214585973
  Route: [20, 31, 16, 49, 5, 24, 35, 40, 34, 30, 3, 18, 19, 33, 9, 51, 48, 32, 2, 7, 42, 50, 13, 28, 11, 4, 52, 47, 39, 8, 26, 38, 21, 17, 15, 6, 41, 23, 29, 37, 1, 45, 10, 43, 36, 25, 14, 12, 27, 44, 46, 22]

Individual 56:
  Route length: 22558
  Contribution to Diversity: 0.001147776432691039
  Route: [47, 46, 31, 52, 11, 12, 13, 14, 35, 15, 6, 2, 7, 48, 5, 4, 33, 40, 50, 17, 3, 18, 37, 8, 9, 23, 25, 27, 28, 30, 21, 49, 20, 1, 36, 39, 24, 29, 16, 26, 19, 43, 32, 10, 51, 38, 41, 42, 45, 34, 44, 22]

Individual 57:
  Route length: 22454
  Contribution to Diversity: 0.0022085112434897525
  Route: [44, 35, 23, 17, 8, 42, 18, 32, 49, 10, 30, 34, 24, 7, 29, 41, 3, 15, 1, 9, 11, 37, 6, 48, 39, 38, 12, 5, 40, 4, 2, 36, 20, 50, 25, 52, 27, 33, 51, 46, 16, 21, 28, 13, 14, 47, 26, 43, 45, 19, 31, 22]

Individual 58:
  Route length: 22005
  Contribution to Diversity: 0.0005712075807302597
  Route: [28, 12, 26, 47, 52, 6, 24, 34, 4, 39, 29, 20, 43, 36, 38, 23, 16, 35, 21, 17, 27, 14, 44, 18, 3, 15, 10, 32, 31, 40, 13, 5, 49, 51, 45, 1, 48, 42, 7, 2, 30, 50, 37, 46, 25, 9, 8, 11, 33, 19, 41, 22]

Individual 59:
  Route length: 22478
  Contribution to Diversity: 0.0005567915843203153
  Route: [32, 29, 14, 52, 11, 28, 8, 41, 21, 7, 18, 35, 37, 40, 34, 48, 15, 46, 1, 38, 39, 3, 44, 2, 17, 42, 51, 33, 26, 13, 43, 12, 5, 9, 10, 24, 20, 47, 25, 23, 45, 31, 16, 49, 4, 30, 36, 50, 6, 27, 19, 22]

Individual 60:
  Route length: 22033
  Contribution to Diversity: 0.0008320205343812503
  Route: [31, 30, 29, 16, 9, 3, 6, 1, 51, 33, 40, 17, 36, 28, 27, 24, 43, 12, 41, 21, 8, 19, 39, 48, 25, 4, 10, 46, 5, 15, 23, 50, 49, 18, 32, 14, 52, 11, 47, 42, 7, 2, 20, 35, 26, 38, 37, 34, 44, 45, 13, 22]

Individual 61:
  Route length: 22557
  Contribution to Diversity: 0.003097746913467425
  Route: [1, 47, 31, 18, 40, 35, 10, 43, 33, 51, 11, 32, 13, 28, 27, 49, 9, 16, 19, 41, 2, 50, 38, 36, 4, 26, 5, 34, 15, 3, 39, 25, 12, 20, 52, 14, 46, 44, 6, 8, 37, 29, 23, 30, 7, 17, 21, 42, 48, 24, 45, 22]

Individual 62:
  Route length: 21958
  Contribution to Diversity: 0
  Route: [32, 49, 1, 27, 14, 52, 11, 18, 43, 48, 35, 33, 20, 51, 26, 25, 4, 3, 40, 15, 31, 17, 45, 21, 44, 47, 13, 34, 50, 6, 24, 46, 29, 16, 42, 5, 12, 38, 37, 36, 23, 2, 30, 7, 19, 41, 8, 39, 9, 10, 28, 22]

Individual 63:
  Route length: 22604
  Contribution to Diversity: 0.000660617173770639
  Route: [28, 30, 50, 37, 46, 25, 9, 8, 11, 33, 51, 49, 5, 13, 40, 31, 32, 10, 15, 3, 18, 44, 14, 27, 17, 21, 35, 16, 23, 38, 36, 43, 20, 29, 39, 4, 34, 24, 6, 52, 47, 26, 12, 2, 7, 42, 48, 1, 45, 19, 41, 22]

Individual 64:
  Route length: 22475
  Contribution to Diversity: 0.0008988513370704609
  Route: [39, 46, 16, 49, 19, 23, 45, 26, 24, 42, 5, 41, 8, 51, 29, 32, 7, 2, 3, 10, 43, 33, 11, 47, 13, 14, 52, 36, 9, 48, 1, 31, 20, 38, 37, 40, 30, 21, 17, 18, 4, 27, 44, 28, 25, 50, 12, 34, 6, 35, 15, 22]

Individual 65:
  Route length: 22579
  Contribution to Diversity: 0.000679341076820883
  Route: [50, 29, 32, 49, 6, 48, 52, 20, 14, 45, 18, 30, 23, 42, 7, 17, 44, 43, 37, 25, 28, 33, 16, 12, 51, 11, 47, 26, 24, 39, 1, 34, 35, 38, 9, 8, 27, 13, 5, 41, 2, 10, 31, 21, 40, 36, 19, 4, 15, 46, 3, 22]

Individual 66:
  Route length: 22334
  Contribution to Diversity: 0.001965212520109283
  Route: [32, 29, 48, 25, 11, 28, 5, 35, 36, 8, 45, 31, 39, 38, 30, 21, 7, 2, 43, 3, 16, 1, 12, 13, 26, 52, 14, 4, 49, 44, 27, 6, 15, 41, 23, 34, 24, 10, 42, 17, 50, 33, 51, 9, 18, 37, 40, 20, 47, 46, 19, 22]

Individual 67:
  Route length: 22504
  Contribution to Diversity: 0.0008497698414968724
  Route: [39, 19, 49, 16, 46, 23, 45, 26, 24, 42, 5, 41, 8, 51, 29, 32, 7, 2, 3, 10, 43, 33, 11, 47, 13, 14, 52, 36, 9, 48, 1, 31, 20, 38, 37, 40, 30, 21, 17, 18, 4, 27, 44, 28, 25, 50, 12, 34, 6, 35, 15, 22]

Individual 68:
  Route length: 22401
  Contribution to Diversity: 0.0005521756491742025
  Route: [50, 29, 16, 33, 28, 25, 37, 43, 44, 17, 7, 42, 23, 30, 18, 45, 14, 20, 52, 48, 6, 49, 32, 12, 51, 11, 47, 26, 24, 39, 1, 34, 35, 38, 9, 8, 27, 13, 5, 41, 2, 10, 31, 21, 40, 36, 19, 4, 15, 46, 3, 22]

Individual 69:
  Route length: 22024
  Contribution to Diversity: 0.002980089251593654
  Route: [19, 6, 5, 40, 20, 26, 13, 33, 30, 2, 47, 12, 28, 27, 4, 25, 41, 32, 50, 29, 18, 52, 11, 31, 3, 17, 7, 38, 36, 49, 21, 42, 23, 37, 44, 10, 48, 24, 39, 1, 14, 51, 43, 15, 34, 46, 8, 9, 45, 35, 16, 22]

Individual 70:
  Route length: 21525
  Contribution to Diversity: 0.002645649920800075
  Route: [40, 39, 32, 26, 47, 13, 14, 37, 2, 20, 34, 15, 44, 46, 1, 31, 18, 23, 21, 36, 42, 50, 3, 19, 41, 8, 17, 48, 5, 29, 7, 27, 11, 33, 51, 52, 45, 43, 4, 9, 16, 25, 12, 28, 6, 35, 30, 10, 49, 38, 24, 22]

Individual 71:
  Route length: 22610
  Contribution to Diversity: 0.0011094828173892068
  Route: [25, 14, 52, 39, 8, 50, 30, 23, 17, 36, 33, 38, 43, 32, 9, 10, 11, 37, 51, 49, 3, 48, 20, 18, 46, 28, 27, 1, 41, 31, 21, 4, 35, 40, 34, 5, 19, 45, 29, 16, 15, 6, 7, 42, 2, 24, 44, 26, 47, 13, 12, 22]

Individual 72:
  Route length: 22407
  Contribution to Diversity: 0.00019547585465495843
  Route: [21, 2, 7, 41, 10, 29, 24, 26, 46, 16, 48, 14, 13, 47, 32, 38, 25, 35, 39, 36, 18, 15, 20, 50, 45, 37, 30, 52, 11, 4, 6, 28, 12, 44, 43, 17, 49, 23, 51, 33, 34, 40, 5, 9, 8, 19, 27, 31, 3, 1, 42, 22]

Individual 73:
  Route length: 22481
  Contribution to Diversity: 0.0007514633692942141
  Route: [41, 48, 1, 12, 52, 33, 49, 21, 17, 9, 30, 29, 10, 43, 4, 39, 28, 8, 19, 45, 32, 40, 34, 11, 7, 42, 26, 27, 47, 13, 14, 5, 44, 51, 46, 15, 6, 36, 31, 2, 16, 25, 23, 20, 3, 50, 35, 24, 38, 37, 18, 22]

Individual 74:
  Route length: 22284
  Contribution to Diversity: 0.00012674944879620398
  Route: [48, 15, 2, 19, 11, 51, 26, 39, 40, 10, 9, 27, 50, 20, 32, 8, 4, 5, 28, 33, 12, 43, 35, 36, 25, 6, 31, 23, 16, 1, 49, 42, 7, 17, 3, 41, 24, 45, 14, 52, 29, 13, 47, 21, 38, 37, 34, 44, 30, 18, 46, 22]

Individual 75:
  Route length: 22526
  Contribution to Diversity: 0
  Route: [15, 44, 4, 16, 20, 31, 49, 1, 11, 52, 13, 7, 23, 33, 36, 47, 26, 6, 42, 29, 50, 14, 24, 43, 10, 8, 21, 35, 32, 37, 46, 48, 27, 28, 51, 5, 38, 30, 2, 39, 9, 34, 18, 45, 19, 12, 25, 40, 3, 41, 17, 22]

Individual 76:
  Route length: 22482
  Contribution to Diversity: 0.000572981938642414
  Route: [30, 1, 29, 50, 28, 13, 24, 39, 36, 35, 27, 26, 23, 40, 47, 25, 44, 15, 4, 6, 38, 45, 41, 3, 49, 33, 14, 48, 11, 52, 5, 51, 7, 12, 20, 46, 34, 37, 32, 19, 17, 21, 16, 18, 2, 42, 31, 8, 43, 10, 9, 22]

Individual 77:
  Route length: 22023
  Contribution to Diversity: 0.0006584326378868965
  Route: [32, 29, 14, 52, 11, 28, 4, 49, 16, 31, 45, 23, 25, 47, 20, 24, 10, 9, 5, 12, 43, 13, 26, 33, 51, 42, 17, 2, 44, 3, 39, 38, 1, 46, 15, 48, 34, 40, 37, 35, 18, 7, 21, 41, 8, 30, 36, 50, 6, 27, 19, 22]

Individual 78:
  Route length: 22559
  Contribution to Diversity: 0.00046981135865742374
  Route: [40, 10, 9, 8, 36, 49, 18, 31, 7, 42, 23, 46, 37, 32, 41, 2, 1, 19, 48, 38, 39, 43, 17, 45, 28, 14, 13, 12, 20, 29, 15, 4, 11, 25, 3, 47, 26, 52, 50, 27, 5, 16, 35, 34, 24, 51, 6, 21, 33, 30, 44, 22]

Individual 79:
  Route length: 22620
  Contribution to Diversity: 0.0026491401289154837
  Route: [30, 7, 19, 42, 17, 5, 11, 52, 14, 27, 47, 50, 16, 31, 15, 51, 13, 25, 26, 18, 33, 29, 28, 37, 34, 35, 48, 43, 9, 39, 45, 32, 49, 1, 3, 4, 24, 6, 36, 10, 41, 20, 8, 38, 40, 21, 46, 44, 12, 2, 23, 22]

Individual 80:
  Route length: 22419
  Contribution to Diversity: 0.002371080657215252
  Route: [10, 39, 40, 23, 32, 47, 26, 12, 28, 27, 52, 36, 31, 35, 46, 50, 41, 20, 45, 19, 42, 15, 29, 51, 11, 25, 43, 13, 9, 8, 49, 7, 18, 3, 17, 21, 30, 2, 38, 5, 16, 6, 4, 33, 37, 34, 24, 48, 14, 44, 1, 22]

Individual 81:
  Route length: 22385
  Contribution to Diversity: 0
  Route: [40, 1, 23, 34, 28, 27, 2, 7, 18, 42, 8, 41, 6, 11, 25, 39, 38, 48, 21, 17, 35, 45, 43, 12, 24, 29, 46, 14, 13, 47, 37, 26, 15, 32, 20, 44, 31, 3, 16, 36, 4, 51, 33, 9, 10, 30, 19, 50, 52, 5, 49, 22]

Individual 82:
  Route length: 22217
  Contribution to Diversity: 0.00028822532145600377
  Route: [30, 5, 48, 37, 10, 18, 8, 42, 21, 36, 3, 9, 44, 46, 16, 50, 32, 45, 2, 20, 27, 15, 6, 7, 19, 34, 40, 29, 23, 1, 38, 49, 39, 35, 47, 26, 12, 52, 14, 13, 51, 24, 28, 31, 25, 4, 11, 43, 33, 17, 41, 22]

Individual 83:
  Route length: 21917
  Contribution to Diversity: 5.491088712616943e-06
  Route: [30, 5, 48, 37, 10, 18, 8, 42, 21, 36, 3, 9, 44, 46, 16, 50, 32, 45, 2, 20, 27, 15, 6, 7, 19, 31, 28, 24, 51, 13, 14, 52, 12, 26, 47, 35, 39, 49, 38, 1, 23, 29, 40, 34, 25, 4, 11, 43, 33, 17, 41, 22]

Individual 84:
  Route length: 22400
  Contribution to Diversity: 0.002959329570078495
  Route: [26, 33, 43, 51, 16, 15, 45, 27, 14, 50, 29, 18, 19, 32, 38, 40, 12, 49, 42, 7, 39, 3, 2, 36, 21, 30, 23, 44, 20, 35, 37, 24, 10, 11, 52, 13, 6, 4, 25, 1, 17, 5, 34, 28, 48, 46, 47, 9, 8, 41, 31, 22]

Individual 85:
  Route length: 22050
  Contribution to Diversity: 0.0011797196556662115
  Route: [30, 1, 29, 50, 5, 52, 11, 48, 14, 33, 49, 3, 41, 45, 38, 6, 4, 15, 44, 25, 47, 40, 23, 26, 27, 35, 36, 39, 24, 13, 28, 51, 7, 12, 20, 46, 34, 37, 32, 19, 17, 21, 16, 18, 2, 42, 31, 8, 43, 10, 9, 22]

Individual 86:
  Route length: 22258
  Contribution to Diversity: 0
  Route: [15, 44, 4, 16, 20, 31, 49, 1, 11, 52, 13, 7, 23, 33, 36, 29, 50, 14, 24, 43, 10, 8, 21, 42, 6, 26, 47, 35, 32, 37, 46, 48, 27, 28, 51, 5, 38, 30, 2, 39, 9, 34, 18, 45, 19, 12, 25, 40, 3, 41, 17, 22]

Individual 87:
  Route length: 22386
  Contribution to Diversity: 0.0008243324442904765
  Route: [36, 40, 9, 3, 31, 43, 19, 23, 13, 47, 33, 51, 35, 12, 15, 25, 49, 50, 21, 29, 39, 48, 45, 46, 38, 11, 32, 41, 8, 10, 28, 27, 5, 4, 16, 14, 52, 18, 17, 1, 30, 37, 2, 7, 42, 20, 44, 24, 6, 26, 34, 22]

Individual 88:
  Route length: 22397
  Contribution to Diversity: 0
  Route: [48, 15, 2, 19, 11, 51, 26, 39, 40, 10, 9, 27, 50, 20, 32, 8, 4, 5, 28, 33, 12, 43, 35, 36, 25, 6, 31, 23, 16, 1, 47, 13, 29, 52, 14, 45, 24, 41, 3, 17, 7, 42, 49, 21, 38, 37, 34, 44, 30, 18, 46, 22]

Individual 89:
  Route length: 22619
  Contribution to Diversity: 0
  Route: [15, 44, 4, 16, 20, 31, 49, 1, 11, 52, 13, 7, 23, 33, 36, 47, 26, 6, 42, 29, 50, 14, 24, 43, 10, 8, 21, 35, 32, 37, 46, 48, 27, 28, 51, 38, 5, 30, 2, 39, 9, 34, 18, 45, 19, 12, 25, 40, 3, 41, 17, 22]

Individual 90:
  Route length: 22570
  Contribution to Diversity: 0.0021188312564763834
  Route: [34, 21, 24, 15, 31, 20, 50, 29, 12, 23, 3, 41, 52, 13, 27, 8, 9, 37, 17, 7, 42, 40, 36, 47, 44, 32, 49, 10, 5, 45, 19, 35, 43, 38, 48, 4, 46, 16, 28, 33, 14, 26, 18, 51, 11, 25, 1, 39, 6, 30, 2, 22]

Individual 91:
  Route length: 22529
  Contribution to Diversity: 0.0016938186952009104
  Route: [21, 43, 48, 5, 42, 31, 32, 1, 29, 17, 3, 18, 49, 35, 50, 12, 11, 13, 24, 47, 16, 40, 10, 14, 52, 26, 8, 9, 4, 25, 34, 20, 38, 15, 45, 41, 44, 46, 37, 2, 30, 23, 39, 36, 6, 51, 27, 28, 19, 7, 33, 22]

Individual 92:
  Route length: 21974
  Contribution to Diversity: 0.0004909957576400004
  Route: [14, 52, 11, 33, 27, 16, 46, 19, 8, 9, 44, 40, 29, 50, 30, 7, 20, 15, 6, 2, 23, 36, 12, 51, 26, 47, 18, 17, 45, 41, 35, 34, 10, 1, 13, 4, 25, 24, 5, 39, 31, 48, 38, 28, 42, 43, 32, 3, 21, 49, 37, 22]

Individual 93:
  Route length: 22490
  Contribution to Diversity: 0.001667857069501899
  Route: [36, 40, 9, 3, 31, 8, 41, 32, 46, 38, 11, 45, 48, 39, 29, 21, 50, 49, 25, 15, 28, 10, 43, 19, 23, 13, 47, 33, 51, 35, 12, 27, 30, 1, 17, 18, 52, 14, 16, 4, 5, 37, 2, 7, 42, 20, 44, 24, 6, 26, 34, 22]

Individual 94:
  Route length: 21480
  Contribution to Diversity: 0.0011634297131113414
  Route: [8, 15, 19, 48, 6, 38, 17, 35, 39, 20, 40, 37, 41, 9, 44, 46, 50, 12, 21, 24, 4, 11, 27, 18, 23, 52, 47, 14, 13, 51, 43, 33, 32, 10, 45, 36, 34, 16, 3, 42, 29, 28, 25, 26, 5, 31, 7, 2, 30, 1, 49, 22]

Individual 95:
  Route length: 22516
  Contribution to Diversity: 0.002479146484976269
  Route: [31, 34, 50, 44, 25, 29, 43, 42, 48, 6, 33, 7, 2, 51, 23, 3, 20, 30, 21, 45, 19, 41, 17, 35, 8, 18, 32, 24, 49, 38, 39, 9, 5, 36, 4, 15, 11, 52, 14, 13, 40, 37, 10, 28, 46, 27, 26, 47, 1, 16, 12, 22]

Individual 96:
  Route length: 22392
  Contribution to Diversity: 0.0016217011268624404
  Route: [14, 52, 11, 33, 27, 42, 43, 16, 46, 19, 8, 9, 32, 3, 21, 10, 34, 35, 41, 45, 17, 18, 47, 26, 51, 12, 36, 23, 2, 6, 15, 20, 7, 30, 50, 28, 44, 40, 29, 38, 48, 31, 39, 13, 4, 25, 24, 5, 1, 49, 37, 22]

Individual 97:
  Route length: 22594
  Contribution to Diversity: 0.00020544407604461412
  Route: [21, 2, 7, 41, 23, 49, 17, 43, 44, 12, 28, 6, 4, 11, 52, 30, 37, 45, 50, 20, 15, 18, 36, 39, 35, 25, 38, 32, 47, 13, 14, 48, 16, 46, 26, 24, 29, 10, 51, 33, 34, 40, 5, 9, 8, 19, 27, 31, 3, 1, 42, 22]

Individual 98:
  Route length: 22150
  Contribution to Diversity: 0
  Route: [37, 38, 12, 5, 42, 16, 29, 46, 24, 6, 50, 34, 13, 47, 44, 21, 45, 17, 31, 15, 40, 3, 4, 25, 26, 51, 20, 33, 35, 48, 43, 18, 11, 52, 14, 27, 1, 49, 32, 36, 23, 2, 30, 7, 19, 41, 8, 39, 9, 10, 28, 22]

Individual 99:
  Route length: 22262
  Contribution to Diversity: 0.0010099731020636327
  Route: [42, 46, 31, 32, 18, 49, 35, 5, 51, 33, 1, 27, 3, 8, 36, 25, 23, 34, 17, 9, 48, 28, 26, 50, 16, 44, 39, 21, 7, 2, 29, 24, 40, 38, 6, 15, 13, 47, 20, 30, 4, 12, 41, 37, 43, 11, 14, 52, 45, 10, 19, 22]

Total Entropy H: 6.769662881456117
