Individual 0:
  Route length: 22591
  Contribution to Diversity: 0.002109535492024861
  Route: [42, 1, 33, 51, 5, 35, 49, 31, 32, 18, 46, 41, 37, 43, 11, 14, 52, 15, 6, 38, 40, 24, 29, 2, 7, 50, 16, 44, 27, 3, 8, 36, 25, 23, 34, 17, 9, 48, 28, 26, 21, 39, 12, 4, 30, 20, 47, 13, 45, 10, 19, 22]

Individual 1:
  Route length: 22558
  Contribution to Diversity: 0.0027057042808538156
  Route: [12, 40, 25, 4, 37, 23, 43, 33, 51, 11, 18, 31, 20, 29, 47, 14, 50, 1, 8, 9, 44, 52, 7, 21, 30, 19, 13, 27, 28, 15, 41, 2, 42, 5, 10, 3, 45, 34, 35, 17, 32, 16, 36, 39, 46, 38, 49, 26, 48, 6, 24, 22]

Individual 2:
  Route length: 22386
  Contribution to Diversity: 0.002445739290088511
  Route: [1, 16, 29, 37, 40, 36, 38, 13, 47, 52, 14, 6, 44, 4, 15, 19, 8, 2, 30, 23, 43, 10, 17, 21, 46, 50, 20, 26, 27, 28, 7, 3, 24, 9, 5, 39, 33, 51, 34, 49, 45, 31, 11, 25, 48, 18, 32, 12, 42, 35, 41, 22]

Individual 3:
  Route length: 22559
  Contribution to Diversity: 0.0005984624418449158
  Route: [37, 50, 32, 35, 47, 26, 6, 46, 15, 44, 4, 20, 16, 31, 49, 1, 11, 52, 13, 7, 23, 33, 36, 29, 14, 24, 43, 10, 8, 21, 42, 48, 27, 28, 51, 5, 38, 30, 2, 39, 9, 34, 18, 45, 19, 12, 25, 40, 3, 41, 17, 22]

Individual 4:
  Route length: 21893
  Contribution to Diversity: 0.002072861933847925
  Route: [1, 2, 52, 14, 13, 11, 28, 27, 47, 39, 31, 44, 7, 42, 25, 10, 6, 21, 17, 3, 9, 26, 18, 23, 5, 45, 4, 36, 34, 12, 37, 40, 38, 30, 15, 46, 20, 48, 24, 51, 16, 50, 29, 41, 19, 49, 43, 33, 35, 8, 32, 22]

Individual 5:
  Route length: 22527
  Contribution to Diversity: 0.003165431425659726
  Route: [39, 29, 21, 50, 49, 10, 28, 16, 52, 14, 12, 27, 17, 41, 32, 46, 35, 6, 24, 44, 20, 42, 7, 2, 37, 5, 4, 15, 40, 36, 18, 38, 11, 45, 3, 31, 1, 30, 8, 48, 9, 25, 43, 19, 23, 34, 26, 51, 33, 47, 13, 22]

Individual 6:
  Route length: 22293
  Contribution to Diversity: 0.0006798810158894497
  Route: [20, 26, 38, 21, 17, 48, 32, 2, 7, 27, 12, 14, 25, 40, 49, 5, 24, 35, 1, 45, 10, 43, 36, 37, 29, 23, 8, 11, 4, 47, 28, 52, 13, 50, 42, 3, 18, 19, 33, 9, 51, 15, 6, 41, 39, 31, 16, 34, 30, 44, 46, 22]

Individual 7:
  Route length: 22571
  Contribution to Diversity: 0.0021307592158974487
  Route: [3, 12, 37, 10, 36, 44, 29, 7, 25, 6, 43, 38, 14, 24, 35, 34, 20, 2, 31, 42, 30, 21, 17, 51, 11, 52, 28, 39, 27, 26, 47, 32, 33, 41, 48, 18, 46, 23, 40, 15, 5, 13, 50, 4, 9, 8, 19, 45, 16, 1, 49, 22]

Individual 8:
  Route length: 22325
  Contribution to Diversity: 0.00045442999699218944
  Route: [31, 36, 44, 25, 42, 20, 19, 8, 3, 16, 7, 2, 29, 9, 51, 50, 45, 47, 26, 27, 28, 52, 11, 13, 33, 5, 1, 49, 39, 24, 15, 32, 17, 21, 14, 48, 4, 43, 37, 41, 46, 40, 12, 6, 18, 30, 34, 23, 38, 10, 35, 22]

Individual 9:
  Route length: 22406
  Contribution to Diversity: 0.0029020529130843187
  Route: [19, 4, 41, 51, 46, 29, 5, 24, 18, 3, 52, 11, 49, 45, 32, 33, 6, 40, 42, 7, 2, 30, 50, 26, 47, 21, 20, 13, 14, 48, 38, 23, 15, 31, 12, 10, 9, 8, 1, 36, 16, 25, 39, 37, 44, 35, 43, 34, 28, 27, 17, 22]

Individual 10:
  Route length: 22185
  Contribution to Diversity: 0.0007613253940483844
  Route: [31, 36, 3, 8, 19, 20, 42, 25, 44, 16, 7, 2, 29, 9, 51, 50, 45, 24, 39, 49, 1, 5, 33, 13, 11, 52, 28, 27, 26, 47, 15, 32, 17, 21, 14, 48, 4, 43, 37, 41, 46, 40, 12, 6, 18, 30, 34, 23, 38, 10, 35, 22]

Individual 11:
  Route length: 22234
  Contribution to Diversity: 0.0029833645248951157
  Route: [32, 29, 14, 52, 11, 28, 23, 13, 26, 33, 51, 42, 17, 2, 44, 50, 6, 27, 19, 35, 24, 10, 9, 5, 4, 15, 46, 25, 47, 20, 38, 39, 3, 36, 37, 1, 43, 12, 49, 16, 31, 45, 48, 30, 40, 34, 8, 41, 21, 7, 18, 22]

Individual 12:
  Route length: 22541
  Contribution to Diversity: 0.0011819914191928405
  Route: [1, 47, 10, 43, 33, 51, 11, 45, 24, 48, 42, 30, 40, 15, 34, 5, 26, 4, 36, 38, 50, 2, 41, 19, 16, 9, 7, 17, 21, 23, 29, 8, 37, 49, 18, 35, 31, 3, 39, 44, 46, 14, 52, 20, 12, 25, 6, 27, 28, 13, 32, 22]

Individual 13:
  Route length: 22536
  Contribution to Diversity: 0.0029630290075202126
  Route: [32, 20, 40, 37, 41, 10, 8, 15, 19, 48, 6, 9, 1, 34, 18, 33, 36, 30, 2, 7, 31, 5, 26, 3, 42, 25, 28, 29, 16, 23, 52, 47, 14, 13, 51, 17, 38, 44, 46, 12, 50, 21, 24, 4, 11, 27, 39, 35, 43, 45, 49, 22]

Individual 14:
  Route length: 22432
  Contribution to Diversity: 0.0005992093379436625
  Route: [47, 13, 14, 48, 16, 46, 1, 34, 40, 19, 8, 9, 5, 27, 31, 3, 33, 51, 10, 18, 35, 39, 36, 17, 49, 23, 41, 7, 2, 21, 32, 38, 25, 43, 44, 12, 28, 6, 4, 11, 52, 30, 37, 45, 20, 50, 15, 29, 24, 26, 42, 22]

Individual 15:
  Route length: 21839
  Contribution to Diversity: 0.0021663293991229793
  Route: [24, 2, 33, 19, 34, 35, 46, 29, 51, 37, 31, 30, 21, 8, 1, 3, 17, 7, 43, 48, 49, 11, 27, 9, 10, 41, 25, 6, 15, 36, 44, 45, 40, 39, 32, 38, 52, 13, 12, 14, 47, 26, 28, 42, 50, 20, 18, 23, 5, 4, 16, 22]

Individual 16:
  Route length: 22333
  Contribution to Diversity: 0.0032396687261151413
  Route: [32, 29, 48, 25, 11, 28, 5, 43, 2, 7, 21, 30, 23, 41, 49, 10, 42, 17, 50, 31, 45, 8, 39, 26, 13, 24, 36, 35, 3, 16, 4, 40, 20, 47, 46, 19, 15, 6, 27, 52, 14, 37, 18, 9, 44, 33, 51, 38, 34, 12, 1, 22]

Individual 17:
  Route length: 22280
  Contribution to Diversity: 0.002312894202681548
  Route: [48, 15, 42, 7, 17, 46, 23, 16, 44, 34, 37, 38, 21, 49, 40, 39, 26, 51, 11, 19, 2, 29, 13, 47, 31, 18, 30, 50, 20, 32, 8, 4, 5, 28, 33, 12, 43, 35, 36, 25, 6, 1, 27, 9, 10, 52, 14, 45, 24, 41, 3, 22]

Individual 18:
  Route length: 22490
  Contribution to Diversity: 0.0026820111157608295
  Route: [15, 51, 13, 25, 26, 18, 43, 48, 33, 29, 28, 37, 34, 21, 40, 44, 6, 4, 52, 14, 27, 47, 50, 16, 46, 45, 32, 49, 1, 3, 11, 5, 39, 35, 9, 12, 19, 7, 30, 41, 8, 38, 24, 20, 31, 36, 10, 17, 42, 2, 23, 22]

Individual 19:
  Route length: 22048
  Contribution to Diversity: 0.0016702738965994612
  Route: [30, 1, 29, 50, 5, 52, 11, 48, 14, 33, 49, 3, 41, 45, 38, 6, 4, 15, 7, 36, 39, 47, 25, 46, 20, 12, 35, 27, 26, 23, 44, 51, 28, 13, 24, 40, 18, 16, 21, 17, 42, 2, 34, 37, 32, 19, 31, 8, 43, 10, 9, 22]

Individual 20:
  Route length: 21162
  Contribution to Diversity: 0.0019079149068010892
  Route: [30, 7, 5, 9, 39, 43, 48, 4, 24, 6, 36, 10, 41, 20, 15, 51, 13, 25, 26, 12, 28, 37, 34, 35, 19, 42, 17, 3, 23, 2, 18, 33, 29, 44, 46, 21, 40, 50, 16, 31, 8, 38, 47, 27, 11, 52, 14, 45, 1, 49, 32, 22]

Individual 21:
  Route length: 22199
  Contribution to Diversity: 0.002085173482119451
  Route: [46, 47, 13, 49, 32, 24, 3, 18, 17, 21, 44, 42, 31, 29, 12, 16, 5, 7, 10, 43, 40, 35, 34, 20, 38, 15, 45, 19, 28, 48, 8, 9, 41, 2, 37, 1, 50, 26, 4, 25, 14, 52, 11, 27, 51, 6, 36, 39, 23, 30, 33, 22]

Individual 22:
  Route length: 22461
  Contribution to Diversity: 0.0015570377355382803
  Route: [1, 20, 52, 47, 12, 27, 11, 26, 32, 38, 48, 44, 35, 9, 7, 4, 51, 14, 34, 15, 37, 19, 41, 49, 6, 24, 3, 30, 17, 45, 2, 42, 23, 33, 10, 43, 25, 8, 21, 13, 28, 5, 36, 39, 16, 46, 18, 40, 29, 50, 31, 22]

Individual 23:
  Route length: 21658
  Contribution to Diversity: 0.0019757749584714546
  Route: [32, 31, 34, 23, 9, 3, 18, 2, 4, 11, 52, 14, 26, 1, 5, 12, 46, 33, 17, 10, 41, 43, 44, 8, 27, 13, 47, 28, 37, 49, 48, 39, 51, 24, 36, 45, 6, 25, 38, 7, 30, 21, 40, 15, 19, 42, 35, 16, 50, 29, 20, 22]

Individual 24:
  Route length: 22479
  Contribution to Diversity: 0.0015191818894209064
  Route: [30, 1, 29, 50, 5, 52, 11, 48, 14, 33, 49, 3, 41, 45, 38, 6, 4, 15, 7, 36, 39, 47, 25, 40, 8, 31, 19, 32, 37, 34, 2, 42, 17, 21, 16, 18, 46, 20, 12, 35, 27, 26, 23, 44, 51, 28, 13, 24, 43, 10, 9, 22]

Individual 25:
  Route length: 22535
  Contribution to Diversity: 0.0021774335254347577
  Route: [8, 16, 44, 1, 3, 17, 4, 36, 29, 30, 23, 20, 51, 46, 50, 26, 27, 28, 43, 32, 34, 35, 47, 13, 21, 11, 9, 49, 31, 25, 48, 40, 38, 2, 7, 42, 14, 39, 5, 6, 52, 12, 33, 41, 45, 18, 10, 19, 37, 24, 15, 22]

Individual 26:
  Route length: 22377
  Contribution to Diversity: 0.0023847328636819043
  Route: [19, 9, 47, 33, 3, 32, 40, 24, 18, 29, 14, 13, 46, 48, 49, 15, 5, 1, 23, 21, 45, 43, 6, 20, 26, 44, 31, 17, 10, 28, 37, 52, 11, 51, 38, 42, 2, 30, 7, 16, 34, 27, 25, 12, 41, 8, 35, 36, 39, 4, 50, 22]

Individual 27:
  Route length: 22565
  Contribution to Diversity: 0.0008442443768208463
  Route: [32, 42, 30, 47, 13, 43, 4, 5, 45, 16, 6, 48, 35, 36, 18, 46, 34, 41, 39, 9, 11, 51, 8, 37, 40, 49, 20, 23, 17, 21, 2, 7, 50, 25, 19, 10, 29, 27, 38, 52, 14, 15, 1, 3, 12, 33, 28, 26, 31, 24, 44, 22]

Individual 28:
  Route length: 22327
  Contribution to Diversity: 0.002848507418140578
  Route: [18, 52, 14, 16, 15, 39, 1, 17, 23, 25, 6, 10, 43, 45, 12, 9, 19, 44, 30, 49, 4, 5, 37, 38, 51, 20, 35, 24, 40, 2, 7, 42, 11, 33, 48, 28, 13, 47, 46, 36, 29, 27, 50, 21, 3, 31, 8, 41, 32, 26, 34, 22]

Individual 29:
  Route length: 22424
  Contribution to Diversity: 0.0013004432589323045
  Route: [47, 13, 14, 48, 16, 46, 39, 35, 25, 38, 32, 21, 2, 7, 41, 23, 49, 17, 43, 44, 12, 28, 6, 4, 51, 33, 8, 9, 5, 27, 31, 3, 19, 40, 34, 1, 36, 18, 10, 11, 52, 30, 37, 45, 20, 50, 15, 29, 24, 26, 42, 22]

Individual 30:
  Route length: 22257
  Contribution to Diversity: 0.004409651344258414
  Route: [34, 1, 39, 36, 40, 21, 31, 10, 2, 41, 5, 13, 27, 8, 9, 20, 35, 50, 29, 16, 52, 48, 6, 49, 32, 30, 23, 42, 7, 17, 44, 33, 11, 51, 12, 28, 25, 37, 43, 18, 45, 14, 38, 47, 26, 24, 19, 4, 15, 46, 3, 22]

Individual 31:
  Route length: 22311
  Contribution to Diversity: 0.002863279758084758
  Route: [21, 47, 13, 44, 1, 35, 5, 24, 37, 19, 16, 50, 11, 52, 14, 40, 34, 46, 38, 12, 4, 8, 10, 32, 31, 45, 48, 33, 25, 51, 27, 29, 26, 17, 15, 18, 42, 7, 23, 30, 6, 36, 2, 20, 39, 28, 49, 3, 9, 41, 43, 22]

Individual 32:
  Route length: 22312
  Contribution to Diversity: 0.003637653209466407
  Route: [21, 43, 48, 5, 20, 34, 25, 4, 14, 52, 26, 35, 49, 40, 31, 42, 36, 6, 51, 27, 24, 47, 32, 23, 30, 2, 37, 28, 13, 11, 12, 50, 38, 15, 45, 41, 44, 46, 16, 18, 3, 17, 29, 1, 19, 10, 39, 8, 9, 7, 33, 22]

Individual 33:
  Route length: 22458
  Contribution to Diversity: 0.001429686491042581
  Route: [1, 42, 41, 27, 28, 40, 50, 19, 43, 33, 51, 11, 47, 45, 23, 20, 31, 34, 8, 25, 7, 24, 48, 29, 21, 38, 15, 10, 9, 32, 17, 2, 49, 5, 6, 26, 12, 36, 37, 44, 30, 18, 46, 16, 39, 3, 13, 14, 52, 4, 35, 22]

Individual 34:
  Route length: 22399
  Contribution to Diversity: 0.000996463941086212
  Route: [20, 26, 38, 15, 51, 9, 33, 19, 18, 3, 42, 50, 13, 52, 28, 47, 4, 11, 8, 23, 29, 37, 36, 43, 10, 45, 1, 35, 24, 5, 49, 40, 25, 14, 12, 27, 7, 2, 32, 48, 17, 21, 6, 41, 39, 31, 16, 34, 30, 44, 46, 22]

Individual 35:
  Route length: 22271
  Contribution to Diversity: 0.0024837932396248874
  Route: [21, 17, 48, 26, 42, 19, 31, 46, 39, 44, 34, 49, 52, 14, 13, 47, 40, 36, 27, 28, 2, 30, 18, 32, 24, 23, 37, 29, 20, 50, 9, 41, 38, 3, 8, 7, 33, 51, 11, 45, 1, 16, 35, 15, 4, 5, 25, 6, 10, 43, 12, 22]

Individual 36:
  Route length: 22529
  Contribution to Diversity: 0.0003778346900942253
  Route: [36, 5, 51, 33, 15, 9, 12, 23, 34, 30, 1, 13, 47, 20, 17, 41, 40, 38, 6, 48, 28, 26, 50, 16, 44, 39, 21, 7, 45, 10, 19, 18, 31, 32, 46, 42, 25, 4, 27, 3, 8, 43, 11, 14, 52, 2, 29, 24, 37, 49, 35, 22]

Individual 37:
  Route length: 22581
  Contribution to Diversity: 0.003020429696640292
  Route: [1, 15, 29, 52, 27, 28, 51, 36, 31, 10, 14, 46, 2, 30, 24, 8, 9, 13, 43, 25, 11, 12, 26, 47, 32, 23, 40, 39, 44, 38, 5, 16, 37, 33, 4, 6, 34, 21, 17, 3, 18, 7, 49, 48, 50, 41, 19, 45, 20, 42, 35, 22]

Individual 38:
  Route length: 20057
  Contribution to Diversity: 0.0010118886589562948
  Route: [40, 31, 32, 15, 10, 3, 18, 43, 36, 38, 2, 7, 42, 20, 35, 16, 23, 30, 51, 11, 8, 9, 25, 46, 37, 50, 49, 5, 44, 14, 27, 29, 21, 17, 39, 48, 45, 1, 33, 19, 34, 24, 6, 28, 12, 26, 47, 52, 13, 4, 41, 22]

Individual 39:
  Route length: 22476
  Contribution to Diversity: 0.0015290928685169902
  Route: [32, 4, 52, 14, 5, 20, 44, 45, 6, 11, 31, 34, 36, 17, 1, 24, 3, 39, 49, 40, 41, 19, 15, 37, 30, 7, 48, 46, 16, 38, 2, 42, 21, 47, 13, 10, 9, 8, 26, 23, 35, 12, 28, 27, 43, 33, 51, 25, 29, 18, 50, 22]

Individual 40:
  Route length: 22383
  Contribution to Diversity: 0.0007369087353170656
  Route: [47, 44, 14, 26, 23, 31, 20, 1, 18, 51, 11, 27, 8, 9, 19, 45, 39, 3, 41, 35, 2, 30, 6, 17, 7, 42, 40, 36, 34, 21, 24, 15, 12, 38, 43, 52, 13, 10, 5, 37, 33, 50, 29, 48, 4, 46, 16, 28, 25, 49, 32, 22]

Individual 41:
  Route length: 21924
  Contribution to Diversity: 0.0003510316940475988
  Route: [19, 6, 5, 14, 51, 43, 39, 24, 52, 11, 37, 44, 7, 17, 3, 31, 23, 49, 36, 38, 10, 48, 30, 2, 40, 1, 15, 34, 42, 21, 9, 41, 25, 4, 47, 12, 28, 27, 33, 13, 26, 20, 18, 29, 50, 32, 8, 46, 45, 35, 16, 22]

Individual 42:
  Route length: 22502
  Contribution to Diversity: 0.0003490553865876933
  Route: [47, 44, 14, 26, 23, 31, 20, 1, 18, 51, 11, 27, 8, 9, 19, 45, 39, 3, 41, 35, 2, 30, 6, 17, 7, 42, 40, 36, 34, 21, 24, 15, 12, 38, 43, 5, 10, 13, 52, 37, 33, 50, 29, 48, 4, 46, 16, 28, 25, 49, 32, 22]

Individual 43:
  Route length: 22325
  Contribution to Diversity: 0.0009899650982623243
  Route: [14, 52, 11, 33, 4, 37, 41, 45, 2, 23, 36, 12, 51, 26, 47, 28, 50, 30, 7, 20, 43, 17, 18, 1, 49, 46, 19, 8, 9, 32, 3, 39, 35, 13, 21, 10, 34, 5, 24, 25, 38, 48, 31, 15, 42, 27, 29, 40, 44, 16, 6, 22]

Individual 44:
  Route length: 22211
  Contribution to Diversity: 0.001643759418525903
  Route: [5, 18, 49, 3, 45, 39, 4, 11, 52, 46, 9, 26, 27, 37, 16, 15, 38, 2, 7, 42, 50, 29, 31, 20, 32, 6, 13, 35, 36, 44, 43, 41, 8, 1, 21, 25, 34, 47, 14, 40, 12, 28, 24, 48, 51, 33, 30, 23, 10, 17, 19, 22]

Individual 45:
  Route length: 22440
  Contribution to Diversity: 0.0003025619312433392
  Route: [26, 52, 13, 47, 24, 51, 8, 9, 16, 46, 10, 31, 18, 42, 30, 21, 37, 34, 38, 40, 4, 1, 44, 32, 41, 7, 36, 35, 27, 2, 23, 20, 43, 29, 19, 3, 17, 45, 25, 5, 33, 12, 28, 6, 11, 14, 39, 48, 15, 49, 50, 22]

Individual 46:
  Route length: 22304
  Contribution to Diversity: 0.001881266703798623
  Route: [46, 35, 37, 10, 18, 34, 15, 49, 36, 16, 5, 38, 19, 50, 1, 14, 23, 6, 9, 17, 3, 25, 4, 39, 44, 24, 40, 43, 33, 13, 48, 26, 47, 11, 12, 52, 7, 42, 21, 29, 28, 27, 51, 31, 30, 2, 45, 20, 32, 41, 8, 22]

Individual 47:
  Route length: 22528
  Contribution to Diversity: 0.0021749064540932395
  Route: [40, 27, 13, 52, 11, 20, 48, 15, 46, 12, 41, 1, 31, 34, 2, 18, 44, 36, 19, 16, 50, 3, 17, 5, 24, 35, 10, 9, 6, 49, 29, 26, 39, 38, 4, 8, 33, 45, 30, 28, 47, 14, 32, 42, 7, 23, 37, 21, 25, 51, 43, 22]

Individual 48:
  Route length: 22388
  Contribution to Diversity: 0.0008570629386461803
  Route: [35, 36, 33, 40, 6, 43, 9, 42, 2, 38, 17, 10, 32, 48, 34, 27, 26, 28, 37, 8, 41, 3, 31, 16, 44, 49, 50, 12, 25, 29, 14, 13, 15, 5, 1, 46, 7, 30, 47, 45, 21, 23, 51, 11, 52, 39, 20, 24, 18, 19, 4, 22]

Individual 49:
  Route length: 22479
  Contribution to Diversity: 0.002180495126700599
  Route: [17, 21, 1, 32, 44, 26, 27, 13, 20, 42, 6, 40, 39, 36, 25, 19, 24, 4, 14, 7, 50, 30, 2, 5, 18, 43, 10, 9, 8, 3, 35, 45, 52, 11, 12, 38, 48, 28, 33, 51, 23, 41, 47, 37, 15, 49, 31, 34, 29, 16, 46, 22]

Individual 50:
  Route length: 22324
  Contribution to Diversity: 0.0005837369792631719
  Route: [10, 43, 47, 48, 13, 14, 52, 27, 49, 35, 51, 33, 24, 11, 41, 12, 19, 1, 39, 25, 29, 16, 17, 2, 44, 46, 50, 36, 45, 7, 42, 30, 23, 6, 4, 15, 32, 34, 18, 3, 28, 26, 8, 9, 31, 40, 37, 20, 38, 5, 21, 22]

Individual 51:
  Route length: 22141
  Contribution to Diversity: 0.0011431586422911977
  Route: [5, 19, 1, 43, 10, 8, 13, 27, 33, 25, 45, 30, 17, 2, 11, 51, 26, 29, 9, 3, 7, 42, 21, 18, 41, 37, 47, 16, 28, 50, 20, 23, 40, 48, 24, 15, 36, 46, 31, 39, 32, 4, 6, 38, 34, 49, 12, 35, 52, 14, 44, 22]

Individual 52:
  Route length: 22432
  Contribution to Diversity: 0.002534933467528866
  Route: [37, 40, 3, 39, 8, 10, 28, 23, 34, 50, 6, 24, 46, 29, 16, 42, 5, 12, 38, 1, 49, 35, 33, 20, 51, 44, 21, 45, 17, 31, 15, 9, 41, 19, 32, 48, 43, 18, 11, 52, 47, 26, 25, 4, 27, 14, 13, 2, 30, 7, 36, 22]

Individual 53:
  Route length: 22460
  Contribution to Diversity: 0.0028683099574307036
  Route: [26, 2, 3, 37, 35, 15, 45, 27, 14, 50, 29, 18, 19, 32, 38, 42, 7, 49, 12, 40, 39, 24, 10, 11, 52, 13, 36, 21, 30, 23, 44, 20, 16, 51, 33, 43, 6, 4, 17, 1, 25, 5, 34, 28, 48, 46, 47, 31, 41, 8, 9, 22]

Individual 54:
  Route length: 22101
  Contribution to Diversity: 0.000557773817715379
  Route: [45, 21, 23, 51, 11, 52, 37, 28, 26, 27, 34, 48, 32, 10, 17, 38, 2, 42, 9, 43, 6, 40, 33, 36, 35, 47, 30, 7, 46, 1, 5, 15, 13, 14, 29, 25, 12, 50, 49, 44, 16, 31, 3, 41, 8, 39, 20, 24, 18, 19, 4, 22]

Individual 55:
  Route length: 22322
  Contribution to Diversity: 0.0036327211456335107
  Route: [31, 14, 52, 25, 5, 48, 46, 44, 29, 17, 49, 50, 30, 16, 21, 3, 19, 8, 2, 7, 18, 40, 9, 35, 1, 23, 41, 13, 39, 42, 33, 34, 38, 43, 11, 51, 20, 10, 37, 32, 6, 15, 4, 27, 28, 26, 47, 12, 45, 24, 36, 22]

Individual 56:
  Route length: 21784
  Contribution to Diversity: 0.0002725284374980319
  Route: [36, 35, 39, 4, 8, 41, 13, 6, 34, 25, 43, 5, 15, 27, 45, 49, 3, 9, 40, 28, 11, 52, 51, 48, 24, 37, 30, 12, 26, 21, 1, 10, 33, 14, 47, 18, 16, 44, 38, 2, 7, 42, 32, 20, 31, 29, 23, 50, 46, 17, 19, 22]

Individual 57:
  Route length: 22163
  Contribution to Diversity: 0.0020439796977962388
  Route: [46, 41, 8, 35, 38, 23, 31, 19, 37, 6, 15, 29, 25, 26, 47, 28, 12, 1, 18, 7, 42, 45, 51, 5, 20, 43, 34, 44, 10, 50, 4, 48, 36, 39, 3, 9, 30, 21, 2, 52, 11, 14, 13, 27, 49, 17, 40, 32, 33, 16, 24, 22]

Individual 58:
  Route length: 21979
  Contribution to Diversity: 0.00016740932151115828
  Route: [36, 35, 39, 4, 8, 41, 13, 6, 34, 49, 45, 27, 15, 5, 43, 25, 3, 9, 40, 28, 11, 52, 51, 48, 24, 37, 30, 12, 26, 21, 1, 10, 33, 14, 47, 18, 16, 44, 38, 2, 7, 42, 32, 20, 31, 29, 23, 50, 46, 17, 19, 22]

Individual 59:
  Route length: 22274
  Contribution to Diversity: 0.0026374910071913504
  Route: [30, 48, 37, 21, 42, 18, 8, 17, 33, 43, 24, 51, 13, 14, 5, 49, 39, 35, 3, 9, 44, 7, 19, 34, 40, 36, 52, 12, 25, 4, 11, 28, 31, 26, 47, 29, 23, 1, 38, 27, 20, 2, 45, 32, 50, 16, 46, 6, 15, 10, 41, 22]

Individual 60:
  Route length: 22057
  Contribution to Diversity: 0.0006162629001185138
  Route: [34, 21, 4, 17, 42, 37, 39, 18, 32, 5, 36, 20, 19, 45, 3, 8, 9, 10, 16, 27, 51, 11, 50, 38, 44, 29, 31, 35, 41, 33, 52, 48, 24, 28, 12, 25, 43, 6, 1, 15, 40, 2, 7, 13, 26, 47, 23, 30, 14, 46, 49, 22]

Individual 61:
  Route length: 22262
  Contribution to Diversity: 0.002074588115386078
  Route: [15, 37, 5, 32, 25, 6, 38, 43, 33, 45, 7, 2, 16, 1, 29, 4, 11, 48, 24, 34, 27, 23, 13, 14, 52, 19, 41, 18, 39, 20, 50, 21, 17, 3, 36, 35, 44, 49, 28, 12, 42, 8, 9, 10, 51, 47, 30, 40, 46, 31, 26, 22]

Individual 62:
  Route length: 22230
  Contribution to Diversity: 0.0005756611086686902
  Route: [40, 39, 32, 45, 2, 37, 14, 13, 47, 26, 43, 4, 36, 17, 42, 10, 49, 38, 27, 7, 9, 21, 23, 18, 31, 1, 46, 44, 15, 19, 3, 50, 30, 16, 25, 12, 28, 6, 35, 34, 20, 52, 51, 33, 11, 41, 8, 29, 5, 48, 24, 22]

Individual 63:
  Route length: 21936
  Contribution to Diversity: 0.000720677149326221
  Route: [14, 52, 11, 33, 4, 37, 41, 45, 2, 23, 36, 12, 51, 26, 47, 28, 50, 30, 7, 20, 43, 17, 18, 1, 49, 46, 19, 8, 9, 32, 3, 39, 35, 13, 21, 10, 34, 5, 24, 25, 38, 48, 31, 29, 27, 42, 15, 40, 44, 16, 6, 22]

Individual 64:
  Route length: 22008
  Contribution to Diversity: 0.000462829876683557
  Route: [39, 19, 49, 12, 34, 32, 7, 21, 30, 31, 20, 38, 37, 40, 1, 3, 2, 17, 18, 44, 27, 47, 11, 33, 43, 10, 48, 9, 51, 26, 24, 42, 5, 41, 52, 14, 13, 4, 28, 25, 50, 16, 46, 29, 36, 8, 45, 23, 6, 35, 15, 22]

Individual 65:
  Route length: 21921
  Contribution to Diversity: 0.0010940064196525157
  Route: [17, 3, 30, 23, 49, 51, 50, 39, 45, 31, 20, 48, 37, 11, 33, 19, 5, 34, 40, 35, 4, 21, 18, 46, 32, 9, 10, 38, 43, 28, 27, 1, 41, 29, 16, 15, 6, 7, 42, 2, 24, 44, 26, 47, 13, 8, 36, 25, 14, 52, 12, 22]

Individual 66:
  Route length: 22280
  Contribution to Diversity: 0.0013099387145611985
  Route: [1, 20, 52, 47, 12, 27, 11, 26, 32, 38, 48, 44, 35, 9, 7, 31, 50, 29, 40, 18, 46, 16, 39, 36, 5, 28, 13, 21, 8, 25, 43, 10, 33, 23, 42, 2, 45, 17, 30, 3, 24, 6, 49, 41, 19, 37, 15, 34, 14, 51, 4, 22]

Individual 67:
  Route length: 22421
  Contribution to Diversity: 0.0006168415805642979
  Route: [19, 6, 5, 14, 51, 43, 39, 24, 52, 11, 37, 44, 7, 17, 3, 31, 23, 49, 36, 38, 10, 48, 30, 2, 40, 1, 15, 34, 42, 21, 9, 41, 25, 4, 47, 12, 28, 27, 20, 26, 13, 33, 18, 29, 50, 32, 8, 46, 45, 35, 16, 22]

Individual 68:
  Route length: 22469
  Contribution to Diversity: 0.0014647684671231787
  Route: [26, 13, 12, 40, 37, 20, 16, 31, 29, 30, 41, 32, 50, 33, 24, 43, 27, 6, 21, 42, 23, 47, 35, 44, 10, 4, 45, 34, 46, 19, 14, 51, 28, 15, 1, 36, 38, 49, 5, 11, 52, 25, 39, 48, 9, 8, 2, 7, 17, 3, 18, 22]

Individual 69:
  Route length: 22561
  Contribution to Diversity: 0.00031911476275858774
  Route: [32, 42, 30, 47, 13, 43, 4, 5, 45, 16, 6, 48, 35, 36, 18, 46, 34, 41, 39, 9, 11, 51, 8, 37, 40, 49, 20, 23, 17, 21, 2, 7, 50, 25, 19, 10, 29, 27, 38, 52, 14, 15, 31, 26, 28, 33, 12, 3, 1, 44, 24, 22]

Individual 70:
  Route length: 22111
  Contribution to Diversity: 0.002209846266161719
  Route: [40, 27, 13, 52, 11, 20, 37, 41, 25, 21, 1, 31, 34, 18, 3, 5, 17, 2, 44, 36, 19, 16, 50, 24, 35, 10, 9, 6, 49, 29, 26, 39, 38, 4, 8, 33, 45, 30, 28, 47, 14, 32, 42, 7, 23, 48, 15, 46, 12, 51, 43, 22]

Individual 71:
  Route length: 22528
  Contribution to Diversity: 0.0026319076152390153
  Route: [41, 3, 29, 10, 49, 32, 34, 44, 15, 1, 9, 11, 37, 6, 48, 39, 38, 12, 5, 40, 4, 50, 20, 36, 2, 25, 52, 27, 33, 51, 46, 16, 21, 28, 13, 14, 47, 26, 43, 45, 19, 30, 18, 42, 35, 23, 17, 8, 24, 7, 31, 22]

Individual 72:
  Route length: 21789
  Contribution to Diversity: 0.0009526160261321692
  Route: [31, 49, 50, 23, 27, 28, 36, 17, 18, 32, 14, 52, 11, 47, 40, 35, 3, 6, 1, 51, 33, 25, 48, 39, 19, 8, 21, 41, 30, 34, 9, 45, 15, 10, 4, 24, 43, 46, 5, 44, 42, 7, 2, 16, 37, 38, 26, 12, 29, 20, 13, 22]

Individual 73:
  Route length: 22189
  Contribution to Diversity: 0.00054773230945937
  Route: [10, 43, 47, 48, 13, 14, 52, 27, 49, 35, 6, 23, 30, 42, 7, 45, 36, 50, 46, 44, 2, 17, 16, 29, 25, 39, 1, 19, 12, 41, 11, 24, 33, 51, 4, 15, 32, 34, 18, 3, 28, 26, 8, 9, 31, 40, 37, 20, 38, 5, 21, 22]

Individual 74:
  Route length: 22024
  Contribution to Diversity: 0.0001197747430792262
  Route: [45, 42, 23, 31, 5, 6, 37, 1, 9, 3, 7, 44, 34, 12, 28, 25, 21, 39, 8, 41, 36, 48, 38, 30, 18, 17, 46, 51, 15, 43, 32, 40, 52, 11, 33, 50, 10, 19, 20, 29, 4, 2, 35, 49, 26, 27, 13, 14, 47, 16, 24, 22]

Individual 75:
  Route length: 21022
  Contribution to Diversity: 0.002554909044333975
  Route: [33, 37, 12, 52, 14, 13, 47, 27, 26, 24, 38, 5, 11, 30, 44, 46, 51, 17, 48, 41, 49, 21, 35, 28, 39, 4, 43, 10, 34, 7, 42, 2, 31, 36, 6, 15, 9, 18, 1, 50, 3, 20, 8, 19, 45, 32, 23, 25, 16, 29, 40, 22]

Individual 76:
  Route length: 22485
  Contribution to Diversity: 0.0010536102744191922
  Route: [42, 7, 21, 12, 13, 14, 28, 45, 17, 43, 4, 11, 25, 3, 47, 26, 52, 50, 33, 16, 24, 39, 6, 19, 1, 2, 41, 32, 37, 46, 23, 48, 5, 27, 30, 44, 31, 18, 49, 36, 8, 9, 10, 20, 29, 34, 35, 15, 51, 38, 40, 22]

Individual 77:
  Route length: 22438
  Contribution to Diversity: 0.0006666664807593037
  Route: [34, 21, 4, 17, 42, 37, 39, 18, 32, 5, 36, 20, 19, 45, 3, 8, 9, 10, 16, 27, 51, 11, 50, 38, 44, 25, 12, 28, 24, 48, 52, 33, 41, 35, 31, 29, 43, 6, 1, 15, 40, 2, 7, 13, 26, 47, 23, 30, 14, 46, 49, 22]

Individual 78:
  Route length: 22560
  Contribution to Diversity: 0.0012133949726260695
  Route: [17, 23, 30, 3, 8, 36, 29, 45, 19, 5, 34, 40, 35, 4, 12, 13, 47, 50, 24, 18, 46, 28, 27, 1, 41, 31, 48, 20, 2, 42, 7, 6, 15, 16, 25, 14, 52, 39, 33, 38, 43, 32, 9, 10, 11, 37, 51, 44, 26, 21, 49, 22]

Individual 79:
  Route length: 21910
  Contribution to Diversity: 0.0007984154145717071
  Route: [31, 49, 50, 23, 35, 40, 47, 11, 52, 14, 32, 18, 17, 36, 28, 27, 3, 6, 1, 51, 33, 25, 48, 39, 19, 8, 21, 41, 30, 34, 9, 45, 15, 10, 4, 24, 43, 46, 5, 44, 42, 7, 2, 16, 37, 38, 26, 12, 29, 20, 13, 22]

Individual 80:
  Route length: 21454
  Contribution to Diversity: 0.0006873880133326793
  Route: [16, 24, 39, 31, 41, 18, 21, 20, 23, 14, 13, 37, 11, 51, 52, 9, 19, 5, 47, 27, 33, 25, 45, 32, 36, 38, 46, 35, 6, 50, 28, 15, 48, 40, 26, 29, 4, 12, 49, 34, 2, 30, 17, 42, 7, 3, 1, 43, 10, 8, 44, 22]

Individual 81:
  Route length: 22543
  Contribution to Diversity: 0.0004370614755542235
  Route: [24, 37, 51, 29, 46, 35, 45, 34, 44, 36, 15, 6, 25, 41, 10, 23, 18, 20, 50, 42, 11, 47, 26, 28, 27, 9, 5, 4, 2, 31, 30, 21, 8, 1, 3, 17, 7, 43, 48, 49, 14, 12, 13, 52, 38, 32, 39, 40, 19, 33, 16, 22]

Individual 82:
  Route length: 22485
  Contribution to Diversity: 0.0024630311284887796
  Route: [47, 46, 51, 28, 45, 34, 44, 37, 5, 4, 33, 35, 14, 13, 12, 11, 25, 23, 9, 8, 21, 30, 50, 40, 19, 43, 32, 10, 31, 49, 20, 42, 1, 17, 3, 18, 48, 7, 2, 6, 15, 26, 16, 29, 24, 39, 36, 41, 38, 27, 52, 22]

Individual 83:
  Route length: 21683
  Contribution to Diversity: 0.00038234259603875387
  Route: [31, 34, 32, 24, 49, 38, 39, 45, 48, 4, 51, 2, 7, 33, 37, 15, 6, 10, 40, 13, 14, 52, 11, 28, 46, 9, 19, 41, 17, 35, 8, 42, 23, 3, 20, 30, 21, 36, 5, 12, 16, 1, 47, 50, 27, 26, 44, 25, 29, 43, 18, 22]

Individual 84:
  Route length: 21145
  Contribution to Diversity: 0
  Route: [16, 36, 46, 41, 35, 23, 28, 27, 2, 17, 43, 33, 51, 11, 47, 14, 52, 13, 10, 9, 4, 39, 34, 31, 20, 7, 24, 48, 29, 21, 38, 15, 12, 26, 3, 50, 19, 8, 30, 18, 42, 49, 5, 44, 40, 6, 25, 1, 37, 32, 45, 22]

Individual 85:
  Route length: 22258
  Contribution to Diversity: 0.0002287438454056101
  Route: [26, 52, 13, 47, 24, 51, 8, 9, 16, 46, 10, 31, 18, 42, 30, 21, 37, 34, 38, 40, 4, 1, 44, 32, 41, 7, 36, 35, 39, 14, 11, 6, 28, 12, 33, 5, 25, 45, 17, 3, 19, 29, 43, 20, 23, 2, 27, 48, 15, 49, 50, 22]

Individual 86:
  Route length: 22209
  Contribution to Diversity: 0.0011064002517402471
  Route: [17, 23, 41, 39, 44, 42, 7, 2, 8, 4, 32, 9, 10, 6, 15, 36, 33, 38, 28, 29, 16, 31, 19, 45, 49, 1, 14, 12, 52, 37, 11, 21, 3, 18, 20, 50, 26, 48, 43, 40, 34, 46, 24, 5, 35, 27, 25, 47, 13, 51, 30, 22]

Individual 87:
  Route length: 22544
  Contribution to Diversity: 0.0002595477695495063
  Route: [39, 19, 13, 14, 52, 41, 5, 42, 24, 26, 51, 9, 48, 10, 43, 33, 11, 47, 27, 44, 18, 17, 2, 3, 1, 40, 37, 38, 20, 31, 30, 21, 7, 32, 34, 12, 49, 4, 28, 25, 50, 16, 46, 29, 36, 8, 45, 23, 6, 35, 15, 22]

Individual 88:
  Route length: 21411
  Contribution to Diversity: 0
  Route: [16, 46, 36, 41, 35, 23, 28, 27, 2, 17, 43, 33, 51, 11, 47, 14, 52, 13, 10, 9, 4, 39, 34, 31, 20, 7, 24, 48, 29, 21, 38, 30, 8, 19, 50, 3, 26, 12, 15, 18, 42, 49, 5, 44, 40, 6, 25, 1, 37, 32, 45, 22]

Individual 89:
  Route length: 21831
  Contribution to Diversity: 0.001810126399703016
  Route: [48, 27, 9, 38, 44, 21, 29, 4, 35, 19, 16, 43, 33, 46, 12, 13, 41, 8, 36, 39, 40, 49, 10, 17, 3, 32, 30, 24, 20, 34, 18, 31, 6, 51, 11, 52, 14, 2, 37, 45, 15, 26, 47, 28, 25, 5, 23, 42, 7, 50, 1, 22]

Individual 90:
  Route length: 22341
  Contribution to Diversity: 0.0006701023234141346
  Route: [37, 50, 32, 35, 47, 26, 6, 46, 15, 44, 4, 34, 9, 39, 2, 30, 38, 5, 51, 28, 27, 48, 42, 21, 8, 10, 43, 24, 14, 29, 36, 33, 23, 7, 13, 52, 11, 1, 49, 31, 16, 20, 18, 45, 19, 12, 25, 40, 3, 41, 17, 22]

Individual 91:
  Route length: 22157
  Contribution to Diversity: 0.0009321574525342768
  Route: [3, 45, 31, 7, 21, 18, 33, 37, 32, 35, 36, 16, 47, 26, 10, 43, 40, 23, 6, 15, 5, 24, 13, 19, 39, 2, 30, 20, 29, 46, 50, 41, 9, 34, 28, 12, 51, 11, 52, 27, 17, 48, 25, 14, 8, 44, 1, 49, 4, 38, 42, 22]

Individual 92:
  Route length: 22169
  Contribution to Diversity: 0
  Route: [45, 42, 23, 31, 5, 6, 37, 1, 9, 3, 7, 44, 34, 12, 28, 25, 21, 39, 8, 41, 36, 48, 38, 30, 18, 17, 46, 51, 15, 43, 32, 40, 2, 4, 29, 20, 19, 10, 50, 33, 11, 52, 35, 49, 26, 27, 13, 14, 47, 16, 24, 22]

Individual 93:
  Route length: 21956
  Contribution to Diversity: 0
  Route: [21, 17, 35, 51, 11, 6, 41, 8, 42, 16, 40, 48, 45, 43, 12, 13, 14, 46, 29, 24, 15, 26, 37, 47, 34, 28, 27, 2, 7, 18, 3, 31, 38, 33, 9, 10, 30, 19, 44, 39, 25, 4, 36, 1, 23, 32, 20, 50, 52, 5, 49, 22]

Individual 94:
  Route length: 21471
  Contribution to Diversity: 0.0008023530941159152
  Route: [31, 34, 32, 24, 49, 38, 39, 7, 2, 51, 4, 48, 45, 33, 37, 15, 6, 10, 40, 13, 14, 52, 11, 28, 46, 9, 19, 41, 17, 35, 8, 42, 23, 3, 20, 30, 21, 36, 5, 12, 16, 1, 47, 50, 27, 26, 44, 25, 29, 43, 18, 22]

Individual 95:
  Route length: 22427
  Contribution to Diversity: 0.00018584288941614346
  Route: [36, 5, 51, 33, 15, 9, 12, 23, 34, 30, 1, 13, 47, 20, 17, 41, 40, 38, 6, 48, 28, 26, 50, 16, 44, 39, 21, 7, 45, 10, 8, 3, 27, 4, 25, 42, 46, 32, 31, 18, 19, 43, 11, 14, 52, 2, 29, 24, 37, 49, 35, 22]

Individual 96:
  Route length: 22502
  Contribution to Diversity: 0.001005110851923341
  Route: [28, 11, 37, 33, 44, 46, 14, 52, 4, 36, 40, 6, 13, 47, 48, 25, 29, 10, 41, 19, 3, 17, 21, 2, 20, 15, 27, 23, 35, 8, 42, 30, 31, 7, 50, 38, 32, 5, 39, 16, 45, 43, 51, 26, 12, 1, 24, 34, 9, 18, 49, 22]

Individual 97:
  Route length: 22193
  Contribution to Diversity: 0
  Route: [21, 17, 35, 51, 11, 6, 41, 8, 42, 16, 40, 48, 45, 43, 12, 13, 14, 46, 29, 24, 15, 26, 37, 47, 34, 28, 27, 2, 7, 36, 4, 25, 39, 44, 19, 30, 10, 9, 33, 38, 31, 3, 18, 1, 23, 32, 20, 50, 52, 5, 49, 22]

Individual 98:
  Route length: 22000
  Contribution to Diversity: 0.0006622788632713039
  Route: [42, 7, 21, 4, 43, 17, 45, 28, 14, 13, 12, 11, 25, 3, 47, 26, 52, 50, 33, 16, 35, 51, 15, 24, 39, 6, 19, 1, 2, 41, 32, 37, 46, 23, 48, 5, 27, 30, 44, 31, 18, 49, 36, 8, 9, 10, 20, 29, 34, 38, 40, 22]

Individual 99:
  Route length: 22278
  Contribution to Diversity: 0.0011986775307137876
  Route: [16, 24, 39, 31, 41, 18, 21, 20, 23, 14, 13, 37, 11, 51, 52, 9, 19, 5, 47, 27, 33, 25, 45, 32, 36, 38, 2, 34, 49, 12, 4, 29, 26, 40, 48, 15, 28, 50, 6, 35, 46, 30, 17, 42, 7, 3, 1, 43, 10, 8, 44, 22]

Total Entropy H: 6.800320223249773
