Individual 0:
  Route length: 9403
  Contribution to Diversity: 0.0005901512532444642
  Route: [1, 44, 46, 16, 29, 50, 20, 23, 42, 7, 2, 17, 3, 30, 21, 18, 31, 15, 6, 4, 25, 12, 28, 27, 26, 47, 13, 14, 52, 11, 51, 33, 43, 19, 41, 8, 9, 10, 45, 32, 49, 5, 24, 48, 40, 34, 35, 36, 39, 38, 37, 22]

Individual 1:
  Route length: 9412
  Contribution to Diversity: 0.00032822348106531507
  Route: [1, 49, 38, 45, 32, 20, 23, 30, 2, 7, 42, 21, 17, 3, 41, 8, 9, 10, 43, 33, 51, 11, 52, 14, 13, 47, 26, 27, 28, 12, 25, 4, 6, 15, 5, 40, 39, 36, 35, 34, 44, 29, 16, 46, 50, 48, 24, 37, 19, 18, 31, 22]

Individual 2:
  Route length: 9420
  Contribution to Diversity: 0.0006779776967462681
  Route: [44, 34, 35, 36, 15, 37, 5, 38, 48, 24, 40, 39, 6, 4, 25, 27, 28, 12, 26, 47, 13, 14, 52, 11, 51, 33, 43, 32, 45, 10, 9, 8, 41, 19, 31, 18, 3, 17, 21, 42, 7, 2, 30, 23, 20, 50, 16, 29, 46, 1, 49, 22]

Individual 3:
  Route length: 9401
  Contribution to Diversity: 0.00045689605756660256
  Route: [1, 49, 32, 45, 36, 39, 40, 37, 35, 34, 44, 46, 4, 12, 28, 27, 26, 47, 13, 14, 52, 11, 51, 33, 10, 43, 9, 8, 41, 19, 38, 48, 24, 5, 15, 6, 25, 16, 29, 50, 20, 23, 3, 17, 21, 2, 7, 42, 30, 18, 31, 22]

Individual 4:
  Route length: 9421
  Contribution to Diversity: 0.0008464787357462811
  Route: [1, 49, 31, 18, 3, 17, 30, 42, 7, 2, 21, 23, 50, 20, 29, 48, 16, 46, 24, 34, 44, 25, 4, 6, 15, 5, 35, 45, 19, 41, 8, 9, 10, 43, 33, 51, 11, 52, 13, 14, 47, 26, 27, 28, 12, 38, 37, 40, 39, 36, 32, 22]

Individual 5:
  Route length: 9409
  Contribution to Diversity: 0.0008869363319199408
  Route: [1, 34, 38, 9, 10, 43, 33, 12, 28, 27, 26, 47, 13, 14, 52, 11, 51, 25, 4, 6, 15, 5, 24, 48, 8, 41, 19, 45, 37, 40, 39, 32, 35, 36, 44, 49, 46, 16, 29, 50, 20, 23, 30, 2, 7, 42, 21, 17, 3, 18, 31, 22]

Individual 6:
  Route length: 9344
  Contribution to Diversity: 0.0007554099767093092
  Route: [1, 44, 46, 40, 37, 38, 48, 24, 5, 15, 6, 4, 25, 12, 28, 27, 26, 47, 13, 14, 52, 11, 51, 33, 43, 10, 9, 8, 41, 19, 45, 32, 49, 34, 36, 35, 39, 16, 29, 50, 31, 18, 3, 7, 42, 21, 30, 2, 17, 23, 20, 22]

Individual 7:
  Route length: 9356
  Contribution to Diversity: 0.0007662638798198174
  Route: [49, 32, 45, 19, 41, 8, 9, 10, 43, 33, 51, 11, 52, 14, 13, 47, 26, 27, 28, 12, 25, 5, 15, 6, 4, 37, 40, 18, 3, 17, 48, 24, 38, 39, 36, 35, 34, 44, 46, 16, 29, 1, 50, 21, 42, 7, 2, 30, 23, 20, 31, 22]

Individual 8:
  Route length: 9408
  Contribution to Diversity: 0.0007014924561854485
  Route: [40, 25, 12, 28, 27, 26, 47, 13, 14, 52, 11, 51, 33, 43, 10, 9, 8, 41, 19, 44, 34, 35, 36, 39, 4, 49, 6, 5, 15, 24, 48, 38, 37, 1, 32, 45, 46, 16, 29, 50, 20, 23, 30, 2, 7, 42, 21, 17, 3, 18, 31, 22]

Individual 9:
  Route length: 9416
  Contribution to Diversity: 0.0006749899772469092
  Route: [32, 49, 1, 45, 8, 41, 19, 9, 10, 43, 48, 36, 44, 46, 16, 29, 50, 20, 23, 30, 2, 7, 42, 21, 17, 3, 35, 34, 5, 6, 15, 4, 25, 12, 28, 27, 26, 47, 13, 14, 52, 11, 51, 33, 24, 39, 40, 38, 37, 18, 31, 22]

Individual 10:
  Route length: 9407
  Contribution to Diversity: 0.00031338439163164367
  Route: [44, 34, 35, 36, 15, 5, 37, 38, 48, 24, 40, 39, 43, 33, 51, 11, 52, 14, 13, 47, 26, 12, 28, 27, 25, 4, 6, 32, 45, 10, 9, 8, 41, 19, 31, 18, 3, 17, 21, 42, 7, 2, 30, 23, 20, 50, 16, 29, 46, 1, 49, 22]

Individual 11:
  Route length: 9419
  Contribution to Diversity: 3.4870243519335986e-05
  Route: [20, 50, 29, 16, 25, 6, 48, 5, 15, 24, 38, 36, 39, 40, 37, 35, 34, 44, 46, 4, 12, 28, 27, 26, 47, 13, 14, 52, 11, 33, 51, 43, 10, 9, 8, 41, 19, 45, 32, 49, 1, 23, 3, 17, 21, 42, 7, 2, 30, 18, 31, 22]

Individual 12:
  Route length: 9389
  Contribution to Diversity: 0.00024731484388773595
  Route: [1, 49, 31, 18, 3, 17, 30, 2, 7, 42, 21, 23, 50, 20, 29, 16, 48, 25, 12, 28, 27, 26, 47, 13, 14, 52, 11, 51, 33, 43, 15, 6, 4, 34, 37, 38, 35, 45, 19, 41, 8, 10, 9, 5, 24, 46, 44, 40, 39, 36, 32, 22]

Individual 13:
  Route length: 9411
  Contribution to Diversity: 0.0006506206206271514
  Route: [1, 20, 50, 29, 16, 46, 39, 40, 37, 8, 41, 19, 45, 48, 24, 15, 5, 6, 4, 25, 51, 11, 52, 14, 13, 47, 26, 27, 28, 12, 33, 43, 10, 9, 38, 34, 44, 36, 35, 32, 49, 23, 30, 2, 7, 42, 21, 17, 3, 18, 31, 22]

Individual 14:
  Route length: 9392
  Contribution to Diversity: 0.0006096676150253444
  Route: [1, 49, 32, 45, 19, 41, 8, 9, 10, 43, 33, 51, 11, 52, 14, 13, 47, 26, 27, 28, 12, 15, 24, 25, 5, 40, 38, 34, 44, 46, 16, 21, 42, 7, 2, 30, 23, 20, 50, 29, 4, 6, 48, 35, 36, 37, 39, 17, 3, 31, 18, 22]

Individual 15:
  Route length: 9406
  Contribution to Diversity: 0.0007376344127782986
  Route: [18, 21, 42, 7, 2, 30, 17, 3, 23, 46, 44, 34, 39, 38, 36, 35, 40, 48, 24, 5, 15, 6, 25, 37, 16, 29, 50, 20, 4, 12, 28, 27, 26, 47, 13, 14, 52, 11, 51, 33, 43, 10, 9, 8, 41, 19, 45, 32, 49, 1, 31, 22]

Individual 16:
  Route length: 9406
  Contribution to Diversity: 0.001107563492234398
  Route: [32, 49, 1, 45, 8, 41, 19, 9, 10, 43, 48, 37, 3, 17, 21, 2, 7, 42, 30, 23, 20, 50, 29, 16, 46, 44, 36, 5, 15, 6, 4, 25, 12, 28, 27, 26, 47, 13, 14, 52, 11, 51, 33, 24, 39, 40, 38, 35, 34, 18, 31, 22]

Individual 17:
  Route length: 9405
  Contribution to Diversity: 0.0005032588210331923
  Route: [3, 17, 21, 31, 18, 15, 6, 4, 25, 12, 28, 27, 26, 47, 13, 14, 52, 11, 51, 33, 43, 19, 41, 8, 9, 10, 45, 32, 49, 36, 39, 40, 37, 38, 48, 24, 5, 44, 46, 20, 50, 29, 16, 23, 42, 7, 2, 30, 1, 35, 34, 22]

Individual 18:
  Route length: 9389
  Contribution to Diversity: 0.00030489504910846676
  Route: [1, 32, 49, 45, 19, 41, 8, 9, 10, 43, 33, 51, 11, 52, 14, 13, 35, 39, 5, 24, 48, 38, 37, 40, 15, 6, 46, 44, 36, 34, 47, 26, 27, 28, 12, 25, 4, 16, 29, 50, 20, 23, 30, 2, 7, 42, 21, 17, 3, 18, 31, 22]

Individual 19:
  Route length: 9424
  Contribution to Diversity: 0.00037395277823382145
  Route: [1, 46, 40, 49, 36, 35, 34, 44, 39, 4, 6, 15, 38, 48, 24, 5, 37, 25, 12, 28, 27, 26, 47, 13, 14, 52, 11, 51, 33, 43, 19, 41, 8, 9, 10, 45, 32, 31, 18, 21, 17, 3, 23, 42, 7, 2, 30, 20, 50, 29, 16, 22]

Individual 20:
  Route length: 9324
  Contribution to Diversity: 0.00038661109835569363
  Route: [1, 18, 42, 7, 2, 23, 30, 20, 50, 29, 16, 46, 44, 35, 36, 39, 40, 37, 38, 4, 5, 15, 6, 24, 48, 34, 25, 12, 28, 27, 14, 13, 47, 26, 52, 11, 51, 33, 43, 10, 9, 8, 41, 19, 45, 32, 31, 21, 17, 3, 49, 22]

Individual 21:
  Route length: 9399
  Contribution to Diversity: 0.00015310980645821815
  Route: [1, 49, 32, 45, 10, 9, 8, 41, 19, 43, 33, 51, 11, 52, 14, 13, 47, 26, 27, 28, 12, 25, 4, 6, 15, 5, 24, 48, 38, 37, 40, 39, 36, 35, 34, 44, 20, 21, 18, 17, 3, 30, 2, 7, 42, 23, 31, 46, 50, 29, 16, 22]

Individual 22:
  Route length: 9398
  Contribution to Diversity: 0.00036655579963618123
  Route: [1, 32, 49, 35, 36, 39, 48, 38, 37, 5, 23, 30, 2, 7, 42, 21, 17, 3, 45, 19, 41, 8, 9, 10, 43, 33, 51, 11, 52, 14, 47, 13, 26, 27, 28, 12, 25, 4, 6, 15, 40, 24, 20, 50, 29, 16, 46, 18, 31, 44, 34, 22]

Individual 23:
  Route length: 9425
  Contribution to Diversity: 0.0002928069111858278
  Route: [1, 49, 31, 18, 17, 3, 23, 21, 42, 7, 2, 30, 50, 20, 32, 40, 39, 36, 37, 38, 12, 28, 27, 26, 47, 14, 13, 52, 11, 51, 33, 43, 10, 9, 8, 41, 19, 45, 35, 34, 44, 46, 24, 5, 15, 6, 4, 48, 25, 16, 29, 22]

Individual 24:
  Route length: 9396
  Contribution to Diversity: 0.0003416040348076521
  Route: [1, 44, 37, 48, 24, 5, 15, 6, 40, 39, 36, 35, 34, 31, 18, 3, 17, 21, 42, 7, 2, 29, 50, 20, 23, 30, 16, 46, 38, 4, 25, 12, 28, 51, 11, 52, 14, 13, 47, 26, 27, 33, 43, 10, 9, 8, 45, 19, 41, 32, 49, 22]

Individual 25:
  Route length: 9359
  Contribution to Diversity: 0.0003600607458507099
  Route: [1, 49, 31, 18, 3, 17, 30, 2, 7, 42, 21, 23, 50, 20, 29, 16, 48, 25, 12, 28, 27, 26, 47, 13, 14, 52, 11, 51, 33, 43, 15, 6, 4, 40, 44, 46, 5, 24, 34, 37, 38, 35, 45, 19, 41, 8, 9, 10, 39, 36, 32, 22]

Individual 26:
  Route length: 9316
  Contribution to Diversity: 0.0008453767427072378
  Route: [39, 36, 48, 38, 44, 35, 37, 46, 16, 29, 40, 24, 6, 15, 5, 4, 25, 12, 28, 47, 26, 27, 13, 14, 52, 11, 51, 33, 43, 10, 9, 8, 41, 19, 45, 32, 49, 1, 20, 50, 34, 31, 18, 3, 17, 21, 7, 42, 2, 30, 23, 22]

Individual 27:
  Route length: 9410
  Contribution to Diversity: 0.0004692553910583541
  Route: [1, 49, 32, 33, 43, 10, 9, 8, 41, 19, 45, 5, 12, 27, 28, 26, 47, 13, 14, 52, 11, 51, 15, 6, 39, 40, 34, 44, 37, 38, 35, 36, 4, 25, 24, 48, 46, 16, 29, 50, 20, 23, 30, 2, 7, 42, 21, 17, 3, 18, 31, 22]

Individual 28:
  Route length: 9421
  Contribution to Diversity: 0.00038585444293737226
  Route: [29, 40, 24, 6, 15, 5, 48, 20, 50, 34, 16, 46, 37, 35, 44, 39, 36, 38, 4, 25, 12, 28, 47, 26, 27, 13, 14, 52, 11, 51, 33, 43, 10, 9, 8, 41, 19, 45, 32, 49, 1, 31, 18, 3, 17, 21, 42, 7, 2, 30, 23, 22]

Individual 29:
  Route length: 9340
  Contribution to Diversity: 0.0005810164825712505
  Route: [23, 20, 50, 16, 44, 34, 38, 48, 24, 40, 1, 49, 10, 9, 8, 41, 19, 45, 32, 43, 33, 51, 11, 52, 14, 13, 47, 26, 12, 28, 27, 25, 4, 6, 39, 36, 35, 37, 5, 15, 46, 29, 30, 2, 7, 42, 21, 17, 3, 18, 31, 22]

Individual 30:
  Route length: 9382
  Contribution to Diversity: 0.00015517705793044456
  Route: [20, 50, 29, 16, 25, 6, 15, 5, 46, 44, 34, 35, 37, 40, 36, 39, 38, 24, 48, 4, 12, 28, 27, 26, 47, 14, 13, 52, 11, 33, 51, 43, 10, 9, 8, 41, 19, 45, 32, 49, 1, 23, 3, 17, 21, 42, 7, 2, 30, 18, 31, 22]

Individual 31:
  Route length: 9359
  Contribution to Diversity: 0.00012417292610678032
  Route: [1, 18, 42, 7, 2, 23, 30, 20, 50, 16, 29, 46, 44, 48, 24, 5, 15, 6, 4, 38, 37, 40, 39, 36, 35, 34, 25, 12, 28, 27, 14, 13, 47, 26, 52, 11, 51, 33, 43, 10, 9, 8, 41, 19, 45, 32, 31, 21, 17, 3, 49, 22]

Individual 32:
  Route length: 9372
  Contribution to Diversity: 0.0005239010538815592
  Route: [1, 46, 40, 49, 36, 35, 34, 44, 39, 4, 6, 15, 38, 48, 24, 5, 37, 25, 12, 28, 27, 26, 47, 13, 14, 52, 11, 51, 33, 43, 19, 41, 8, 9, 10, 45, 32, 16, 29, 50, 20, 30, 2, 7, 42, 23, 3, 17, 21, 18, 31, 22]

Individual 33:
  Route length: 9424
  Contribution to Diversity: 0.0008412845843865924
  Route: [1, 47, 13, 14, 52, 11, 51, 33, 43, 10, 9, 8, 41, 19, 45, 32, 49, 5, 24, 4, 25, 12, 28, 27, 26, 36, 44, 34, 35, 39, 37, 40, 48, 6, 15, 38, 46, 16, 29, 23, 20, 50, 30, 42, 7, 2, 21, 17, 3, 18, 31, 22]

Individual 34:
  Route length: 9400
  Contribution to Diversity: 0.0003122273655264962
  Route: [44, 50, 16, 29, 46, 1, 49, 10, 9, 8, 41, 19, 45, 32, 43, 33, 51, 11, 52, 14, 13, 47, 26, 27, 28, 12, 25, 4, 6, 39, 40, 36, 34, 35, 24, 38, 48, 37, 5, 15, 20, 23, 30, 2, 7, 42, 21, 17, 3, 18, 31, 22]

Individual 35:
  Route length: 9404
  Contribution to Diversity: 0.0004114461379387535
  Route: [31, 18, 3, 17, 21, 42, 7, 2, 29, 4, 6, 15, 37, 40, 5, 24, 48, 38, 39, 36, 35, 44, 46, 16, 30, 23, 50, 20, 25, 12, 28, 27, 26, 47, 14, 13, 52, 11, 51, 33, 43, 10, 9, 8, 45, 19, 41, 32, 49, 1, 34, 22]

Individual 36:
  Route length: 9378
  Contribution to Diversity: 0.00039766754949521754
  Route: [1, 5, 6, 15, 4, 25, 12, 28, 14, 13, 26, 47, 27, 52, 11, 51, 33, 43, 19, 10, 9, 8, 41, 45, 31, 18, 21, 17, 3, 42, 7, 2, 30, 23, 20, 50, 29, 16, 46, 44, 24, 48, 38, 37, 40, 39, 36, 35, 34, 49, 32, 22]

Individual 37:
  Route length: 9306
  Contribution to Diversity: 0.00031056756886282955
  Route: [32, 49, 1, 36, 35, 39, 50, 20, 37, 38, 48, 40, 6, 15, 5, 24, 51, 11, 52, 14, 47, 13, 26, 27, 28, 12, 25, 4, 33, 43, 10, 9, 8, 41, 19, 45, 34, 44, 46, 16, 29, 23, 30, 7, 2, 42, 21, 17, 3, 18, 31, 22]

Individual 38:
  Route length: 9204
  Contribution to Diversity: 0.00041440671807535523
  Route: [23, 20, 50, 16, 44, 34, 35, 36, 39, 6, 4, 25, 27, 28, 12, 26, 47, 14, 13, 52, 11, 51, 33, 43, 32, 45, 19, 41, 8, 9, 10, 49, 1, 40, 24, 48, 38, 37, 5, 15, 46, 29, 30, 2, 7, 42, 21, 17, 3, 18, 31, 22]

Individual 39:
  Route length: 9375
  Contribution to Diversity: 0.0001753240221820107
  Route: [32, 49, 1, 45, 8, 41, 19, 35, 34, 5, 6, 15, 4, 25, 12, 28, 27, 26, 47, 13, 14, 52, 11, 51, 33, 24, 39, 40, 37, 38, 48, 43, 10, 9, 3, 17, 21, 42, 7, 2, 30, 23, 20, 50, 29, 16, 46, 44, 36, 18, 31, 22]

Individual 40:
  Route length: 9408
  Contribution to Diversity: 0.0003046084924474002
  Route: [44, 34, 6, 4, 25, 27, 28, 12, 26, 47, 13, 14, 52, 11, 51, 33, 43, 39, 40, 24, 48, 38, 37, 5, 15, 36, 35, 32, 45, 10, 9, 8, 41, 19, 31, 18, 3, 17, 21, 42, 7, 2, 30, 23, 20, 50, 16, 29, 46, 1, 49, 22]

Individual 41:
  Route length: 9420
  Contribution to Diversity: 0.0011531182813948604
  Route: [1, 49, 32, 17, 7, 42, 30, 2, 21, 23, 20, 50, 29, 16, 46, 44, 34, 35, 36, 39, 38, 37, 40, 12, 25, 4, 5, 15, 6, 24, 48, 28, 27, 26, 47, 13, 14, 52, 11, 51, 43, 33, 10, 9, 8, 41, 19, 45, 3, 18, 31, 22]

Individual 42:
  Route length: 9328
  Contribution to Diversity: 0.00028471830107879015
  Route: [1, 49, 32, 45, 19, 41, 8, 9, 10, 43, 33, 51, 11, 52, 14, 13, 27, 26, 47, 28, 12, 25, 4, 15, 5, 48, 20, 50, 34, 16, 46, 37, 35, 44, 39, 36, 38, 6, 24, 40, 29, 31, 18, 3, 17, 21, 42, 7, 2, 30, 23, 22]

Individual 43:
  Route length: 9377
  Contribution to Diversity: 0.0006768886956756148
  Route: [1, 49, 37, 40, 39, 35, 34, 44, 46, 4, 6, 5, 15, 19, 41, 8, 9, 10, 43, 33, 51, 11, 52, 13, 14, 47, 26, 27, 28, 12, 25, 48, 38, 24, 36, 16, 29, 20, 50, 17, 3, 18, 45, 23, 30, 2, 7, 42, 21, 31, 32, 22]

Individual 44:
  Route length: 9408
  Contribution to Diversity: 0.000570328255767194
  Route: [1, 49, 39, 40, 5, 15, 6, 4, 25, 12, 28, 27, 26, 47, 13, 14, 52, 11, 51, 33, 43, 10, 9, 8, 41, 3, 17, 21, 42, 7, 2, 30, 23, 20, 32, 45, 38, 36, 35, 34, 44, 29, 16, 46, 50, 48, 24, 37, 19, 18, 31, 22]

Individual 45:
  Route length: 9424
  Contribution to Diversity: 0.0005683171172536916
  Route: [1, 49, 31, 38, 4, 6, 12, 28, 27, 26, 47, 13, 14, 52, 11, 51, 33, 43, 10, 9, 8, 41, 19, 45, 35, 34, 44, 46, 16, 29, 20, 50, 23, 30, 2, 42, 7, 21, 17, 18, 3, 37, 39, 25, 15, 5, 24, 48, 40, 36, 32, 22]

Individual 46:
  Route length: 9403
  Contribution to Diversity: 0.0005804789401766541
  Route: [20, 50, 29, 35, 34, 44, 46, 25, 12, 28, 27, 26, 47, 13, 14, 52, 11, 51, 33, 43, 10, 9, 8, 41, 19, 45, 16, 31, 18, 3, 17, 21, 42, 7, 2, 30, 23, 1, 37, 32, 49, 36, 40, 39, 38, 24, 48, 5, 15, 6, 4, 22]

Individual 47:
  Route length: 9398
  Contribution to Diversity: 0.0008963241844801573
  Route: [1, 49, 32, 31, 23, 20, 50, 29, 16, 24, 48, 38, 5, 46, 44, 34, 35, 3, 18, 30, 2, 7, 42, 21, 17, 37, 40, 36, 39, 25, 6, 15, 4, 12, 28, 27, 26, 47, 13, 14, 52, 11, 51, 33, 43, 10, 9, 8, 41, 19, 45, 22]

Individual 48:
  Route length: 9409
  Contribution to Diversity: 0.0001881524771176757
  Route: [1, 49, 32, 45, 19, 41, 8, 9, 10, 43, 33, 51, 11, 52, 14, 13, 27, 26, 47, 28, 12, 25, 4, 38, 36, 39, 20, 50, 34, 16, 46, 37, 35, 44, 5, 48, 15, 6, 24, 40, 29, 31, 18, 3, 17, 21, 42, 7, 2, 30, 23, 22]

Individual 49:
  Route length: 9391
  Contribution to Diversity: 0.0009525763972133561
  Route: [32, 49, 1, 45, 8, 41, 19, 9, 10, 43, 37, 38, 40, 39, 24, 33, 51, 11, 52, 13, 14, 47, 26, 27, 28, 12, 25, 4, 6, 15, 5, 44, 46, 16, 29, 50, 20, 23, 30, 2, 7, 42, 21, 17, 3, 35, 48, 34, 36, 18, 31, 22]

Individual 50:
  Route length: 9425
  Contribution to Diversity: 0.00035882634265949065
  Route: [1, 49, 32, 35, 36, 39, 34, 16, 46, 44, 45, 19, 41, 8, 9, 10, 43, 33, 25, 4, 5, 15, 6, 38, 48, 24, 37, 40, 27, 26, 47, 13, 14, 52, 11, 51, 12, 28, 29, 50, 20, 23, 30, 2, 7, 42, 18, 3, 17, 21, 31, 22]

Individual 51:
  Route length: 9411
  Contribution to Diversity: 0.0007000217899673089
  Route: [1, 49, 32, 33, 43, 10, 9, 8, 41, 19, 45, 5, 12, 27, 28, 26, 47, 13, 14, 52, 11, 51, 15, 6, 39, 40, 34, 44, 37, 38, 35, 36, 24, 25, 4, 48, 46, 16, 29, 50, 20, 23, 30, 2, 7, 42, 21, 17, 3, 18, 31, 22]

Individual 52:
  Route length: 9311
  Contribution to Diversity: 0.0005137701949191609
  Route: [19, 10, 9, 8, 41, 45, 43, 33, 51, 11, 52, 27, 26, 14, 13, 47, 28, 12, 25, 4, 6, 15, 5, 36, 34, 35, 44, 46, 16, 29, 50, 20, 23, 30, 2, 7, 42, 31, 21, 17, 3, 18, 1, 39, 40, 24, 48, 38, 37, 49, 32, 22]

Individual 53:
  Route length: 9389
  Contribution to Diversity: 0.00010613224434408153
  Route: [20, 50, 29, 16, 25, 6, 15, 5, 46, 44, 34, 35, 40, 37, 36, 39, 38, 24, 48, 4, 12, 28, 27, 26, 47, 14, 13, 52, 11, 33, 51, 43, 10, 9, 8, 41, 19, 45, 32, 49, 1, 23, 3, 17, 21, 42, 7, 2, 30, 18, 31, 22]

Individual 54:
  Route length: 9295
  Contribution to Diversity: 0.0006275060743883287
  Route: [1, 5, 15, 6, 4, 25, 12, 28, 47, 13, 14, 26, 27, 52, 11, 51, 33, 43, 45, 41, 8, 9, 10, 19, 3, 17, 21, 31, 18, 42, 7, 2, 30, 29, 50, 20, 23, 16, 46, 44, 34, 39, 36, 35, 40, 24, 48, 38, 37, 49, 32, 22]

Individual 55:
  Route length: 9330
  Contribution to Diversity: 0.0013782854461110716
  Route: [1, 49, 36, 32, 31, 2, 7, 42, 21, 23, 50, 35, 34, 44, 46, 4, 6, 5, 15, 39, 40, 37, 24, 38, 48, 25, 12, 28, 27, 26, 47, 14, 13, 52, 11, 51, 33, 43, 10, 9, 41, 8, 19, 45, 17, 3, 18, 30, 20, 29, 16, 22]

Individual 56:
  Route length: 9406
  Contribution to Diversity: 0.00026847771986204805
  Route: [1, 23, 30, 2, 7, 42, 21, 17, 3, 18, 31, 35, 34, 20, 24, 5, 15, 6, 4, 25, 12, 28, 27, 26, 47, 13, 14, 52, 11, 51, 33, 43, 10, 9, 8, 41, 19, 45, 32, 49, 50, 40, 38, 39, 48, 37, 46, 44, 29, 16, 36, 22]

Individual 57:
  Route length: 9420
  Contribution to Diversity: 0.00022880019478233038
  Route: [1, 49, 36, 32, 31, 18, 3, 17, 35, 46, 38, 24, 37, 40, 39, 15, 5, 6, 4, 34, 44, 48, 25, 12, 28, 27, 26, 47, 14, 13, 52, 11, 51, 33, 43, 10, 9, 8, 41, 19, 45, 30, 2, 7, 42, 21, 23, 50, 20, 29, 16, 22]

Individual 58:
  Route length: 9415
  Contribution to Diversity: 0.0007282890588831137
  Route: [1, 49, 32, 45, 19, 39, 37, 36, 35, 48, 24, 25, 5, 40, 38, 34, 44, 46, 16, 21, 42, 7, 2, 30, 23, 20, 50, 29, 4, 6, 15, 12, 28, 27, 26, 47, 13, 14, 52, 11, 51, 33, 43, 10, 9, 8, 41, 17, 3, 31, 18, 22]

Individual 59:
  Route length: 9427
  Contribution to Diversity: 0.00045925757654963206
  Route: [1, 47, 13, 14, 52, 11, 51, 33, 43, 10, 9, 8, 41, 19, 45, 32, 49, 5, 24, 4, 25, 12, 28, 27, 26, 36, 44, 34, 35, 39, 37, 40, 15, 6, 48, 38, 46, 16, 29, 20, 23, 50, 30, 42, 7, 2, 21, 17, 3, 18, 31, 22]

Individual 60:
  Route length: 9398
  Contribution to Diversity: 0.00030795089091029126
  Route: [1, 6, 5, 15, 4, 25, 12, 28, 14, 13, 26, 47, 27, 52, 11, 51, 33, 43, 19, 10, 9, 8, 41, 45, 31, 18, 21, 17, 3, 42, 7, 2, 30, 23, 20, 50, 29, 16, 46, 44, 24, 48, 38, 37, 40, 39, 36, 35, 34, 49, 32, 22]

Individual 61:
  Route length: 9421
  Contribution to Diversity: 0.0005485555040731782
  Route: [18, 30, 2, 7, 42, 21, 17, 3, 49, 32, 45, 19, 43, 10, 9, 8, 41, 33, 51, 11, 52, 14, 13, 47, 26, 27, 28, 12, 4, 46, 44, 34, 35, 37, 24, 5, 15, 6, 25, 48, 38, 36, 39, 40, 16, 29, 50, 20, 23, 1, 31, 22]

Individual 62:
  Route length: 9345
  Contribution to Diversity: 0.00066611662021554
  Route: [19, 10, 9, 8, 41, 45, 43, 33, 51, 11, 52, 27, 26, 14, 13, 47, 28, 12, 25, 4, 5, 15, 48, 24, 40, 39, 36, 34, 35, 44, 46, 16, 29, 50, 20, 23, 30, 2, 7, 42, 21, 31, 17, 3, 18, 1, 6, 38, 37, 49, 32, 22]

Individual 63:
  Route length: 9422
  Contribution to Diversity: 0.00035830071659415097
  Route: [1, 36, 35, 34, 44, 46, 5, 15, 6, 4, 12, 28, 26, 47, 13, 14, 27, 52, 11, 51, 33, 43, 40, 37, 38, 48, 24, 25, 39, 19, 41, 8, 9, 10, 45, 32, 49, 16, 29, 50, 20, 23, 30, 2, 7, 42, 3, 17, 21, 18, 31, 22]

Individual 64:
  Route length: 9366
  Contribution to Diversity: 0.00036630119731828614
  Route: [1, 49, 36, 32, 31, 2, 7, 42, 21, 16, 29, 20, 30, 18, 3, 17, 45, 19, 41, 8, 9, 10, 43, 33, 51, 11, 52, 13, 14, 47, 26, 27, 28, 12, 25, 48, 38, 24, 37, 40, 39, 15, 5, 6, 4, 46, 44, 34, 35, 50, 23, 22]

Individual 65:
  Route length: 9406
  Contribution to Diversity: 0.0004236956582381879
  Route: [49, 1, 32, 30, 23, 20, 50, 29, 16, 35, 34, 44, 46, 39, 40, 41, 8, 9, 10, 43, 33, 51, 11, 52, 14, 13, 47, 26, 27, 28, 12, 25, 4, 15, 5, 24, 48, 38, 6, 37, 36, 19, 45, 2, 7, 42, 21, 17, 3, 18, 31, 22]

Individual 66:
  Route length: 9332
  Contribution to Diversity: 0.0006814803880157427
  Route: [1, 49, 32, 35, 39, 5, 38, 48, 16, 46, 44, 34, 45, 19, 41, 8, 9, 10, 25, 12, 28, 27, 26, 13, 47, 14, 52, 11, 51, 33, 43, 4, 6, 15, 24, 37, 40, 36, 31, 18, 3, 17, 21, 42, 7, 2, 30, 23, 20, 29, 50, 22]

Individual 67:
  Route length: 9411
  Contribution to Diversity: 0.0005482762995914214
  Route: [1, 49, 32, 19, 41, 45, 8, 9, 10, 43, 33, 27, 26, 47, 13, 14, 52, 11, 51, 28, 12, 25, 4, 38, 46, 16, 30, 23, 20, 50, 29, 2, 7, 42, 21, 17, 3, 18, 31, 34, 35, 36, 39, 40, 6, 15, 5, 24, 48, 37, 44, 22]

Individual 68:
  Route length: 9421
  Contribution to Diversity: 0.0006409414110875034
  Route: [1, 6, 15, 5, 4, 25, 12, 28, 14, 13, 26, 47, 27, 52, 11, 51, 33, 43, 19, 9, 10, 8, 41, 45, 31, 18, 21, 17, 3, 42, 7, 2, 30, 23, 20, 50, 29, 16, 46, 44, 24, 48, 38, 37, 40, 39, 36, 35, 34, 49, 32, 22]

Individual 69:
  Route length: 9401
  Contribution to Diversity: 0.0011408284426766002
  Route: [20, 50, 29, 36, 35, 34, 44, 46, 25, 12, 28, 26, 27, 47, 13, 14, 52, 11, 51, 33, 43, 10, 9, 8, 41, 19, 45, 4, 6, 15, 5, 24, 48, 38, 37, 1, 23, 30, 21, 42, 7, 2, 17, 3, 18, 31, 16, 49, 40, 39, 32, 22]

Individual 70:
  Route length: 9395
  Contribution to Diversity: 0.0005448362327342693
  Route: [1, 49, 31, 18, 3, 17, 30, 2, 7, 42, 21, 23, 50, 20, 29, 5, 37, 16, 44, 25, 4, 6, 15, 38, 12, 28, 27, 26, 47, 14, 13, 52, 11, 51, 33, 43, 10, 9, 8, 41, 19, 45, 35, 34, 48, 24, 46, 40, 39, 36, 32, 22]

Individual 71:
  Route length: 9392
  Contribution to Diversity: 0.0008650537931975677
  Route: [19, 10, 9, 8, 41, 45, 43, 33, 51, 11, 52, 27, 26, 14, 13, 47, 28, 12, 25, 4, 6, 15, 5, 1, 18, 3, 17, 31, 21, 42, 7, 2, 30, 23, 20, 50, 29, 16, 44, 36, 34, 35, 46, 39, 40, 24, 48, 38, 37, 49, 32, 22]

Individual 72:
  Route length: 9330
  Contribution to Diversity: 0.00025256460286016136
  Route: [1, 36, 39, 37, 40, 43, 33, 51, 11, 52, 27, 14, 13, 47, 26, 28, 12, 25, 24, 38, 48, 4, 6, 15, 5, 46, 44, 34, 35, 19, 41, 8, 9, 10, 45, 32, 49, 16, 29, 50, 20, 23, 30, 2, 7, 42, 3, 17, 21, 18, 31, 22]

Individual 73:
  Route length: 9409
  Contribution to Diversity: 0.001036972732992858
  Route: [1, 49, 31, 38, 15, 25, 39, 37, 3, 18, 17, 21, 7, 42, 2, 30, 23, 50, 20, 29, 16, 46, 44, 34, 35, 45, 19, 41, 8, 9, 10, 43, 33, 51, 11, 52, 14, 13, 47, 26, 27, 28, 12, 6, 4, 5, 24, 48, 40, 36, 32, 22]

Individual 74:
  Route length: 9424
  Contribution to Diversity: 0.000283094878342105
  Route: [1, 35, 39, 40, 12, 25, 4, 15, 6, 5, 32, 34, 49, 45, 19, 41, 8, 9, 10, 43, 33, 51, 11, 52, 14, 13, 47, 26, 27, 28, 24, 48, 38, 37, 44, 46, 16, 29, 50, 20, 23, 36, 30, 2, 7, 42, 21, 17, 3, 18, 31, 22]

Individual 75:
  Route length: 9389
  Contribution to Diversity: 0.00011383477106630124
  Route: [32, 49, 1, 37, 40, 6, 15, 5, 24, 51, 11, 52, 14, 47, 13, 26, 27, 28, 12, 25, 4, 33, 43, 10, 9, 8, 41, 19, 45, 38, 48, 20, 50, 36, 35, 39, 34, 44, 46, 16, 29, 23, 30, 7, 2, 42, 21, 17, 3, 18, 31, 22]

Individual 76:
  Route length: 9412
  Contribution to Diversity: 0.0006432252486661127
  Route: [49, 1, 32, 30, 23, 20, 50, 29, 16, 35, 34, 44, 46, 36, 37, 5, 6, 38, 48, 24, 15, 4, 25, 12, 28, 27, 26, 47, 13, 14, 52, 11, 51, 33, 43, 10, 9, 8, 41, 40, 39, 19, 45, 2, 7, 42, 21, 17, 3, 18, 31, 22]

Individual 77:
  Route length: 9172
  Contribution to Diversity: 0
  Route: [35, 40, 15, 5, 24, 46, 44, 48, 39, 34, 45, 19, 41, 8, 9, 10, 43, 33, 51, 11, 52, 14, 13, 47, 26, 27, 28, 12, 25, 6, 4, 38, 37, 50, 16, 29, 20, 23, 21, 42, 7, 2, 30, 17, 3, 18, 31, 49, 1, 36, 32, 22]

Individual 78:
  Route length: 9091
  Contribution to Diversity: 0
  Route: [1, 49, 36, 32, 31, 18, 3, 17, 45, 19, 41, 8, 9, 10, 43, 33, 51, 11, 52, 13, 14, 47, 26, 27, 28, 12, 25, 5, 6, 4, 39, 40, 37, 24, 38, 48, 15, 34, 44, 46, 16, 29, 23, 50, 20, 21, 42, 7, 2, 30, 35, 22]

Individual 79:
  Route length: 8742
  Contribution to Diversity: 0
  Route: [1, 49, 3, 17, 18, 31, 34, 44, 46, 16, 29, 50, 20, 42, 7, 2, 30, 23, 21, 32, 45, 19, 41, 8, 9, 10, 43, 33, 51, 11, 52, 14, 13, 47, 26, 27, 28, 12, 25, 4, 6, 15, 5, 24, 38, 48, 37, 40, 35, 36, 39, 22]

Individual 80:
  Route length: 9238
  Contribution to Diversity: 0
  Route: [39, 36, 35, 40, 37, 48, 38, 24, 5, 15, 6, 4, 25, 16, 29, 50, 20, 42, 7, 2, 30, 23, 21, 44, 46, 12, 28, 27, 26, 47, 13, 14, 52, 11, 51, 33, 43, 10, 9, 8, 41, 19, 45, 32, 34, 31, 18, 3, 17, 49, 1, 22]

Individual 81:
  Route length: 9416
  Contribution to Diversity: 0.00030799385181712324
  Route: [44, 16, 46, 37, 35, 34, 50, 20, 39, 36, 38, 4, 25, 12, 28, 47, 26, 27, 13, 14, 52, 11, 51, 33, 43, 10, 9, 8, 41, 19, 45, 32, 49, 1, 48, 5, 15, 6, 24, 40, 29, 31, 18, 3, 17, 21, 42, 7, 2, 30, 23, 22]

Individual 82:
  Route length: 9380
  Contribution to Diversity: 0
  Route: [1, 20, 50, 29, 16, 46, 39, 40, 37, 45, 19, 41, 8, 48, 24, 5, 15, 6, 4, 25, 51, 11, 52, 14, 13, 47, 26, 27, 28, 12, 33, 43, 10, 9, 38, 34, 44, 36, 35, 32, 49, 23, 30, 2, 7, 42, 21, 17, 3, 18, 31, 22]

Individual 83:
  Route length: 9351
  Contribution to Diversity: 0.0004226777766733747
  Route: [1, 49, 32, 35, 36, 40, 37, 24, 15, 6, 4, 43, 33, 51, 11, 52, 14, 47, 13, 26, 27, 28, 12, 25, 10, 9, 8, 41, 19, 45, 34, 44, 46, 16, 38, 48, 5, 39, 31, 18, 3, 17, 21, 42, 7, 2, 30, 23, 20, 29, 50, 22]

Individual 84:
  Route length: 9382
  Contribution to Diversity: 0.0002697857190678832
  Route: [20, 50, 29, 36, 35, 34, 44, 46, 25, 12, 28, 27, 26, 47, 13, 14, 52, 11, 51, 33, 43, 10, 9, 8, 41, 19, 45, 4, 6, 15, 5, 24, 48, 38, 37, 1, 23, 30, 21, 42, 7, 2, 17, 3, 18, 31, 39, 40, 49, 16, 32, 22]

Individual 85:
  Route length: 9168
  Contribution to Diversity: 0.0005176856676092356
  Route: [38, 48, 37, 34, 50, 20, 29, 35, 44, 16, 46, 24, 5, 15, 6, 4, 25, 12, 28, 27, 26, 47, 13, 14, 52, 11, 51, 33, 43, 10, 9, 8, 41, 19, 45, 32, 49, 1, 31, 30, 2, 7, 42, 21, 17, 3, 18, 23, 40, 39, 36, 22]

Individual 86:
  Route length: 9405
  Contribution to Diversity: 0.0002178714858969144
  Route: [1, 49, 32, 35, 36, 40, 24, 5, 15, 6, 51, 11, 52, 14, 47, 13, 26, 27, 28, 12, 25, 4, 33, 43, 10, 9, 8, 41, 19, 45, 34, 20, 50, 23, 29, 16, 46, 44, 48, 38, 37, 39, 31, 18, 3, 17, 21, 42, 2, 7, 30, 22]

Individual 87:
  Route length: 9350
  Contribution to Diversity: 0
  Route: [1, 49, 18, 17, 3, 31, 34, 44, 46, 12, 28, 27, 26, 47, 13, 14, 52, 11, 51, 33, 43, 10, 9, 8, 41, 19, 45, 32, 21, 23, 30, 2, 7, 42, 20, 50, 29, 16, 25, 4, 6, 36, 35, 40, 37, 48, 38, 24, 5, 15, 39, 22]

Individual 88:
  Route length: 9255
  Contribution to Diversity: 0
  Route: [39, 36, 35, 40, 37, 48, 38, 24, 5, 15, 6, 4, 25, 16, 29, 30, 2, 7, 42, 20, 50, 23, 21, 44, 46, 12, 28, 27, 26, 47, 13, 14, 52, 11, 51, 33, 43, 10, 9, 8, 41, 19, 45, 32, 34, 31, 18, 3, 17, 49, 1, 22]

Individual 89:
  Route length: 9208
  Contribution to Diversity: 0
  Route: [1, 50, 20, 45, 19, 41, 8, 9, 10, 43, 33, 51, 11, 52, 14, 13, 47, 26, 27, 28, 12, 25, 4, 5, 15, 6, 24, 38, 48, 34, 49, 32, 44, 29, 35, 31, 18, 3, 17, 21, 42, 7, 2, 30, 23, 16, 46, 37, 40, 39, 36, 22]

Individual 90:
  Route length: 9390
  Contribution to Diversity: 0.0006128965631635452
  Route: [1, 49, 36, 32, 50, 20, 21, 42, 7, 2, 30, 35, 46, 44, 34, 15, 48, 38, 24, 37, 40, 39, 4, 6, 5, 25, 12, 28, 27, 26, 47, 14, 13, 52, 11, 51, 33, 43, 10, 9, 8, 41, 19, 45, 17, 3, 18, 31, 23, 29, 16, 22]

Individual 91:
  Route length: 9267
  Contribution to Diversity: 0
  Route: [21, 23, 30, 2, 7, 42, 20, 50, 29, 16, 1, 32, 45, 19, 41, 8, 9, 10, 43, 33, 51, 11, 52, 14, 13, 47, 26, 27, 28, 12, 46, 44, 34, 31, 18, 17, 3, 49, 25, 4, 6, 15, 5, 24, 38, 48, 37, 40, 35, 36, 39, 22]

Individual 92:
  Route length: 9341
  Contribution to Diversity: 0
  Route: [16, 29, 20, 50, 23, 21, 42, 7, 2, 30, 17, 3, 18, 31, 1, 49, 48, 15, 5, 24, 40, 45, 19, 41, 8, 9, 10, 39, 36, 43, 33, 51, 11, 52, 14, 13, 47, 26, 27, 28, 12, 25, 6, 4, 38, 37, 46, 44, 35, 34, 32, 22]

Individual 93:
  Route length: 9399
  Contribution to Diversity: 0.000950092501456723
  Route: [1, 44, 46, 16, 29, 50, 20, 23, 31, 18, 21, 17, 3, 30, 2, 7, 42, 39, 38, 15, 49, 32, 45, 10, 9, 8, 41, 19, 43, 33, 51, 11, 52, 14, 13, 47, 26, 27, 28, 12, 25, 4, 6, 48, 24, 5, 40, 36, 37, 34, 35, 22]

Individual 94:
  Route length: 9341
  Contribution to Diversity: 0.0007287606212651454
  Route: [1, 49, 32, 33, 43, 10, 9, 8, 41, 19, 45, 5, 12, 27, 28, 26, 47, 13, 14, 52, 11, 51, 25, 36, 35, 34, 44, 6, 39, 40, 38, 37, 48, 24, 4, 15, 46, 16, 29, 50, 20, 23, 30, 2, 7, 42, 21, 17, 3, 18, 31, 22]

Individual 95:
  Route length: 9424
  Contribution to Diversity: 0
  Route: [1, 49, 32, 35, 36, 39, 37, 38, 48, 20, 50, 23, 29, 16, 46, 44, 34, 45, 19, 41, 8, 9, 10, 43, 33, 4, 25, 12, 28, 27, 26, 13, 47, 14, 52, 11, 51, 6, 15, 5, 24, 40, 31, 18, 3, 17, 21, 42, 2, 7, 30, 22]

Individual 96:
  Route length: 9268
  Contribution to Diversity: 0.0010551141424466337
  Route: [36, 39, 40, 37, 38, 25, 4, 6, 34, 44, 46, 24, 5, 15, 35, 45, 19, 41, 8, 10, 9, 43, 33, 51, 11, 52, 14, 13, 47, 26, 27, 28, 12, 48, 16, 29, 30, 2, 7, 42, 21, 23, 50, 20, 17, 3, 18, 31, 49, 1, 32, 22]

Individual 97:
  Route length: 9350
  Contribution to Diversity: 8.443987072315196e-05
  Route: [31, 18, 3, 17, 21, 42, 7, 2, 29, 4, 6, 15, 5, 40, 37, 48, 24, 38, 39, 36, 35, 44, 46, 16, 30, 23, 50, 20, 25, 12, 28, 27, 26, 47, 14, 13, 52, 11, 51, 33, 43, 10, 9, 8, 45, 19, 41, 32, 49, 1, 34, 22]

Individual 98:
  Route length: 9081
  Contribution to Diversity: 0
  Route: [35, 40, 44, 46, 24, 5, 15, 48, 39, 34, 45, 19, 41, 8, 9, 10, 43, 33, 51, 11, 52, 14, 13, 47, 26, 27, 28, 12, 25, 6, 4, 38, 37, 50, 16, 29, 20, 23, 21, 42, 7, 2, 30, 17, 3, 18, 31, 49, 32, 36, 1, 22]

Individual 99:
  Route length: 9326
  Contribution to Diversity: 0.0014939199033214834
  Route: [19, 8, 9, 10, 41, 45, 43, 33, 51, 11, 52, 27, 26, 14, 13, 47, 28, 12, 25, 4, 6, 15, 5, 36, 34, 35, 44, 46, 16, 29, 50, 20, 23, 30, 2, 7, 42, 31, 21, 17, 3, 18, 1, 39, 40, 24, 48, 38, 37, 49, 32, 22]

Individual 100:
  Route length: 9321
  Contribution to Diversity: 0.000551339981823773
  Route: [20, 29, 16, 50, 23, 35, 40, 44, 46, 34, 37, 38, 4, 6, 15, 5, 24, 39, 48, 25, 12, 28, 27, 26, 47, 13, 14, 52, 11, 51, 33, 43, 10, 9, 8, 41, 19, 45, 21, 42, 7, 2, 30, 17, 3, 18, 31, 49, 1, 36, 32, 22]

Individual 101:
  Route length: 9335
  Contribution to Diversity: 0.0005923921018036182
  Route: [19, 10, 9, 8, 41, 45, 43, 33, 51, 11, 52, 27, 26, 14, 13, 47, 28, 12, 25, 4, 5, 15, 48, 24, 40, 39, 36, 37, 38, 6, 1, 18, 3, 17, 31, 21, 42, 7, 2, 30, 23, 20, 50, 29, 16, 46, 44, 35, 34, 49, 32, 22]

Individual 102:
  Route length: 9366
  Contribution to Diversity: 0.0003983723286529184
  Route: [1, 49, 31, 18, 3, 17, 30, 2, 7, 42, 21, 23, 50, 20, 29, 16, 48, 36, 39, 24, 46, 44, 34, 35, 38, 37, 40, 5, 15, 6, 4, 25, 43, 33, 51, 11, 52, 13, 14, 47, 26, 27, 28, 12, 45, 19, 41, 8, 9, 10, 32, 22]

Individual 103:
  Route length: 9378
  Contribution to Diversity: 0
  Route: [35, 40, 15, 34, 39, 48, 44, 46, 24, 5, 45, 19, 41, 8, 9, 10, 43, 33, 51, 11, 52, 14, 13, 47, 26, 27, 28, 12, 25, 6, 4, 38, 37, 50, 16, 29, 20, 23, 21, 42, 7, 2, 30, 17, 3, 18, 31, 49, 1, 36, 32, 22]

Individual 104:
  Route length: 9094
  Contribution to Diversity: 0
  Route: [1, 38, 24, 5, 15, 6, 4, 25, 12, 28, 27, 26, 47, 13, 14, 52, 11, 51, 33, 43, 10, 9, 8, 41, 19, 45, 32, 21, 23, 30, 2, 7, 42, 20, 50, 29, 16, 46, 44, 34, 31, 18, 17, 3, 49, 48, 37, 40, 35, 36, 39, 22]

Individual 105:
  Route length: 9422
  Contribution to Diversity: 0
  Route: [39, 36, 35, 17, 3, 18, 31, 34, 44, 46, 12, 28, 27, 26, 47, 13, 14, 52, 11, 51, 33, 43, 10, 9, 8, 41, 19, 45, 32, 21, 23, 30, 2, 7, 42, 20, 50, 29, 16, 25, 38, 24, 5, 15, 6, 4, 48, 37, 40, 49, 1, 22]

Individual 106:
  Route length: 9350
  Contribution to Diversity: 0.0009582813690167669
  Route: [19, 10, 9, 8, 41, 45, 43, 33, 51, 11, 52, 27, 26, 14, 13, 47, 28, 12, 25, 4, 5, 15, 48, 24, 40, 39, 36, 37, 38, 6, 1, 49, 34, 35, 44, 46, 16, 29, 50, 20, 23, 30, 2, 7, 42, 21, 31, 17, 3, 18, 32, 22]

Individual 107:
  Route length: 9186
  Contribution to Diversity: 0
  Route: [1, 50, 20, 45, 19, 41, 8, 9, 10, 43, 33, 51, 11, 52, 14, 13, 47, 26, 27, 28, 12, 25, 4, 5, 15, 6, 24, 38, 48, 37, 46, 16, 23, 30, 2, 7, 42, 21, 17, 3, 18, 31, 35, 29, 44, 32, 49, 34, 40, 39, 36, 22]

Individual 108:
  Route length: 9405
  Contribution to Diversity: 0.0008963391341545446
  Route: [1, 35, 36, 45, 19, 41, 8, 9, 10, 43, 33, 51, 26, 27, 28, 6, 4, 15, 5, 48, 24, 38, 37, 25, 12, 11, 52, 14, 13, 47, 40, 39, 32, 49, 34, 44, 46, 16, 29, 50, 20, 23, 30, 2, 7, 42, 21, 17, 3, 18, 31, 22]

Individual 109:
  Route length: 9425
  Contribution to Diversity: 0.0012790841626930671
  Route: [36, 39, 40, 37, 38, 25, 4, 6, 34, 44, 46, 24, 5, 15, 32, 1, 49, 31, 18, 3, 17, 20, 50, 23, 21, 42, 7, 2, 30, 29, 16, 48, 12, 28, 27, 26, 47, 13, 14, 52, 11, 51, 33, 43, 9, 10, 8, 41, 19, 45, 35, 22]

Individual 110:
  Route length: 9420
  Contribution to Diversity: 0.00018683407328534685
  Route: [1, 49, 32, 45, 19, 41, 8, 9, 10, 43, 33, 51, 11, 52, 14, 13, 27, 26, 47, 28, 12, 25, 4, 38, 36, 15, 5, 48, 44, 16, 46, 37, 35, 34, 50, 20, 39, 6, 24, 40, 29, 31, 18, 3, 17, 21, 42, 7, 2, 30, 23, 22]

Individual 111:
  Route length: 9413
  Contribution to Diversity: 0.0010055281443168695
  Route: [38, 40, 5, 25, 24, 48, 4, 6, 15, 12, 28, 27, 26, 47, 13, 14, 52, 11, 51, 33, 43, 10, 9, 8, 41, 19, 45, 18, 3, 17, 46, 16, 44, 34, 39, 37, 36, 35, 29, 50, 20, 23, 30, 2, 7, 42, 21, 1, 49, 32, 31, 22]

Individual 112:
  Route length: 9379
  Contribution to Diversity: 0.0010727664227188072
  Route: [1, 49, 32, 8, 10, 9, 19, 41, 43, 33, 51, 11, 52, 14, 13, 47, 26, 27, 28, 12, 25, 4, 6, 37, 38, 40, 15, 5, 3, 17, 21, 42, 7, 2, 30, 23, 20, 50, 29, 16, 46, 44, 34, 35, 36, 39, 48, 24, 18, 45, 31, 22]

Individual 113:
  Route length: 9064
  Contribution to Diversity: 0
  Route: [1, 49, 32, 45, 19, 41, 8, 9, 10, 43, 33, 51, 11, 52, 14, 13, 27, 26, 47, 28, 12, 25, 4, 38, 36, 39, 37, 35, 34, 50, 20, 46, 16, 44, 48, 5, 15, 6, 24, 40, 29, 31, 18, 3, 17, 21, 42, 7, 2, 30, 23, 22]

Individual 114:
  Route length: 9408
  Contribution to Diversity: 0.0001498098135490622
  Route: [1, 23, 21, 42, 7, 2, 30, 17, 3, 18, 31, 49, 50, 20, 29, 34, 16, 37, 35, 45, 19, 41, 8, 9, 10, 43, 33, 51, 11, 52, 14, 13, 47, 26, 27, 28, 12, 25, 48, 38, 24, 46, 44, 5, 4, 6, 15, 40, 39, 36, 32, 22]

Individual 115:
  Route length: 9342
  Contribution to Diversity: 0.00032488134653441136
  Route: [1, 49, 32, 35, 36, 44, 46, 16, 29, 23, 50, 20, 34, 45, 19, 41, 8, 9, 10, 43, 33, 4, 25, 12, 28, 27, 26, 13, 47, 14, 52, 11, 51, 6, 15, 5, 24, 40, 48, 38, 37, 39, 31, 18, 3, 17, 21, 42, 2, 7, 30, 22]

Individual 116:
  Route length: 9205
  Contribution to Diversity: 0
  Route: [1, 49, 4, 6, 5, 25, 12, 28, 27, 26, 47, 14, 13, 52, 11, 51, 33, 43, 10, 9, 8, 41, 19, 45, 17, 3, 18, 31, 32, 36, 40, 39, 37, 24, 38, 48, 15, 34, 44, 46, 35, 30, 2, 7, 42, 21, 23, 50, 20, 29, 16, 22]

Individual 117:
  Route length: 9252
  Contribution to Diversity: 0
  Route: [1, 49, 32, 35, 36, 39, 34, 16, 46, 44, 45, 19, 41, 8, 9, 10, 43, 33, 25, 4, 6, 15, 5, 38, 48, 24, 40, 37, 27, 28, 12, 51, 11, 52, 14, 13, 47, 26, 29, 50, 20, 23, 30, 2, 7, 42, 18, 3, 17, 21, 31, 22]

Individual 118:
  Route length: 9367
  Contribution to Diversity: 0
  Route: [24, 5, 15, 40, 35, 46, 44, 48, 39, 34, 45, 19, 41, 8, 9, 10, 43, 33, 51, 11, 52, 14, 13, 47, 26, 27, 28, 12, 25, 6, 4, 38, 37, 50, 16, 29, 20, 23, 21, 42, 7, 2, 30, 17, 3, 18, 31, 49, 1, 36, 32, 22]

Individual 119:
  Route length: 9299
  Contribution to Diversity: 3.725198202353397e-06
  Route: [1, 49, 31, 18, 3, 17, 30, 2, 7, 42, 21, 23, 20, 50, 29, 32, 36, 39, 40, 46, 24, 5, 37, 48, 34, 35, 45, 19, 41, 8, 9, 10, 43, 33, 51, 11, 52, 13, 14, 47, 26, 27, 28, 12, 38, 15, 6, 4, 25, 16, 44, 22]

Individual 120:
  Route length: 9227
  Contribution to Diversity: 0.0002929086942486947
  Route: [32, 49, 1, 39, 35, 36, 34, 37, 40, 6, 15, 5, 24, 51, 11, 52, 14, 47, 13, 26, 27, 28, 12, 25, 4, 33, 43, 10, 9, 8, 41, 19, 45, 38, 48, 20, 50, 44, 46, 16, 29, 23, 30, 7, 2, 42, 21, 17, 3, 18, 31, 22]

Individual 121:
  Route length: 9268
  Contribution to Diversity: 3.5118886234641877e-06
  Route: [1, 49, 37, 40, 39, 35, 34, 44, 46, 4, 6, 5, 15, 18, 3, 17, 50, 20, 29, 16, 36, 24, 38, 48, 25, 12, 28, 27, 26, 47, 14, 13, 52, 11, 51, 33, 43, 10, 9, 8, 41, 19, 45, 23, 30, 2, 7, 42, 21, 31, 32, 22]

Individual 122:
  Route length: 9271
  Contribution to Diversity: 0
  Route: [35, 40, 15, 34, 39, 48, 5, 24, 46, 44, 45, 19, 41, 8, 9, 10, 43, 33, 51, 11, 52, 14, 13, 47, 26, 27, 28, 12, 25, 6, 4, 38, 37, 50, 16, 29, 20, 23, 21, 42, 7, 2, 30, 17, 3, 18, 31, 49, 1, 36, 32, 22]

Individual 123:
  Route length: 9387
  Contribution to Diversity: 0.00033473353240154324
  Route: [1, 49, 36, 35, 34, 5, 37, 39, 40, 46, 44, 4, 6, 15, 48, 38, 24, 25, 12, 28, 27, 26, 47, 13, 14, 52, 11, 51, 33, 43, 19, 41, 8, 9, 10, 45, 32, 31, 17, 21, 18, 3, 23, 42, 7, 2, 30, 20, 50, 29, 16, 22]

Individual 124:
  Route length: 9249
  Contribution to Diversity: 0.00020775512908421945
  Route: [1, 49, 36, 32, 31, 18, 3, 17, 45, 19, 41, 8, 9, 10, 43, 33, 51, 11, 52, 13, 14, 47, 26, 27, 28, 12, 25, 48, 6, 5, 15, 39, 40, 37, 24, 38, 4, 46, 20, 21, 42, 7, 2, 30, 23, 50, 35, 34, 44, 29, 16, 22]

Individual 125:
  Route length: 9380
  Contribution to Diversity: 0.00024523577891688575
  Route: [1, 44, 46, 16, 29, 50, 20, 23, 42, 7, 2, 17, 3, 30, 21, 18, 31, 15, 6, 4, 25, 12, 28, 27, 26, 47, 13, 14, 52, 11, 51, 33, 43, 19, 41, 8, 9, 10, 45, 32, 49, 5, 24, 48, 37, 38, 39, 36, 35, 34, 40, 22]

Individual 126:
  Route length: 9291
  Contribution to Diversity: 0
  Route: [34, 39, 48, 44, 46, 35, 40, 15, 5, 24, 45, 19, 41, 8, 9, 10, 43, 33, 51, 11, 52, 14, 13, 47, 26, 27, 28, 12, 25, 6, 4, 38, 37, 50, 16, 29, 20, 23, 21, 42, 7, 2, 30, 17, 3, 18, 31, 49, 1, 36, 32, 22]

Individual 127:
  Route length: 9399
  Contribution to Diversity: 0
  Route: [34, 39, 48, 44, 46, 35, 40, 15, 5, 37, 38, 4, 6, 25, 12, 28, 27, 26, 47, 13, 14, 52, 11, 51, 33, 43, 10, 9, 8, 41, 19, 45, 24, 50, 16, 29, 20, 23, 21, 42, 7, 2, 30, 17, 3, 18, 31, 49, 1, 36, 32, 22]

Individual 128:
  Route length: 9325
  Contribution to Diversity: 0.0007238888661813547
  Route: [1, 18, 42, 7, 2, 23, 30, 20, 50, 29, 16, 46, 44, 35, 36, 40, 39, 37, 38, 4, 6, 15, 5, 24, 48, 34, 25, 12, 28, 27, 14, 13, 26, 47, 52, 11, 51, 33, 43, 10, 9, 8, 41, 19, 45, 32, 31, 21, 17, 3, 49, 22]

Individual 129:
  Route length: 9396
  Contribution to Diversity: 0.0002831064148214324
  Route: [1, 49, 32, 35, 24, 48, 38, 5, 15, 6, 4, 25, 33, 43, 10, 9, 8, 41, 19, 45, 44, 46, 16, 34, 39, 36, 40, 37, 27, 28, 12, 51, 11, 52, 14, 13, 47, 26, 29, 50, 20, 23, 30, 2, 7, 42, 18, 3, 17, 21, 31, 22]

Individual 130:
  Route length: 9365
  Contribution to Diversity: 0.00048750253471752103
  Route: [1, 20, 50, 29, 16, 46, 39, 23, 30, 2, 7, 42, 21, 17, 3, 18, 36, 32, 49, 35, 34, 44, 31, 45, 19, 41, 8, 9, 10, 43, 33, 51, 11, 52, 14, 47, 13, 26, 27, 28, 12, 25, 4, 6, 40, 15, 24, 5, 37, 38, 48, 22]

Individual 131:
  Route length: 9244
  Contribution to Diversity: 0.000309515725883891
  Route: [1, 49, 36, 39, 4, 37, 40, 32, 31, 18, 3, 17, 45, 19, 41, 8, 9, 10, 43, 33, 51, 11, 52, 13, 14, 47, 26, 27, 28, 12, 25, 5, 6, 24, 38, 48, 15, 34, 44, 46, 35, 30, 2, 7, 42, 21, 23, 50, 20, 29, 16, 22]

Individual 132:
  Route length: 9280
  Contribution to Diversity: 0
  Route: [34, 24, 5, 15, 40, 35, 46, 44, 48, 39, 45, 19, 41, 8, 9, 10, 43, 33, 51, 11, 52, 14, 13, 47, 26, 27, 28, 12, 25, 6, 4, 38, 37, 50, 16, 29, 20, 23, 21, 42, 7, 2, 30, 17, 3, 18, 31, 49, 1, 36, 32, 22]

Individual 133:
  Route length: 9386
  Contribution to Diversity: 0
  Route: [34, 39, 48, 25, 12, 28, 27, 26, 47, 13, 14, 52, 11, 51, 33, 43, 10, 9, 8, 41, 19, 45, 24, 5, 15, 40, 35, 46, 44, 6, 4, 38, 37, 50, 16, 29, 20, 23, 21, 42, 7, 2, 30, 17, 3, 18, 31, 49, 1, 36, 32, 22]

Individual 134:
  Route length: 9344
  Contribution to Diversity: 0.0003612817451896788
  Route: [1, 49, 36, 32, 31, 18, 3, 17, 45, 19, 41, 8, 9, 10, 43, 33, 51, 11, 52, 13, 14, 47, 26, 27, 28, 12, 25, 48, 6, 5, 15, 39, 40, 37, 24, 38, 4, 50, 23, 21, 42, 7, 2, 30, 20, 46, 35, 34, 44, 29, 16, 22]

Individual 135:
  Route length: 8881
  Contribution to Diversity: 0
  Route: [1, 20, 50, 29, 16, 46, 48, 38, 37, 5, 24, 15, 40, 6, 4, 25, 12, 28, 27, 26, 13, 47, 14, 52, 11, 51, 33, 43, 10, 9, 8, 41, 19, 45, 31, 44, 34, 35, 49, 32, 36, 39, 23, 30, 2, 7, 42, 21, 17, 3, 18, 22]

Individual 136:
  Route length: 9042
  Contribution to Diversity: 0
  Route: [1, 38, 24, 5, 15, 6, 4, 25, 12, 28, 27, 26, 47, 13, 14, 52, 11, 51, 33, 43, 10, 9, 8, 41, 19, 45, 32, 21, 23, 42, 7, 2, 30, 20, 50, 29, 16, 46, 44, 34, 31, 18, 17, 3, 49, 48, 37, 40, 35, 36, 39, 22]

Individual 137:
  Route length: 9297
  Contribution to Diversity: 0.0005079693274874231
  Route: [1, 49, 32, 33, 43, 10, 9, 8, 41, 19, 45, 5, 6, 39, 40, 38, 37, 48, 24, 25, 51, 11, 52, 14, 13, 47, 26, 28, 27, 12, 44, 34, 36, 35, 4, 15, 46, 16, 29, 50, 20, 23, 30, 2, 7, 42, 21, 17, 3, 18, 31, 22]

Individual 138:
  Route length: 9389
  Contribution to Diversity: 0
  Route: [34, 24, 5, 15, 40, 35, 46, 44, 48, 39, 45, 19, 41, 8, 9, 10, 43, 33, 51, 11, 52, 14, 13, 47, 26, 27, 28, 12, 25, 6, 4, 38, 37, 50, 16, 29, 20, 23, 21, 42, 7, 2, 30, 18, 3, 17, 31, 49, 1, 36, 32, 22]

Individual 139:
  Route length: 9396
  Contribution to Diversity: 0.0008352365591131061
  Route: [32, 49, 1, 39, 35, 36, 34, 37, 40, 6, 15, 5, 24, 51, 11, 52, 14, 47, 13, 26, 27, 28, 12, 25, 4, 33, 43, 10, 9, 8, 41, 19, 45, 38, 48, 31, 18, 3, 17, 21, 42, 2, 7, 30, 23, 29, 16, 46, 44, 50, 20, 22]

Individual 140:
  Route length: 9201
  Contribution to Diversity: 0
  Route: [1, 49, 32, 45, 19, 41, 8, 9, 10, 43, 33, 51, 11, 52, 14, 13, 47, 26, 27, 28, 12, 15, 24, 25, 5, 40, 38, 48, 6, 4, 29, 50, 20, 23, 30, 2, 7, 42, 21, 16, 46, 44, 34, 35, 36, 37, 39, 17, 3, 31, 18, 22]

Individual 141:
  Route length: 9342
  Contribution to Diversity: 0
  Route: [1, 50, 20, 45, 19, 41, 8, 9, 10, 43, 33, 51, 11, 52, 14, 13, 47, 26, 27, 28, 12, 25, 4, 34, 49, 32, 44, 29, 35, 31, 18, 3, 17, 21, 42, 7, 2, 30, 23, 16, 46, 37, 48, 38, 24, 6, 15, 5, 40, 39, 36, 22]

Individual 142:
  Route length: 9324
  Contribution to Diversity: 0.0006423585724224523
  Route: [1, 49, 32, 5, 45, 19, 41, 8, 9, 10, 43, 33, 6, 39, 40, 38, 37, 48, 24, 25, 51, 11, 52, 14, 13, 47, 26, 28, 27, 12, 44, 34, 35, 36, 4, 15, 46, 16, 29, 50, 20, 23, 30, 2, 7, 42, 21, 17, 3, 18, 31, 22]

Individual 143:
  Route length: 9422
  Contribution to Diversity: 0.00023548608313550545
  Route: [1, 49, 36, 35, 44, 46, 40, 39, 37, 5, 34, 4, 6, 15, 48, 38, 24, 25, 12, 28, 27, 26, 47, 13, 14, 52, 11, 51, 33, 43, 19, 41, 8, 9, 10, 45, 32, 31, 17, 21, 18, 3, 23, 42, 7, 2, 30, 20, 50, 29, 16, 22]

Individual 144:
  Route length: 9175
  Contribution to Diversity: 0
  Route: [35, 40, 44, 46, 24, 5, 15, 48, 39, 34, 45, 19, 41, 8, 9, 10, 43, 33, 51, 11, 52, 14, 13, 47, 26, 27, 28, 12, 25, 6, 4, 38, 37, 1, 36, 32, 49, 31, 18, 3, 17, 30, 2, 7, 42, 21, 23, 20, 29, 16, 50, 22]

Individual 145:
  Route length: 9341
  Contribution to Diversity: 0
  Route: [32, 34, 35, 44, 46, 37, 38, 4, 6, 25, 12, 28, 27, 26, 47, 13, 14, 52, 11, 51, 33, 43, 36, 39, 10, 9, 8, 41, 19, 45, 40, 24, 5, 15, 48, 49, 1, 31, 18, 3, 17, 30, 2, 7, 42, 21, 23, 50, 20, 29, 16, 22]

Individual 146:
  Route length: 9263
  Contribution to Diversity: 0
  Route: [1, 32, 5, 6, 15, 4, 25, 12, 40, 39, 35, 34, 49, 45, 19, 41, 8, 9, 10, 43, 33, 51, 11, 52, 14, 13, 47, 26, 27, 28, 24, 48, 38, 37, 44, 46, 16, 29, 50, 20, 23, 36, 30, 2, 7, 42, 21, 17, 3, 18, 31, 22]

Individual 147:
  Route length: 9277
  Contribution to Diversity: 6.087901342066715e-05
  Route: [1, 49, 32, 34, 35, 37, 39, 36, 38, 4, 25, 12, 28, 47, 26, 27, 13, 14, 52, 11, 51, 33, 43, 10, 9, 8, 41, 19, 45, 50, 20, 46, 16, 44, 48, 5, 15, 6, 24, 40, 29, 31, 18, 3, 17, 21, 42, 7, 2, 30, 23, 22]

Individual 148:
  Route length: 9425
  Contribution to Diversity: 0
  Route: [1, 45, 19, 41, 8, 9, 10, 43, 33, 51, 11, 52, 14, 13, 47, 26, 27, 28, 12, 46, 44, 34, 31, 3, 17, 18, 49, 32, 21, 23, 30, 2, 7, 42, 20, 50, 29, 16, 25, 4, 6, 36, 35, 40, 37, 48, 38, 24, 5, 15, 39, 22]

Individual 149:
  Route length: 9329
  Contribution to Diversity: 0
  Route: [1, 38, 24, 44, 46, 16, 29, 50, 20, 42, 7, 2, 30, 23, 21, 32, 45, 19, 41, 8, 9, 10, 43, 33, 51, 11, 52, 14, 13, 47, 26, 27, 28, 12, 25, 4, 6, 15, 5, 34, 31, 18, 17, 3, 49, 48, 37, 40, 35, 36, 39, 22]

Total Entropy H: 5.0487919289397984
