Individual 0:
  Route length: 13070
  Contribution to Diversity: 0.0005925459426796564
  Route: [1, 49, 47, 26, 27, 34, 11, 51, 33, 43, 10, 36, 35, 3, 17, 21, 42, 7, 2, 30, 23, 20, 50, 29, 16, 46, 44, 28, 12, 25, 4, 6, 15, 5, 24, 48, 38, 37, 40, 39, 9, 8, 41, 19, 45, 32, 13, 14, 52, 18, 31, 22]

Individual 1:
  Route length: 13058
  Contribution to Diversity: 0.0006586878076069169
  Route: [1, 46, 44, 34, 35, 36, 39, 40, 12, 28, 27, 26, 41, 19, 45, 32, 49, 16, 2, 30, 23, 20, 50, 29, 25, 37, 38, 48, 24, 5, 8, 9, 10, 21, 42, 7, 4, 6, 15, 47, 13, 14, 52, 11, 51, 33, 43, 17, 3, 18, 31, 22]

Individual 2:
  Route length: 12663
  Contribution to Diversity: 0.0026921135544117902
  Route: [1, 14, 52, 11, 51, 28, 27, 26, 47, 16, 46, 44, 3, 17, 35, 32, 45, 19, 41, 34, 21, 42, 7, 2, 30, 23, 20, 50, 29, 13, 49, 36, 39, 40, 37, 38, 48, 24, 5, 15, 43, 33, 12, 25, 4, 6, 10, 9, 8, 18, 31, 22]

Individual 3:
  Route length: 13083
  Contribution to Diversity: 0.001534839385625375
  Route: [1, 49, 40, 19, 41, 52, 14, 13, 33, 43, 10, 9, 8, 37, 45, 32, 39, 36, 35, 34, 44, 46, 16, 29, 50, 20, 23, 51, 47, 26, 27, 28, 12, 25, 4, 6, 15, 5, 24, 48, 38, 11, 30, 2, 7, 42, 21, 17, 3, 18, 31, 22]

Individual 4:
  Route length: 12827
  Contribution to Diversity: 0.00017969235288539664
  Route: [1, 49, 34, 35, 51, 45, 19, 41, 8, 9, 10, 43, 20, 50, 29, 16, 11, 52, 14, 46, 44, 6, 4, 25, 12, 28, 27, 26, 47, 13, 32, 15, 5, 24, 48, 38, 37, 40, 39, 36, 33, 23, 30, 2, 7, 42, 21, 17, 3, 18, 31, 22]

Individual 5:
  Route length: 13156
  Contribution to Diversity: 0.0012798193711951455
  Route: [1, 28, 27, 26, 40, 39, 36, 35, 5, 16, 29, 50, 9, 8, 41, 19, 45, 32, 49, 52, 11, 51, 33, 43, 10, 20, 23, 15, 6, 4, 25, 12, 14, 13, 47, 37, 38, 48, 24, 46, 44, 34, 30, 2, 7, 42, 21, 17, 3, 18, 31, 22]

Individual 6:
  Route length: 13171
  Contribution to Diversity: 0.0015250502902688368
  Route: [1, 10, 43, 33, 6, 15, 5, 24, 48, 38, 37, 40, 39, 51, 4, 25, 8, 30, 45, 19, 41, 23, 20, 32, 49, 9, 12, 28, 27, 26, 47, 13, 14, 52, 11, 36, 35, 34, 44, 46, 16, 29, 50, 2, 7, 42, 21, 17, 3, 18, 31, 22]

Individual 7:
  Route length: 12870
  Contribution to Diversity: 0.00031207240328701147
  Route: [1, 5, 15, 9, 21, 42, 7, 2, 30, 23, 32, 41, 19, 45, 20, 50, 29, 16, 46, 44, 34, 35, 36, 39, 40, 37, 38, 52, 11, 51, 25, 4, 6, 48, 24, 49, 8, 14, 13, 47, 26, 27, 28, 12, 33, 43, 10, 17, 3, 18, 31, 22]

Individual 8:
  Route length: 12290
  Contribution to Diversity: 0.0011886321912637499
  Route: [1, 49, 50, 29, 46, 16, 44, 34, 23, 38, 47, 8, 9, 10, 43, 33, 51, 11, 52, 14, 13, 48, 24, 5, 15, 6, 4, 25, 12, 28, 27, 26, 32, 45, 19, 41, 20, 37, 40, 39, 36, 35, 30, 2, 7, 42, 21, 17, 3, 18, 31, 22]

Individual 9:
  Route length: 12593
  Contribution to Diversity: 0.00029130281139710945
  Route: [1, 38, 43, 21, 42, 7, 2, 30, 23, 20, 50, 29, 16, 46, 44, 34, 35, 36, 51, 11, 52, 14, 13, 47, 26, 27, 32, 45, 19, 41, 9, 8, 49, 28, 12, 25, 4, 6, 10, 37, 40, 39, 15, 5, 24, 48, 33, 17, 3, 18, 31, 22]

Individual 10:
  Route length: 13157
  Contribution to Diversity: 0.0021919368215055357
  Route: [1, 34, 25, 4, 6, 15, 5, 24, 48, 40, 39, 44, 10, 9, 8, 47, 26, 27, 28, 12, 41, 13, 37, 38, 49, 32, 45, 19, 35, 36, 14, 52, 11, 51, 33, 43, 46, 16, 29, 50, 20, 23, 30, 2, 7, 42, 21, 17, 3, 18, 31, 22]

Individual 11:
  Route length: 13133
  Contribution to Diversity: 0.0007392076247683121
  Route: [1, 49, 11, 51, 12, 28, 35, 36, 39, 34, 44, 46, 16, 29, 50, 20, 23, 30, 40, 27, 26, 45, 19, 41, 8, 9, 10, 43, 52, 14, 13, 47, 32, 33, 25, 4, 6, 15, 5, 24, 48, 38, 37, 2, 7, 42, 21, 17, 3, 18, 31, 22]

Individual 12:
  Route length: 13065
  Contribution to Diversity: 0.001113744500356617
  Route: [1, 24, 52, 14, 5, 15, 43, 33, 12, 25, 4, 6, 10, 9, 8, 41, 35, 32, 45, 19, 34, 44, 46, 16, 47, 26, 27, 28, 51, 11, 48, 38, 37, 40, 39, 36, 49, 13, 29, 50, 20, 23, 30, 2, 7, 42, 21, 17, 3, 18, 31, 22]

Individual 13:
  Route length: 12913
  Contribution to Diversity: 0.0005731718236230421
  Route: [1, 49, 32, 45, 30, 23, 20, 50, 5, 24, 48, 38, 4, 25, 12, 28, 9, 8, 41, 27, 26, 47, 13, 14, 52, 11, 51, 39, 46, 16, 29, 15, 6, 37, 40, 33, 43, 36, 44, 34, 35, 10, 19, 2, 7, 42, 21, 17, 3, 18, 31, 22]

Individual 14:
  Route length: 13189
  Contribution to Diversity: 0.0018658582643524824
  Route: [1, 49, 32, 10, 8, 41, 19, 45, 24, 50, 44, 46, 16, 29, 34, 35, 36, 39, 40, 37, 38, 48, 33, 43, 18, 3, 17, 21, 42, 7, 2, 30, 9, 11, 51, 20, 23, 5, 15, 6, 4, 25, 12, 28, 27, 26, 47, 13, 14, 52, 31, 22]

Individual 15:
  Route length: 13167
  Contribution to Diversity: 0.0015141571301935386
  Route: [1, 50, 33, 43, 45, 19, 41, 8, 10, 32, 49, 29, 16, 46, 44, 34, 35, 36, 39, 40, 37, 38, 48, 24, 18, 3, 17, 21, 42, 7, 2, 30, 9, 11, 51, 20, 23, 5, 15, 6, 4, 25, 12, 28, 27, 26, 47, 13, 14, 52, 31, 22]

Individual 16:
  Route length: 12988
  Contribution to Diversity: 0.004173132341788843
  Route: [1, 19, 45, 26, 27, 28, 12, 25, 4, 6, 17, 21, 42, 7, 2, 30, 23, 47, 13, 14, 52, 11, 36, 39, 40, 32, 34, 44, 5, 24, 48, 38, 43, 10, 9, 8, 41, 49, 37, 33, 51, 35, 20, 50, 29, 16, 46, 15, 3, 18, 31, 22]

Individual 17:
  Route length: 12791
  Contribution to Diversity: 0.0002630929663753889
  Route: [1, 49, 15, 19, 45, 32, 6, 38, 48, 37, 26, 47, 13, 14, 52, 11, 51, 25, 4, 24, 5, 41, 30, 23, 20, 50, 29, 16, 46, 44, 34, 35, 36, 39, 9, 8, 2, 7, 42, 21, 40, 27, 28, 12, 33, 43, 10, 17, 3, 18, 31, 22]

Individual 18:
  Route length: 12923
  Contribution to Diversity: 0.0011824705807859104
  Route: [1, 8, 41, 19, 45, 47, 2, 30, 50, 20, 23, 29, 16, 46, 44, 34, 35, 36, 39, 40, 37, 38, 48, 24, 5, 15, 6, 4, 25, 49, 32, 13, 14, 52, 26, 28, 27, 11, 51, 33, 43, 10, 9, 12, 7, 42, 21, 17, 3, 18, 31, 22]

Individual 19:
  Route length: 12705
  Contribution to Diversity: 0.0002226161654377279
  Route: [1, 49, 32, 2, 30, 23, 20, 44, 46, 19, 24, 5, 16, 29, 50, 34, 35, 36, 39, 40, 37, 38, 48, 41, 15, 6, 4, 7, 42, 21, 10, 9, 8, 45, 25, 12, 28, 27, 26, 47, 13, 14, 52, 11, 51, 33, 43, 17, 3, 18, 31, 22]

Individual 20:
  Route length: 12940
  Contribution to Diversity: 0.0011413650947451615
  Route: [1, 5, 15, 9, 21, 42, 7, 2, 46, 44, 34, 35, 36, 39, 40, 37, 38, 52, 11, 51, 25, 4, 6, 48, 24, 49, 32, 23, 30, 16, 29, 50, 20, 45, 19, 41, 8, 14, 13, 47, 26, 27, 28, 12, 33, 43, 10, 17, 3, 18, 31, 22]

Individual 21:
  Route length: 12271
  Contribution to Diversity: 0.00044032594834853
  Route: [1, 32, 49, 8, 9, 33, 43, 10, 6, 16, 29, 46, 20, 50, 44, 34, 35, 36, 51, 11, 52, 14, 13, 47, 26, 27, 28, 38, 37, 40, 39, 15, 45, 19, 41, 48, 24, 12, 25, 4, 23, 30, 2, 7, 42, 21, 17, 3, 5, 18, 31, 22]

Individual 22:
  Route length: 12542
  Contribution to Diversity: 0.0008849532184331821
  Route: [1, 27, 26, 47, 28, 10, 9, 8, 41, 19, 23, 37, 16, 29, 50, 20, 38, 48, 24, 5, 15, 43, 33, 51, 11, 52, 14, 13, 45, 32, 49, 25, 4, 39, 36, 35, 34, 44, 46, 40, 6, 12, 30, 2, 7, 42, 21, 17, 3, 18, 31, 22]

Individual 23:
  Route length: 13076
  Contribution to Diversity: 0.0007161211702628734
  Route: [1, 14, 52, 11, 51, 28, 27, 26, 47, 36, 49, 13, 29, 50, 20, 23, 30, 2, 7, 42, 21, 34, 41, 19, 45, 32, 35, 17, 3, 44, 46, 16, 39, 40, 37, 38, 48, 24, 5, 15, 43, 33, 12, 25, 4, 6, 10, 9, 8, 18, 31, 22]

Individual 24:
  Route length: 12999
  Contribution to Diversity: 7.011849062976694e-05
  Route: [1, 49, 11, 51, 12, 46, 44, 34, 27, 26, 36, 38, 37, 48, 39, 40, 24, 5, 15, 6, 4, 25, 33, 32, 47, 13, 14, 52, 43, 10, 9, 8, 41, 19, 45, 35, 28, 16, 29, 50, 20, 23, 30, 2, 7, 42, 21, 17, 3, 18, 31, 22]

Individual 25:
  Route length: 13005
  Contribution to Diversity: 0.00257955964764367
  Route: [1, 49, 15, 19, 45, 39, 9, 8, 2, 7, 42, 23, 20, 50, 29, 16, 46, 44, 34, 35, 36, 32, 26, 47, 13, 14, 52, 11, 51, 25, 4, 37, 40, 21, 30, 41, 5, 24, 48, 38, 6, 27, 28, 12, 33, 43, 10, 17, 3, 18, 31, 22]

Individual 26:
  Route length: 12986
  Contribution to Diversity: 0.002030331588508183
  Route: [1, 49, 32, 6, 45, 15, 29, 16, 46, 44, 34, 35, 31, 18, 3, 17, 21, 42, 7, 2, 30, 23, 20, 50, 5, 24, 48, 38, 4, 25, 12, 28, 9, 8, 41, 27, 26, 47, 13, 14, 52, 11, 51, 39, 36, 43, 33, 40, 37, 19, 10, 22]

Individual 27:
  Route length: 13127
  Contribution to Diversity: 0.0016611852205654642
  Route: [1, 49, 42, 2, 7, 30, 9, 51, 11, 20, 23, 45, 19, 41, 8, 10, 32, 21, 17, 3, 18, 43, 33, 50, 29, 16, 46, 44, 34, 35, 36, 39, 40, 37, 38, 48, 24, 5, 15, 6, 4, 25, 12, 28, 27, 26, 47, 13, 14, 52, 31, 22]

Individual 28:
  Route length: 13183
  Contribution to Diversity: 0.002443046014291461
  Route: [1, 28, 27, 26, 46, 24, 37, 38, 48, 47, 13, 14, 12, 25, 4, 6, 44, 34, 35, 36, 39, 40, 15, 23, 20, 10, 43, 33, 51, 11, 52, 49, 32, 45, 19, 41, 8, 9, 50, 29, 16, 5, 30, 2, 7, 42, 21, 17, 3, 18, 31, 22]

Individual 29:
  Route length: 13114
  Contribution to Diversity: 0.00010462218553008995
  Route: [1, 12, 50, 29, 6, 40, 37, 38, 48, 24, 19, 45, 32, 49, 25, 46, 10, 16, 4, 39, 36, 15, 5, 41, 8, 9, 44, 34, 35, 43, 33, 51, 11, 52, 14, 13, 47, 26, 27, 28, 20, 23, 30, 2, 7, 42, 21, 17, 3, 18, 31, 22]

Individual 30:
  Route length: 12945
  Contribution to Diversity: 0.00045990718747024317
  Route: [1, 45, 48, 24, 15, 11, 51, 39, 27, 28, 12, 4, 25, 6, 5, 52, 14, 13, 47, 26, 36, 35, 34, 44, 46, 16, 49, 32, 29, 50, 20, 19, 38, 37, 40, 33, 43, 10, 9, 8, 41, 23, 30, 2, 7, 42, 21, 17, 3, 18, 31, 22]

Individual 31:
  Route length: 12412
  Contribution to Diversity: 0.0008979230516343861
  Route: [1, 49, 38, 32, 19, 45, 41, 37, 46, 47, 33, 43, 10, 9, 35, 8, 36, 39, 40, 34, 44, 4, 6, 15, 5, 51, 11, 52, 14, 13, 24, 48, 26, 27, 28, 12, 25, 16, 29, 50, 20, 23, 30, 2, 7, 42, 21, 17, 3, 18, 31, 22]

Individual 32:
  Route length: 13015
  Contribution to Diversity: 0.0012349875993802328
  Route: [1, 10, 9, 8, 41, 37, 38, 48, 25, 49, 32, 45, 13, 14, 52, 11, 51, 33, 43, 15, 5, 24, 4, 39, 36, 35, 34, 23, 28, 27, 26, 47, 19, 16, 29, 50, 20, 44, 46, 40, 6, 12, 30, 2, 7, 42, 21, 17, 3, 18, 31, 22]

Individual 33:
  Route length: 12565
  Contribution to Diversity: 0.0014695833759104104
  Route: [1, 12, 15, 26, 47, 13, 14, 52, 11, 51, 33, 35, 34, 48, 24, 5, 29, 50, 43, 36, 39, 46, 44, 38, 37, 40, 6, 10, 9, 8, 41, 19, 45, 32, 49, 25, 4, 16, 27, 28, 20, 23, 30, 2, 7, 42, 21, 17, 3, 18, 31, 22]

Individual 34:
  Route length: 12822
  Contribution to Diversity: 0.001728515542403386
  Route: [1, 13, 14, 52, 11, 50, 29, 16, 46, 44, 51, 33, 43, 10, 24, 5, 28, 27, 26, 47, 49, 37, 38, 48, 39, 40, 32, 45, 19, 41, 8, 9, 36, 12, 25, 4, 6, 15, 35, 34, 20, 23, 30, 2, 7, 42, 21, 17, 3, 18, 31, 22]

Individual 35:
  Route length: 13135
  Contribution to Diversity: 0.0007300134482450815
  Route: [1, 49, 24, 5, 8, 9, 10, 20, 23, 30, 2, 32, 19, 34, 50, 29, 16, 46, 44, 21, 42, 7, 4, 6, 15, 41, 48, 38, 37, 40, 39, 36, 35, 45, 25, 12, 28, 27, 26, 47, 13, 14, 52, 11, 51, 33, 43, 17, 3, 18, 31, 22]

Individual 36:
  Route length: 12978
  Contribution to Diversity: 0.0014519931131937724
  Route: [1, 27, 26, 47, 28, 10, 9, 8, 41, 32, 45, 13, 14, 52, 11, 51, 33, 43, 15, 5, 24, 48, 38, 20, 50, 29, 16, 37, 23, 19, 49, 25, 4, 39, 36, 35, 34, 44, 46, 40, 6, 12, 30, 2, 7, 42, 21, 17, 3, 18, 31, 22]

Individual 37:
  Route length: 13118
  Contribution to Diversity: 0.001740514110393221
  Route: [1, 49, 32, 19, 45, 10, 43, 33, 13, 47, 26, 27, 41, 8, 9, 28, 12, 25, 4, 38, 48, 24, 5, 50, 20, 23, 30, 2, 7, 42, 21, 17, 3, 18, 29, 15, 6, 37, 40, 14, 52, 11, 51, 39, 36, 35, 34, 44, 46, 16, 31, 22]

Individual 38:
  Route length: 12760
  Contribution to Diversity: 0.0014713988906720488
  Route: [1, 49, 38, 32, 45, 19, 41, 8, 36, 39, 33, 51, 11, 44, 34, 40, 43, 10, 9, 35, 37, 46, 47, 5, 15, 6, 4, 52, 14, 13, 24, 48, 26, 27, 28, 12, 25, 16, 29, 50, 20, 23, 30, 2, 7, 42, 21, 17, 3, 18, 31, 22]

Individual 39:
  Route length: 13181
  Contribution to Diversity: 0.0017857689545417443
  Route: [1, 35, 24, 48, 38, 37, 40, 49, 39, 36, 32, 5, 41, 15, 6, 23, 20, 50, 29, 16, 46, 44, 34, 19, 45, 8, 9, 10, 21, 42, 7, 4, 30, 2, 25, 12, 28, 27, 26, 47, 13, 14, 52, 11, 51, 33, 43, 17, 3, 18, 31, 22]

Individual 40:
  Route length: 13007
  Contribution to Diversity: 0.0014631685673531791
  Route: [1, 30, 36, 21, 42, 15, 25, 4, 34, 35, 46, 49, 7, 6, 44, 16, 50, 20, 23, 2, 29, 32, 45, 19, 41, 8, 9, 10, 43, 33, 51, 11, 52, 14, 13, 47, 26, 27, 28, 12, 5, 24, 48, 38, 37, 40, 39, 17, 3, 18, 31, 22]

Individual 41:
  Route length: 13144
  Contribution to Diversity: 0.0009368207369941928
  Route: [1, 49, 32, 10, 8, 45, 43, 33, 19, 41, 50, 29, 16, 46, 44, 34, 35, 36, 39, 40, 37, 38, 48, 24, 18, 3, 17, 21, 42, 7, 2, 30, 9, 11, 51, 20, 23, 5, 15, 6, 4, 25, 12, 28, 27, 26, 47, 13, 14, 52, 31, 22]

Individual 42:
  Route length: 12675
  Contribution to Diversity: 0.0007033908738058869
  Route: [1, 32, 49, 8, 30, 2, 7, 42, 21, 17, 3, 12, 25, 36, 35, 34, 44, 4, 6, 10, 43, 33, 9, 23, 20, 50, 29, 16, 46, 51, 11, 52, 14, 13, 47, 26, 27, 28, 38, 37, 40, 39, 15, 45, 19, 41, 48, 24, 5, 18, 31, 22]

Individual 43:
  Route length: 13065
  Contribution to Diversity: 0.0005334761524045106
  Route: [1, 14, 52, 11, 51, 28, 27, 26, 47, 16, 46, 8, 9, 10, 6, 4, 25, 12, 33, 43, 15, 5, 24, 48, 38, 37, 40, 39, 36, 49, 13, 29, 50, 20, 23, 30, 2, 7, 42, 21, 34, 41, 19, 45, 32, 35, 17, 3, 44, 18, 31, 22]

Individual 44:
  Route length: 12881
  Contribution to Diversity: 0.0015620276204408867
  Route: [1, 44, 24, 41, 19, 47, 26, 27, 28, 12, 46, 16, 34, 36, 35, 5, 9, 10, 6, 40, 37, 38, 48, 8, 39, 4, 25, 49, 32, 45, 13, 14, 52, 11, 51, 33, 43, 15, 29, 50, 20, 23, 30, 2, 7, 42, 21, 17, 3, 18, 31, 22]

Individual 45:
  Route length: 12995
  Contribution to Diversity: 0.0006910753213782428
  Route: [1, 49, 33, 51, 11, 28, 47, 13, 14, 7, 2, 30, 23, 50, 20, 29, 16, 46, 44, 34, 35, 36, 39, 40, 37, 38, 48, 6, 4, 25, 12, 32, 43, 10, 9, 8, 41, 19, 45, 26, 27, 52, 5, 15, 24, 42, 21, 17, 3, 18, 31, 22]

Individual 46:
  Route length: 12709
  Contribution to Diversity: 0.0019530557451163943
  Route: [1, 49, 25, 4, 37, 38, 6, 32, 41, 43, 33, 5, 24, 12, 28, 27, 26, 47, 13, 14, 52, 11, 51, 15, 19, 45, 48, 40, 21, 42, 7, 2, 8, 9, 39, 36, 35, 34, 44, 46, 16, 29, 50, 20, 23, 30, 10, 17, 3, 18, 31, 22]

Individual 47:
  Route length: 12247
  Contribution to Diversity: 0.0010045643141758376
  Route: [1, 32, 49, 8, 9, 33, 43, 10, 6, 16, 29, 50, 20, 31, 18, 5, 3, 17, 21, 42, 7, 2, 30, 23, 4, 25, 12, 24, 48, 41, 19, 45, 15, 39, 40, 37, 38, 28, 27, 26, 47, 13, 14, 52, 11, 51, 36, 35, 46, 44, 34, 22]

Individual 48:
  Route length: 12722
  Contribution to Diversity: 0.0007291537637872381
  Route: [1, 12, 15, 43, 50, 29, 5, 24, 48, 34, 35, 36, 39, 46, 10, 6, 40, 37, 38, 44, 9, 8, 41, 19, 45, 32, 49, 25, 4, 16, 33, 51, 11, 52, 14, 13, 47, 26, 27, 28, 20, 23, 30, 2, 7, 42, 21, 17, 3, 18, 31, 22]

Individual 49:
  Route length: 12542
  Contribution to Diversity: 0.0002515838141015081
  Route: [1, 32, 49, 24, 48, 41, 19, 45, 15, 39, 40, 37, 38, 28, 27, 26, 47, 13, 14, 52, 11, 51, 36, 35, 34, 44, 50, 20, 46, 29, 16, 6, 10, 43, 33, 9, 8, 12, 25, 4, 23, 30, 2, 7, 42, 21, 17, 3, 5, 18, 31, 22]

Individual 50:
  Route length: 13137
  Contribution to Diversity: 0.001512357904820405
  Route: [1, 49, 48, 24, 5, 15, 6, 4, 25, 12, 28, 27, 26, 47, 51, 23, 20, 50, 29, 16, 46, 44, 34, 35, 36, 39, 32, 45, 37, 8, 9, 10, 43, 33, 13, 14, 52, 41, 19, 40, 38, 11, 30, 2, 7, 42, 21, 17, 3, 18, 31, 22]

Individual 51:
  Route length: 12806
  Contribution to Diversity: 0.0005931566294830048
  Route: [1, 38, 43, 21, 42, 7, 2, 30, 23, 20, 50, 29, 16, 10, 6, 4, 25, 12, 28, 49, 8, 9, 41, 19, 45, 32, 27, 26, 47, 13, 14, 52, 11, 51, 36, 35, 34, 44, 46, 37, 40, 39, 15, 5, 24, 48, 33, 17, 3, 18, 31, 22]

Individual 52:
  Route length: 12452
  Contribution to Diversity: 0.00040590282335006833
  Route: [1, 29, 36, 4, 25, 15, 42, 21, 34, 40, 39, 50, 35, 37, 38, 48, 24, 5, 12, 28, 27, 26, 47, 13, 14, 52, 11, 51, 33, 43, 10, 9, 8, 41, 19, 45, 32, 49, 46, 16, 44, 6, 7, 30, 2, 23, 20, 17, 3, 18, 31, 22]

Individual 53:
  Route length: 12400
  Contribution to Diversity: 0.0011441564410459293
  Route: [1, 49, 32, 5, 24, 48, 38, 21, 42, 7, 4, 30, 2, 39, 35, 41, 10, 9, 8, 45, 19, 34, 44, 46, 16, 29, 50, 20, 23, 6, 15, 37, 40, 36, 25, 12, 28, 27, 26, 47, 13, 14, 52, 11, 51, 33, 43, 17, 3, 18, 31, 22]

Individual 54:
  Route length: 12285
  Contribution to Diversity: 0.0016142858218479716
  Route: [1, 49, 38, 40, 39, 36, 8, 35, 9, 10, 43, 33, 47, 46, 37, 41, 45, 19, 32, 34, 44, 4, 6, 15, 5, 51, 11, 52, 14, 13, 24, 48, 26, 27, 28, 12, 25, 16, 29, 50, 20, 23, 30, 2, 7, 42, 21, 17, 3, 18, 31, 22]

Individual 55:
  Route length: 12997
  Contribution to Diversity: 0.001560968920978567
  Route: [1, 49, 33, 51, 11, 28, 12, 25, 4, 6, 39, 36, 35, 34, 44, 46, 16, 29, 20, 50, 23, 30, 2, 7, 14, 13, 47, 32, 43, 10, 9, 8, 41, 19, 45, 40, 37, 38, 48, 26, 27, 52, 5, 15, 24, 42, 21, 17, 3, 18, 31, 22]

Individual 56:
  Route length: 13011
  Contribution to Diversity: 0.0011673596387247187
  Route: [1, 19, 45, 15, 39, 40, 12, 24, 48, 41, 32, 49, 8, 9, 33, 43, 10, 6, 16, 29, 50, 20, 34, 44, 46, 35, 36, 51, 11, 52, 14, 13, 47, 26, 27, 28, 38, 37, 25, 4, 23, 30, 2, 7, 42, 21, 17, 3, 5, 18, 31, 22]

Individual 57:
  Route length: 13015
  Contribution to Diversity: 0.0005188118468026914
  Route: [1, 49, 46, 29, 32, 45, 19, 2, 30, 7, 6, 44, 16, 36, 21, 42, 15, 25, 4, 34, 35, 50, 20, 23, 41, 8, 9, 10, 43, 33, 51, 11, 52, 14, 13, 47, 26, 27, 28, 12, 5, 24, 48, 38, 37, 40, 39, 17, 3, 18, 31, 22]

Individual 58:
  Route length: 12825
  Contribution to Diversity: 0.0013293993817891092
  Route: [1, 49, 32, 45, 6, 15, 29, 16, 46, 44, 34, 35, 31, 21, 17, 3, 18, 42, 7, 2, 30, 23, 20, 50, 5, 24, 48, 38, 4, 25, 12, 28, 9, 8, 41, 27, 26, 47, 13, 14, 52, 11, 51, 39, 36, 43, 33, 40, 37, 19, 10, 22]

Individual 59:
  Route length: 12904
  Contribution to Diversity: 0.002898126368940268
  Route: [1, 24, 5, 15, 43, 19, 45, 12, 28, 27, 11, 10, 37, 40, 39, 48, 38, 9, 8, 41, 33, 51, 6, 49, 32, 47, 26, 52, 14, 13, 25, 4, 36, 35, 34, 44, 46, 16, 29, 50, 20, 23, 30, 2, 7, 42, 21, 17, 3, 18, 31, 22]

Individual 60:
  Route length: 12877
  Contribution to Diversity: 0.000684093023629373
  Route: [1, 45, 48, 24, 15, 11, 51, 39, 27, 28, 5, 6, 25, 4, 12, 52, 14, 13, 47, 26, 36, 35, 34, 44, 46, 16, 49, 32, 29, 50, 20, 19, 38, 37, 40, 33, 43, 10, 9, 8, 41, 23, 30, 2, 7, 42, 21, 17, 3, 18, 31, 22]

Individual 61:
  Route length: 13176
  Contribution to Diversity: 0.00179779981584538
  Route: [1, 45, 48, 24, 15, 33, 40, 37, 38, 19, 20, 50, 29, 32, 49, 16, 46, 44, 34, 35, 36, 26, 47, 13, 14, 52, 5, 6, 25, 4, 12, 28, 27, 39, 51, 11, 43, 10, 9, 8, 41, 23, 30, 2, 7, 42, 21, 17, 3, 18, 31, 22]

Individual 62:
  Route length: 12902
  Contribution to Diversity: 0.0018341024478667478
  Route: [1, 47, 13, 14, 50, 29, 16, 45, 19, 34, 40, 37, 38, 48, 24, 5, 15, 6, 4, 39, 36, 35, 25, 33, 43, 10, 9, 8, 41, 44, 46, 26, 27, 28, 32, 49, 12, 51, 11, 52, 20, 23, 30, 2, 7, 42, 21, 17, 3, 18, 31, 22]

Individual 63:
  Route length: 13025
  Contribution to Diversity: 0.004737518361586979
  Route: [1, 44, 34, 16, 46, 12, 28, 27, 26, 47, 19, 41, 31, 18, 3, 17, 21, 42, 7, 2, 30, 23, 20, 50, 29, 15, 43, 33, 51, 11, 52, 14, 13, 45, 32, 49, 25, 4, 39, 8, 48, 38, 37, 40, 6, 10, 9, 5, 35, 36, 24, 22]

Individual 64:
  Route length: 13093
  Contribution to Diversity: 0.000826269807191693
  Route: [1, 26, 27, 28, 12, 32, 45, 19, 41, 8, 9, 38, 48, 50, 29, 16, 46, 44, 34, 49, 6, 10, 37, 40, 39, 36, 35, 25, 4, 47, 13, 14, 52, 11, 51, 17, 21, 42, 7, 2, 30, 23, 20, 24, 5, 15, 43, 33, 3, 18, 31, 22]

Individual 65:
  Route length: 12814
  Contribution to Diversity: 0.0004665302497768309
  Route: [1, 44, 4, 6, 24, 5, 15, 40, 34, 49, 46, 47, 13, 14, 52, 43, 33, 51, 11, 10, 21, 42, 7, 2, 30, 23, 20, 50, 29, 16, 25, 12, 28, 27, 26, 48, 39, 36, 8, 41, 19, 45, 32, 38, 37, 35, 9, 17, 3, 18, 31, 22]

Individual 66:
  Route length: 12402
  Contribution to Diversity: 0.0008007109805969748
  Route: [1, 49, 46, 34, 35, 29, 2, 23, 20, 50, 16, 44, 6, 7, 30, 36, 21, 42, 15, 25, 4, 32, 45, 19, 41, 8, 9, 10, 43, 33, 51, 11, 52, 14, 13, 47, 26, 27, 28, 12, 5, 24, 48, 38, 37, 40, 39, 17, 3, 18, 31, 22]

Individual 67:
  Route length: 12860
  Contribution to Diversity: 0.0018217962062330173
  Route: [1, 49, 38, 40, 39, 36, 8, 35, 9, 10, 43, 33, 20, 50, 29, 16, 25, 12, 28, 27, 26, 48, 24, 13, 14, 52, 11, 51, 5, 15, 6, 4, 44, 34, 32, 19, 45, 41, 37, 46, 47, 23, 30, 2, 7, 42, 21, 17, 3, 18, 31, 22]

Individual 68:
  Route length: 12717
  Contribution to Diversity: 0.0006610281972623255
  Route: [1, 49, 46, 35, 34, 4, 25, 44, 6, 7, 30, 36, 21, 42, 15, 16, 50, 20, 23, 2, 29, 32, 45, 19, 41, 8, 9, 10, 43, 33, 51, 11, 52, 14, 13, 47, 26, 27, 28, 12, 5, 24, 48, 38, 37, 40, 39, 17, 3, 18, 31, 22]

Individual 69:
  Route length: 12172
  Contribution to Diversity: 0.0004022786751090024
  Route: [1, 32, 18, 31, 20, 50, 29, 16, 6, 10, 43, 33, 9, 8, 49, 5, 3, 17, 21, 42, 7, 2, 30, 23, 4, 25, 12, 24, 48, 41, 19, 45, 15, 39, 40, 37, 38, 28, 27, 26, 47, 13, 14, 52, 11, 51, 36, 35, 46, 44, 34, 22]

Individual 70:
  Route length: 13156
  Contribution to Diversity: 0.0002140017185272569
  Route: [1, 49, 12, 28, 27, 26, 47, 13, 14, 52, 11, 51, 33, 43, 10, 9, 8, 41, 23, 20, 50, 35, 34, 4, 25, 15, 42, 21, 36, 16, 44, 6, 7, 30, 2, 19, 45, 32, 29, 46, 5, 24, 48, 38, 37, 40, 39, 17, 3, 18, 31, 22]

Individual 71:
  Route length: 12965
  Contribution to Diversity: 0.0024799264283847933
  Route: [1, 12, 15, 43, 32, 49, 25, 4, 39, 24, 41, 19, 8, 5, 16, 46, 44, 34, 35, 36, 9, 10, 45, 13, 14, 52, 11, 51, 33, 28, 27, 26, 47, 48, 38, 37, 40, 6, 29, 50, 20, 23, 30, 2, 7, 42, 21, 17, 3, 18, 31, 22]

Individual 72:
  Route length: 13196
  Contribution to Diversity: 0.0013960524383662687
  Route: [1, 34, 25, 43, 33, 51, 11, 52, 14, 36, 35, 19, 45, 32, 49, 38, 37, 13, 41, 12, 28, 27, 26, 47, 8, 9, 10, 44, 39, 40, 48, 24, 5, 15, 6, 4, 46, 16, 29, 50, 20, 23, 30, 2, 7, 42, 21, 17, 3, 18, 31, 22]

Individual 73:
  Route length: 12196
  Contribution to Diversity: 0.00030595530579002883
  Route: [1, 40, 10, 16, 4, 39, 36, 15, 5, 24, 48, 38, 37, 12, 50, 29, 6, 46, 25, 49, 32, 45, 19, 41, 8, 9, 44, 34, 35, 43, 33, 51, 11, 52, 14, 13, 47, 26, 27, 28, 20, 23, 30, 2, 7, 42, 21, 17, 3, 18, 31, 22]

Individual 74:
  Route length: 12998
  Contribution to Diversity: 0.00012671262722641075
  Route: [1, 29, 36, 4, 25, 15, 42, 21, 34, 2, 30, 7, 6, 44, 16, 46, 49, 32, 45, 19, 41, 8, 9, 10, 43, 33, 51, 11, 52, 14, 13, 47, 26, 27, 28, 12, 5, 24, 48, 38, 37, 35, 50, 39, 40, 23, 20, 17, 3, 18, 31, 22]

Individual 75:
  Route length: 13011
  Contribution to Diversity: 0.0011795443794690996
  Route: [1, 49, 38, 37, 40, 45, 19, 41, 8, 9, 10, 43, 32, 47, 13, 14, 7, 2, 30, 23, 50, 20, 29, 16, 46, 44, 34, 35, 36, 39, 6, 4, 25, 12, 28, 11, 51, 33, 48, 26, 27, 52, 5, 15, 24, 42, 21, 17, 3, 18, 31, 22]

Individual 76:
  Route length: 13157
  Contribution to Diversity: 0.00068540218723534
  Route: [1, 45, 48, 24, 15, 11, 51, 39, 27, 28, 5, 6, 25, 16, 46, 44, 34, 35, 36, 26, 47, 13, 14, 52, 12, 4, 49, 32, 29, 50, 20, 19, 38, 37, 40, 33, 43, 10, 9, 8, 41, 23, 30, 2, 7, 42, 21, 17, 3, 18, 31, 22]

Individual 77:
  Route length: 12718
  Contribution to Diversity: 0.0008273774091467345
  Route: [1, 32, 18, 31, 42, 21, 17, 3, 49, 5, 8, 9, 33, 43, 10, 6, 16, 29, 50, 20, 7, 2, 30, 23, 4, 25, 12, 24, 48, 41, 19, 45, 15, 39, 40, 37, 38, 28, 27, 26, 47, 13, 14, 52, 11, 51, 36, 35, 46, 44, 34, 22]

Individual 78:
  Route length: 13024
  Contribution to Diversity: 0.001214502267033346
  Route: [1, 26, 27, 28, 12, 34, 44, 46, 16, 29, 50, 4, 25, 35, 36, 39, 40, 37, 10, 6, 49, 32, 45, 19, 41, 8, 9, 38, 48, 47, 13, 14, 52, 11, 51, 17, 21, 42, 7, 2, 30, 23, 20, 24, 5, 15, 43, 33, 3, 18, 31, 22]

Individual 79:
  Route length: 12832
  Contribution to Diversity: 0.0008656457461437839
  Route: [1, 49, 35, 50, 20, 23, 4, 25, 15, 42, 21, 36, 29, 32, 45, 19, 41, 8, 9, 10, 43, 33, 51, 11, 52, 14, 13, 47, 26, 27, 28, 12, 5, 24, 48, 39, 40, 37, 38, 30, 2, 34, 46, 16, 44, 6, 7, 17, 3, 18, 31, 22]

Individual 80:
  Route length: 13049
  Contribution to Diversity: 0.0012987829105686188
  Route: [1, 49, 11, 51, 12, 46, 44, 34, 27, 26, 6, 4, 25, 33, 38, 36, 15, 5, 24, 40, 39, 48, 37, 32, 47, 13, 14, 52, 43, 10, 9, 8, 41, 19, 45, 35, 28, 16, 29, 50, 20, 23, 30, 2, 7, 42, 21, 17, 3, 18, 31, 22]

Individual 81:
  Route length: 12415
  Contribution to Diversity: 0.0010525893840718226
  Route: [1, 32, 18, 31, 20, 50, 29, 16, 6, 10, 43, 33, 8, 9, 49, 5, 3, 17, 21, 42, 7, 2, 30, 23, 4, 25, 12, 24, 48, 41, 19, 45, 15, 39, 40, 37, 38, 28, 27, 26, 47, 13, 14, 52, 11, 51, 36, 35, 46, 44, 34, 22]

Individual 82:
  Route length: 12892
  Contribution to Diversity: 0.0012766133366293175
  Route: [1, 44, 4, 6, 40, 15, 5, 24, 34, 49, 35, 37, 38, 32, 45, 19, 41, 8, 36, 39, 48, 26, 27, 28, 12, 25, 16, 29, 50, 20, 23, 30, 2, 7, 42, 21, 10, 11, 51, 33, 43, 52, 14, 13, 47, 46, 9, 17, 3, 18, 31, 22]

Individual 83:
  Route length: 12221
  Contribution to Diversity: 0.0013853405400245933
  Route: [1, 19, 45, 50, 29, 16, 46, 15, 6, 4, 25, 12, 28, 27, 26, 20, 35, 51, 33, 37, 49, 41, 8, 9, 10, 43, 38, 48, 24, 5, 44, 34, 32, 40, 39, 36, 11, 52, 14, 13, 47, 23, 30, 2, 7, 42, 21, 17, 3, 18, 31, 22]

Individual 84:
  Route length: 12833
  Contribution to Diversity: 0.001977067083655193
  Route: [1, 49, 32, 5, 24, 48, 38, 21, 42, 50, 20, 23, 6, 15, 37, 40, 36, 7, 29, 16, 46, 44, 34, 19, 45, 8, 9, 10, 41, 35, 39, 2, 30, 4, 25, 12, 28, 27, 26, 47, 13, 14, 52, 11, 51, 33, 43, 17, 3, 18, 31, 22]

Individual 85:
  Route length: 13006
  Contribution to Diversity: 0.0013216886937428285
  Route: [1, 10, 9, 5, 35, 36, 34, 16, 46, 12, 28, 27, 26, 47, 19, 41, 24, 44, 6, 40, 37, 38, 48, 8, 39, 4, 25, 49, 32, 45, 13, 14, 52, 11, 51, 33, 43, 15, 29, 50, 20, 23, 30, 2, 7, 42, 21, 17, 3, 18, 31, 22]

Individual 86:
  Route length: 12897
  Contribution to Diversity: 0.00039076605364574135
  Route: [1, 29, 36, 4, 25, 15, 42, 21, 34, 2, 30, 7, 46, 16, 44, 6, 49, 32, 45, 19, 41, 8, 9, 10, 43, 33, 51, 11, 52, 14, 13, 47, 26, 27, 28, 12, 5, 24, 48, 38, 37, 35, 50, 39, 40, 23, 20, 17, 3, 18, 31, 22]

Individual 87:
  Route length: 11678
  Contribution to Diversity: 0.0011003743726805126
  Route: [1, 49, 32, 5, 24, 48, 38, 21, 42, 7, 41, 10, 9, 8, 45, 19, 34, 36, 40, 37, 15, 6, 23, 20, 50, 29, 16, 46, 44, 35, 39, 2, 30, 4, 25, 12, 28, 27, 26, 47, 13, 14, 52, 11, 51, 33, 43, 17, 3, 18, 31, 22]

Individual 88:
  Route length: 12990
  Contribution to Diversity: 0.0009687314746473774
  Route: [1, 49, 11, 51, 12, 46, 44, 34, 27, 26, 36, 38, 33, 4, 25, 6, 15, 5, 24, 40, 39, 48, 37, 32, 47, 13, 14, 52, 43, 10, 9, 8, 41, 19, 45, 35, 28, 16, 29, 50, 20, 23, 30, 2, 7, 42, 21, 17, 3, 18, 31, 22]

Individual 89:
  Route length: 13069
  Contribution to Diversity: 0.003072688840919824
  Route: [1, 49, 25, 4, 37, 38, 6, 32, 33, 43, 41, 40, 48, 45, 19, 15, 51, 11, 52, 14, 13, 47, 26, 27, 28, 12, 24, 5, 21, 42, 7, 2, 8, 9, 39, 36, 35, 34, 44, 46, 16, 29, 50, 20, 23, 30, 10, 17, 3, 18, 31, 22]

Individual 90:
  Route length: 13084
  Contribution to Diversity: 0.0019901314277301907
  Route: [1, 44, 4, 6, 24, 5, 47, 13, 14, 52, 43, 33, 51, 11, 10, 21, 42, 7, 2, 30, 23, 20, 50, 29, 16, 25, 12, 28, 27, 26, 48, 39, 36, 8, 41, 19, 45, 32, 38, 37, 35, 49, 34, 40, 15, 46, 9, 17, 3, 18, 31, 22]

Individual 91:
  Route length: 12422
  Contribution to Diversity: 0.0009166465391023948
  Route: [1, 40, 39, 36, 47, 30, 2, 7, 42, 46, 44, 34, 35, 49, 37, 38, 23, 20, 41, 19, 45, 32, 26, 27, 28, 12, 25, 4, 6, 15, 5, 24, 48, 13, 14, 52, 11, 51, 33, 43, 10, 9, 8, 50, 29, 16, 21, 17, 3, 18, 31, 22]

Individual 92:
  Route length: 12897
  Contribution to Diversity: 0.0023189605832776294
  Route: [1, 19, 45, 26, 27, 28, 12, 25, 4, 6, 15, 46, 38, 20, 35, 51, 33, 37, 49, 41, 8, 9, 10, 43, 50, 29, 16, 48, 24, 5, 44, 34, 32, 40, 39, 36, 11, 52, 14, 13, 47, 23, 30, 2, 7, 42, 21, 17, 3, 18, 31, 22]

Individual 93:
  Route length: 13120
  Contribution to Diversity: 0.001421851100235294
  Route: [1, 15, 19, 32, 6, 38, 48, 45, 24, 5, 41, 30, 23, 20, 50, 29, 16, 46, 44, 34, 35, 36, 39, 9, 8, 2, 7, 42, 21, 40, 37, 4, 25, 49, 51, 11, 52, 14, 13, 47, 26, 27, 28, 12, 33, 43, 10, 17, 3, 18, 31, 22]

Individual 94:
  Route length: 12986
  Contribution to Diversity: 0.0019327073049923982
  Route: [1, 45, 4, 25, 6, 37, 38, 28, 27, 39, 51, 11, 52, 14, 13, 47, 26, 36, 35, 19, 12, 48, 49, 32, 29, 16, 46, 44, 34, 20, 50, 24, 5, 15, 40, 33, 43, 10, 9, 8, 41, 23, 30, 2, 7, 42, 21, 17, 3, 18, 31, 22]

Individual 95:
  Route length: 13177
  Contribution to Diversity: 0.0010458165837237132
  Route: [1, 12, 50, 29, 6, 40, 37, 38, 48, 15, 36, 39, 4, 16, 10, 46, 25, 49, 32, 45, 19, 24, 5, 41, 8, 9, 44, 34, 35, 43, 33, 51, 11, 52, 14, 13, 47, 26, 27, 28, 20, 23, 30, 2, 7, 42, 21, 17, 3, 18, 31, 22]

Individual 96:
  Route length: 12895
  Contribution to Diversity: 0.0011647191829000647
  Route: [1, 29, 36, 6, 44, 16, 46, 7, 30, 2, 34, 21, 42, 15, 25, 4, 49, 32, 45, 19, 41, 8, 9, 10, 43, 33, 51, 11, 52, 14, 13, 47, 26, 27, 28, 12, 5, 24, 48, 38, 37, 35, 50, 39, 40, 23, 20, 17, 3, 18, 31, 22]

Individual 97:
  Route length: 13078
  Contribution to Diversity: 0.0020772405137190475
  Route: [1, 34, 25, 4, 6, 8, 41, 12, 15, 9, 10, 44, 23, 20, 50, 29, 16, 5, 24, 48, 13, 47, 26, 27, 28, 46, 43, 33, 51, 11, 52, 14, 36, 35, 19, 45, 32, 49, 38, 37, 40, 39, 30, 2, 7, 42, 21, 17, 3, 18, 31, 22]

Individual 98:
  Route length: 13150
  Contribution to Diversity: 0.0016618667595720282
  Route: [1, 44, 4, 6, 24, 5, 15, 40, 34, 49, 30, 2, 7, 42, 21, 10, 11, 51, 33, 43, 52, 14, 13, 47, 46, 23, 20, 50, 29, 16, 25, 12, 28, 27, 26, 48, 39, 36, 8, 41, 19, 45, 32, 38, 37, 35, 9, 17, 3, 18, 31, 22]

Individual 99:
  Route length: 13105
  Contribution to Diversity: 0.002482828772985002
  Route: [1, 49, 46, 35, 34, 4, 29, 2, 23, 20, 50, 16, 15, 42, 21, 36, 30, 7, 6, 44, 25, 32, 45, 19, 41, 8, 9, 10, 43, 33, 51, 11, 52, 14, 13, 47, 26, 27, 28, 12, 5, 24, 48, 38, 37, 40, 39, 17, 3, 18, 31, 22]

Total Entropy H: 5.710220852757217
