Individual 0:
  Route length: 21928
  Contribution to Diversity: 0.03591069422109694
  Route: [43, 5, 38, 1, 44, 29, 31, 8, 45, 23, 18, 2, 7, 42, 14, 47, 48, 15, 41, 26, 11, 37, 36, 6, 46, 25, 19, 32, 9, 17, 49, 39, 33, 30, 35, 34, 12, 51, 4, 16, 21, 20, 40, 3, 50, 24, 13, 52, 28, 27, 10, 22]

Individual 1:
  Route length: 22013
  Contribution to Diversity: 0.04199592201521618
  Route: [18, 39, 10, 41, 43, 25, 12, 29, 5, 46, 20, 17, 19, 45, 24, 4, 28, 27, 33, 31, 2, 7, 3, 9, 8, 6, 48, 51, 26, 32, 30, 16, 40, 38, 15, 36, 52, 13, 11, 37, 34, 21, 44, 14, 50, 49, 47, 1, 23, 42, 35, 22]

Individual 2:
  Route length: 22339
  Contribution to Diversity: 0.03383783446101152
  Route: [32, 16, 50, 24, 29, 36, 34, 19, 48, 28, 27, 4, 11, 15, 43, 51, 12, 13, 5, 42, 21, 31, 2, 45, 9, 8, 49, 40, 44, 23, 20, 1, 37, 6, 7, 30, 14, 52, 17, 3, 33, 39, 25, 38, 10, 35, 26, 47, 46, 18, 41, 22]

Individual 3:
  Route length: 22411
  Contribution to Diversity: 0.024155919467165
  Route: [50, 40, 10, 33, 45, 32, 23, 18, 5, 6, 44, 19, 37, 12, 11, 26, 27, 42, 9, 8, 31, 17, 1, 2, 29, 30, 16, 46, 35, 34, 25, 43, 51, 52, 14, 7, 39, 3, 21, 48, 20, 24, 38, 15, 4, 28, 49, 47, 13, 41, 36, 22]

Individual 4:
  Route length: 22070
  Contribution to Diversity: 0.029700425914110262
  Route: [46, 43, 8, 25, 32, 21, 20, 47, 4, 15, 5, 42, 1, 35, 44, 6, 17, 41, 10, 45, 49, 7, 23, 31, 2, 29, 11, 51, 36, 30, 18, 50, 33, 12, 28, 26, 48, 3, 34, 19, 9, 37, 16, 39, 13, 14, 27, 52, 24, 40, 38, 22]

Individual 5:
  Route length: 21759
  Contribution to Diversity: 0.02834092267624566
  Route: [43, 7, 30, 29, 23, 17, 38, 6, 19, 9, 41, 8, 47, 51, 12, 11, 52, 14, 39, 45, 33, 35, 37, 44, 20, 5, 36, 32, 1, 49, 34, 46, 27, 15, 13, 26, 42, 10, 24, 48, 16, 50, 28, 31, 21, 3, 4, 25, 40, 2, 18, 22]

Individual 6:
  Route length: 22449
  Contribution to Diversity: 0.033034368116562796
  Route: [16, 3, 21, 31, 18, 34, 46, 36, 38, 11, 48, 5, 33, 52, 40, 51, 2, 28, 12, 44, 35, 32, 49, 24, 1, 4, 6, 25, 20, 23, 42, 7, 30, 14, 13, 39, 43, 27, 47, 26, 9, 17, 19, 41, 45, 8, 29, 50, 10, 37, 15, 22]

Individual 7:
  Route length: 22356
  Contribution to Diversity: 0.027319383193257885
  Route: [29, 30, 2, 7, 16, 34, 44, 4, 37, 42, 8, 3, 36, 23, 35, 50, 40, 17, 41, 9, 19, 21, 52, 11, 32, 45, 20, 1, 31, 12, 46, 28, 24, 49, 15, 43, 33, 10, 38, 18, 39, 14, 48, 47, 13, 27, 6, 5, 25, 51, 26, 22]

Individual 8:
  Route length: 21713
  Contribution to Diversity: 0.026735915058182513
  Route: [46, 16, 36, 31, 49, 9, 8, 1, 37, 52, 33, 44, 26, 23, 32, 18, 20, 48, 47, 15, 41, 42, 7, 34, 28, 27, 12, 13, 14, 11, 51, 43, 10, 24, 17, 19, 30, 3, 21, 39, 45, 35, 5, 6, 38, 25, 4, 29, 2, 50, 40, 22]

Individual 9:
  Route length: 22535
  Contribution to Diversity: 0.03884573295061067
  Route: [34, 35, 42, 1, 26, 47, 14, 11, 12, 23, 46, 43, 19, 21, 41, 40, 6, 18, 30, 50, 37, 20, 32, 38, 3, 39, 36, 10, 2, 7, 9, 33, 31, 27, 51, 52, 13, 8, 17, 49, 29, 25, 48, 44, 16, 15, 28, 24, 5, 4, 45, 22]

Individual 10:
  Route length: 22594
  Contribution to Diversity: 0.052779558937853466
  Route: [50, 1, 41, 39, 16, 20, 19, 38, 49, 24, 34, 46, 13, 11, 51, 28, 48, 7, 18, 43, 10, 8, 40, 9, 5, 15, 36, 31, 44, 17, 30, 6, 29, 52, 47, 27, 37, 45, 32, 2, 21, 23, 3, 33, 25, 35, 14, 26, 12, 4, 42, 22]

Individual 11:
  Route length: 22617
  Contribution to Diversity: 0.043560339544066906
  Route: [25, 4, 5, 24, 33, 43, 39, 26, 7, 18, 31, 35, 11, 38, 14, 28, 27, 50, 44, 47, 16, 45, 9, 15, 6, 1, 34, 32, 21, 17, 20, 2, 42, 41, 10, 49, 52, 13, 30, 48, 46, 12, 51, 37, 23, 29, 8, 40, 36, 19, 3, 22]

Individual 12:
  Route length: 22244
  Contribution to Diversity: 0.045046692551704126
  Route: [34, 46, 4, 27, 52, 47, 13, 14, 11, 28, 36, 37, 25, 18, 33, 9, 23, 49, 19, 1, 35, 20, 29, 51, 26, 10, 12, 31, 50, 44, 6, 45, 3, 15, 32, 42, 17, 39, 2, 7, 16, 5, 21, 40, 41, 43, 24, 38, 48, 8, 30, 22]

Individual 13:
  Route length: 22374
  Contribution to Diversity: 0.03885262170964676
  Route: [17, 37, 4, 25, 13, 47, 12, 14, 20, 23, 31, 42, 50, 6, 52, 26, 36, 32, 8, 41, 35, 28, 27, 15, 5, 48, 2, 3, 34, 38, 40, 24, 1, 49, 21, 39, 44, 43, 10, 9, 46, 11, 33, 7, 18, 16, 51, 19, 45, 30, 29, 22]

Individual 14:
  Route length: 22350
  Contribution to Diversity: 0.024214863720004587
  Route: [14, 48, 40, 18, 30, 7, 23, 36, 37, 39, 47, 52, 21, 31, 17, 15, 45, 38, 5, 16, 1, 11, 24, 27, 28, 26, 13, 12, 35, 4, 46, 25, 6, 29, 19, 43, 32, 50, 44, 34, 8, 42, 2, 20, 3, 33, 51, 10, 41, 9, 49, 22]

Individual 15:
  Route length: 21440
  Contribution to Diversity: 0
  Route: [15, 49, 37, 18, 36, 39, 23, 6, 45, 10, 51, 12, 28, 13, 14, 5, 43, 40, 24, 26, 52, 4, 31, 19, 42, 2, 21, 48, 50, 30, 7, 34, 44, 41, 8, 9, 32, 38, 29, 16, 33, 47, 11, 20, 25, 46, 27, 35, 3, 17, 1, 22]

Individual 16:
  Route length: 21790
  Contribution to Diversity: 0
  Route: [15, 49, 37, 18, 36, 39, 23, 6, 45, 10, 26, 24, 40, 43, 5, 14, 13, 28, 12, 51, 52, 4, 31, 19, 42, 2, 21, 48, 50, 30, 7, 34, 44, 41, 8, 9, 32, 38, 29, 16, 33, 47, 11, 20, 25, 46, 27, 35, 3, 17, 1, 22]

Individual 17:
  Route length: 22550
  Contribution to Diversity: 0.03194084134711517
  Route: [19, 6, 23, 4, 37, 3, 20, 31, 17, 10, 9, 41, 48, 36, 33, 13, 27, 49, 45, 46, 25, 40, 18, 29, 39, 38, 11, 50, 35, 43, 51, 5, 8, 32, 1, 24, 26, 21, 15, 16, 44, 34, 47, 7, 2, 42, 30, 14, 52, 28, 12, 22]

Individual 18:
  Route length: 21619
  Contribution to Diversity: 0.028609821948109904
  Route: [19, 51, 52, 11, 26, 47, 25, 13, 28, 50, 4, 1, 2, 42, 7, 35, 34, 20, 41, 3, 32, 14, 23, 21, 27, 33, 12, 45, 40, 5, 38, 46, 48, 43, 8, 9, 49, 18, 37, 39, 6, 15, 36, 29, 24, 17, 31, 30, 44, 16, 10, 22]

Individual 19:
  Route length: 21897
  Contribution to Diversity: 0
  Route: [15, 49, 37, 18, 36, 39, 23, 6, 45, 10, 51, 12, 28, 13, 14, 5, 43, 40, 24, 26, 52, 4, 31, 19, 42, 2, 21, 48, 50, 30, 7, 34, 44, 41, 8, 9, 32, 3, 35, 27, 46, 25, 20, 11, 47, 33, 16, 29, 38, 17, 1, 22]

Total Entropy H: 6.261790562776907
