Individual 0:
  Route length: 13083
  Contribution to Diversity: 0.05478528358750978
  Route: [1, 20, 29, 32, 24, 33, 35, 36, 9, 41, 8, 19, 45, 43, 46, 44, 30, 21, 42, 7, 2, 17, 3, 10, 25, 40, 39, 34, 48, 37, 38, 49, 31, 18, 15, 5, 6, 4, 52, 14, 13, 47, 26, 27, 28, 11, 51, 12, 16, 50, 23, 22]

Individual 1:
  Route length: 13161
  Contribution to Diversity: 0.040963195837576905
  Route: [1, 41, 33, 43, 10, 9, 8, 30, 34, 35, 23, 31, 18, 21, 7, 2, 42, 3, 45, 19, 49, 6, 15, 5, 39, 40, 20, 50, 29, 16, 46, 44, 38, 37, 36, 4, 25, 12, 28, 27, 26, 51, 11, 52, 14, 47, 13, 17, 32, 24, 48, 22]

Individual 2:
  Route length: 13180
  Contribution to Diversity: 0.034900369150305366
  Route: [1, 50, 16, 37, 25, 40, 5, 15, 6, 4, 52, 14, 13, 47, 26, 27, 28, 46, 29, 39, 48, 34, 49, 38, 32, 45, 19, 41, 8, 9, 36, 35, 12, 51, 11, 43, 24, 33, 44, 20, 23, 30, 2, 7, 42, 21, 17, 3, 10, 31, 18, 22]

Individual 3:
  Route length: 13068
  Contribution to Diversity: 0.04737568712925011
  Route: [1, 39, 34, 14, 52, 11, 51, 31, 18, 3, 38, 37, 35, 15, 6, 41, 19, 45, 32, 49, 17, 21, 42, 7, 2, 29, 30, 23, 20, 50, 44, 25, 33, 43, 10, 9, 8, 24, 48, 5, 46, 16, 26, 47, 13, 27, 28, 12, 36, 4, 40, 22]

Individual 4:
  Route length: 13158
  Contribution to Diversity: 0.025818281715749514
  Route: [1, 50, 20, 15, 6, 4, 25, 12, 28, 27, 26, 47, 14, 52, 11, 51, 34, 35, 30, 23, 31, 18, 21, 2, 7, 42, 3, 17, 13, 40, 38, 44, 37, 46, 16, 29, 5, 24, 48, 49, 36, 8, 9, 10, 43, 33, 32, 45, 19, 41, 39, 22]

Individual 5:
  Route length: 13047
  Contribution to Diversity: 0.07400099942567362
  Route: [1, 31, 15, 2, 7, 30, 23, 20, 50, 29, 42, 26, 27, 28, 12, 4, 25, 6, 43, 46, 44, 34, 21, 17, 3, 18, 49, 36, 39, 45, 10, 33, 51, 11, 52, 14, 13, 47, 16, 5, 38, 37, 48, 24, 35, 40, 19, 9, 8, 41, 32, 22]

Individual 6:
  Route length: 13059
  Contribution to Diversity: 0.00643500504325889
  Route: [36, 40, 46, 4, 33, 11, 52, 27, 26, 47, 13, 14, 29, 50, 15, 5, 24, 37, 32, 21, 42, 7, 2, 30, 1, 49, 35, 45, 16, 38, 6, 48, 34, 44, 20, 23, 28, 12, 51, 25, 39, 19, 41, 8, 9, 43, 10, 17, 3, 18, 31, 22]

Individual 7:
  Route length: 13135
  Contribution to Diversity: 0.003472837604968859
  Route: [36, 40, 46, 37, 24, 5, 15, 50, 29, 14, 13, 47, 26, 27, 52, 11, 33, 4, 32, 21, 42, 7, 2, 30, 1, 49, 35, 45, 16, 38, 6, 48, 34, 44, 20, 23, 28, 12, 51, 25, 39, 19, 41, 8, 9, 43, 10, 17, 3, 18, 31, 22]

Individual 8:
  Route length: 13032
  Contribution to Diversity: 0.029778371410675852
  Route: [1, 49, 38, 39, 40, 37, 44, 46, 16, 23, 13, 47, 27, 29, 50, 48, 36, 35, 14, 12, 28, 26, 5, 15, 6, 4, 25, 52, 11, 51, 33, 43, 10, 9, 8, 41, 19, 45, 32, 24, 20, 30, 2, 7, 42, 21, 17, 3, 18, 31, 34, 22]

Individual 9:
  Route length: 12830
  Contribution to Diversity: 0.04826420344669202
  Route: [1, 35, 39, 40, 24, 8, 9, 10, 43, 33, 51, 11, 52, 47, 14, 13, 6, 15, 38, 37, 31, 17, 3, 19, 41, 34, 27, 28, 12, 25, 4, 48, 5, 49, 32, 45, 36, 26, 30, 2, 7, 42, 21, 18, 44, 46, 20, 50, 29, 16, 23, 22]

Total Entropy H: 5.17513279727414
