Individual 0:
  Route length: 12796
  Contribution to Diversity: 0.00039580722147736225
  Route: [1, 33, 43, 19, 10, 41, 8, 9, 34, 2, 30, 23, 20, 50, 11, 51, 49, 32, 45, 44, 46, 16, 29, 52, 14, 13, 47, 26, 27, 28, 12, 25, 4, 6, 15, 5, 24, 48, 38, 37, 40, 39, 36, 35, 7, 42, 21, 17, 3, 18, 31, 22]

Individual 1:
  Route length: 11614
  Contribution to Diversity: 0.0005436200180390927
  Route: [1, 49, 32, 48, 24, 36, 38, 37, 40, 39, 5, 15, 33, 43, 10, 9, 8, 41, 19, 45, 6, 51, 11, 52, 26, 50, 29, 16, 46, 44, 34, 35, 4, 25, 3, 17, 21, 42, 7, 2, 30, 23, 20, 47, 13, 14, 27, 28, 12, 18, 31, 22]

Individual 2:
  Route length: 11561
  Contribution to Diversity: 0.0002138050049120821
  Route: [1, 4, 25, 12, 28, 27, 36, 35, 34, 44, 46, 40, 37, 38, 48, 24, 5, 15, 6, 49, 32, 45, 19, 41, 8, 9, 10, 43, 33, 51, 11, 52, 14, 13, 47, 42, 21, 26, 39, 16, 50, 29, 20, 23, 30, 2, 7, 17, 3, 18, 31, 22]

Individual 3:
  Route length: 11042
  Contribution to Diversity: 0.00035612798399231593
  Route: [1, 40, 39, 36, 35, 34, 44, 46, 19, 41, 8, 9, 25, 12, 48, 38, 37, 49, 32, 45, 16, 29, 50, 20, 15, 5, 24, 28, 27, 26, 47, 13, 14, 52, 11, 51, 33, 43, 10, 4, 6, 23, 30, 2, 7, 42, 21, 17, 3, 18, 31, 22]

Individual 4:
  Route length: 12849
  Contribution to Diversity: 0.0018570974485498937
  Route: [1, 49, 32, 45, 19, 41, 30, 51, 13, 14, 52, 11, 15, 12, 28, 27, 26, 47, 6, 4, 25, 5, 24, 48, 38, 37, 40, 39, 36, 35, 34, 44, 46, 16, 29, 50, 20, 23, 8, 9, 10, 43, 18, 31, 3, 17, 21, 42, 7, 2, 33, 22]

Individual 5:
  Route length: 15282
  Contribution to Diversity: 9.96165992592779e-05
  Route: [1, 49, 31, 29, 16, 46, 44, 34, 35, 36, 39, 40, 37, 21, 17, 3, 11, 51, 33, 43, 10, 20, 50, 32, 18, 52, 14, 6, 4, 25, 12, 28, 27, 26, 47, 5, 15, 13, 24, 48, 38, 42, 7, 2, 30, 23, 9, 8, 41, 19, 45, 22]

Individual 6:
  Route length: 15457
  Contribution to Diversity: 0.0007746326150641636
  Route: [5, 15, 6, 4, 25, 12, 28, 27, 26, 47, 48, 14, 13, 24, 1, 49, 8, 9, 36, 33, 30, 23, 32, 37, 40, 39, 10, 43, 35, 34, 44, 46, 16, 29, 50, 20, 41, 19, 45, 38, 52, 11, 51, 2, 7, 42, 21, 17, 3, 18, 31, 22]

Individual 7:
  Route length: 14288
  Contribution to Diversity: 0.00040468691099615484
  Route: [39, 40, 37, 38, 52, 46, 16, 29, 50, 20, 23, 30, 2, 7, 42, 21, 17, 3, 18, 5, 36, 35, 9, 10, 43, 33, 51, 11, 48, 24, 1, 49, 26, 47, 13, 14, 44, 34, 12, 28, 27, 32, 45, 19, 41, 8, 25, 4, 6, 15, 31, 22]

Individual 8:
  Route length: 16384
  Contribution to Diversity: 0.001172531815340605
  Route: [5, 15, 6, 4, 25, 12, 28, 27, 26, 47, 17, 21, 42, 7, 2, 51, 11, 52, 38, 45, 19, 41, 32, 37, 40, 39, 10, 43, 33, 30, 23, 20, 50, 9, 36, 35, 34, 44, 46, 16, 29, 8, 49, 1, 24, 13, 14, 48, 3, 18, 31, 22]

Individual 9:
  Route length: 14883
  Contribution to Diversity: 0.001415794241903967
  Route: [1, 49, 32, 45, 19, 41, 8, 9, 50, 29, 16, 46, 44, 34, 35, 36, 39, 28, 27, 26, 47, 13, 37, 38, 48, 20, 23, 30, 2, 7, 42, 21, 14, 40, 12, 25, 4, 6, 17, 52, 11, 51, 33, 43, 10, 24, 5, 15, 3, 18, 31, 22]

Individual 10:
  Route length: 12323
  Contribution to Diversity: 0.0021186681643126093
  Route: [1, 49, 32, 45, 19, 41, 8, 9, 10, 30, 2, 4, 25, 12, 28, 27, 26, 47, 13, 14, 52, 11, 51, 33, 43, 18, 40, 39, 36, 35, 15, 23, 3, 17, 21, 42, 7, 6, 34, 44, 46, 16, 20, 50, 29, 24, 5, 48, 38, 37, 31, 22]

Individual 11:
  Route length: 12500
  Contribution to Diversity: 0.0001859460979796168
  Route: [1, 49, 32, 4, 33, 43, 10, 9, 8, 41, 19, 45, 6, 51, 13, 14, 52, 11, 47, 20, 23, 30, 2, 7, 42, 21, 17, 3, 25, 15, 5, 39, 40, 37, 38, 48, 24, 36, 35, 34, 44, 46, 16, 27, 26, 50, 29, 28, 12, 18, 31, 22]

Individual 12:
  Route length: 11673
  Contribution to Diversity: 0.0008075615583216234
  Route: [1, 49, 45, 32, 19, 41, 8, 9, 10, 43, 33, 51, 11, 52, 14, 13, 47, 26, 27, 28, 12, 25, 4, 6, 15, 5, 24, 42, 21, 39, 36, 17, 3, 35, 34, 44, 46, 16, 29, 50, 20, 23, 30, 37, 38, 48, 7, 2, 40, 18, 31, 22]

Individual 13:
  Route length: 16869
  Contribution to Diversity: 0.0007443442821770674
  Route: [1, 37, 41, 17, 3, 11, 42, 7, 2, 30, 23, 9, 8, 21, 51, 33, 43, 26, 27, 28, 12, 25, 4, 49, 38, 48, 24, 5, 15, 6, 32, 31, 18, 52, 14, 13, 47, 10, 20, 50, 29, 16, 46, 44, 34, 35, 36, 39, 40, 19, 45, 22]

Individual 14:
  Route length: 12823
  Contribution to Diversity: 0.0007351137723459189
  Route: [1, 35, 4, 8, 2, 30, 23, 20, 50, 29, 16, 46, 44, 34, 49, 32, 45, 19, 41, 6, 15, 5, 3, 18, 9, 7, 42, 21, 17, 24, 48, 37, 38, 40, 39, 36, 25, 12, 28, 27, 26, 47, 13, 14, 52, 11, 51, 33, 43, 10, 31, 22]

Individual 15:
  Route length: 18118
  Contribution to Diversity: 0.0006787078338525987
  Route: [44, 46, 16, 29, 12, 28, 24, 48, 38, 37, 41, 8, 9, 23, 30, 2, 7, 42, 11, 26, 47, 13, 40, 19, 45, 1, 49, 4, 25, 50, 20, 10, 43, 33, 51, 21, 17, 3, 27, 5, 15, 6, 32, 31, 18, 52, 14, 39, 36, 35, 34, 22]

Individual 16:
  Route length: 13459
  Contribution to Diversity: 0.00016429494999314898
  Route: [39, 40, 37, 38, 48, 17, 21, 42, 7, 2, 3, 18, 5, 11, 51, 33, 43, 10, 9, 35, 36, 52, 14, 13, 47, 26, 49, 1, 24, 46, 16, 29, 50, 20, 23, 30, 44, 34, 8, 41, 19, 45, 32, 27, 28, 12, 25, 4, 6, 15, 31, 22]

Individual 17:
  Route length: 15894
  Contribution to Diversity: 0.0008740349635338873
  Route: [5, 15, 6, 4, 25, 12, 28, 27, 26, 47, 48, 14, 13, 24, 11, 52, 38, 45, 19, 41, 32, 43, 10, 39, 40, 37, 35, 34, 44, 46, 16, 29, 50, 20, 23, 30, 33, 36, 9, 8, 49, 1, 51, 2, 7, 42, 21, 17, 3, 18, 31, 22]

Individual 18:
  Route length: 14412
  Contribution to Diversity: 0.0010096305013451712
  Route: [5, 15, 6, 4, 38, 45, 19, 41, 32, 37, 50, 29, 16, 47, 48, 14, 13, 24, 1, 49, 8, 9, 10, 43, 33, 30, 23, 20, 40, 39, 36, 35, 34, 44, 46, 26, 27, 28, 12, 25, 52, 11, 51, 2, 7, 42, 21, 17, 3, 18, 31, 22]

Individual 19:
  Route length: 17952
  Contribution to Diversity: 0.0005381349683108994
  Route: [44, 46, 16, 38, 48, 24, 21, 51, 33, 43, 12, 25, 23, 9, 8, 41, 37, 29, 50, 20, 10, 28, 27, 26, 47, 13, 14, 52, 18, 31, 32, 6, 15, 5, 17, 3, 11, 42, 7, 2, 30, 4, 49, 1, 34, 35, 36, 39, 40, 19, 45, 22]

Individual 20:
  Route length: 14211
  Contribution to Diversity: 0.0023186188278900843
  Route: [1, 49, 32, 48, 37, 38, 40, 39, 36, 25, 9, 10, 43, 33, 51, 11, 21, 42, 7, 2, 30, 23, 20, 14, 28, 27, 26, 47, 13, 12, 8, 41, 19, 45, 24, 5, 15, 6, 4, 35, 34, 44, 46, 16, 29, 50, 52, 17, 3, 18, 31, 22]

Individual 21:
  Route length: 17657
  Contribution to Diversity: 0.0010794708863501867
  Route: [44, 46, 16, 38, 48, 24, 21, 51, 33, 43, 12, 25, 23, 31, 18, 52, 14, 13, 47, 26, 27, 28, 10, 20, 50, 29, 37, 41, 8, 9, 32, 6, 15, 5, 17, 3, 11, 42, 7, 2, 30, 4, 49, 1, 34, 35, 36, 39, 40, 19, 45, 22]

Individual 22:
  Route length: 16987
  Contribution to Diversity: 0.0004079785640875855
  Route: [1, 49, 32, 45, 2, 30, 50, 20, 23, 29, 47, 26, 6, 15, 5, 13, 14, 52, 44, 46, 16, 24, 17, 3, 18, 10, 43, 33, 51, 11, 34, 35, 36, 39, 40, 37, 42, 21, 48, 38, 7, 19, 41, 8, 9, 31, 25, 4, 27, 28, 12, 22]

Individual 23:
  Route length: 15011
  Contribution to Diversity: 0.0023947668559012314
  Route: [1, 35, 4, 8, 2, 30, 23, 20, 50, 29, 16, 46, 44, 34, 49, 32, 45, 19, 41, 6, 15, 5, 3, 18, 9, 7, 42, 13, 47, 26, 27, 28, 12, 25, 36, 39, 40, 38, 37, 48, 24, 17, 21, 14, 52, 11, 51, 33, 43, 10, 31, 22]

Individual 24:
  Route length: 16364
  Contribution to Diversity: 0.00021218644180276414
  Route: [1, 49, 32, 45, 2, 30, 50, 20, 23, 19, 7, 38, 48, 21, 42, 37, 40, 39, 36, 35, 34, 44, 46, 16, 24, 17, 3, 18, 10, 43, 33, 51, 11, 52, 14, 13, 5, 15, 6, 26, 47, 29, 41, 8, 9, 31, 25, 4, 27, 28, 12, 22]

Individual 25:
  Route length: 12552
  Contribution to Diversity: 0.0029959937303107864
  Route: [1, 49, 32, 45, 19, 41, 8, 36, 35, 34, 44, 46, 28, 10, 9, 39, 40, 18, 43, 33, 25, 4, 6, 15, 51, 12, 16, 29, 50, 20, 23, 3, 17, 21, 42, 7, 2, 30, 27, 26, 47, 13, 14, 52, 11, 5, 24, 48, 38, 37, 31, 22]

Individual 26:
  Route length: 13377
  Contribution to Diversity: 0.001005541132917287
  Route: [1, 33, 43, 19, 48, 24, 5, 15, 6, 4, 25, 12, 28, 27, 26, 47, 13, 14, 52, 29, 16, 46, 44, 45, 32, 49, 51, 11, 50, 20, 23, 30, 2, 34, 9, 8, 41, 10, 38, 37, 40, 39, 36, 35, 7, 42, 21, 17, 3, 18, 31, 22]

Individual 27:
  Route length: 13019
  Contribution to Diversity: 0.0019320668474582803
  Route: [1, 49, 32, 45, 19, 41, 27, 26, 47, 13, 14, 52, 11, 51, 33, 43, 10, 9, 8, 37, 40, 23, 20, 42, 28, 12, 25, 18, 3, 17, 21, 38, 48, 24, 5, 15, 46, 16, 29, 50, 7, 2, 30, 39, 36, 35, 34, 44, 6, 4, 31, 22]

Individual 28:
  Route length: 12214
  Contribution to Diversity: 0.0004309909063104911
  Route: [1, 49, 32, 38, 40, 39, 36, 25, 9, 47, 13, 14, 52, 11, 51, 33, 43, 10, 26, 27, 28, 48, 37, 12, 8, 41, 19, 45, 24, 5, 15, 6, 4, 35, 34, 44, 46, 16, 29, 50, 20, 23, 30, 2, 7, 42, 21, 17, 3, 18, 31, 22]

Individual 29:
  Route length: 17306
  Contribution to Diversity: 0.0016221845640806976
  Route: [44, 46, 16, 29, 50, 20, 10, 28, 27, 26, 47, 13, 14, 52, 18, 31, 32, 6, 15, 5, 24, 48, 38, 25, 23, 9, 8, 41, 37, 12, 43, 33, 51, 21, 49, 4, 30, 2, 7, 42, 11, 3, 17, 1, 34, 35, 36, 39, 40, 19, 45, 22]

Individual 30:
  Route length: 11640
  Contribution to Diversity: 0
  Route: [34, 44, 46, 16, 29, 50, 20, 8, 9, 10, 43, 33, 51, 11, 32, 4, 25, 12, 28, 27, 26, 47, 13, 14, 52, 49, 1, 35, 36, 24, 48, 38, 37, 40, 19, 41, 45, 6, 15, 5, 39, 3, 17, 21, 42, 2, 7, 30, 23, 18, 31, 22]

Individual 31:
  Route length: 13879
  Contribution to Diversity: 0
  Route: [41, 35, 34, 44, 46, 16, 29, 50, 20, 18, 3, 17, 21, 42, 7, 2, 30, 23, 31, 25, 4, 32, 49, 1, 13, 47, 26, 51, 11, 52, 14, 45, 24, 48, 38, 37, 40, 39, 5, 28, 27, 33, 43, 10, 9, 8, 19, 36, 6, 15, 12, 22]

Individual 32:
  Route length: 18609
  Contribution to Diversity: 0
  Route: [44, 14, 39, 36, 35, 34, 1, 49, 4, 25, 50, 20, 10, 43, 33, 51, 21, 17, 3, 27, 28, 12, 29, 16, 46, 52, 18, 31, 32, 6, 15, 5, 24, 48, 38, 37, 41, 8, 9, 23, 30, 2, 7, 42, 11, 26, 47, 13, 40, 19, 45, 22]

Individual 33:
  Route length: 15215
  Contribution to Diversity: 0
  Route: [1, 49, 32, 45, 2, 30, 50, 20, 23, 25, 31, 9, 8, 41, 19, 7, 38, 48, 24, 16, 46, 44, 34, 35, 36, 39, 40, 37, 42, 21, 17, 3, 18, 10, 43, 33, 51, 11, 52, 14, 13, 5, 15, 6, 26, 47, 29, 4, 27, 28, 12, 22]

Individual 34:
  Route length: 13500
  Contribution to Diversity: 0
  Route: [34, 44, 46, 16, 29, 50, 41, 19, 8, 9, 10, 43, 33, 51, 11, 32, 4, 25, 12, 28, 27, 26, 47, 13, 15, 6, 45, 20, 40, 37, 38, 48, 24, 36, 35, 1, 49, 52, 14, 5, 39, 3, 17, 21, 42, 2, 7, 30, 23, 18, 31, 22]

Individual 35:
  Route length: 17868
  Contribution to Diversity: 0.002405851303139528
  Route: [1, 49, 32, 45, 2, 30, 50, 20, 23, 29, 47, 26, 6, 15, 5, 13, 14, 52, 44, 46, 16, 24, 17, 3, 18, 10, 43, 33, 51, 11, 34, 35, 36, 28, 27, 4, 25, 31, 9, 8, 41, 19, 7, 38, 48, 21, 42, 37, 40, 39, 12, 22]

Individual 36:
  Route length: 15545
  Contribution to Diversity: 0.001662671398003468
  Route: [1, 49, 32, 47, 13, 14, 52, 11, 51, 33, 21, 17, 3, 18, 37, 38, 48, 19, 25, 31, 40, 2, 30, 23, 20, 50, 29, 16, 46, 44, 34, 35, 41, 45, 6, 15, 5, 39, 7, 42, 43, 10, 9, 8, 24, 36, 4, 26, 27, 28, 12, 22]

Individual 37:
  Route length: 11956
  Contribution to Diversity: 9.803127616336837e-07
  Route: [1, 40, 37, 38, 48, 20, 45, 32, 49, 39, 36, 35, 34, 44, 46, 16, 43, 33, 51, 11, 4, 31, 18, 23, 30, 2, 7, 42, 21, 17, 3, 19, 41, 8, 9, 10, 29, 50, 24, 5, 15, 6, 52, 14, 13, 47, 26, 27, 28, 12, 25, 22]

Individual 38:
  Route length: 14092
  Contribution to Diversity: 0
  Route: [41, 35, 34, 44, 46, 16, 29, 50, 20, 18, 12, 15, 6, 36, 19, 8, 9, 10, 43, 33, 27, 28, 5, 39, 40, 37, 38, 48, 24, 45, 14, 52, 11, 51, 26, 47, 13, 1, 49, 32, 4, 25, 31, 23, 30, 2, 7, 42, 21, 17, 3, 22]

Individual 39:
  Route length: 11872
  Contribution to Diversity: 0.0023193294190670954
  Route: [1, 4, 25, 12, 28, 27, 36, 35, 34, 44, 46, 16, 50, 29, 20, 23, 30, 2, 7, 42, 47, 13, 14, 52, 11, 51, 33, 43, 10, 9, 8, 41, 31, 18, 3, 49, 6, 15, 5, 24, 48, 39, 40, 37, 38, 26, 21, 17, 32, 45, 19, 22]

Individual 40:
  Route length: 11562
  Contribution to Diversity: 0.00101456179333681
  Route: [1, 49, 32, 45, 19, 17, 21, 42, 7, 2, 30, 10, 18, 40, 39, 23, 3, 41, 36, 15, 6, 4, 25, 12, 28, 27, 26, 47, 13, 14, 52, 11, 51, 33, 43, 9, 8, 35, 34, 44, 46, 16, 20, 50, 29, 5, 24, 48, 38, 37, 31, 22]

Individual 41:
  Route length: 12692
  Contribution to Diversity: 0
  Route: [1, 49, 32, 4, 25, 31, 18, 3, 17, 21, 42, 7, 2, 30, 40, 6, 15, 5, 39, 23, 20, 50, 12, 28, 43, 33, 51, 11, 52, 14, 46, 44, 34, 35, 36, 24, 48, 38, 37, 45, 41, 19, 8, 9, 10, 27, 26, 47, 13, 16, 29, 22]

Individual 42:
  Route length: 14058
  Contribution to Diversity: 0
  Route: [1, 49, 42, 7, 2, 30, 23, 20, 45, 32, 21, 17, 35, 10, 9, 8, 41, 37, 38, 48, 24, 5, 52, 11, 51, 33, 43, 34, 44, 46, 16, 29, 50, 19, 40, 27, 28, 12, 25, 39, 26, 47, 13, 14, 15, 6, 4, 36, 3, 18, 31, 22]

Individual 43:
  Route length: 14285
  Contribution to Diversity: 0.00038500131866214815
  Route: [1, 49, 42, 7, 2, 30, 23, 20, 45, 32, 21, 17, 35, 10, 9, 8, 41, 37, 38, 48, 24, 5, 52, 11, 51, 33, 43, 34, 44, 46, 16, 29, 50, 19, 40, 27, 28, 12, 15, 14, 13, 47, 26, 39, 25, 6, 4, 36, 3, 18, 31, 22]

Individual 44:
  Route length: 13133
  Contribution to Diversity: 9.632167114137502e-05
  Route: [1, 49, 15, 6, 40, 30, 2, 7, 42, 21, 17, 3, 18, 31, 25, 4, 32, 5, 39, 23, 20, 50, 12, 28, 43, 33, 51, 11, 52, 14, 46, 44, 34, 35, 36, 24, 48, 38, 37, 45, 41, 19, 8, 9, 10, 27, 26, 47, 13, 16, 29, 22]

Individual 45:
  Route length: 13059
  Contribution to Diversity: 0
  Route: [1, 49, 32, 45, 15, 37, 38, 48, 24, 5, 40, 39, 25, 12, 28, 27, 26, 47, 13, 14, 52, 11, 17, 21, 42, 7, 2, 43, 34, 44, 6, 19, 41, 8, 9, 10, 35, 51, 33, 30, 23, 20, 50, 29, 16, 46, 4, 36, 3, 18, 31, 22]

Individual 46:
  Route length: 14303
  Contribution to Diversity: 0.0004350874102803104
  Route: [21, 42, 7, 2, 30, 23, 39, 36, 35, 34, 44, 46, 16, 48, 24, 11, 52, 38, 37, 40, 20, 50, 29, 14, 13, 47, 26, 45, 32, 49, 1, 17, 3, 18, 15, 6, 4, 25, 12, 28, 5, 51, 33, 43, 10, 9, 8, 41, 19, 27, 31, 22]

Individual 47:
  Route length: 15526
  Contribution to Diversity: 0
  Route: [1, 49, 32, 45, 43, 33, 51, 11, 52, 14, 13, 5, 15, 6, 35, 34, 44, 46, 16, 24, 48, 38, 7, 19, 41, 8, 9, 10, 2, 30, 23, 20, 50, 29, 47, 18, 3, 17, 21, 42, 37, 40, 39, 36, 26, 31, 25, 4, 27, 28, 12, 22]

Individual 48:
  Route length: 14288
  Contribution to Diversity: 0
  Route: [1, 49, 32, 33, 21, 17, 3, 18, 31, 51, 11, 52, 36, 35, 34, 39, 40, 10, 43, 42, 7, 2, 20, 23, 30, 50, 29, 16, 46, 44, 14, 13, 5, 15, 6, 4, 25, 12, 28, 27, 26, 47, 24, 48, 38, 37, 9, 8, 41, 19, 45, 22]

Individual 49:
  Route length: 12772
  Contribution to Diversity: 0
  Route: [5, 18, 3, 38, 48, 24, 1, 49, 32, 45, 19, 41, 8, 12, 25, 4, 6, 15, 13, 14, 52, 11, 51, 33, 43, 10, 9, 2, 7, 42, 21, 17, 37, 40, 39, 36, 35, 30, 23, 20, 50, 29, 16, 46, 44, 34, 28, 27, 26, 47, 31, 22]

Individual 50:
  Route length: 13275
  Contribution to Diversity: 0
  Route: [5, 18, 3, 38, 48, 24, 1, 49, 32, 45, 19, 41, 8, 12, 35, 36, 39, 40, 37, 17, 21, 42, 7, 2, 9, 10, 43, 33, 51, 11, 52, 14, 13, 15, 6, 4, 25, 30, 23, 20, 50, 29, 16, 46, 44, 34, 28, 27, 26, 47, 31, 22]

Individual 51:
  Route length: 16011
  Contribution to Diversity: 0.0011296457581488895
  Route: [14, 52, 11, 51, 26, 47, 13, 1, 49, 32, 4, 25, 31, 18, 3, 17, 21, 42, 28, 12, 7, 27, 33, 43, 10, 9, 8, 19, 36, 6, 15, 5, 39, 40, 37, 24, 48, 38, 45, 41, 35, 34, 44, 46, 16, 29, 50, 20, 23, 30, 2, 22]

Individual 52:
  Route length: 14696
  Contribution to Diversity: 0
  Route: [47, 26, 27, 28, 12, 25, 4, 6, 15, 5, 13, 14, 44, 46, 16, 29, 50, 30, 23, 20, 2, 7, 42, 43, 10, 40, 39, 34, 35, 36, 52, 11, 51, 31, 18, 3, 17, 21, 33, 32, 49, 1, 24, 48, 38, 37, 9, 8, 41, 19, 45, 22]

Individual 53:
  Route length: 14223
  Contribution to Diversity: 0.0008986307788729775
  Route: [39, 40, 37, 38, 48, 17, 21, 42, 7, 2, 3, 18, 5, 11, 51, 33, 43, 10, 9, 35, 36, 52, 14, 13, 47, 26, 49, 1, 24, 41, 8, 34, 44, 30, 23, 20, 50, 29, 16, 46, 19, 45, 32, 27, 28, 12, 25, 4, 6, 15, 31, 22]

Individual 54:
  Route length: 14741
  Contribution to Diversity: 0
  Route: [1, 49, 32, 33, 21, 17, 3, 18, 35, 36, 52, 11, 51, 31, 34, 39, 40, 10, 43, 42, 7, 2, 20, 23, 30, 50, 29, 16, 46, 44, 14, 13, 5, 15, 6, 4, 25, 12, 28, 27, 26, 47, 24, 48, 38, 37, 9, 8, 41, 19, 45, 22]

Individual 55:
  Route length: 17182
  Contribution to Diversity: 0.001596201786571605
  Route: [1, 49, 32, 45, 2, 30, 50, 16, 46, 44, 52, 14, 13, 5, 15, 6, 26, 47, 29, 23, 20, 24, 17, 3, 18, 10, 43, 33, 51, 11, 34, 35, 36, 39, 40, 37, 42, 21, 48, 38, 7, 19, 41, 8, 9, 31, 25, 4, 27, 28, 12, 22]

Individual 56:
  Route length: 14932
  Contribution to Diversity: 0.0019099588408515444
  Route: [1, 49, 42, 7, 2, 30, 23, 20, 45, 32, 21, 17, 35, 10, 9, 8, 41, 37, 38, 48, 24, 5, 52, 11, 51, 33, 43, 34, 44, 46, 16, 29, 50, 19, 40, 27, 28, 12, 31, 18, 3, 36, 4, 6, 25, 39, 26, 47, 13, 14, 15, 22]

Individual 57:
  Route length: 17415
  Contribution to Diversity: 0.0002550307441548938
  Route: [44, 46, 16, 29, 12, 28, 27, 3, 17, 21, 51, 33, 43, 10, 20, 50, 25, 4, 49, 1, 45, 19, 9, 23, 30, 2, 7, 42, 11, 26, 47, 13, 40, 8, 41, 37, 38, 48, 24, 5, 15, 6, 32, 31, 18, 52, 14, 39, 36, 35, 34, 22]

Individual 58:
  Route length: 13354
  Contribution to Diversity: 0.002169825234776823
  Route: [1, 49, 15, 6, 40, 30, 2, 7, 42, 21, 17, 3, 18, 31, 25, 4, 32, 5, 39, 23, 20, 50, 12, 28, 43, 33, 51, 11, 52, 14, 46, 44, 24, 36, 35, 34, 48, 38, 37, 45, 41, 19, 8, 9, 10, 27, 26, 47, 13, 16, 29, 22]

Individual 59:
  Route length: 15235
  Contribution to Diversity: 0.00038763941703123805
  Route: [5, 15, 6, 4, 25, 12, 28, 27, 26, 47, 23, 30, 33, 36, 9, 8, 49, 1, 14, 13, 24, 48, 20, 50, 29, 16, 46, 44, 34, 35, 37, 40, 39, 10, 43, 32, 41, 19, 45, 38, 52, 11, 51, 2, 7, 42, 21, 17, 3, 18, 31, 22]

Individual 60:
  Route length: 13682
  Contribution to Diversity: 0.0011401912203394815
  Route: [37, 38, 48, 24, 5, 15, 6, 42, 20, 23, 50, 7, 33, 51, 11, 52, 14, 13, 47, 26, 27, 28, 12, 25, 18, 34, 44, 46, 16, 29, 30, 2, 43, 10, 9, 8, 41, 19, 45, 32, 49, 1, 40, 39, 36, 35, 3, 17, 21, 4, 31, 22]

Individual 61:
  Route length: 14363
  Contribution to Diversity: 0
  Route: [14, 24, 48, 38, 37, 40, 39, 5, 15, 6, 36, 19, 8, 9, 10, 43, 33, 51, 11, 52, 45, 16, 46, 44, 34, 35, 41, 29, 50, 20, 23, 30, 2, 7, 42, 21, 17, 3, 18, 31, 25, 4, 32, 49, 1, 13, 47, 26, 27, 28, 12, 22]

Individual 62:
  Route length: 13706
  Contribution to Diversity: 0
  Route: [1, 49, 32, 37, 38, 48, 24, 47, 26, 27, 28, 12, 25, 4, 6, 15, 5, 13, 14, 44, 46, 16, 29, 50, 30, 23, 20, 2, 7, 42, 43, 10, 40, 39, 34, 35, 36, 52, 11, 51, 31, 18, 3, 17, 21, 33, 9, 8, 41, 19, 45, 22]

Individual 63:
  Route length: 15256
  Contribution to Diversity: 0
  Route: [34, 44, 46, 16, 29, 50, 41, 19, 27, 28, 12, 25, 4, 32, 11, 51, 33, 43, 10, 9, 8, 26, 47, 13, 15, 6, 45, 20, 40, 37, 38, 48, 24, 36, 35, 1, 49, 52, 14, 5, 39, 3, 17, 21, 42, 2, 7, 30, 23, 18, 31, 22]

Individual 64:
  Route length: 12512
  Contribution to Diversity: 0.0010399721920961724
  Route: [1, 49, 32, 24, 48, 38, 37, 40, 39, 5, 15, 25, 3, 17, 21, 42, 7, 2, 30, 23, 20, 47, 11, 52, 14, 13, 51, 6, 45, 19, 41, 8, 9, 10, 43, 33, 4, 36, 35, 34, 44, 46, 16, 27, 26, 50, 29, 28, 12, 18, 31, 22]

Individual 65:
  Route length: 11555
  Contribution to Diversity: 0.0003468389629874835
  Route: [31, 37, 38, 48, 24, 5, 29, 50, 20, 16, 46, 44, 34, 35, 8, 9, 43, 33, 51, 11, 52, 14, 13, 47, 26, 27, 28, 12, 25, 4, 6, 15, 23, 3, 41, 36, 39, 40, 18, 10, 30, 2, 7, 42, 21, 17, 19, 45, 32, 49, 1, 22]

Individual 66:
  Route length: 12505
  Contribution to Diversity: 0.0006348027900306974
  Route: [17, 3, 18, 16, 29, 50, 20, 23, 30, 2, 7, 42, 21, 1, 49, 32, 47, 13, 14, 52, 11, 51, 33, 43, 10, 9, 8, 24, 36, 19, 48, 38, 37, 46, 44, 34, 35, 41, 45, 6, 15, 5, 39, 40, 31, 25, 4, 26, 27, 28, 12, 22]

Individual 67:
  Route length: 15344
  Contribution to Diversity: 0.00048443764514072285
  Route: [34, 44, 46, 16, 29, 50, 41, 19, 27, 28, 12, 25, 4, 32, 11, 51, 33, 43, 10, 9, 8, 26, 47, 13, 15, 6, 45, 20, 40, 37, 38, 48, 24, 36, 35, 5, 14, 52, 49, 1, 39, 3, 17, 21, 42, 2, 7, 30, 23, 18, 31, 22]

Individual 68:
  Route length: 14809
  Contribution to Diversity: 0.0014061163899015128
  Route: [1, 49, 32, 45, 15, 37, 38, 48, 24, 5, 40, 39, 25, 12, 28, 27, 26, 47, 3, 36, 4, 46, 16, 29, 50, 20, 23, 30, 33, 51, 35, 10, 9, 8, 41, 19, 6, 44, 34, 43, 2, 7, 42, 21, 17, 11, 52, 14, 13, 18, 31, 22]

Individual 69:
  Route length: 14293
  Contribution to Diversity: 0.0013079525028443229
  Route: [1, 49, 42, 7, 2, 30, 23, 20, 45, 32, 21, 17, 35, 10, 9, 8, 41, 37, 38, 48, 24, 5, 52, 11, 51, 33, 43, 34, 44, 46, 16, 29, 50, 19, 40, 25, 39, 26, 47, 13, 14, 15, 12, 28, 27, 6, 4, 36, 3, 18, 31, 22]

Individual 70:
  Route length: 15449
  Contribution to Diversity: 0.0010175787657367152
  Route: [1, 49, 31, 29, 16, 46, 44, 34, 35, 36, 39, 40, 37, 21, 17, 3, 11, 51, 33, 43, 10, 20, 50, 32, 18, 52, 14, 6, 38, 48, 24, 13, 15, 5, 47, 26, 27, 28, 12, 25, 4, 42, 7, 2, 30, 23, 9, 8, 41, 19, 45, 22]

Individual 71:
  Route length: 16952
  Contribution to Diversity: 0.0017792496290880422
  Route: [44, 46, 16, 38, 48, 24, 21, 51, 33, 43, 18, 31, 23, 25, 12, 52, 14, 13, 47, 26, 27, 28, 10, 20, 50, 29, 37, 41, 8, 9, 32, 6, 15, 5, 17, 3, 11, 42, 7, 2, 30, 4, 49, 1, 34, 35, 36, 39, 40, 19, 45, 22]

Individual 72:
  Route length: 13296
  Contribution to Diversity: 0.0008926280245189488
  Route: [1, 49, 32, 45, 19, 6, 4, 25, 12, 14, 13, 47, 42, 7, 2, 30, 23, 20, 50, 29, 16, 46, 44, 34, 35, 36, 27, 28, 52, 11, 15, 41, 8, 51, 33, 43, 10, 9, 39, 40, 37, 38, 48, 24, 5, 26, 21, 17, 3, 18, 31, 22]

Individual 73:
  Route length: 16151
  Contribution to Diversity: 0.0023669660880676346
  Route: [14, 52, 11, 51, 26, 47, 13, 1, 49, 32, 4, 25, 31, 18, 3, 17, 21, 42, 7, 24, 48, 38, 45, 41, 35, 34, 44, 46, 16, 29, 50, 20, 23, 30, 2, 37, 40, 39, 9, 8, 19, 36, 6, 15, 5, 10, 43, 27, 33, 28, 12, 22]

Individual 74:
  Route length: 18660
  Contribution to Diversity: 0.00048121001765899507
  Route: [44, 14, 39, 36, 35, 34, 1, 49, 4, 25, 6, 32, 31, 18, 52, 46, 16, 29, 12, 28, 27, 3, 17, 21, 51, 33, 43, 10, 20, 50, 15, 5, 24, 48, 38, 37, 41, 8, 9, 23, 30, 2, 7, 42, 11, 26, 47, 13, 40, 19, 45, 22]

Individual 75:
  Route length: 13692
  Contribution to Diversity: 0
  Route: [5, 18, 3, 38, 48, 24, 1, 49, 32, 45, 19, 41, 8, 12, 35, 36, 39, 40, 37, 17, 21, 42, 7, 2, 9, 10, 43, 33, 51, 11, 27, 28, 34, 44, 46, 16, 29, 50, 20, 23, 30, 25, 4, 6, 15, 13, 14, 52, 26, 47, 31, 22]

Individual 76:
  Route length: 15682
  Contribution to Diversity: 0.001434979354740129
  Route: [41, 35, 34, 44, 46, 16, 29, 50, 20, 18, 12, 15, 6, 36, 19, 2, 30, 23, 31, 25, 4, 32, 49, 1, 13, 47, 26, 51, 11, 52, 14, 45, 24, 48, 38, 37, 40, 39, 5, 28, 27, 33, 43, 10, 9, 8, 7, 42, 21, 17, 3, 22]

Individual 77:
  Route length: 16171
  Contribution to Diversity: 0.00014113559413075905
  Route: [1, 49, 32, 45, 43, 33, 51, 11, 26, 36, 39, 40, 37, 42, 21, 17, 3, 18, 47, 29, 50, 20, 23, 30, 2, 10, 9, 8, 41, 19, 7, 38, 48, 24, 16, 46, 44, 34, 35, 6, 15, 5, 13, 14, 52, 31, 25, 4, 27, 28, 12, 22]

Individual 78:
  Route length: 15353
  Contribution to Diversity: 0.002265531674080279
  Route: [1, 49, 32, 45, 19, 41, 8, 9, 10, 43, 39, 36, 35, 34, 44, 7, 38, 4, 25, 31, 18, 3, 17, 21, 42, 37, 40, 33, 23, 20, 50, 29, 47, 26, 6, 15, 5, 13, 14, 52, 11, 51, 30, 2, 46, 16, 24, 48, 27, 28, 12, 22]

Individual 79:
  Route length: 13996
  Contribution to Diversity: 0.0013273884241638
  Route: [17, 3, 18, 37, 14, 52, 11, 51, 33, 43, 10, 9, 8, 24, 36, 19, 48, 38, 13, 47, 32, 49, 1, 21, 42, 7, 2, 30, 23, 20, 50, 29, 16, 46, 44, 34, 35, 41, 45, 6, 15, 5, 39, 40, 31, 25, 4, 26, 27, 28, 12, 22]

Individual 80:
  Route length: 13281
  Contribution to Diversity: 0.001966824029660863
  Route: [39, 40, 29, 50, 20, 23, 30, 17, 21, 42, 7, 2, 3, 33, 43, 10, 9, 35, 36, 5, 18, 51, 11, 52, 14, 13, 47, 26, 49, 1, 24, 48, 38, 37, 16, 46, 44, 34, 8, 41, 19, 45, 32, 27, 28, 12, 25, 4, 6, 15, 31, 22]

Individual 81:
  Route length: 14436
  Contribution to Diversity: 0.0020925320872526854
  Route: [5, 34, 44, 46, 16, 29, 50, 20, 23, 30, 2, 28, 38, 52, 11, 51, 33, 43, 10, 9, 8, 41, 19, 45, 32, 49, 1, 24, 48, 18, 3, 17, 15, 6, 4, 25, 12, 37, 40, 14, 13, 47, 26, 27, 7, 42, 21, 35, 36, 39, 31, 22]

Individual 82:
  Route length: 15017
  Contribution to Diversity: 0.003155465207267838
  Route: [37, 38, 48, 24, 5, 15, 6, 42, 20, 33, 7, 50, 23, 51, 11, 52, 14, 13, 47, 26, 27, 28, 12, 25, 18, 34, 44, 46, 16, 29, 30, 2, 43, 10, 9, 8, 41, 19, 45, 32, 49, 1, 40, 39, 36, 35, 3, 17, 21, 4, 31, 22]

Individual 83:
  Route length: 15128
  Contribution to Diversity: 0.001390236601609196
  Route: [1, 49, 20, 2, 7, 42, 43, 10, 40, 39, 34, 31, 51, 11, 52, 36, 35, 18, 3, 17, 21, 33, 32, 23, 30, 50, 29, 16, 46, 44, 14, 13, 5, 15, 6, 4, 25, 12, 28, 27, 26, 47, 24, 48, 38, 37, 9, 8, 41, 19, 45, 22]

Individual 84:
  Route length: 14543
  Contribution to Diversity: 0.0025215914216163426
  Route: [21, 42, 7, 2, 30, 23, 39, 36, 35, 34, 44, 4, 6, 15, 18, 3, 17, 1, 49, 32, 45, 26, 47, 13, 14, 29, 50, 20, 40, 37, 38, 52, 11, 24, 48, 16, 46, 25, 12, 28, 5, 51, 33, 43, 10, 9, 8, 41, 19, 27, 31, 22]

Individual 85:
  Route length: 14119
  Contribution to Diversity: 0.0017700326538978572
  Route: [41, 35, 34, 44, 46, 16, 29, 50, 20, 18, 12, 15, 6, 36, 19, 8, 9, 10, 43, 33, 27, 28, 5, 39, 40, 37, 38, 48, 24, 45, 14, 52, 11, 51, 26, 47, 13, 1, 49, 32, 4, 25, 31, 23, 30, 42, 7, 2, 21, 17, 3, 22]

Individual 86:
  Route length: 13820
  Contribution to Diversity: 0.001488152834965284
  Route: [1, 49, 15, 6, 40, 30, 2, 7, 42, 21, 17, 3, 18, 31, 25, 4, 32, 5, 39, 23, 20, 50, 12, 28, 43, 33, 37, 38, 48, 24, 36, 35, 34, 44, 46, 14, 52, 11, 51, 45, 41, 19, 8, 9, 10, 27, 26, 47, 13, 16, 29, 22]

Individual 87:
  Route length: 19261
  Contribution to Diversity: 0.0009247877251743475
  Route: [44, 46, 16, 38, 48, 24, 13, 47, 26, 27, 28, 10, 20, 50, 29, 37, 41, 8, 9, 23, 25, 12, 43, 33, 51, 21, 14, 52, 18, 31, 32, 6, 15, 5, 17, 3, 11, 42, 7, 2, 30, 4, 49, 1, 34, 35, 36, 39, 40, 19, 45, 22]

Individual 88:
  Route length: 15193
  Contribution to Diversity: 0.0034250733340872586
  Route: [46, 4, 36, 3, 47, 26, 27, 28, 12, 25, 39, 40, 5, 24, 48, 38, 37, 15, 45, 32, 49, 1, 16, 29, 50, 20, 23, 30, 33, 51, 35, 10, 9, 8, 41, 19, 6, 44, 34, 43, 2, 7, 42, 21, 17, 11, 52, 14, 13, 18, 31, 22]

Individual 89:
  Route length: 18869
  Contribution to Diversity: 0.0022814002702888914
  Route: [44, 14, 39, 36, 35, 34, 1, 49, 4, 25, 6, 32, 31, 18, 52, 46, 38, 48, 24, 5, 15, 50, 20, 10, 43, 33, 51, 21, 17, 3, 27, 28, 12, 29, 16, 37, 41, 8, 9, 23, 30, 2, 7, 42, 11, 26, 47, 13, 40, 19, 45, 22]

Individual 90:
  Route length: 14050
  Contribution to Diversity: 0
  Route: [5, 18, 3, 38, 48, 24, 1, 49, 32, 45, 19, 41, 8, 12, 25, 4, 6, 15, 13, 14, 52, 11, 51, 33, 43, 28, 34, 44, 46, 16, 29, 50, 20, 23, 30, 35, 36, 39, 40, 37, 17, 21, 42, 7, 2, 9, 10, 27, 26, 47, 31, 22]

Individual 91:
  Route length: 15482
  Contribution to Diversity: 0.0016224180832029589
  Route: [5, 15, 6, 4, 25, 12, 28, 27, 26, 47, 48, 14, 13, 24, 1, 49, 8, 9, 3, 17, 21, 42, 7, 16, 50, 29, 2, 51, 11, 52, 38, 45, 19, 41, 32, 37, 40, 39, 36, 35, 34, 44, 46, 20, 23, 30, 33, 43, 10, 18, 31, 22]

Individual 92:
  Route length: 12178
  Contribution to Diversity: 0
  Route: [1, 40, 27, 28, 12, 25, 4, 11, 51, 33, 43, 5, 15, 6, 52, 14, 13, 47, 26, 37, 38, 48, 20, 45, 32, 49, 39, 36, 35, 34, 44, 46, 16, 24, 50, 29, 10, 9, 8, 41, 19, 3, 17, 21, 42, 7, 2, 30, 23, 18, 31, 22]

Individual 93:
  Route length: 10207
  Contribution to Diversity: 0
  Route: [18, 3, 17, 32, 45, 19, 41, 8, 9, 10, 43, 33, 51, 11, 52, 14, 5, 24, 48, 38, 37, 40, 49, 1, 39, 36, 35, 34, 44, 46, 16, 6, 4, 25, 12, 28, 27, 26, 47, 13, 15, 29, 50, 20, 23, 30, 2, 7, 42, 21, 31, 22]

Individual 94:
  Route length: 16541
  Contribution to Diversity: 0.0006834690850938685
  Route: [34, 44, 46, 16, 29, 50, 41, 19, 27, 28, 12, 25, 4, 32, 11, 51, 33, 43, 10, 9, 8, 26, 23, 30, 7, 2, 42, 21, 17, 3, 39, 5, 14, 52, 49, 1, 35, 36, 24, 48, 38, 37, 40, 20, 45, 6, 15, 13, 47, 18, 31, 22]

Individual 95:
  Route length: 17599
  Contribution to Diversity: 0.0020129835764830517
  Route: [44, 46, 16, 29, 12, 28, 27, 3, 31, 32, 6, 15, 5, 24, 48, 38, 37, 41, 8, 40, 13, 47, 26, 11, 42, 7, 2, 30, 23, 9, 19, 45, 1, 49, 4, 25, 50, 20, 10, 43, 33, 51, 21, 17, 18, 52, 14, 39, 36, 35, 34, 22]

Individual 96:
  Route length: 13863
  Contribution to Diversity: 0.0008088039551861215
  Route: [1, 40, 27, 28, 12, 25, 4, 11, 51, 33, 43, 5, 15, 6, 52, 20, 48, 38, 37, 26, 47, 13, 14, 45, 32, 49, 39, 36, 35, 34, 44, 46, 16, 24, 50, 29, 10, 9, 8, 41, 19, 3, 17, 21, 42, 7, 2, 30, 23, 18, 31, 22]

Individual 97:
  Route length: 17667
  Contribution to Diversity: 0.0006803136337296678
  Route: [1, 49, 4, 25, 12, 28, 27, 26, 43, 33, 51, 21, 8, 9, 23, 30, 2, 7, 42, 52, 18, 31, 32, 6, 15, 5, 41, 37, 38, 48, 24, 17, 3, 11, 14, 13, 47, 10, 20, 50, 29, 16, 46, 44, 34, 35, 36, 39, 40, 19, 45, 22]

Individual 98:
  Route length: 14532
  Contribution to Diversity: 0.000363561502983778
  Route: [5, 15, 6, 4, 38, 45, 19, 41, 32, 37, 50, 29, 16, 46, 44, 34, 35, 36, 39, 40, 20, 23, 30, 33, 43, 10, 3, 17, 21, 42, 7, 2, 51, 11, 52, 25, 12, 28, 27, 26, 47, 48, 24, 13, 14, 1, 49, 8, 9, 18, 31, 22]

Individual 99:
  Route length: 15767
  Contribution to Diversity: 0.00012714013076386976
  Route: [34, 44, 46, 16, 29, 50, 41, 19, 27, 28, 12, 25, 4, 32, 11, 51, 33, 43, 10, 39, 5, 14, 52, 49, 1, 35, 36, 24, 48, 38, 37, 40, 20, 45, 6, 15, 13, 47, 26, 8, 9, 3, 17, 21, 42, 2, 7, 30, 23, 18, 31, 22]

Total Entropy H: 5.151640122240228
