Individual 0:
  Route length: 13058
  Contribution to Diversity: 0.07653158880239541
  Route: [1, 24, 28, 27, 26, 47, 52, 14, 13, 4, 6, 33, 11, 51, 12, 39, 34, 48, 37, 38, 36, 35, 15, 5, 40, 25, 29, 20, 32, 19, 8, 41, 9, 49, 31, 18, 16, 50, 30, 21, 42, 7, 2, 17, 3, 10, 45, 43, 46, 44, 23, 22]

Individual 1:
  Route length: 12967
  Contribution to Diversity: 0.062298906748869065
  Route: [36, 5, 24, 37, 25, 51, 33, 43, 35, 49, 19, 41, 8, 9, 45, 18, 3, 17, 10, 4, 28, 12, 11, 52, 27, 26, 47, 13, 14, 46, 15, 40, 23, 20, 16, 38, 6, 48, 34, 32, 1, 30, 2, 7, 42, 21, 29, 50, 39, 44, 31, 22]

Individual 2:
  Route length: 13065
  Contribution to Diversity: 0.05955685727118443
  Route: [24, 25, 27, 28, 12, 51, 11, 52, 14, 47, 26, 44, 30, 50, 13, 33, 43, 10, 9, 8, 39, 41, 19, 45, 36, 5, 46, 37, 35, 34, 38, 40, 1, 31, 18, 17, 3, 42, 7, 2, 21, 32, 49, 48, 4, 6, 15, 16, 23, 29, 20, 22]

Individual 3:
  Route length: 13173
  Contribution to Diversity: 0.04622210884629041
  Route: [1, 49, 38, 48, 36, 31, 16, 40, 37, 44, 46, 24, 4, 6, 15, 5, 20, 30, 2, 7, 42, 21, 17, 3, 18, 32, 45, 19, 41, 8, 9, 10, 43, 33, 51, 50, 29, 27, 14, 11, 52, 25, 26, 28, 12, 47, 13, 23, 39, 35, 34, 22]

Individual 4:
  Route length: 13140
  Contribution to Diversity: 0.047044342191763455
  Route: [1, 46, 13, 47, 14, 52, 11, 51, 26, 27, 28, 12, 25, 4, 36, 38, 15, 5, 48, 30, 24, 6, 49, 19, 45, 3, 42, 7, 2, 21, 31, 18, 23, 35, 34, 16, 41, 33, 43, 10, 9, 8, 40, 39, 37, 44, 29, 50, 20, 32, 17, 22]

Individual 5:
  Route length: 12906
  Contribution to Diversity: 0.047870639575654295
  Route: [1, 41, 19, 45, 35, 36, 39, 32, 49, 20, 50, 2, 7, 42, 21, 17, 23, 30, 31, 44, 29, 18, 3, 4, 5, 15, 48, 16, 26, 47, 13, 27, 28, 25, 33, 43, 10, 9, 8, 6, 24, 46, 34, 14, 52, 11, 51, 12, 38, 37, 40, 22]

Individual 6:
  Route length: 13156
  Contribution to Diversity: 0.05966675220253492
  Route: [1, 38, 24, 15, 5, 39, 25, 11, 51, 12, 35, 36, 9, 10, 41, 8, 40, 48, 29, 50, 46, 28, 27, 26, 47, 13, 14, 52, 4, 6, 37, 16, 34, 49, 3, 17, 21, 42, 7, 2, 30, 23, 20, 44, 33, 45, 32, 43, 19, 31, 18, 22]

Individual 7:
  Route length: 13023
  Contribution to Diversity: 0.008979892859646732
  Route: [31, 1, 32, 7, 2, 30, 23, 20, 50, 29, 42, 35, 34, 44, 40, 38, 5, 4, 12, 19, 9, 8, 41, 10, 33, 51, 11, 52, 13, 14, 47, 27, 26, 28, 16, 25, 46, 43, 6, 39, 21, 17, 3, 18, 49, 36, 24, 48, 37, 45, 15, 22]

Individual 8:
  Route length: 13056
  Contribution to Diversity: 0.03303502504720779
  Route: [1, 36, 4, 39, 27, 52, 11, 51, 33, 43, 10, 9, 8, 13, 14, 47, 25, 12, 28, 26, 30, 2, 7, 42, 21, 18, 45, 35, 34, 32, 49, 5, 48, 38, 37, 31, 17, 3, 19, 41, 6, 15, 40, 24, 44, 46, 20, 50, 29, 16, 23, 22]

Individual 9:
  Route length: 13131
  Contribution to Diversity: 0.007861841270406345
  Route: [31, 1, 32, 7, 2, 30, 23, 20, 50, 29, 42, 15, 40, 44, 34, 35, 19, 9, 8, 41, 10, 33, 51, 11, 52, 13, 14, 47, 27, 26, 28, 16, 25, 6, 43, 46, 39, 21, 17, 3, 18, 49, 36, 24, 48, 37, 45, 38, 5, 4, 12, 22]

Total Entropy H: 5.3511411000558455
