Individual 0:
  Route length: 16152
  Contribution to Diversity: 0.0007451116379630918
  Route: [33, 32, 45, 15, 37, 38, 48, 24, 5, 40, 39, 47, 26, 27, 28, 12, 25, 3, 36, 4, 6, 44, 34, 43, 2, 7, 42, 21, 19, 41, 8, 9, 10, 35, 51, 49, 1, 30, 23, 20, 50, 29, 16, 46, 17, 11, 52, 14, 13, 18, 31, 22]

Individual 1:
  Route length: 20373
  Contribution to Diversity: 0.0006504800516866638
  Route: [30, 23, 20, 50, 29, 16, 46, 44, 1, 49, 32, 47, 13, 38, 48, 19, 36, 24, 8, 2, 28, 27, 26, 4, 25, 31, 40, 39, 5, 15, 6, 45, 41, 35, 34, 21, 42, 7, 10, 43, 33, 51, 17, 37, 18, 3, 14, 52, 11, 9, 12, 22]

Individual 2:
  Route length: 18191
  Contribution to Diversity: 0.0003608942639887758
  Route: [41, 35, 34, 44, 46, 11, 51, 26, 47, 13, 1, 49, 52, 14, 45, 24, 48, 38, 32, 4, 16, 31, 23, 30, 2, 19, 36, 6, 15, 12, 18, 20, 50, 29, 25, 33, 27, 28, 5, 39, 40, 37, 43, 10, 9, 8, 7, 42, 21, 17, 3, 22]

Individual 3:
  Route length: 19396
  Contribution to Diversity: 0.00036462740517517744
  Route: [10, 43, 33, 3, 18, 1, 49, 32, 45, 2, 51, 11, 34, 35, 36, 28, 27, 4, 25, 31, 9, 8, 41, 19, 7, 38, 48, 21, 42, 17, 24, 16, 46, 44, 52, 14, 13, 5, 15, 6, 26, 47, 29, 23, 20, 50, 30, 37, 40, 39, 12, 22]

Individual 4:
  Route length: 18576
  Contribution to Diversity: 0.0010351689377614548
  Route: [37, 42, 21, 17, 3, 18, 31, 50, 29, 47, 26, 6, 15, 11, 52, 28, 27, 48, 19, 41, 8, 7, 44, 34, 35, 36, 39, 43, 10, 9, 38, 4, 25, 20, 23, 33, 40, 1, 49, 32, 45, 24, 16, 46, 2, 30, 51, 5, 13, 14, 12, 22]

Individual 5:
  Route length: 18652
  Contribution to Diversity: 0.0024293704809581484
  Route: [3, 36, 4, 6, 25, 39, 26, 2, 7, 1, 49, 42, 18, 30, 47, 13, 14, 41, 8, 9, 10, 35, 17, 21, 38, 48, 24, 5, 52, 11, 51, 33, 43, 34, 44, 46, 16, 37, 32, 45, 20, 23, 31, 12, 28, 27, 40, 19, 50, 29, 15, 22]

Individual 6:
  Route length: 18394
  Contribution to Diversity: 0.0012157940925634492
  Route: [1, 49, 15, 6, 40, 30, 2, 9, 10, 48, 51, 11, 52, 14, 46, 44, 31, 25, 4, 32, 5, 39, 23, 20, 50, 12, 28, 43, 33, 24, 36, 35, 19, 8, 7, 42, 21, 17, 3, 18, 34, 41, 27, 38, 37, 45, 26, 47, 13, 16, 29, 22]

Individual 7:
  Route length: 14731
  Contribution to Diversity: 0.0009640541188042917
  Route: [1, 49, 32, 24, 48, 38, 37, 40, 52, 11, 47, 20, 23, 30, 2, 7, 42, 21, 17, 3, 25, 15, 5, 39, 12, 28, 29, 16, 27, 26, 50, 46, 44, 34, 35, 36, 4, 33, 43, 10, 9, 14, 13, 51, 6, 45, 19, 41, 8, 18, 31, 22]

Individual 8:
  Route length: 19767
  Contribution to Diversity: 0.0007018254038024807
  Route: [37, 42, 21, 17, 3, 18, 31, 25, 4, 38, 9, 20, 50, 29, 39, 43, 10, 23, 33, 40, 1, 49, 32, 45, 19, 41, 8, 7, 44, 34, 35, 36, 47, 26, 6, 15, 11, 52, 28, 27, 48, 24, 16, 46, 2, 30, 51, 5, 13, 14, 12, 22]

Individual 9:
  Route length: 17503
  Contribution to Diversity: 0.00014705073636278598
  Route: [7, 40, 39, 36, 35, 34, 27, 26, 46, 44, 28, 12, 25, 52, 11, 51, 2, 20, 23, 30, 33, 43, 10, 9, 8, 49, 1, 24, 13, 14, 48, 47, 16, 29, 5, 15, 6, 4, 38, 45, 19, 41, 32, 37, 50, 42, 21, 17, 3, 18, 31, 22]

Individual 10:
  Route length: 21890
  Contribution to Diversity: 0.001464796431784876
  Route: [47, 26, 11, 42, 7, 2, 30, 23, 9, 8, 15, 50, 20, 10, 43, 36, 39, 14, 44, 33, 51, 21, 17, 3, 27, 28, 12, 29, 16, 37, 41, 5, 24, 48, 38, 46, 1, 18, 31, 32, 6, 25, 4, 49, 52, 34, 35, 13, 40, 19, 45, 22]

Individual 11:
  Route length: 14539
  Contribution to Diversity: 5.2093898581517806e-05
  Route: [1, 33, 39, 40, 37, 38, 10, 41, 48, 24, 52, 14, 13, 47, 26, 27, 28, 12, 25, 4, 6, 15, 5, 29, 16, 46, 44, 45, 32, 2, 30, 23, 20, 50, 11, 51, 49, 34, 9, 8, 19, 43, 36, 35, 7, 42, 21, 17, 3, 18, 31, 22]

Individual 12:
  Route length: 21365
  Contribution to Diversity: 0.000702276941861868
  Route: [39, 40, 37, 38, 48, 3, 2, 11, 5, 18, 17, 21, 12, 23, 20, 50, 29, 16, 46, 19, 45, 32, 27, 28, 30, 9, 41, 24, 1, 49, 26, 47, 13, 14, 6, 4, 25, 42, 7, 51, 33, 43, 10, 8, 34, 44, 35, 36, 52, 15, 31, 22]

Individual 13:
  Route length: 16869
  Contribution to Diversity: 0.0007571244244966024
  Route: [40, 33, 51, 11, 52, 5, 24, 48, 38, 21, 17, 35, 10, 9, 8, 36, 3, 18, 19, 37, 41, 29, 50, 32, 45, 20, 23, 30, 2, 7, 42, 49, 1, 31, 12, 28, 27, 43, 34, 44, 46, 16, 4, 6, 25, 39, 26, 47, 13, 14, 15, 22]

Individual 14:
  Route length: 19665
  Contribution to Diversity: 0.0015175612737481359
  Route: [44, 24, 48, 38, 37, 41, 8, 40, 4, 15, 5, 46, 16, 29, 12, 47, 13, 49, 1, 45, 35, 50, 17, 18, 52, 14, 39, 36, 20, 10, 43, 33, 51, 21, 25, 6, 32, 31, 3, 27, 28, 26, 11, 42, 7, 2, 30, 23, 9, 19, 34, 22]

Individual 15:
  Route length: 19701
  Contribution to Diversity: 0.000199405265476571
  Route: [1, 49, 32, 45, 23, 29, 47, 26, 6, 15, 5, 13, 14, 52, 44, 46, 16, 50, 30, 2, 41, 19, 7, 38, 48, 21, 42, 27, 4, 25, 31, 9, 8, 20, 24, 17, 35, 34, 11, 51, 33, 43, 10, 18, 3, 36, 39, 40, 37, 28, 12, 22]

Individual 16:
  Route length: 20228
  Contribution to Diversity: 0.0018865040121838206
  Route: [5, 15, 6, 4, 25, 27, 28, 12, 26, 47, 19, 45, 38, 10, 39, 40, 7, 33, 11, 51, 2, 30, 23, 32, 41, 21, 17, 3, 18, 31, 24, 13, 14, 48, 42, 37, 20, 50, 29, 16, 46, 44, 34, 35, 43, 52, 36, 9, 8, 49, 1, 22]

Individual 17:
  Route length: 17211
  Contribution to Diversity: 0.0015252274307764324
  Route: [7, 2, 3, 33, 43, 52, 11, 51, 18, 5, 36, 30, 9, 10, 14, 13, 47, 26, 49, 1, 24, 48, 38, 37, 16, 46, 44, 34, 8, 41, 19, 45, 32, 27, 28, 12, 25, 4, 6, 15, 20, 50, 29, 40, 39, 42, 21, 17, 35, 23, 31, 22]

Individual 18:
  Route length: 21874
  Contribution to Diversity: 0.0004004638766659241
  Route: [34, 47, 13, 15, 6, 45, 20, 1, 35, 36, 24, 48, 7, 30, 23, 26, 8, 37, 17, 21, 42, 2, 38, 3, 39, 5, 14, 52, 49, 28, 27, 19, 41, 50, 29, 16, 46, 44, 12, 10, 43, 33, 51, 11, 32, 4, 25, 9, 40, 18, 31, 22]

Individual 19:
  Route length: 18675
  Contribution to Diversity: 0.0021948867439176567
  Route: [8, 9, 36, 45, 38, 52, 11, 51, 2, 7, 49, 44, 46, 16, 35, 37, 15, 34, 29, 50, 20, 48, 24, 13, 26, 47, 23, 30, 33, 19, 4, 25, 12, 28, 27, 14, 1, 5, 40, 39, 10, 43, 32, 41, 6, 42, 21, 17, 3, 18, 31, 22]

Individual 20:
  Route length: 19524
  Contribution to Diversity: 0.0025755046896911438
  Route: [44, 46, 16, 38, 48, 24, 21, 51, 33, 35, 34, 1, 17, 5, 15, 6, 32, 9, 8, 41, 37, 29, 50, 28, 26, 27, 20, 10, 47, 13, 14, 52, 12, 25, 23, 31, 18, 43, 36, 39, 40, 19, 3, 49, 4, 30, 2, 7, 42, 11, 45, 22]

Individual 21:
  Route length: 20910
  Contribution to Diversity: 0.0009808133608375513
  Route: [5, 15, 6, 4, 25, 27, 28, 12, 26, 37, 42, 48, 14, 13, 24, 31, 18, 3, 17, 21, 47, 32, 23, 30, 2, 51, 11, 33, 7, 40, 39, 10, 38, 45, 19, 41, 20, 50, 29, 16, 46, 44, 34, 35, 43, 52, 36, 9, 8, 49, 1, 22]

Individual 22:
  Route length: 18973
  Contribution to Diversity: 0.0015849915230132794
  Route: [1, 51, 33, 48, 27, 36, 24, 43, 12, 28, 39, 17, 21, 26, 38, 37, 40, 32, 14, 52, 11, 4, 25, 9, 3, 49, 6, 45, 13, 47, 42, 7, 2, 30, 23, 18, 10, 8, 41, 31, 20, 29, 50, 16, 46, 44, 34, 35, 5, 15, 19, 22]

Individual 23:
  Route length: 22228
  Contribution to Diversity: 0.00043548126468451187
  Route: [34, 47, 13, 15, 6, 45, 20, 1, 35, 36, 24, 48, 7, 30, 23, 26, 8, 42, 2, 38, 3, 39, 5, 14, 52, 49, 28, 27, 19, 41, 50, 29, 16, 46, 44, 12, 10, 43, 33, 51, 11, 32, 4, 25, 9, 21, 17, 37, 40, 18, 31, 22]

Individual 24:
  Route length: 16924
  Contribution to Diversity: 0.0004206859349666914
  Route: [21, 42, 7, 2, 30, 23, 39, 36, 35, 25, 46, 16, 48, 47, 13, 14, 29, 50, 20, 40, 37, 49, 1, 17, 3, 18, 15, 6, 4, 44, 34, 12, 28, 5, 51, 33, 45, 26, 24, 11, 52, 38, 32, 43, 10, 9, 8, 41, 19, 27, 31, 22]

Individual 25:
  Route length: 16531
  Contribution to Diversity: 0.0006848156199064093
  Route: [1, 50, 29, 16, 46, 15, 49, 32, 45, 19, 41, 27, 26, 47, 13, 25, 12, 28, 42, 20, 23, 40, 37, 8, 9, 10, 18, 3, 17, 21, 38, 52, 11, 51, 33, 43, 14, 48, 24, 5, 7, 2, 30, 39, 36, 35, 34, 44, 6, 4, 31, 22]

Individual 26:
  Route length: 17798
  Contribution to Diversity: 0.0017017720629093347
  Route: [40, 33, 51, 11, 52, 5, 19, 50, 29, 41, 37, 32, 45, 20, 21, 38, 48, 24, 18, 3, 36, 8, 9, 10, 35, 17, 23, 30, 2, 7, 42, 49, 1, 31, 12, 28, 27, 43, 34, 44, 46, 16, 4, 6, 25, 39, 26, 47, 13, 14, 15, 22]

Individual 27:
  Route length: 18714
  Contribution to Diversity: 0.0021944488874527934
  Route: [1, 49, 30, 23, 20, 48, 29, 50, 9, 8, 41, 19, 45, 32, 2, 36, 39, 28, 27, 26, 46, 16, 38, 37, 13, 47, 51, 11, 52, 17, 6, 4, 25, 12, 40, 14, 21, 42, 7, 35, 34, 44, 33, 43, 10, 24, 5, 15, 3, 18, 31, 22]

Individual 28:
  Route length: 17103
  Contribution to Diversity: 0.0010248775092822626
  Route: [8, 9, 36, 45, 38, 52, 11, 51, 2, 7, 49, 44, 46, 16, 35, 37, 15, 34, 29, 50, 20, 48, 24, 13, 26, 47, 23, 30, 32, 41, 19, 33, 43, 10, 39, 40, 5, 1, 14, 27, 28, 12, 25, 4, 6, 42, 21, 17, 3, 18, 31, 22]

Individual 29:
  Route length: 18587
  Contribution to Diversity: 0.00012243307268011705
  Route: [45, 14, 52, 11, 51, 43, 37, 40, 39, 4, 32, 49, 1, 13, 47, 26, 10, 9, 8, 7, 42, 21, 17, 27, 28, 5, 33, 25, 29, 50, 20, 18, 12, 15, 6, 36, 19, 2, 30, 23, 31, 38, 48, 16, 46, 44, 34, 35, 41, 24, 3, 22]

Individual 30:
  Route length: 19225
  Contribution to Diversity: 0.0013362857932293082
  Route: [1, 51, 33, 48, 39, 17, 21, 26, 38, 37, 40, 27, 36, 35, 34, 44, 46, 10, 8, 41, 31, 20, 29, 50, 16, 18, 23, 30, 2, 7, 42, 47, 13, 45, 6, 49, 3, 9, 25, 4, 11, 52, 14, 32, 28, 12, 43, 24, 5, 15, 19, 22]

Individual 31:
  Route length: 21796
  Contribution to Diversity: 0.0016787192568488152
  Route: [1, 28, 27, 26, 47, 21, 13, 5, 15, 6, 4, 9, 37, 10, 40, 39, 14, 17, 3, 18, 35, 36, 52, 11, 51, 31, 34, 30, 50, 29, 16, 46, 44, 23, 32, 33, 42, 43, 38, 48, 24, 7, 2, 20, 49, 12, 25, 8, 41, 19, 45, 22]

Individual 32:
  Route length: 20323
  Contribution to Diversity: 0.004074557945383361
  Route: [37, 38, 48, 24, 5, 15, 6, 42, 20, 33, 30, 29, 16, 46, 17, 3, 35, 36, 39, 40, 19, 45, 32, 49, 9, 8, 41, 1, 10, 50, 7, 14, 13, 47, 26, 27, 28, 12, 25, 18, 34, 44, 21, 4, 2, 52, 11, 51, 23, 43, 31, 22]

Individual 33:
  Route length: 22242
  Contribution to Diversity: 0.0022778227038342536
  Route: [1, 28, 27, 26, 47, 21, 13, 5, 15, 6, 20, 2, 7, 24, 48, 38, 43, 42, 33, 32, 23, 44, 46, 16, 29, 50, 30, 34, 31, 51, 11, 52, 36, 35, 18, 3, 17, 14, 39, 40, 10, 37, 9, 4, 49, 12, 25, 8, 41, 19, 45, 22]

Individual 34:
  Route length: 20842
  Contribution to Diversity: 0
  Route: [5, 34, 44, 46, 16, 29, 50, 20, 23, 10, 43, 33, 51, 11, 31, 38, 52, 39, 36, 35, 21, 42, 13, 47, 26, 27, 7, 14, 40, 37, 12, 25, 4, 6, 15, 18, 3, 17, 48, 24, 1, 49, 45, 32, 19, 41, 8, 9, 30, 2, 28, 22]

Individual 35:
  Route length: 17665
  Contribution to Diversity: 0.0016451768421177349
  Route: [1, 49, 20, 29, 15, 5, 13, 14, 44, 46, 16, 2, 7, 42, 43, 38, 48, 36, 52, 11, 51, 31, 34, 39, 40, 10, 37, 9, 4, 6, 50, 30, 23, 32, 33, 24, 35, 18, 3, 17, 21, 47, 26, 27, 28, 12, 25, 8, 19, 41, 45, 22]

Individual 36:
  Route length: 22407
  Contribution to Diversity: 0.0010083939700891165
  Route: [44, 46, 16, 38, 48, 15, 5, 17, 3, 11, 42, 51, 33, 43, 12, 41, 8, 13, 47, 27, 26, 28, 6, 32, 31, 18, 52, 14, 21, 7, 2, 1, 49, 4, 30, 34, 35, 36, 39, 20, 10, 24, 9, 23, 25, 37, 29, 50, 40, 19, 45, 22]

Individual 37:
  Route length: 16733
  Contribution to Diversity: 0.0013481926368692498
  Route: [1, 49, 32, 48, 37, 5, 24, 45, 19, 41, 8, 12, 13, 47, 26, 27, 28, 14, 20, 23, 30, 6, 42, 7, 2, 15, 38, 40, 35, 4, 21, 11, 51, 33, 43, 10, 9, 25, 36, 39, 34, 44, 46, 16, 29, 50, 52, 17, 3, 18, 31, 22]

Individual 38:
  Route length: 21207
  Contribution to Diversity: 0
  Route: [34, 40, 37, 17, 21, 42, 2, 38, 3, 39, 5, 14, 52, 49, 6, 45, 20, 44, 46, 16, 29, 50, 11, 32, 4, 25, 12, 28, 27, 19, 41, 51, 33, 43, 18, 47, 13, 15, 1, 35, 36, 24, 48, 7, 30, 23, 26, 8, 9, 10, 31, 22]

Individual 39:
  Route length: 20939
  Contribution to Diversity: 0.000923232831574694
  Route: [21, 17, 3, 18, 28, 33, 41, 35, 34, 44, 46, 32, 26, 47, 8, 9, 5, 15, 49, 1, 16, 29, 50, 20, 23, 30, 2, 37, 40, 39, 10, 43, 27, 38, 45, 48, 24, 7, 42, 14, 52, 11, 51, 6, 36, 19, 13, 4, 25, 31, 12, 22]

Individual 40:
  Route length: 18978
  Contribution to Diversity: 0.002941826317447216
  Route: [1, 49, 20, 29, 15, 5, 13, 14, 44, 46, 16, 2, 7, 42, 43, 38, 48, 36, 52, 11, 51, 31, 34, 39, 40, 10, 37, 9, 4, 6, 50, 30, 23, 32, 33, 24, 35, 18, 3, 17, 21, 47, 26, 27, 28, 41, 19, 8, 25, 12, 45, 22]

Individual 41:
  Route length: 21191
  Contribution to Diversity: 0.0004172206914745402
  Route: [1, 49, 34, 44, 46, 16, 29, 50, 20, 23, 30, 2, 40, 52, 14, 36, 4, 15, 5, 39, 11, 51, 33, 21, 17, 8, 24, 13, 47, 32, 35, 41, 45, 6, 48, 19, 25, 31, 10, 43, 42, 7, 28, 27, 26, 38, 37, 18, 9, 3, 12, 22]

Individual 42:
  Route length: 19662
  Contribution to Diversity: 0.0024981655073652576
  Route: [44, 24, 6, 25, 21, 51, 33, 43, 10, 20, 36, 39, 14, 52, 18, 17, 50, 35, 45, 1, 49, 13, 47, 12, 29, 16, 46, 5, 15, 4, 40, 8, 41, 37, 38, 48, 32, 31, 3, 27, 28, 26, 11, 42, 7, 2, 30, 23, 9, 19, 34, 22]

Individual 43:
  Route length: 21945
  Contribution to Diversity: 0.001903103256191585
  Route: [44, 37, 29, 27, 47, 13, 24, 40, 50, 26, 28, 48, 38, 16, 46, 25, 23, 9, 8, 41, 12, 43, 33, 51, 42, 11, 3, 17, 5, 15, 6, 32, 31, 18, 52, 14, 21, 7, 2, 1, 49, 4, 30, 34, 35, 36, 39, 20, 10, 19, 45, 22]

Individual 44:
  Route length: 20989
  Contribution to Diversity: 0
  Route: [5, 34, 44, 36, 39, 52, 38, 31, 11, 51, 33, 43, 10, 23, 20, 50, 29, 16, 46, 35, 21, 42, 13, 47, 26, 27, 7, 14, 40, 37, 12, 25, 4, 6, 15, 18, 3, 17, 48, 24, 1, 49, 45, 32, 19, 41, 8, 9, 30, 2, 28, 22]

Individual 45:
  Route length: 20948
  Contribution to Diversity: 0.0017993359051287072
  Route: [44, 24, 48, 38, 37, 41, 8, 40, 4, 15, 5, 46, 16, 29, 12, 47, 13, 7, 17, 50, 20, 10, 43, 33, 51, 21, 25, 6, 32, 31, 3, 27, 28, 26, 11, 42, 18, 52, 14, 39, 36, 35, 45, 1, 49, 2, 30, 23, 9, 19, 34, 22]

Individual 46:
  Route length: 15329
  Contribution to Diversity: 0.000498323898040276
  Route: [1, 40, 46, 16, 42, 21, 17, 3, 19, 41, 18, 23, 39, 36, 50, 24, 32, 49, 30, 2, 7, 45, 20, 27, 11, 51, 33, 43, 5, 15, 6, 52, 14, 13, 47, 26, 37, 38, 48, 28, 12, 25, 4, 44, 34, 35, 31, 8, 9, 10, 29, 22]

Individual 47:
  Route length: 17854
  Contribution to Diversity: 0.00020833247203011496
  Route: [21, 7, 42, 2, 4, 11, 27, 19, 41, 8, 9, 10, 28, 5, 51, 33, 43, 12, 25, 30, 23, 39, 36, 35, 34, 44, 46, 16, 48, 24, 6, 15, 18, 14, 13, 47, 26, 45, 32, 49, 1, 20, 50, 29, 3, 17, 40, 37, 38, 52, 31, 22]

Individual 48:
  Route length: 19825
  Contribution to Diversity: 0
  Route: [21, 17, 3, 18, 31, 25, 4, 32, 49, 1, 16, 29, 43, 10, 5, 15, 41, 35, 34, 44, 46, 13, 24, 7, 42, 14, 52, 11, 51, 6, 36, 19, 48, 45, 38, 27, 50, 20, 23, 30, 2, 37, 40, 39, 9, 8, 47, 26, 33, 28, 12, 22]

Individual 49:
  Route length: 15423
  Contribution to Diversity: 0.0017939480230984017
  Route: [1, 40, 46, 6, 15, 5, 43, 33, 51, 11, 27, 20, 45, 7, 2, 30, 49, 32, 24, 50, 36, 39, 23, 18, 41, 19, 3, 17, 21, 42, 16, 52, 14, 13, 47, 26, 37, 38, 48, 28, 12, 25, 4, 44, 34, 35, 31, 8, 9, 10, 29, 22]

Individual 50:
  Route length: 20881
  Contribution to Diversity: 0
  Route: [2, 42, 21, 17, 37, 40, 34, 38, 3, 39, 5, 14, 52, 49, 6, 45, 20, 44, 46, 16, 29, 50, 11, 32, 4, 25, 12, 28, 27, 19, 41, 51, 33, 43, 18, 47, 13, 15, 1, 35, 36, 24, 48, 7, 30, 23, 26, 8, 9, 10, 31, 22]

Individual 51:
  Route length: 17913
  Contribution to Diversity: 0.0012464923311430454
  Route: [10, 43, 32, 38, 52, 11, 24, 26, 45, 33, 51, 5, 28, 12, 34, 44, 4, 6, 15, 18, 3, 17, 1, 49, 37, 40, 20, 50, 29, 14, 13, 47, 48, 16, 46, 25, 35, 36, 39, 23, 30, 2, 7, 42, 21, 9, 8, 41, 19, 27, 31, 22]

Individual 52:
  Route length: 19697
  Contribution to Diversity: 0.0009609193215576184
  Route: [1, 49, 32, 45, 23, 29, 47, 26, 6, 15, 5, 13, 14, 52, 44, 46, 16, 50, 30, 2, 41, 19, 7, 21, 48, 38, 42, 27, 4, 25, 31, 9, 8, 20, 24, 17, 35, 34, 11, 51, 33, 43, 10, 18, 3, 36, 39, 40, 37, 28, 12, 22]

Individual 53:
  Route length: 18366
  Contribution to Diversity: 0.002535075899842809
  Route: [7, 2, 51, 11, 52, 25, 12, 28, 27, 26, 46, 44, 34, 35, 36, 39, 33, 18, 3, 17, 21, 42, 13, 24, 1, 49, 8, 31, 30, 47, 16, 29, 50, 37, 32, 41, 19, 45, 38, 4, 6, 15, 5, 14, 48, 23, 20, 40, 43, 10, 9, 22]

Individual 54:
  Route length: 20944
  Contribution to Diversity: 0.0023533571757132776
  Route: [39, 40, 37, 38, 48, 3, 2, 11, 31, 15, 6, 4, 25, 1, 49, 26, 47, 13, 14, 52, 36, 35, 9, 10, 43, 33, 51, 7, 42, 24, 41, 8, 34, 12, 30, 44, 28, 50, 29, 16, 46, 19, 45, 32, 27, 20, 23, 21, 17, 18, 5, 22]

Individual 55:
  Route length: 20155
  Contribution to Diversity: 0.0006639629841851402
  Route: [39, 40, 27, 6, 13, 14, 52, 36, 35, 49, 26, 47, 4, 25, 42, 7, 51, 33, 43, 10, 9, 1, 24, 41, 8, 34, 44, 30, 23, 20, 50, 29, 16, 46, 19, 45, 32, 37, 38, 48, 3, 2, 11, 5, 18, 17, 21, 12, 28, 15, 31, 22]

Individual 56:
  Route length: 22591
  Contribution to Diversity: 0.0014725427466464325
  Route: [47, 18, 1, 46, 38, 48, 24, 5, 15, 50, 20, 17, 21, 51, 33, 44, 14, 39, 36, 43, 10, 3, 27, 28, 12, 29, 16, 37, 41, 8, 9, 23, 30, 2, 7, 42, 11, 26, 31, 32, 6, 25, 4, 49, 52, 34, 35, 13, 40, 19, 45, 22]

Individual 57:
  Route length: 19903
  Contribution to Diversity: 0.0021396327682401406
  Route: [10, 43, 33, 3, 18, 34, 35, 2, 42, 21, 48, 38, 7, 19, 41, 8, 9, 31, 25, 45, 36, 28, 27, 4, 32, 49, 1, 11, 51, 17, 24, 16, 46, 44, 52, 14, 13, 5, 15, 6, 26, 47, 29, 23, 20, 50, 30, 37, 40, 39, 12, 22]

Individual 58:
  Route length: 22409
  Contribution to Diversity: 0.0019553264835820983
  Route: [44, 46, 16, 38, 48, 15, 5, 17, 3, 11, 42, 51, 33, 43, 12, 41, 8, 13, 47, 27, 26, 28, 6, 32, 31, 18, 52, 14, 21, 7, 2, 1, 49, 4, 30, 34, 20, 39, 36, 35, 10, 24, 9, 23, 25, 37, 29, 50, 40, 19, 45, 22]

Individual 59:
  Route length: 17448
  Contribution to Diversity: 0.0031812761693652547
  Route: [1, 49, 32, 48, 37, 5, 24, 45, 19, 41, 36, 25, 9, 10, 43, 33, 51, 11, 21, 4, 35, 40, 38, 15, 2, 7, 42, 6, 30, 23, 20, 14, 28, 27, 26, 47, 13, 12, 8, 39, 34, 44, 46, 16, 29, 50, 52, 17, 3, 18, 31, 22]

Individual 60:
  Route length: 21319
  Contribution to Diversity: 0.001405021672682416
  Route: [39, 40, 37, 38, 48, 3, 15, 52, 36, 35, 44, 34, 8, 10, 43, 33, 51, 7, 42, 25, 4, 6, 14, 13, 47, 26, 49, 1, 24, 41, 9, 30, 28, 27, 32, 45, 19, 46, 16, 29, 50, 20, 23, 12, 21, 17, 18, 5, 11, 2, 31, 22]

Individual 61:
  Route length: 19986
  Contribution to Diversity: 0.0019121582673724546
  Route: [1, 49, 15, 6, 40, 30, 2, 11, 51, 48, 10, 9, 52, 14, 46, 44, 31, 25, 4, 32, 5, 39, 23, 20, 50, 12, 28, 43, 33, 24, 36, 35, 19, 8, 7, 42, 21, 17, 3, 18, 34, 41, 27, 38, 37, 45, 26, 47, 13, 16, 29, 22]

Individual 62:
  Route length: 20741
  Contribution to Diversity: 0.000912874166746569
  Route: [1, 49, 34, 44, 46, 37, 38, 48, 19, 25, 31, 11, 51, 33, 21, 17, 8, 24, 26, 6, 45, 41, 35, 32, 47, 13, 27, 28, 10, 43, 42, 7, 39, 5, 15, 4, 36, 14, 52, 40, 2, 30, 23, 20, 50, 29, 16, 18, 3, 9, 12, 22]

Individual 63:
  Route length: 20404
  Contribution to Diversity: 0.0009579301475879376
  Route: [37, 42, 21, 17, 3, 18, 31, 25, 4, 38, 9, 19, 45, 32, 49, 1, 40, 33, 23, 20, 50, 29, 39, 43, 10, 41, 8, 13, 5, 11, 52, 28, 27, 48, 24, 16, 46, 2, 30, 51, 15, 6, 26, 47, 36, 35, 34, 44, 7, 14, 12, 22]

Individual 64:
  Route length: 21209
  Contribution to Diversity: 0
  Route: [34, 40, 37, 17, 21, 42, 2, 15, 13, 47, 18, 43, 33, 51, 41, 19, 27, 28, 12, 25, 4, 32, 11, 50, 29, 16, 46, 44, 20, 45, 6, 49, 52, 14, 5, 39, 3, 38, 1, 35, 36, 24, 48, 7, 30, 23, 26, 8, 9, 10, 31, 22]

Individual 65:
  Route length: 21176
  Contribution to Diversity: 0
  Route: [34, 40, 37, 17, 21, 42, 2, 38, 3, 39, 5, 14, 52, 49, 6, 45, 20, 44, 36, 35, 1, 15, 13, 47, 18, 43, 33, 51, 41, 19, 27, 28, 12, 25, 4, 32, 11, 50, 29, 16, 46, 24, 48, 7, 30, 23, 26, 8, 9, 10, 31, 22]

Individual 66:
  Route length: 22620
  Contribution to Diversity: 0
  Route: [34, 40, 37, 17, 21, 42, 41, 51, 33, 43, 18, 47, 13, 15, 1, 35, 36, 44, 20, 45, 6, 49, 52, 14, 5, 39, 3, 38, 2, 19, 27, 28, 12, 25, 4, 32, 11, 50, 29, 16, 46, 24, 48, 7, 30, 23, 26, 8, 9, 10, 31, 22]

Individual 67:
  Route length: 20723
  Contribution to Diversity: 0
  Route: [1, 49, 34, 44, 46, 16, 29, 50, 20, 23, 30, 2, 40, 52, 14, 36, 4, 15, 5, 39, 11, 51, 33, 21, 17, 8, 24, 13, 47, 32, 35, 41, 45, 6, 26, 27, 28, 10, 43, 42, 7, 31, 25, 19, 48, 38, 37, 18, 9, 3, 12, 22]

Individual 68:
  Route length: 21411
  Contribution to Diversity: 0
  Route: [5, 34, 44, 46, 16, 29, 50, 20, 23, 10, 43, 33, 51, 11, 31, 38, 52, 39, 36, 35, 12, 37, 40, 14, 7, 27, 26, 47, 13, 42, 21, 25, 4, 6, 15, 18, 3, 17, 48, 24, 1, 49, 45, 32, 19, 41, 8, 9, 30, 2, 28, 22]

Individual 69:
  Route length: 22498
  Contribution to Diversity: 0.0019553264835820983
  Route: [44, 46, 16, 38, 48, 15, 5, 17, 3, 11, 42, 51, 33, 43, 12, 41, 8, 13, 47, 27, 26, 28, 6, 32, 31, 18, 52, 14, 21, 7, 2, 1, 49, 4, 30, 34, 24, 10, 35, 36, 39, 20, 9, 23, 25, 37, 29, 50, 40, 19, 45, 22]

Individual 70:
  Route length: 20593
  Contribution to Diversity: 0.0010331095432665194
  Route: [21, 17, 3, 18, 31, 25, 44, 46, 13, 19, 36, 6, 51, 11, 52, 14, 42, 7, 24, 48, 45, 38, 27, 50, 20, 23, 30, 2, 37, 40, 39, 9, 8, 47, 26, 15, 5, 10, 43, 29, 16, 1, 49, 32, 4, 34, 35, 33, 41, 28, 12, 22]

Individual 71:
  Route length: 17476
  Contribution to Diversity: 0.0013737651021745734
  Route: [12, 16, 29, 20, 23, 3, 4, 36, 8, 41, 19, 45, 32, 49, 1, 51, 15, 6, 35, 34, 31, 37, 38, 48, 24, 13, 14, 52, 11, 5, 47, 26, 27, 30, 2, 7, 42, 21, 17, 25, 50, 33, 43, 18, 40, 39, 9, 10, 28, 46, 44, 22]

Individual 72:
  Route length: 17630
  Contribution to Diversity: 0.0024474136676815306
  Route: [1, 49, 15, 6, 40, 30, 2, 9, 10, 48, 51, 11, 52, 14, 46, 44, 31, 25, 4, 32, 5, 39, 23, 28, 12, 50, 20, 17, 3, 34, 18, 35, 36, 24, 33, 43, 21, 42, 7, 8, 19, 41, 45, 37, 38, 27, 26, 47, 13, 16, 29, 22]

Individual 73:
  Route length: 21921
  Contribution to Diversity: 0.0027062886761788363
  Route: [44, 24, 48, 38, 2, 49, 1, 45, 35, 36, 39, 14, 52, 18, 42, 11, 26, 28, 27, 3, 31, 32, 6, 25, 21, 51, 33, 43, 10, 20, 50, 17, 7, 13, 47, 12, 29, 16, 46, 5, 15, 4, 40, 8, 41, 37, 30, 23, 9, 19, 34, 22]

Individual 74:
  Route length: 18403
  Contribution to Diversity: 0.0016001310093427534
  Route: [40, 33, 51, 11, 52, 5, 19, 50, 29, 41, 37, 32, 45, 20, 21, 38, 48, 24, 18, 3, 36, 8, 9, 10, 35, 17, 14, 13, 47, 26, 39, 25, 6, 4, 16, 46, 44, 34, 43, 27, 28, 12, 31, 1, 49, 42, 7, 2, 30, 23, 15, 22]

Individual 75:
  Route length: 18722
  Contribution to Diversity: 0
  Route: [45, 14, 26, 47, 13, 1, 49, 32, 4, 33, 25, 29, 50, 20, 18, 12, 15, 6, 36, 19, 2, 30, 23, 31, 38, 48, 24, 10, 9, 8, 7, 42, 21, 17, 27, 28, 5, 39, 40, 37, 43, 51, 11, 52, 41, 35, 34, 44, 46, 16, 3, 22]

Individual 76:
  Route length: 18985
  Contribution to Diversity: 0.0022754457750151502
  Route: [37, 44, 34, 18, 25, 12, 28, 27, 26, 47, 13, 48, 24, 5, 15, 6, 42, 20, 11, 52, 33, 51, 23, 50, 7, 14, 38, 31, 4, 21, 17, 3, 35, 36, 39, 40, 19, 45, 32, 16, 29, 30, 2, 43, 10, 9, 8, 41, 1, 49, 46, 22]

Individual 77:
  Route length: 16827
  Contribution to Diversity: 0.002847571308218555
  Route: [1, 35, 20, 23, 30, 39, 36, 25, 12, 28, 21, 42, 7, 9, 18, 40, 3, 46, 16, 29, 50, 4, 45, 19, 41, 6, 15, 5, 44, 34, 49, 32, 8, 2, 38, 37, 48, 24, 17, 27, 26, 47, 13, 14, 52, 11, 51, 33, 43, 10, 31, 22]

Individual 78:
  Route length: 21960
  Contribution to Diversity: 0.0017887862903824825
  Route: [44, 34, 30, 4, 49, 1, 2, 7, 21, 14, 52, 18, 31, 32, 6, 15, 5, 17, 3, 11, 42, 51, 33, 43, 12, 41, 8, 9, 23, 25, 46, 16, 38, 48, 28, 26, 50, 40, 24, 13, 47, 27, 29, 37, 35, 36, 39, 20, 10, 19, 45, 22]

Individual 79:
  Route length: 16311
  Contribution to Diversity: 0.0032414442040282765
  Route: [1, 9, 8, 41, 19, 45, 43, 18, 40, 39, 36, 35, 15, 44, 46, 16, 20, 50, 29, 24, 5, 48, 38, 37, 14, 13, 47, 26, 27, 34, 23, 3, 17, 21, 42, 7, 6, 28, 12, 25, 4, 2, 30, 10, 49, 32, 33, 51, 11, 52, 31, 22]

Individual 80:
  Route length: 18635
  Contribution to Diversity: 0.0017307123705743166
  Route: [14, 52, 11, 12, 7, 27, 33, 43, 10, 47, 26, 51, 28, 42, 21, 17, 3, 18, 31, 25, 4, 32, 49, 1, 13, 9, 8, 19, 36, 6, 15, 5, 39, 34, 35, 41, 45, 2, 30, 23, 20, 50, 29, 16, 46, 44, 40, 37, 24, 48, 38, 22]

Individual 81:
  Route length: 18996
  Contribution to Diversity: 0.003382043174418925
  Route: [49, 32, 45, 19, 12, 28, 27, 26, 47, 13, 48, 24, 5, 15, 6, 42, 20, 11, 52, 33, 51, 23, 50, 7, 14, 38, 31, 4, 21, 17, 3, 35, 36, 39, 40, 25, 18, 34, 44, 37, 1, 41, 8, 9, 10, 43, 2, 30, 29, 16, 46, 22]

Individual 82:
  Route length: 21686
  Contribution to Diversity: 0.0020349852814289804
  Route: [39, 40, 27, 6, 13, 14, 52, 36, 35, 49, 26, 47, 4, 25, 42, 7, 51, 33, 43, 10, 9, 1, 24, 41, 12, 21, 17, 18, 5, 11, 2, 3, 48, 38, 37, 32, 45, 19, 46, 16, 29, 50, 20, 23, 30, 44, 34, 8, 28, 15, 31, 22]

Individual 83:
  Route length: 18721
  Contribution to Diversity: 0.00334144123699609
  Route: [8, 24, 36, 19, 48, 46, 44, 1, 49, 32, 47, 13, 38, 16, 29, 50, 20, 23, 30, 15, 5, 39, 40, 31, 25, 4, 26, 27, 28, 35, 51, 33, 43, 10, 34, 21, 42, 7, 2, 6, 45, 41, 17, 3, 18, 37, 14, 52, 11, 9, 12, 22]

Individual 84:
  Route length: 14529
  Contribution to Diversity: 0.0010133536434411283
  Route: [1, 40, 46, 24, 32, 49, 30, 2, 7, 23, 39, 36, 35, 34, 44, 4, 25, 12, 28, 48, 38, 37, 26, 47, 13, 14, 52, 6, 15, 5, 43, 33, 51, 11, 27, 20, 45, 18, 41, 19, 3, 17, 21, 42, 16, 50, 31, 8, 9, 10, 29, 22]

Individual 85:
  Route length: 20834
  Contribution to Diversity: 0
  Route: [5, 34, 44, 36, 39, 52, 38, 31, 11, 51, 33, 43, 10, 23, 20, 50, 29, 16, 46, 35, 21, 42, 13, 47, 7, 27, 26, 14, 40, 37, 12, 25, 4, 6, 15, 18, 3, 17, 48, 24, 1, 49, 45, 32, 19, 41, 8, 9, 30, 2, 28, 22]

Individual 86:
  Route length: 19935
  Contribution to Diversity: 0
  Route: [45, 14, 26, 47, 13, 1, 49, 32, 4, 33, 25, 29, 50, 20, 27, 17, 21, 42, 7, 8, 9, 10, 24, 48, 38, 31, 23, 30, 2, 19, 36, 6, 15, 12, 18, 28, 5, 39, 40, 37, 43, 51, 11, 52, 41, 35, 34, 44, 46, 16, 3, 22]

Individual 87:
  Route length: 19942
  Contribution to Diversity: 0
  Route: [21, 17, 3, 18, 31, 25, 4, 32, 49, 1, 16, 29, 43, 10, 5, 15, 41, 35, 34, 44, 46, 13, 24, 7, 42, 14, 52, 11, 51, 45, 48, 19, 36, 6, 38, 27, 50, 20, 23, 30, 2, 37, 40, 39, 9, 8, 47, 26, 33, 28, 12, 22]

Individual 88:
  Route length: 19682
  Contribution to Diversity: 0
  Route: [16, 46, 44, 34, 35, 41, 52, 11, 51, 43, 37, 40, 39, 5, 28, 18, 12, 15, 6, 36, 19, 2, 30, 23, 31, 38, 48, 24, 10, 9, 8, 7, 42, 21, 17, 27, 20, 50, 29, 25, 33, 4, 32, 49, 1, 13, 47, 26, 14, 45, 3, 22]

Individual 89:
  Route length: 20000
  Contribution to Diversity: 0
  Route: [21, 31, 18, 3, 17, 25, 4, 32, 49, 1, 16, 29, 43, 10, 5, 15, 41, 35, 34, 44, 46, 13, 24, 7, 42, 14, 52, 11, 51, 6, 36, 19, 48, 45, 38, 27, 50, 20, 23, 30, 2, 37, 40, 39, 9, 8, 47, 26, 33, 28, 12, 22]

Individual 90:
  Route length: 21215
  Contribution to Diversity: 0
  Route: [34, 40, 37, 17, 21, 42, 2, 38, 36, 35, 1, 15, 13, 47, 18, 43, 33, 51, 41, 19, 27, 28, 12, 25, 4, 32, 11, 50, 29, 16, 46, 44, 20, 45, 6, 49, 52, 14, 5, 39, 3, 24, 48, 7, 30, 23, 26, 8, 9, 10, 31, 22]

Individual 91:
  Route length: 20940
  Contribution to Diversity: 0.001517634665276546
  Route: [1, 51, 33, 48, 39, 17, 21, 26, 38, 37, 40, 32, 14, 52, 11, 4, 25, 9, 3, 49, 6, 45, 13, 8, 41, 31, 20, 29, 50, 28, 27, 36, 35, 34, 44, 46, 10, 47, 42, 7, 2, 30, 23, 18, 16, 12, 43, 24, 5, 15, 19, 22]

Individual 92:
  Route length: 19765
  Contribution to Diversity: 0.003418212985053515
  Route: [8, 9, 36, 45, 38, 52, 11, 51, 2, 7, 49, 44, 46, 16, 35, 37, 15, 34, 29, 50, 26, 13, 24, 48, 20, 47, 23, 30, 33, 19, 4, 25, 12, 28, 27, 14, 1, 5, 40, 39, 10, 43, 32, 41, 6, 42, 21, 17, 3, 18, 31, 22]

Individual 93:
  Route length: 20212
  Contribution to Diversity: 0.0006575505762107525
  Route: [1, 51, 33, 39, 48, 17, 21, 26, 38, 37, 40, 32, 14, 52, 11, 4, 25, 9, 3, 49, 6, 45, 13, 8, 41, 31, 20, 29, 50, 16, 18, 23, 30, 2, 7, 42, 47, 10, 46, 44, 34, 35, 36, 27, 28, 12, 43, 24, 5, 15, 19, 22]

Individual 94:
  Route length: 21092
  Contribution to Diversity: 0
  Route: [5, 34, 44, 36, 39, 52, 38, 6, 4, 25, 12, 37, 40, 14, 7, 27, 26, 47, 13, 42, 21, 35, 46, 16, 29, 50, 20, 23, 10, 43, 33, 51, 11, 31, 15, 18, 3, 17, 48, 24, 1, 49, 45, 32, 19, 41, 8, 9, 30, 2, 28, 22]

Individual 95:
  Route length: 18641
  Contribution to Diversity: 0.0015665685968873078
  Route: [12, 16, 29, 20, 23, 3, 4, 6, 15, 51, 1, 49, 32, 45, 19, 41, 8, 36, 35, 34, 31, 37, 38, 48, 24, 13, 14, 52, 11, 5, 47, 26, 25, 17, 28, 10, 9, 39, 40, 18, 43, 33, 50, 27, 30, 2, 7, 42, 21, 46, 44, 22]

Individual 96:
  Route length: 19978
  Contribution to Diversity: 0.001594293993837148
  Route: [1, 51, 33, 4, 11, 52, 14, 32, 40, 37, 38, 26, 21, 17, 39, 48, 25, 9, 3, 49, 6, 45, 13, 8, 41, 31, 20, 29, 50, 16, 18, 23, 30, 2, 7, 42, 47, 10, 46, 44, 34, 35, 36, 27, 28, 12, 43, 24, 5, 15, 19, 22]

Individual 97:
  Route length: 22597
  Contribution to Diversity: 0.0017439866729338505
  Route: [47, 18, 1, 46, 38, 48, 24, 5, 15, 50, 20, 17, 21, 4, 25, 6, 32, 31, 26, 11, 42, 7, 2, 30, 23, 9, 8, 41, 37, 16, 29, 12, 28, 27, 3, 10, 43, 36, 39, 14, 44, 33, 51, 49, 52, 34, 35, 13, 40, 19, 45, 22]

Individual 98:
  Route length: 16783
  Contribution to Diversity: 0.0036538938044694547
  Route: [46, 4, 50, 29, 16, 1, 49, 32, 45, 15, 37, 38, 48, 40, 5, 24, 39, 25, 12, 28, 27, 26, 44, 6, 19, 41, 8, 9, 10, 35, 51, 33, 30, 23, 20, 36, 3, 47, 34, 43, 2, 7, 42, 21, 17, 11, 52, 14, 13, 18, 31, 22]

Individual 99:
  Route length: 20731
  Contribution to Diversity: 0
  Route: [1, 49, 34, 44, 46, 16, 29, 50, 20, 23, 30, 2, 40, 52, 14, 36, 4, 15, 5, 39, 11, 51, 33, 21, 17, 8, 24, 13, 47, 32, 35, 41, 45, 6, 26, 27, 28, 10, 43, 42, 7, 3, 9, 18, 37, 38, 48, 19, 25, 31, 12, 22]

Total Entropy H: 5.863380964756315
