Individual 0:
  Route length: 15083
  Contribution to Diversity: 0.0031957496102545946
  Route: [35, 40, 48, 38, 32, 19, 41, 4, 37, 34, 3, 17, 18, 15, 44, 5, 39, 29, 50, 36, 43, 33, 51, 13, 14, 26, 27, 28, 46, 24, 31, 21, 7, 42, 2, 30, 23, 20, 16, 25, 47, 45, 8, 10, 9, 6, 12, 52, 11, 1, 49, 22]

Individual 1:
  Route length: 14983
  Contribution to Diversity: 0.002049302310186185
  Route: [27, 28, 33, 5, 6, 4, 12, 25, 24, 36, 23, 30, 26, 47, 13, 52, 51, 11, 14, 29, 34, 8, 9, 41, 3, 45, 10, 19, 43, 38, 15, 40, 37, 48, 35, 16, 39, 18, 1, 44, 31, 20, 50, 46, 49, 32, 17, 2, 7, 42, 21, 22]

Individual 2:
  Route length: 14993
  Contribution to Diversity: 0.000850928262759787
  Route: [1, 50, 16, 29, 20, 31, 9, 8, 37, 38, 40, 46, 44, 48, 33, 43, 10, 18, 36, 23, 30, 35, 19, 3, 32, 49, 39, 51, 4, 6, 15, 24, 5, 12, 11, 14, 28, 27, 25, 52, 13, 47, 26, 34, 45, 41, 21, 42, 7, 2, 17, 22]

Individual 3:
  Route length: 15020
  Contribution to Diversity: 0.0023586357962193105
  Route: [1, 19, 3, 18, 7, 2, 30, 21, 23, 8, 41, 10, 9, 33, 28, 12, 25, 4, 6, 47, 51, 26, 11, 52, 27, 14, 13, 34, 44, 48, 24, 15, 5, 43, 17, 42, 35, 38, 37, 40, 39, 16, 36, 46, 31, 49, 32, 45, 20, 50, 29, 22]

Individual 4:
  Route length: 14974
  Contribution to Diversity: 0.0018493115892699308
  Route: [1, 49, 2, 7, 21, 17, 32, 48, 24, 25, 9, 10, 8, 31, 35, 40, 36, 30, 23, 46, 29, 50, 15, 43, 51, 11, 52, 14, 13, 47, 26, 27, 28, 20, 42, 16, 44, 34, 4, 6, 19, 41, 18, 45, 33, 12, 38, 39, 37, 5, 3, 22]

Individual 5:
  Route length: 14697
  Contribution to Diversity: 0.00046494302779542807
  Route: [18, 46, 16, 45, 36, 39, 10, 9, 19, 38, 1, 32, 31, 3, 17, 21, 2, 7, 42, 44, 29, 30, 20, 23, 50, 13, 47, 26, 40, 15, 25, 6, 12, 28, 27, 14, 33, 51, 11, 52, 4, 43, 41, 8, 5, 48, 24, 49, 37, 35, 34, 22]

Individual 6:
  Route length: 15072
  Contribution to Diversity: 6.002398905913253e-06
  Route: [42, 2, 7, 29, 16, 51, 28, 12, 9, 10, 40, 24, 5, 45, 19, 41, 8, 35, 31, 44, 34, 46, 37, 11, 26, 47, 13, 14, 52, 27, 48, 38, 6, 43, 33, 4, 25, 3, 18, 49, 32, 17, 39, 36, 50, 20, 15, 21, 30, 23, 1, 22]

Individual 7:
  Route length: 14810
  Contribution to Diversity: 0.0021287323101297773
  Route: [37, 16, 26, 27, 28, 47, 14, 13, 52, 11, 51, 5, 10, 46, 35, 36, 39, 40, 48, 3, 17, 38, 24, 15, 6, 42, 21, 32, 19, 41, 8, 18, 31, 49, 45, 1, 7, 2, 30, 23, 20, 25, 12, 33, 43, 9, 4, 34, 44, 50, 29, 22]

Individual 8:
  Route length: 14942
  Contribution to Diversity: 0.0032574703493430945
  Route: [50, 20, 5, 29, 16, 3, 7, 30, 23, 49, 18, 46, 4, 6, 10, 43, 33, 51, 11, 52, 14, 13, 27, 47, 26, 28, 12, 44, 40, 36, 35, 38, 37, 48, 34, 19, 41, 9, 8, 15, 25, 31, 17, 2, 32, 24, 39, 1, 21, 42, 45, 22]

Individual 9:
  Route length: 15007
  Contribution to Diversity: 9.583960488956933e-05
  Route: [19, 41, 8, 3, 18, 1, 39, 48, 11, 26, 47, 13, 28, 14, 52, 27, 12, 36, 45, 40, 34, 24, 4, 25, 29, 50, 21, 42, 17, 9, 33, 43, 10, 51, 37, 35, 38, 5, 6, 23, 30, 2, 7, 20, 16, 15, 32, 49, 46, 44, 31, 22]

Individual 10:
  Route length: 15084
  Contribution to Diversity: 0.0015466590538926184
  Route: [1, 49, 50, 30, 23, 2, 7, 21, 17, 4, 35, 28, 27, 26, 47, 13, 14, 52, 11, 51, 43, 15, 34, 31, 8, 10, 9, 24, 48, 45, 3, 18, 40, 6, 44, 16, 46, 29, 20, 42, 12, 25, 19, 41, 33, 32, 36, 37, 39, 38, 5, 22]

Individual 11:
  Route length: 14907
  Contribution to Diversity: 0.001096417335082478
  Route: [18, 46, 16, 45, 50, 23, 20, 30, 29, 44, 42, 7, 2, 21, 17, 3, 31, 32, 1, 38, 19, 9, 10, 39, 36, 13, 47, 26, 40, 15, 25, 6, 12, 28, 27, 14, 33, 51, 11, 52, 4, 43, 41, 8, 5, 48, 24, 49, 37, 35, 34, 22]

Individual 12:
  Route length: 14991
  Contribution to Diversity: 0.0009080459086030501
  Route: [18, 31, 35, 44, 2, 7, 30, 23, 20, 6, 32, 19, 41, 9, 8, 10, 1, 3, 17, 40, 5, 46, 36, 48, 45, 24, 34, 42, 21, 50, 15, 4, 51, 12, 11, 52, 14, 13, 47, 26, 27, 28, 25, 39, 43, 37, 16, 29, 49, 33, 38, 22]

Individual 13:
  Route length: 15057
  Contribution to Diversity: 0.0019969470653196097
  Route: [32, 38, 5, 24, 25, 15, 37, 40, 4, 49, 44, 3, 18, 31, 35, 34, 17, 7, 2, 42, 21, 23, 41, 8, 16, 29, 50, 52, 11, 51, 12, 47, 14, 13, 20, 30, 27, 28, 26, 46, 36, 45, 9, 10, 43, 33, 6, 39, 1, 48, 19, 22]

Individual 14:
  Route length: 15035
  Contribution to Diversity: 0.0020590266017030956
  Route: [1, 44, 46, 32, 36, 49, 34, 15, 16, 23, 31, 2, 3, 17, 8, 24, 37, 38, 47, 26, 29, 13, 14, 52, 27, 28, 11, 51, 33, 43, 5, 40, 9, 10, 19, 41, 45, 48, 30, 20, 50, 18, 35, 6, 12, 25, 4, 39, 42, 7, 21, 22]

Individual 15:
  Route length: 15050
  Contribution to Diversity: 0.0020379614855032813
  Route: [1, 45, 49, 44, 5, 48, 4, 26, 14, 52, 13, 27, 28, 12, 25, 36, 39, 21, 17, 3, 2, 42, 7, 47, 11, 51, 33, 10, 9, 43, 38, 37, 23, 40, 6, 46, 24, 30, 8, 41, 31, 18, 29, 15, 35, 19, 32, 16, 20, 50, 34, 22]

Individual 16:
  Route length: 14799
  Contribution to Diversity: 0.0015652055202908244
  Route: [32, 49, 37, 35, 34, 6, 44, 23, 39, 24, 16, 40, 48, 20, 50, 42, 7, 2, 3, 41, 43, 10, 9, 8, 36, 25, 33, 51, 45, 19, 4, 27, 28, 12, 11, 52, 14, 13, 47, 26, 5, 38, 30, 31, 18, 1, 17, 21, 15, 46, 29, 22]

Individual 17:
  Route length: 15059
  Contribution to Diversity: 0.0003901893816040669
  Route: [37, 45, 28, 27, 12, 36, 1, 49, 8, 9, 10, 43, 33, 51, 48, 40, 25, 30, 20, 50, 26, 47, 13, 52, 14, 11, 6, 38, 24, 44, 15, 41, 19, 23, 32, 39, 31, 18, 2, 42, 7, 21, 29, 16, 46, 35, 34, 5, 4, 3, 17, 22]

Individual 18:
  Route length: 15035
  Contribution to Diversity: 0.002412312083852619
  Route: [31, 17, 7, 42, 21, 3, 45, 41, 19, 32, 18, 48, 35, 39, 52, 14, 47, 13, 28, 12, 25, 5, 15, 43, 33, 51, 11, 34, 44, 27, 26, 40, 38, 37, 8, 10, 9, 24, 20, 6, 4, 46, 36, 49, 23, 1, 30, 2, 16, 29, 50, 22]

Individual 19:
  Route length: 14998
  Contribution to Diversity: 0.0022661855122620977
  Route: [32, 39, 24, 46, 6, 8, 41, 19, 4, 38, 21, 17, 3, 25, 12, 28, 14, 52, 13, 27, 26, 44, 5, 48, 37, 23, 2, 7, 42, 16, 30, 43, 9, 10, 33, 51, 11, 47, 20, 29, 18, 50, 34, 36, 15, 40, 31, 35, 45, 49, 1, 22]

Individual 20:
  Route length: 15074
  Contribution to Diversity: 0.002299483508105382
  Route: [17, 43, 28, 14, 25, 40, 49, 50, 27, 52, 11, 51, 33, 12, 26, 47, 13, 15, 5, 24, 16, 44, 34, 3, 29, 46, 39, 20, 21, 31, 18, 1, 45, 8, 9, 10, 41, 19, 32, 35, 4, 38, 48, 6, 37, 36, 2, 7, 42, 30, 23, 22]

Individual 21:
  Route length: 14954
  Contribution to Diversity: 0.002309459433318395
  Route: [1, 35, 36, 26, 27, 28, 15, 6, 40, 34, 24, 43, 10, 4, 33, 25, 12, 47, 13, 14, 52, 11, 51, 9, 42, 21, 32, 8, 41, 19, 20, 50, 29, 16, 31, 18, 23, 30, 2, 7, 45, 48, 37, 39, 38, 46, 5, 49, 3, 17, 44, 22]

Individual 22:
  Route length: 15075
  Contribution to Diversity: 0.00106221705546794
  Route: [49, 40, 48, 25, 12, 29, 34, 44, 16, 46, 6, 24, 35, 18, 1, 17, 30, 23, 3, 50, 21, 42, 7, 2, 20, 31, 45, 15, 43, 19, 4, 51, 52, 11, 14, 13, 47, 26, 27, 28, 8, 10, 9, 33, 32, 41, 36, 38, 37, 39, 5, 22]

Individual 23:
  Route length: 14762
  Contribution to Diversity: 0.0004925112134426257
  Route: [16, 18, 17, 21, 42, 7, 2, 30, 44, 38, 6, 4, 3, 40, 39, 37, 23, 52, 14, 13, 47, 26, 27, 15, 34, 36, 12, 50, 46, 48, 24, 5, 43, 33, 51, 11, 25, 49, 10, 9, 8, 41, 19, 45, 32, 20, 29, 28, 35, 1, 31, 22]

Individual 24:
  Route length: 14968
  Contribution to Diversity: 0.0008437143826380833
  Route: [39, 36, 42, 7, 2, 17, 50, 16, 20, 1, 29, 14, 12, 33, 51, 11, 52, 27, 46, 44, 30, 21, 31, 37, 24, 5, 6, 25, 48, 38, 4, 15, 28, 26, 47, 13, 32, 35, 43, 40, 3, 45, 19, 41, 10, 8, 9, 18, 34, 49, 23, 22]

Individual 25:
  Route length: 14994
  Contribution to Diversity: 0.0013796710572506754
  Route: [35, 24, 37, 31, 21, 30, 44, 46, 27, 52, 11, 51, 33, 12, 14, 29, 1, 20, 16, 50, 17, 2, 7, 42, 36, 39, 32, 48, 38, 4, 34, 18, 9, 8, 10, 41, 19, 45, 3, 40, 43, 5, 6, 25, 13, 47, 26, 28, 15, 49, 23, 22]

Individual 26:
  Route length: 15070
  Contribution to Diversity: 0.0009826556795147212
  Route: [8, 41, 36, 35, 1, 20, 50, 39, 24, 38, 45, 4, 25, 15, 21, 18, 19, 32, 34, 40, 6, 46, 23, 37, 44, 49, 16, 48, 5, 12, 52, 13, 14, 28, 27, 11, 51, 33, 10, 9, 43, 29, 2, 7, 42, 47, 26, 30, 3, 17, 31, 22]

Individual 27:
  Route length: 15016
  Contribution to Diversity: 0.0011129413258448295
  Route: [18, 31, 35, 44, 3, 1, 10, 8, 9, 41, 19, 32, 6, 20, 23, 30, 7, 2, 17, 40, 5, 46, 36, 48, 45, 24, 49, 29, 16, 37, 43, 39, 25, 28, 27, 26, 47, 13, 14, 52, 11, 12, 51, 4, 15, 50, 21, 42, 34, 33, 38, 22]

Individual 28:
  Route length: 14971
  Contribution to Diversity: 0.003249209231470651
  Route: [40, 24, 4, 28, 13, 14, 47, 26, 27, 52, 11, 51, 33, 12, 16, 15, 49, 1, 25, 34, 36, 35, 41, 32, 20, 29, 48, 38, 45, 46, 6, 18, 31, 39, 8, 3, 17, 21, 50, 5, 23, 42, 7, 2, 30, 44, 37, 19, 9, 10, 43, 22]

Individual 29:
  Route length: 14776
  Contribution to Diversity: 0.001270472772954001
  Route: [14, 26, 47, 13, 52, 11, 18, 3, 17, 21, 42, 7, 2, 30, 31, 36, 12, 51, 33, 8, 45, 10, 9, 15, 6, 34, 32, 35, 46, 20, 38, 37, 39, 48, 49, 23, 50, 29, 16, 25, 27, 28, 4, 5, 43, 44, 40, 24, 41, 19, 1, 22]

Individual 30:
  Route length: 14972
  Contribution to Diversity: 0.0015780344735141227
  Route: [46, 15, 24, 40, 44, 39, 36, 16, 27, 28, 11, 14, 52, 13, 47, 26, 29, 12, 37, 51, 5, 4, 6, 43, 33, 10, 9, 8, 19, 49, 41, 3, 17, 21, 20, 35, 34, 38, 25, 50, 1, 45, 18, 31, 30, 32, 23, 48, 42, 7, 2, 22]

Individual 31:
  Route length: 14988
  Contribution to Diversity: 0.0008640429935677929
  Route: [49, 40, 48, 4, 51, 52, 11, 14, 13, 47, 26, 27, 28, 8, 10, 9, 33, 32, 41, 19, 43, 15, 45, 31, 20, 2, 7, 42, 21, 50, 3, 23, 30, 17, 1, 6, 24, 35, 18, 46, 16, 44, 34, 29, 12, 25, 36, 38, 37, 39, 5, 22]

Individual 32:
  Route length: 14981
  Contribution to Diversity: 0.0019288590039892028
  Route: [20, 48, 24, 5, 39, 3, 17, 21, 31, 19, 10, 9, 8, 41, 7, 42, 2, 50, 23, 36, 12, 51, 11, 29, 46, 4, 40, 37, 38, 45, 32, 1, 49, 30, 34, 35, 33, 52, 14, 13, 47, 26, 27, 25, 28, 15, 6, 43, 18, 44, 16, 22]

Individual 33:
  Route length: 15022
  Contribution to Diversity: 0.0019188854265248523
  Route: [49, 7, 21, 2, 17, 31, 3, 19, 33, 51, 11, 52, 13, 14, 26, 47, 27, 6, 4, 39, 18, 37, 38, 50, 20, 16, 29, 42, 30, 23, 35, 45, 5, 24, 1, 40, 25, 46, 48, 34, 8, 9, 41, 10, 43, 15, 32, 36, 44, 12, 28, 22]

Individual 34:
  Route length: 14908
  Contribution to Diversity: 0.0020194092153769105
  Route: [2, 41, 34, 43, 33, 51, 11, 52, 14, 13, 26, 47, 27, 28, 12, 25, 9, 8, 45, 19, 21, 17, 7, 23, 29, 30, 42, 18, 37, 38, 1, 31, 15, 40, 20, 50, 44, 46, 16, 35, 36, 3, 5, 4, 6, 24, 48, 32, 49, 10, 39, 22]

Individual 35:
  Route length: 15066
  Contribution to Diversity: 0.000658428402492639
  Route: [1, 3, 17, 21, 42, 16, 38, 44, 50, 36, 12, 28, 11, 4, 5, 34, 40, 39, 47, 27, 26, 25, 7, 2, 30, 31, 18, 20, 23, 29, 52, 14, 13, 46, 48, 37, 15, 6, 33, 43, 10, 9, 8, 41, 19, 45, 32, 49, 35, 51, 24, 22]

Individual 36:
  Route length: 14970
  Contribution to Diversity: 0.0023985333106173456
  Route: [45, 32, 1, 35, 6, 7, 2, 42, 21, 17, 3, 31, 49, 19, 10, 9, 8, 41, 43, 5, 34, 18, 20, 50, 51, 33, 12, 28, 27, 26, 47, 36, 39, 25, 48, 46, 15, 23, 16, 40, 24, 38, 37, 14, 13, 11, 52, 4, 30, 29, 44, 22]

Individual 37:
  Route length: 15080
  Contribution to Diversity: 0.0012307073275215075
  Route: [8, 41, 36, 35, 23, 46, 6, 40, 34, 32, 19, 18, 21, 15, 25, 4, 45, 38, 24, 39, 50, 20, 1, 37, 44, 49, 16, 48, 5, 12, 52, 13, 14, 28, 27, 11, 51, 33, 10, 9, 43, 29, 2, 7, 42, 47, 26, 30, 3, 17, 31, 22]

Individual 38:
  Route length: 14913
  Contribution to Diversity: 0.000976075527361786
  Route: [1, 48, 14, 13, 11, 51, 6, 4, 12, 28, 52, 29, 50, 20, 23, 30, 46, 42, 31, 21, 17, 3, 2, 7, 24, 34, 35, 36, 39, 40, 38, 44, 49, 32, 18, 16, 37, 15, 5, 43, 10, 9, 8, 41, 19, 45, 33, 25, 47, 27, 26, 22]

Individual 39:
  Route length: 15011
  Contribution to Diversity: 0.0012857622210020736
  Route: [1, 49, 3, 17, 21, 2, 30, 23, 45, 19, 41, 8, 9, 10, 33, 43, 46, 24, 18, 32, 47, 27, 13, 14, 52, 51, 26, 25, 35, 16, 31, 7, 42, 29, 38, 44, 15, 39, 36, 50, 48, 20, 34, 5, 12, 11, 28, 37, 40, 6, 4, 22]

Individual 40:
  Route length: 14971
  Contribution to Diversity: 0.0008404938272565943
  Route: [19, 9, 8, 18, 31, 2, 7, 42, 21, 23, 16, 27, 13, 28, 11, 14, 52, 51, 33, 43, 10, 41, 45, 32, 49, 29, 15, 48, 24, 3, 17, 46, 6, 4, 25, 47, 26, 5, 38, 35, 34, 20, 44, 50, 1, 39, 40, 37, 30, 12, 36, 22]

Individual 41:
  Route length: 15075
  Contribution to Diversity: 0.00271865376246172
  Route: [48, 24, 5, 43, 3, 1, 15, 4, 26, 27, 51, 33, 6, 34, 35, 21, 2, 7, 42, 30, 50, 31, 49, 32, 41, 19, 45, 11, 28, 52, 14, 13, 47, 25, 12, 10, 9, 8, 18, 36, 39, 17, 23, 37, 44, 38, 16, 29, 20, 46, 40, 22]

Individual 42:
  Route length: 14555
  Contribution to Diversity: 0.0008306478727888589
  Route: [32, 1, 39, 6, 33, 43, 10, 9, 45, 44, 3, 18, 31, 35, 34, 17, 7, 2, 42, 21, 23, 41, 8, 13, 14, 47, 12, 51, 11, 52, 50, 29, 16, 20, 30, 27, 28, 26, 46, 36, 49, 4, 40, 37, 15, 25, 24, 5, 38, 48, 19, 22]

Individual 43:
  Route length: 15024
  Contribution to Diversity: 0.0017005873787470094
  Route: [5, 15, 24, 46, 37, 44, 50, 30, 42, 7, 2, 21, 35, 36, 23, 43, 27, 51, 33, 6, 4, 25, 12, 26, 34, 48, 45, 19, 41, 32, 49, 1, 38, 31, 18, 17, 3, 10, 9, 8, 11, 28, 47, 13, 14, 52, 40, 20, 29, 16, 39, 22]

Individual 44:
  Route length: 14555
  Contribution to Diversity: 0.0025966989983912114
  Route: [32, 35, 3, 23, 31, 50, 18, 40, 46, 16, 29, 30, 42, 7, 2, 21, 47, 13, 14, 52, 28, 51, 33, 41, 39, 36, 1, 49, 20, 38, 45, 44, 37, 34, 26, 27, 11, 4, 6, 25, 5, 15, 24, 48, 12, 43, 10, 9, 8, 17, 19, 22]

Individual 45:
  Route length: 14933
  Contribution to Diversity: 0.00104575530186235
  Route: [1, 9, 8, 10, 20, 21, 35, 41, 42, 7, 2, 23, 29, 16, 46, 48, 37, 40, 4, 6, 19, 36, 49, 32, 45, 25, 12, 28, 14, 52, 11, 51, 33, 43, 39, 47, 13, 27, 26, 44, 24, 5, 15, 38, 30, 34, 3, 17, 50, 18, 31, 22]

Individual 46:
  Route length: 14895
  Contribution to Diversity: 0.0003649229389983688
  Route: [19, 41, 8, 3, 18, 1, 39, 48, 11, 26, 47, 13, 28, 14, 52, 27, 12, 36, 45, 40, 34, 24, 51, 10, 43, 33, 9, 17, 42, 21, 20, 7, 2, 30, 23, 6, 5, 38, 35, 37, 4, 25, 29, 50, 16, 44, 46, 49, 32, 15, 31, 22]

Individual 47:
  Route length: 15074
  Contribution to Diversity: 0.00012787070519149069
  Route: [1, 33, 43, 13, 51, 11, 52, 12, 6, 5, 16, 25, 47, 14, 26, 27, 28, 29, 39, 44, 48, 40, 4, 37, 34, 49, 35, 41, 19, 45, 36, 38, 20, 23, 30, 2, 42, 7, 21, 31, 8, 10, 9, 15, 50, 46, 18, 17, 3, 32, 24, 22]

Individual 48:
  Route length: 15076
  Contribution to Diversity: 0.0016897688067585293
  Route: [8, 9, 10, 43, 12, 48, 24, 15, 5, 29, 35, 32, 17, 2, 7, 42, 30, 50, 31, 3, 38, 19, 41, 25, 16, 46, 40, 18, 21, 23, 45, 37, 44, 47, 13, 14, 52, 28, 51, 33, 6, 4, 11, 27, 26, 34, 20, 49, 1, 36, 39, 22]

Individual 49:
  Route length: 15014
  Contribution to Diversity: 0.0009175390264939409
  Route: [1, 45, 49, 44, 5, 48, 4, 26, 14, 52, 13, 27, 28, 12, 25, 50, 20, 16, 32, 19, 35, 15, 36, 39, 21, 17, 8, 41, 2, 7, 42, 47, 11, 51, 33, 10, 9, 43, 38, 23, 37, 40, 6, 46, 24, 3, 30, 31, 18, 29, 34, 22]

Individual 50:
  Route length: 14963
  Contribution to Diversity: 0.0021744950723343592
  Route: [49, 38, 37, 10, 43, 4, 6, 24, 46, 39, 32, 50, 8, 45, 16, 29, 31, 1, 40, 41, 9, 33, 51, 11, 52, 14, 13, 26, 47, 27, 28, 12, 25, 5, 30, 7, 17, 21, 35, 36, 44, 48, 15, 19, 42, 23, 2, 20, 34, 18, 3, 22]

Individual 51:
  Route length: 14688
  Contribution to Diversity: 0.0015933466764730397
  Route: [1, 40, 47, 4, 6, 32, 16, 44, 46, 34, 37, 39, 15, 5, 24, 35, 49, 36, 28, 27, 52, 11, 13, 51, 33, 8, 9, 10, 43, 41, 19, 45, 48, 38, 50, 30, 2, 7, 42, 3, 17, 21, 18, 31, 26, 12, 25, 14, 29, 23, 20, 22]

Individual 52:
  Route length: 14757
  Contribution to Diversity: 0.0004150404157208243
  Route: [37, 45, 28, 27, 12, 46, 16, 29, 21, 7, 42, 2, 18, 31, 39, 32, 23, 19, 41, 15, 44, 24, 38, 6, 11, 14, 52, 13, 47, 26, 50, 20, 30, 25, 40, 48, 51, 33, 43, 10, 9, 8, 49, 1, 36, 35, 34, 5, 4, 3, 17, 22]

Individual 53:
  Route length: 15022
  Contribution to Diversity: 0.0004950673030954533
  Route: [31, 18, 3, 7, 2, 42, 21, 17, 45, 30, 15, 6, 44, 25, 4, 5, 46, 38, 16, 50, 23, 33, 12, 28, 27, 10, 9, 19, 41, 48, 24, 20, 29, 37, 35, 32, 49, 34, 36, 1, 40, 39, 43, 26, 47, 13, 52, 14, 11, 51, 8, 22]

Individual 54:
  Route length: 14310
  Contribution to Diversity: 0.0016385199292745511
  Route: [50, 20, 8, 41, 18, 31, 33, 10, 9, 43, 23, 1, 6, 24, 47, 13, 27, 26, 14, 52, 11, 28, 12, 25, 4, 16, 29, 51, 15, 40, 37, 46, 48, 38, 35, 36, 45, 19, 49, 34, 44, 39, 5, 2, 7, 42, 30, 32, 21, 17, 3, 22]

Individual 55:
  Route length: 14999
  Contribution to Diversity: 0.0007872393888526119
  Route: [42, 2, 7, 21, 30, 23, 1, 35, 19, 41, 17, 15, 31, 29, 16, 6, 46, 37, 34, 44, 20, 50, 4, 45, 40, 24, 38, 25, 48, 5, 43, 51, 33, 10, 9, 12, 28, 11, 26, 13, 47, 14, 52, 27, 8, 39, 36, 3, 18, 49, 32, 22]

Individual 56:
  Route length: 15078
  Contribution to Diversity: 0.000313740325317724
  Route: [8, 41, 29, 26, 27, 14, 13, 52, 28, 12, 25, 4, 34, 17, 3, 30, 24, 37, 23, 2, 7, 42, 20, 50, 40, 43, 38, 48, 46, 39, 15, 19, 32, 49, 44, 16, 21, 18, 1, 45, 35, 36, 9, 10, 33, 51, 11, 47, 6, 5, 31, 22]

Individual 57:
  Route length: 14843
  Contribution to Diversity: 0.0012145391871225542
  Route: [39, 38, 51, 11, 6, 23, 20, 3, 32, 31, 1, 46, 44, 34, 15, 25, 48, 17, 18, 50, 5, 49, 40, 37, 36, 35, 29, 12, 27, 26, 47, 28, 13, 14, 52, 33, 43, 4, 24, 45, 19, 41, 8, 9, 10, 21, 16, 2, 7, 42, 30, 22]

Individual 58:
  Route length: 14950
  Contribution to Diversity: 0.000619223567766447
  Route: [42, 7, 2, 30, 21, 23, 1, 35, 19, 41, 17, 15, 31, 20, 50, 4, 45, 40, 24, 38, 25, 48, 5, 6, 16, 29, 44, 34, 37, 46, 43, 51, 33, 10, 9, 12, 28, 11, 26, 13, 47, 14, 52, 27, 8, 39, 36, 3, 18, 49, 32, 22]

Individual 59:
  Route length: 14978
  Contribution to Diversity: 0.0013225458485521813
  Route: [21, 29, 16, 45, 19, 41, 23, 50, 20, 33, 43, 15, 6, 1, 5, 48, 37, 34, 8, 9, 10, 2, 7, 42, 30, 17, 3, 40, 24, 39, 18, 38, 25, 12, 28, 27, 44, 31, 4, 51, 11, 52, 14, 47, 13, 26, 49, 32, 35, 36, 46, 22]

Individual 60:
  Route length: 14515
  Contribution to Diversity: 0.0005243475718144097
  Route: [1, 45, 19, 41, 8, 9, 10, 43, 12, 28, 27, 25, 6, 15, 38, 35, 4, 47, 26, 13, 14, 33, 51, 11, 52, 17, 21, 5, 36, 20, 42, 7, 2, 30, 46, 29, 32, 49, 16, 50, 34, 44, 31, 3, 40, 37, 39, 24, 48, 23, 18, 22]

Individual 61:
  Route length: 14784
  Contribution to Diversity: 0.0011166389580372638
  Route: [34, 35, 46, 4, 25, 16, 49, 48, 33, 51, 12, 11, 14, 52, 13, 47, 26, 24, 37, 15, 38, 21, 30, 31, 18, 23, 39, 3, 41, 5, 19, 45, 44, 1, 6, 28, 27, 36, 8, 9, 10, 43, 40, 32, 17, 42, 7, 2, 20, 50, 29, 22]

Individual 62:
  Route length: 15011
  Contribution to Diversity: 0.0002243130703574181
  Route: [7, 2, 17, 42, 21, 30, 23, 50, 24, 4, 25, 29, 9, 33, 43, 10, 45, 3, 18, 32, 37, 40, 36, 12, 11, 26, 47, 13, 14, 28, 52, 27, 46, 44, 34, 15, 5, 48, 38, 39, 35, 16, 20, 49, 19, 41, 8, 1, 51, 6, 31, 22]

Individual 63:
  Route length: 14790
  Contribution to Diversity: 0.001599472125900725
  Route: [25, 1, 49, 15, 16, 23, 21, 17, 3, 8, 48, 20, 5, 12, 33, 51, 11, 52, 27, 26, 47, 14, 13, 28, 4, 24, 38, 37, 44, 30, 2, 7, 42, 41, 32, 29, 50, 35, 36, 34, 40, 45, 46, 6, 18, 31, 39, 19, 9, 10, 43, 22]

Individual 64:
  Route length: 14976
  Contribution to Diversity: 0.00017692369336153035
  Route: [18, 8, 9, 31, 20, 29, 16, 50, 23, 30, 35, 37, 5, 27, 28, 48, 24, 25, 4, 10, 38, 40, 34, 45, 3, 19, 43, 6, 46, 44, 36, 1, 32, 49, 39, 51, 52, 14, 11, 33, 12, 13, 47, 26, 15, 41, 17, 21, 42, 2, 7, 22]

Individual 65:
  Route length: 15003
  Contribution to Diversity: 0.0008502989186220944
  Route: [39, 38, 51, 11, 14, 52, 33, 43, 4, 24, 45, 19, 41, 8, 9, 10, 21, 1, 31, 32, 3, 20, 23, 6, 13, 28, 47, 26, 27, 12, 29, 35, 36, 37, 40, 49, 5, 50, 18, 17, 48, 25, 15, 34, 44, 46, 16, 2, 7, 42, 30, 22]

Individual 66:
  Route length: 14518
  Contribution to Diversity: 0
  Route: [1, 49, 5, 15, 6, 4, 39, 40, 37, 48, 34, 44, 50, 35, 2, 42, 7, 30, 18, 25, 27, 26, 47, 13, 14, 52, 33, 11, 51, 12, 20, 23, 21, 17, 3, 16, 46, 24, 31, 36, 28, 29, 38, 45, 32, 19, 10, 9, 8, 41, 43, 22]

Individual 67:
  Route length: 14823
  Contribution to Diversity: 0.002640223963914501
  Route: [20, 37, 50, 35, 23, 15, 48, 31, 30, 2, 7, 42, 14, 52, 11, 51, 33, 9, 8, 41, 49, 32, 1, 34, 38, 26, 13, 47, 27, 28, 12, 25, 43, 46, 16, 29, 3, 17, 21, 44, 39, 36, 18, 10, 45, 19, 4, 5, 6, 40, 24, 22]

Individual 68:
  Route length: 14875
  Contribution to Diversity: 0.0006330009703194861
  Route: [49, 7, 21, 2, 17, 31, 3, 19, 33, 51, 11, 52, 13, 14, 26, 47, 5, 24, 50, 20, 16, 29, 42, 30, 23, 35, 6, 34, 8, 9, 41, 10, 43, 15, 32, 36, 44, 48, 46, 25, 40, 1, 38, 37, 18, 39, 4, 12, 28, 27, 45, 22]

Individual 69:
  Route length: 15017
  Contribution to Diversity: 0.002272756370449436
  Route: [49, 38, 37, 50, 20, 2, 23, 42, 19, 43, 4, 6, 24, 46, 44, 48, 15, 10, 32, 39, 36, 35, 21, 17, 7, 30, 5, 25, 12, 28, 27, 47, 26, 13, 14, 52, 11, 51, 33, 9, 40, 8, 45, 16, 29, 31, 1, 41, 34, 18, 3, 22]

Individual 70:
  Route length: 14994
  Contribution to Diversity: 0
  Route: [7, 2, 17, 42, 21, 30, 23, 50, 24, 4, 25, 29, 9, 33, 43, 10, 45, 3, 18, 32, 40, 37, 36, 12, 11, 26, 47, 13, 14, 28, 52, 27, 46, 44, 34, 15, 5, 48, 38, 39, 35, 16, 20, 49, 19, 41, 8, 1, 51, 6, 31, 22]

Individual 71:
  Route length: 14718
  Contribution to Diversity: 0
  Route: [1, 31, 37, 12, 25, 35, 36, 39, 48, 13, 47, 24, 5, 28, 27, 26, 6, 50, 15, 44, 46, 16, 30, 29, 4, 3, 18, 21, 17, 2, 7, 42, 20, 38, 40, 34, 23, 14, 52, 11, 51, 33, 43, 10, 9, 45, 8, 41, 19, 32, 49, 22]

Individual 72:
  Route length: 14904
  Contribution to Diversity: 0.001433299978825353
  Route: [31, 42, 30, 7, 2, 9, 10, 41, 8, 1, 16, 5, 15, 48, 44, 34, 13, 14, 11, 52, 27, 26, 51, 28, 12, 25, 4, 35, 6, 24, 33, 43, 18, 3, 19, 23, 21, 17, 38, 36, 46, 37, 40, 39, 49, 32, 45, 47, 29, 50, 20, 22]

Individual 73:
  Route length: 14288
  Contribution to Diversity: 0
  Route: [1, 33, 43, 13, 51, 11, 52, 47, 14, 26, 27, 28, 29, 39, 44, 48, 40, 4, 37, 34, 49, 35, 41, 19, 45, 36, 38, 5, 6, 12, 25, 16, 20, 23, 30, 2, 42, 7, 21, 31, 8, 10, 9, 15, 50, 46, 18, 17, 3, 32, 24, 22]

Individual 74:
  Route length: 14584
  Contribution to Diversity: 0.0018393716440803232
  Route: [17, 2, 7, 42, 1, 32, 46, 18, 41, 10, 9, 45, 8, 19, 3, 39, 36, 50, 27, 35, 24, 6, 13, 47, 26, 12, 33, 51, 11, 52, 14, 28, 43, 38, 4, 15, 5, 48, 40, 37, 25, 20, 16, 44, 34, 49, 29, 31, 21, 30, 23, 22]

Individual 75:
  Route length: 15011
  Contribution to Diversity: 0.0008440325673744198
  Route: [32, 45, 9, 8, 46, 6, 48, 15, 4, 25, 38, 3, 17, 18, 19, 12, 43, 33, 51, 11, 14, 52, 28, 13, 27, 16, 50, 44, 2, 7, 42, 41, 10, 36, 39, 40, 49, 34, 35, 29, 47, 26, 5, 24, 23, 21, 31, 1, 37, 20, 30, 22]

Individual 76:
  Route length: 15040
  Contribution to Diversity: 0.0018108918350661085
  Route: [1, 49, 3, 17, 21, 2, 30, 23, 45, 19, 41, 8, 9, 10, 33, 43, 46, 24, 18, 32, 47, 27, 13, 14, 52, 51, 26, 25, 35, 16, 31, 7, 42, 29, 36, 39, 15, 44, 38, 50, 48, 20, 34, 5, 12, 11, 28, 37, 40, 6, 4, 22]

Individual 77:
  Route length: 15081
  Contribution to Diversity: 0.0021494286335101975
  Route: [50, 21, 42, 7, 2, 17, 32, 8, 10, 43, 33, 39, 23, 30, 16, 29, 37, 1, 38, 40, 19, 3, 45, 9, 41, 15, 5, 24, 36, 49, 44, 48, 34, 28, 27, 25, 26, 47, 51, 11, 13, 52, 14, 12, 46, 18, 31, 4, 6, 20, 35, 22]

Individual 78:
  Route length: 14679
  Contribution to Diversity: 0
  Route: [34, 35, 46, 4, 25, 16, 40, 43, 10, 9, 8, 36, 27, 28, 6, 1, 44, 3, 24, 37, 48, 33, 51, 12, 11, 14, 52, 13, 47, 26, 5, 41, 45, 19, 39, 23, 18, 31, 30, 21, 38, 15, 49, 32, 17, 42, 7, 2, 20, 50, 29, 22]

Individual 79:
  Route length: 14957
  Contribution to Diversity: 0.0013795579936717317
  Route: [35, 34, 27, 28, 26, 16, 29, 50, 36, 45, 3, 17, 21, 42, 7, 2, 23, 18, 31, 15, 39, 1, 49, 32, 20, 30, 12, 25, 46, 44, 41, 40, 5, 24, 48, 38, 43, 10, 9, 33, 51, 11, 52, 37, 6, 14, 13, 47, 4, 8, 19, 22]

Individual 80:
  Route length: 14988
  Contribution to Diversity: 0.0008532074236820009
  Route: [49, 44, 6, 35, 23, 30, 42, 29, 16, 20, 50, 24, 5, 47, 26, 14, 13, 52, 11, 51, 33, 19, 3, 31, 17, 2, 21, 7, 36, 32, 15, 43, 10, 41, 9, 8, 34, 48, 46, 25, 40, 1, 38, 37, 18, 39, 4, 12, 28, 27, 45, 22]

Individual 81:
  Route length: 14850
  Contribution to Diversity: 6.047098880390678e-05
  Route: [31, 18, 3, 7, 2, 42, 21, 17, 45, 30, 15, 6, 44, 25, 4, 5, 24, 48, 41, 19, 9, 10, 27, 28, 12, 33, 23, 50, 16, 38, 46, 20, 29, 40, 1, 36, 34, 49, 32, 35, 37, 39, 43, 26, 47, 13, 52, 14, 11, 51, 8, 22]

Individual 82:
  Route length: 14679
  Contribution to Diversity: 0
  Route: [1, 18, 3, 4, 29, 30, 16, 46, 44, 15, 50, 6, 26, 27, 28, 5, 24, 47, 13, 48, 39, 36, 35, 25, 12, 37, 31, 21, 17, 2, 7, 42, 20, 38, 40, 34, 23, 14, 52, 11, 51, 33, 43, 10, 9, 45, 8, 41, 19, 32, 49, 22]

Individual 83:
  Route length: 14912
  Contribution to Diversity: 0.0013087465245780194
  Route: [48, 23, 32, 30, 31, 18, 45, 1, 50, 25, 38, 34, 35, 20, 21, 17, 3, 41, 49, 19, 8, 9, 10, 33, 43, 6, 4, 5, 51, 37, 12, 29, 26, 47, 13, 52, 14, 11, 28, 27, 16, 36, 39, 44, 40, 24, 15, 46, 42, 7, 2, 22]

Individual 84:
  Route length: 14828
  Contribution to Diversity: 0
  Route: [18, 34, 40, 38, 10, 31, 9, 8, 45, 3, 19, 43, 6, 4, 25, 24, 48, 28, 27, 5, 37, 35, 30, 23, 50, 16, 29, 20, 46, 44, 36, 1, 32, 49, 39, 51, 52, 14, 11, 33, 12, 13, 47, 26, 15, 41, 17, 21, 42, 7, 2, 22]

Individual 85:
  Route length: 15081
  Contribution to Diversity: 0.0003521205302297048
  Route: [42, 2, 7, 29, 16, 51, 28, 12, 9, 10, 40, 24, 5, 45, 19, 41, 8, 35, 31, 44, 36, 39, 17, 32, 49, 18, 3, 25, 4, 33, 43, 6, 38, 48, 27, 52, 14, 13, 47, 26, 11, 37, 46, 34, 50, 20, 15, 21, 30, 23, 1, 22]

Individual 86:
  Route length: 14757
  Contribution to Diversity: 0.00022058438026650862
  Route: [18, 31, 35, 33, 37, 43, 39, 45, 36, 48, 5, 46, 40, 17, 3, 1, 10, 8, 9, 41, 19, 32, 6, 20, 23, 30, 7, 2, 44, 34, 42, 21, 50, 15, 4, 51, 12, 11, 52, 14, 13, 47, 26, 27, 28, 25, 24, 49, 29, 16, 38, 22]

Individual 87:
  Route length: 14945
  Contribution to Diversity: 0.0008462841047958136
  Route: [42, 21, 17, 24, 39, 40, 36, 3, 35, 37, 5, 15, 1, 49, 23, 30, 2, 7, 18, 8, 41, 9, 45, 32, 20, 50, 46, 16, 29, 25, 4, 6, 51, 34, 38, 48, 33, 43, 11, 52, 27, 26, 47, 13, 14, 28, 12, 44, 19, 10, 31, 22]

Individual 88:
  Route length: 14932
  Contribution to Diversity: 0.0009690165065991962
  Route: [18, 46, 32, 3, 17, 8, 1, 50, 20, 30, 2, 31, 23, 37, 38, 40, 4, 5, 43, 33, 51, 11, 47, 26, 29, 13, 14, 52, 27, 28, 9, 10, 19, 41, 45, 48, 24, 44, 35, 36, 16, 15, 34, 49, 6, 12, 25, 39, 42, 7, 21, 22]

Individual 89:
  Route length: 14851
  Contribution to Diversity: 0.0004240944301843186
  Route: [1, 49, 5, 15, 6, 4, 39, 40, 37, 48, 34, 44, 50, 41, 2, 42, 7, 30, 18, 25, 27, 26, 47, 13, 14, 52, 33, 11, 51, 12, 24, 46, 16, 3, 17, 21, 23, 20, 31, 36, 28, 29, 38, 45, 32, 19, 10, 9, 8, 35, 43, 22]

Individual 90:
  Route length: 14585
  Contribution to Diversity: 0.0011257652814675723
  Route: [31, 18, 8, 10, 43, 33, 45, 32, 19, 41, 3, 30, 9, 51, 11, 52, 14, 13, 26, 27, 12, 48, 49, 21, 42, 2, 7, 17, 36, 6, 20, 39, 40, 35, 24, 4, 38, 46, 47, 28, 25, 5, 15, 23, 50, 29, 1, 16, 34, 44, 37, 22]

Individual 91:
  Route length: 14914
  Contribution to Diversity: 0.0008553699581455021
  Route: [32, 45, 9, 8, 46, 6, 48, 15, 4, 25, 38, 3, 17, 18, 19, 12, 43, 33, 51, 11, 14, 28, 52, 13, 27, 16, 50, 44, 2, 7, 42, 21, 23, 24, 5, 26, 47, 29, 35, 34, 49, 40, 39, 36, 10, 41, 31, 1, 37, 20, 30, 22]

Individual 92:
  Route length: 14845
  Contribution to Diversity: 0.0010828275603893545
  Route: [30, 34, 18, 43, 6, 37, 40, 29, 46, 4, 11, 51, 12, 39, 3, 17, 21, 31, 19, 10, 9, 8, 41, 1, 49, 32, 45, 38, 15, 5, 24, 48, 20, 2, 42, 7, 50, 16, 27, 26, 47, 13, 14, 52, 33, 35, 36, 28, 25, 44, 23, 22]

Individual 93:
  Route length: 15004
  Contribution to Diversity: 0
  Route: [3, 45, 8, 9, 31, 10, 38, 40, 34, 18, 19, 43, 6, 4, 25, 24, 48, 28, 27, 5, 37, 35, 30, 23, 50, 16, 29, 20, 46, 44, 36, 1, 32, 49, 39, 51, 52, 14, 11, 33, 12, 13, 47, 26, 15, 41, 17, 21, 42, 7, 2, 22]

Individual 94:
  Route length: 14837
  Contribution to Diversity: 0.00011483724777860971
  Route: [31, 18, 8, 10, 43, 33, 45, 32, 35, 36, 6, 20, 4, 24, 17, 7, 2, 42, 21, 49, 48, 28, 25, 5, 15, 3, 41, 19, 40, 39, 38, 46, 47, 12, 27, 26, 13, 14, 52, 11, 51, 9, 30, 23, 50, 29, 1, 16, 34, 44, 37, 22]

Individual 95:
  Route length: 15022
  Contribution to Diversity: 0.00022906045210824288
  Route: [1, 33, 43, 13, 24, 32, 3, 17, 18, 46, 50, 15, 9, 10, 8, 31, 21, 7, 42, 2, 30, 23, 20, 16, 25, 12, 6, 5, 38, 36, 45, 19, 41, 35, 49, 34, 37, 4, 40, 48, 44, 39, 29, 28, 27, 26, 14, 47, 52, 11, 51, 22]

Individual 96:
  Route length: 14837
  Contribution to Diversity: 0.00011483724777860971
  Route: [37, 44, 34, 16, 1, 29, 50, 23, 30, 9, 51, 11, 52, 14, 13, 26, 27, 12, 47, 46, 38, 39, 40, 19, 41, 3, 15, 5, 25, 28, 48, 49, 21, 42, 2, 7, 17, 24, 4, 20, 6, 36, 35, 32, 45, 33, 43, 10, 8, 18, 31, 22]

Individual 97:
  Route length: 15006
  Contribution to Diversity: 0.002097752129693653
  Route: [49, 15, 36, 35, 1, 34, 44, 12, 11, 51, 33, 39, 45, 24, 37, 5, 6, 48, 46, 16, 31, 2, 21, 42, 7, 29, 50, 20, 17, 3, 18, 40, 30, 32, 19, 41, 8, 10, 38, 28, 27, 26, 47, 13, 14, 52, 43, 4, 25, 9, 23, 22]

Individual 98:
  Route length: 14596
  Contribution to Diversity: 0
  Route: [34, 35, 1, 6, 28, 27, 36, 8, 9, 10, 43, 40, 16, 25, 4, 46, 44, 3, 24, 37, 48, 33, 51, 12, 11, 14, 52, 13, 47, 26, 5, 41, 45, 19, 39, 23, 18, 31, 30, 21, 38, 15, 49, 32, 17, 42, 7, 2, 20, 50, 29, 22]

Individual 99:
  Route length: 14976
  Contribution to Diversity: 0.0003760843637019562
  Route: [8, 41, 29, 26, 27, 14, 13, 52, 28, 12, 25, 4, 34, 17, 3, 30, 24, 37, 44, 49, 32, 19, 15, 39, 46, 48, 38, 43, 40, 50, 20, 42, 7, 2, 23, 16, 21, 18, 1, 45, 35, 36, 9, 10, 33, 51, 11, 47, 6, 5, 31, 22]

Total Entropy H: 6.196369575077124
