Individual 0:
  Route length: 22606
  Contribution to Diversity: 0.0037158665951873004
  Route: [45, 42, 20, 19, 37, 6, 5, 31, 23, 38, 48, 36, 41, 8, 52, 11, 33, 50, 10, 1, 9, 3, 7, 44, 34, 12, 28, 25, 18, 29, 30, 21, 39, 40, 32, 43, 15, 51, 46, 17, 4, 2, 35, 49, 26, 27, 13, 14, 47, 16, 24, 22]

Individual 1:
  Route length: 22432
  Contribution to Diversity: 0.0016836320209039357
  Route: [17, 21, 1, 32, 44, 26, 27, 13, 40, 39, 36, 35, 3, 8, 9, 10, 43, 18, 5, 2, 30, 50, 7, 14, 4, 24, 19, 25, 45, 38, 52, 11, 12, 48, 6, 42, 20, 28, 33, 51, 23, 41, 47, 37, 15, 49, 31, 34, 29, 16, 46, 22]

Individual 2:
  Route length: 21823
  Contribution to Diversity: 0.0022834421991548837
  Route: [3, 45, 17, 48, 25, 14, 8, 49, 1, 46, 50, 41, 9, 34, 28, 12, 51, 11, 52, 27, 31, 7, 21, 18, 33, 37, 32, 35, 36, 16, 47, 26, 10, 2, 30, 44, 29, 20, 23, 40, 43, 39, 19, 13, 24, 5, 15, 6, 4, 38, 42, 22]

Individual 3:
  Route length: 22449
  Contribution to Diversity: 0.00206100481113225
  Route: [30, 7, 5, 14, 52, 11, 27, 47, 38, 8, 31, 16, 50, 40, 21, 46, 44, 12, 2, 23, 3, 17, 42, 19, 4, 24, 6, 36, 10, 41, 20, 15, 51, 13, 25, 26, 18, 33, 29, 28, 37, 34, 35, 48, 43, 9, 39, 45, 32, 49, 1, 22]

Individual 4:
  Route length: 22444
  Contribution to Diversity: 0.002423591502932254
  Route: [40, 1, 23, 34, 28, 27, 2, 7, 18, 42, 8, 41, 6, 11, 25, 39, 44, 19, 30, 10, 9, 33, 51, 4, 36, 16, 3, 31, 38, 35, 17, 21, 48, 45, 43, 12, 24, 29, 46, 14, 13, 47, 37, 26, 15, 32, 20, 50, 52, 5, 49, 22]

Individual 5:
  Route length: 22205
  Contribution to Diversity: 0.001828640659723213
  Route: [17, 23, 30, 3, 12, 13, 47, 26, 44, 24, 2, 42, 7, 6, 15, 16, 29, 45, 19, 5, 34, 40, 35, 4, 21, 31, 41, 1, 27, 28, 46, 18, 20, 48, 50, 51, 37, 11, 10, 9, 32, 43, 38, 33, 39, 52, 14, 25, 36, 8, 49, 22]

Individual 6:
  Route length: 22530
  Contribution to Diversity: 0.0012135311025769369
  Route: [30, 1, 29, 50, 5, 52, 11, 48, 14, 33, 49, 3, 41, 45, 38, 6, 4, 15, 44, 25, 47, 39, 36, 7, 51, 28, 13, 24, 40, 23, 26, 27, 35, 12, 20, 46, 18, 16, 21, 17, 19, 32, 37, 34, 2, 42, 31, 8, 43, 10, 9, 22]

Individual 7:
  Route length: 22462
  Contribution to Diversity: 0.0019100219209446934
  Route: [17, 23, 30, 3, 49, 51, 50, 8, 36, 25, 14, 52, 39, 33, 38, 43, 28, 27, 1, 41, 31, 20, 48, 37, 11, 10, 9, 32, 46, 18, 21, 4, 35, 40, 34, 5, 19, 45, 29, 16, 15, 6, 7, 42, 2, 24, 44, 26, 47, 13, 12, 22]

Individual 8:
  Route length: 22490
  Contribution to Diversity: 0.0032444817862371522
  Route: [10, 43, 47, 48, 13, 14, 52, 1, 11, 51, 33, 24, 35, 23, 20, 38, 5, 30, 42, 7, 45, 36, 2, 44, 46, 50, 17, 16, 29, 25, 31, 9, 8, 26, 28, 3, 18, 34, 27, 49, 6, 4, 15, 12, 41, 19, 32, 39, 40, 37, 21, 22]

Individual 9:
  Route length: 22151
  Contribution to Diversity: 0.0023539771357299344
  Route: [12, 40, 25, 4, 28, 27, 13, 19, 30, 21, 7, 52, 44, 9, 8, 1, 50, 14, 47, 29, 20, 31, 18, 11, 51, 33, 43, 23, 37, 15, 41, 2, 42, 5, 10, 3, 45, 32, 17, 35, 34, 16, 36, 39, 46, 38, 49, 26, 48, 6, 24, 22]

Individual 10:
  Route length: 22537
  Contribution to Diversity: 0.0023636184058162257
  Route: [1, 16, 29, 37, 50, 20, 26, 27, 28, 7, 3, 15, 4, 44, 6, 14, 52, 47, 13, 38, 36, 40, 46, 2, 30, 23, 43, 10, 17, 21, 8, 19, 24, 9, 5, 39, 33, 51, 34, 49, 45, 31, 11, 25, 48, 18, 32, 12, 42, 35, 41, 22]

Individual 11:
  Route length: 22489
  Contribution to Diversity: 0.0010759716702448685
  Route: [39, 19, 49, 16, 46, 34, 12, 50, 25, 28, 44, 27, 4, 18, 17, 2, 3, 10, 43, 33, 11, 47, 13, 14, 52, 41, 5, 42, 24, 26, 51, 9, 48, 1, 40, 37, 38, 20, 31, 30, 21, 7, 32, 29, 36, 8, 45, 23, 6, 35, 15, 22]

Individual 12:
  Route length: 22594
  Contribution to Diversity: 0.001093408587821365
  Route: [32, 29, 14, 52, 11, 28, 4, 5, 9, 10, 24, 1, 46, 15, 23, 25, 47, 20, 38, 39, 3, 44, 2, 17, 42, 51, 33, 26, 13, 43, 12, 49, 16, 31, 45, 48, 30, 40, 34, 8, 41, 21, 7, 18, 35, 37, 36, 50, 6, 27, 19, 22]

Individual 13:
  Route length: 22597
  Contribution to Diversity: 0.0025466844338302153
  Route: [18, 52, 14, 16, 15, 39, 1, 17, 23, 25, 29, 36, 46, 47, 13, 28, 48, 33, 11, 42, 7, 2, 40, 24, 35, 20, 51, 38, 37, 5, 4, 49, 30, 44, 19, 9, 12, 45, 43, 10, 6, 27, 50, 21, 3, 31, 8, 41, 32, 26, 34, 22]

Individual 14:
  Route length: 22510
  Contribution to Diversity: 0.001432046012832977
  Route: [30, 1, 29, 50, 5, 52, 11, 48, 14, 33, 49, 23, 26, 27, 35, 36, 39, 47, 25, 44, 15, 4, 6, 38, 45, 41, 3, 40, 24, 13, 28, 51, 7, 12, 20, 46, 18, 16, 21, 17, 19, 32, 37, 34, 2, 42, 31, 8, 43, 10, 9, 22]

Individual 15:
  Route length: 22263
  Contribution to Diversity: 0.0019311558162078413
  Route: [1, 40, 6, 25, 44, 42, 18, 5, 49, 30, 8, 19, 50, 3, 26, 12, 15, 38, 21, 29, 48, 24, 7, 28, 27, 2, 17, 43, 33, 51, 11, 47, 14, 13, 10, 9, 52, 4, 39, 34, 31, 20, 23, 35, 41, 36, 46, 16, 37, 32, 45, 22]

Individual 16:
  Route length: 22527
  Contribution to Diversity: 0.00031239682762596033
  Route: [1, 28, 12, 6, 38, 43, 33, 45, 7, 2, 16, 4, 29, 15, 37, 5, 32, 52, 14, 13, 23, 27, 34, 24, 48, 11, 49, 44, 35, 36, 3, 17, 21, 50, 20, 39, 18, 41, 19, 25, 30, 47, 51, 10, 9, 8, 42, 40, 46, 31, 26, 22]

Individual 17:
  Route length: 22330
  Contribution to Diversity: 0.002485999184731469
  Route: [31, 14, 52, 25, 5, 48, 44, 36, 4, 15, 6, 32, 37, 38, 43, 11, 51, 20, 10, 34, 33, 42, 9, 3, 19, 8, 2, 7, 18, 40, 39, 13, 41, 23, 1, 35, 21, 16, 30, 50, 49, 12, 47, 26, 28, 27, 24, 46, 45, 17, 29, 22]

Individual 18:
  Route length: 22301
  Contribution to Diversity: 0.0033313246527297835
  Route: [37, 14, 24, 43, 10, 8, 21, 42, 6, 26, 47, 35, 32, 50, 29, 36, 33, 23, 7, 13, 52, 11, 1, 49, 31, 20, 16, 4, 44, 15, 46, 48, 27, 28, 51, 5, 38, 30, 2, 39, 9, 34, 18, 45, 19, 12, 25, 40, 3, 41, 17, 22]

Individual 19:
  Route length: 22367
  Contribution to Diversity: 0.0011396516435100423
  Route: [31, 49, 50, 23, 27, 28, 36, 17, 18, 32, 14, 52, 11, 47, 34, 9, 3, 6, 1, 51, 33, 25, 48, 39, 19, 8, 21, 41, 30, 40, 24, 10, 4, 15, 45, 35, 26, 38, 37, 16, 2, 7, 42, 44, 5, 46, 43, 12, 29, 20, 13, 22]

Individual 20:
  Route length: 22332
  Contribution to Diversity: 0.0011972713289036818
  Route: [1, 47, 31, 18, 40, 35, 10, 43, 33, 51, 11, 45, 24, 48, 42, 30, 7, 17, 21, 23, 29, 8, 37, 49, 9, 16, 19, 41, 2, 50, 38, 36, 4, 26, 5, 34, 15, 3, 39, 25, 12, 20, 52, 14, 46, 44, 6, 27, 28, 13, 32, 22]

Individual 21:
  Route length: 22566
  Contribution to Diversity: 0.0026999581829496577
  Route: [32, 31, 34, 23, 9, 3, 21, 30, 7, 38, 26, 1, 5, 12, 46, 33, 17, 10, 41, 43, 44, 8, 27, 13, 47, 28, 37, 49, 48, 39, 51, 25, 6, 45, 36, 24, 14, 52, 11, 4, 2, 18, 40, 15, 20, 29, 50, 16, 35, 42, 19, 22]

Individual 22:
  Route length: 22066
  Contribution to Diversity: 0.00044184996566976054
  Route: [41, 48, 1, 12, 52, 33, 49, 21, 35, 10, 43, 4, 39, 28, 8, 19, 45, 32, 23, 25, 16, 29, 40, 20, 3, 50, 17, 9, 18, 37, 38, 24, 26, 27, 47, 13, 14, 5, 44, 51, 46, 15, 6, 36, 31, 2, 42, 7, 34, 11, 30, 22]

Individual 23:
  Route length: 22327
  Contribution to Diversity: 0.001340744748485001
  Route: [10, 14, 48, 49, 7, 18, 3, 17, 21, 34, 37, 33, 4, 6, 16, 5, 38, 2, 30, 24, 8, 9, 13, 43, 25, 11, 51, 36, 31, 35, 42, 20, 45, 19, 41, 50, 46, 44, 39, 40, 23, 32, 47, 26, 12, 28, 27, 52, 29, 15, 1, 22]

Individual 24:
  Route length: 22591
  Contribution to Diversity: 0.001673727132978975
  Route: [42, 1, 33, 51, 5, 35, 49, 31, 32, 18, 46, 41, 37, 43, 11, 14, 52, 15, 6, 38, 40, 24, 29, 2, 7, 50, 16, 44, 27, 3, 8, 36, 25, 23, 34, 17, 9, 48, 28, 26, 21, 39, 12, 4, 30, 20, 47, 13, 45, 10, 19, 22]

Individual 25:
  Route length: 21922
  Contribution to Diversity: 0.003264742736584836
  Route: [46, 41, 8, 35, 38, 23, 31, 19, 37, 6, 15, 29, 44, 34, 1, 18, 7, 4, 48, 36, 39, 3, 9, 30, 21, 2, 52, 11, 14, 13, 27, 26, 47, 28, 12, 5, 51, 45, 42, 20, 43, 32, 40, 17, 49, 25, 10, 50, 33, 16, 24, 22]

Individual 26:
  Route length: 22323
  Contribution to Diversity: 0.0027545162210840246
  Route: [16, 24, 39, 31, 41, 18, 21, 45, 25, 33, 27, 47, 5, 19, 15, 48, 40, 38, 46, 35, 6, 23, 20, 32, 36, 52, 14, 29, 26, 51, 11, 37, 13, 9, 28, 50, 4, 12, 49, 34, 2, 30, 17, 42, 7, 3, 1, 43, 10, 8, 44, 22]

Individual 27:
  Route length: 21971
  Contribution to Diversity: 0.0032813599151113593
  Route: [16, 24, 48, 40, 23, 20, 50, 28, 15, 39, 31, 46, 36, 32, 4, 6, 38, 34, 49, 12, 35, 52, 14, 29, 26, 51, 11, 2, 17, 30, 45, 25, 33, 27, 13, 8, 10, 43, 1, 19, 5, 47, 37, 41, 18, 21, 42, 7, 3, 9, 44, 22]

Individual 28:
  Route length: 22363
  Contribution to Diversity: 0.0023417314620157725
  Route: [34, 1, 39, 24, 26, 47, 11, 51, 12, 44, 17, 7, 42, 23, 30, 18, 45, 14, 20, 52, 48, 6, 49, 32, 43, 37, 25, 28, 33, 38, 35, 50, 29, 16, 9, 8, 27, 13, 5, 41, 2, 10, 31, 21, 40, 36, 19, 4, 15, 46, 3, 22]

Individual 29:
  Route length: 22385
  Contribution to Diversity: 0.0036967613515477282
  Route: [21, 14, 52, 11, 50, 16, 1, 35, 5, 24, 37, 17, 26, 29, 20, 2, 36, 6, 30, 23, 7, 42, 10, 8, 4, 12, 38, 46, 34, 18, 32, 31, 45, 48, 33, 15, 19, 44, 13, 47, 40, 25, 51, 27, 39, 28, 49, 3, 9, 41, 43, 22]

Individual 30:
  Route length: 22151
  Contribution to Diversity: 0.0006534801889461761
  Route: [32, 42, 30, 47, 13, 43, 4, 45, 5, 16, 6, 48, 24, 1, 3, 17, 21, 2, 7, 50, 25, 19, 10, 29, 27, 38, 52, 14, 15, 31, 26, 28, 33, 12, 23, 20, 49, 40, 37, 8, 51, 11, 9, 39, 41, 34, 46, 18, 36, 35, 44, 22]

Individual 31:
  Route length: 22599
  Contribution to Diversity: 0.0007448423864957476
  Route: [32, 29, 48, 25, 11, 28, 5, 35, 36, 31, 45, 8, 39, 26, 13, 24, 10, 42, 17, 50, 49, 1, 12, 34, 38, 51, 33, 44, 9, 18, 37, 14, 52, 27, 6, 15, 41, 23, 30, 21, 7, 2, 43, 3, 16, 4, 40, 20, 47, 46, 19, 22]

Individual 32:
  Route length: 21812
  Contribution to Diversity: 0.0008670427549395399
  Route: [36, 8, 3, 27, 4, 25, 42, 46, 32, 31, 18, 49, 35, 5, 51, 33, 1, 30, 34, 23, 12, 9, 48, 28, 26, 50, 16, 44, 39, 21, 7, 2, 29, 24, 40, 38, 6, 15, 13, 47, 20, 17, 41, 37, 43, 11, 14, 52, 45, 10, 19, 22]

Individual 33:
  Route length: 22521
  Contribution to Diversity: 0.0006388851469658618
  Route: [31, 34, 50, 44, 51, 23, 3, 20, 30, 21, 45, 19, 41, 17, 35, 8, 18, 32, 24, 49, 38, 39, 9, 5, 36, 4, 48, 42, 43, 29, 25, 2, 7, 33, 6, 15, 11, 52, 14, 13, 40, 37, 10, 28, 46, 27, 26, 47, 1, 16, 12, 22]

Individual 34:
  Route length: 22472
  Contribution to Diversity: 0.0008134118554448122
  Route: [34, 31, 11, 6, 45, 44, 20, 5, 14, 52, 4, 32, 36, 38, 2, 42, 21, 29, 25, 51, 33, 43, 27, 28, 12, 35, 23, 26, 8, 9, 10, 13, 47, 18, 19, 41, 40, 49, 39, 3, 24, 1, 17, 16, 46, 15, 37, 30, 7, 48, 50, 22]

Individual 35:
  Route length: 22615
  Contribution to Diversity: 0.00020287697444398844
  Route: [31, 44, 42, 7, 2, 16, 9, 3, 6, 1, 51, 33, 25, 48, 39, 19, 8, 21, 41, 30, 40, 24, 10, 4, 43, 12, 29, 20, 35, 26, 38, 37, 34, 47, 11, 52, 14, 32, 18, 17, 36, 28, 27, 23, 50, 49, 5, 46, 15, 45, 13, 22]

Individual 36:
  Route length: 21707
  Contribution to Diversity: 0.003979123794041861
  Route: [20, 31, 16, 34, 30, 7, 2, 32, 48, 51, 9, 33, 19, 18, 3, 42, 50, 13, 52, 28, 47, 4, 11, 39, 41, 6, 15, 17, 21, 38, 26, 8, 23, 29, 37, 36, 43, 10, 45, 1, 35, 24, 5, 49, 40, 25, 14, 12, 27, 44, 46, 22]

Individual 37:
  Route length: 22267
  Contribution to Diversity: 0.0027155584864058113
  Route: [21, 17, 48, 26, 2, 28, 27, 36, 40, 15, 4, 5, 25, 6, 10, 43, 39, 46, 31, 19, 42, 30, 23, 37, 29, 20, 50, 9, 41, 35, 32, 24, 18, 16, 7, 33, 51, 11, 45, 1, 8, 3, 38, 47, 13, 14, 52, 49, 34, 44, 12, 22]

Individual 38:
  Route length: 22282
  Contribution to Diversity: 0.002198168178000337
  Route: [8, 24, 52, 12, 32, 34, 35, 47, 13, 21, 11, 9, 49, 31, 25, 48, 40, 38, 2, 7, 42, 14, 39, 5, 6, 37, 4, 41, 45, 18, 10, 19, 36, 29, 30, 23, 20, 51, 33, 43, 28, 27, 26, 50, 46, 17, 3, 1, 44, 16, 15, 22]

Individual 39:
  Route length: 22226
  Contribution to Diversity: 0.00132764512380934
  Route: [1, 7, 9, 35, 49, 6, 24, 23, 42, 2, 45, 17, 30, 3, 33, 10, 43, 40, 18, 46, 16, 39, 36, 5, 28, 13, 21, 8, 25, 29, 50, 20, 4, 51, 14, 34, 15, 37, 19, 41, 44, 48, 38, 32, 26, 11, 27, 12, 47, 52, 31, 22]

Individual 40:
  Route length: 21067
  Contribution to Diversity: 0.0011563938453633682
  Route: [46, 37, 2, 42, 31, 29, 12, 16, 5, 7, 10, 43, 40, 48, 28, 19, 45, 15, 38, 20, 34, 35, 8, 9, 41, 44, 21, 17, 18, 3, 24, 47, 13, 49, 32, 1, 50, 26, 4, 25, 14, 52, 11, 27, 51, 6, 36, 39, 23, 30, 33, 22]

Individual 41:
  Route length: 22464
  Contribution to Diversity: 0.00116924355137904
  Route: [47, 46, 51, 38, 41, 42, 20, 49, 10, 32, 43, 19, 26, 16, 29, 24, 39, 36, 1, 17, 3, 18, 48, 7, 2, 6, 15, 35, 14, 13, 12, 11, 25, 23, 9, 8, 21, 30, 50, 40, 33, 4, 5, 37, 31, 44, 34, 45, 28, 27, 52, 22]

Individual 42:
  Route length: 22600
  Contribution to Diversity: 0.0009618591851507929
  Route: [32, 42, 30, 47, 13, 43, 4, 14, 52, 38, 29, 27, 10, 19, 25, 50, 7, 2, 21, 35, 36, 18, 46, 34, 41, 39, 9, 11, 51, 8, 37, 40, 49, 20, 23, 12, 33, 28, 26, 31, 15, 45, 5, 16, 6, 48, 24, 1, 3, 17, 44, 22]

Individual 43:
  Route length: 22338
  Contribution to Diversity: 0.0013079285572139554
  Route: [14, 52, 11, 33, 4, 13, 39, 31, 48, 38, 25, 24, 5, 34, 10, 21, 3, 32, 9, 8, 19, 46, 28, 50, 30, 7, 20, 15, 35, 1, 49, 37, 41, 45, 17, 18, 47, 26, 51, 12, 36, 23, 2, 43, 42, 27, 29, 40, 44, 16, 6, 22]

Individual 44:
  Route length: 22150
  Contribution to Diversity: 0.003029460482333768
  Route: [36, 40, 9, 48, 8, 30, 1, 31, 3, 45, 11, 38, 18, 39, 29, 21, 50, 49, 25, 15, 4, 5, 37, 2, 7, 42, 20, 44, 24, 6, 35, 46, 32, 41, 17, 27, 12, 14, 52, 16, 28, 10, 43, 19, 23, 13, 47, 33, 51, 26, 34, 22]

Individual 45:
  Route length: 22395
  Contribution to Diversity: 0.002983955414708639
  Route: [36, 35, 39, 4, 8, 41, 13, 6, 34, 25, 30, 37, 24, 48, 51, 52, 11, 28, 40, 9, 3, 49, 45, 27, 15, 5, 43, 12, 26, 21, 1, 10, 33, 23, 29, 31, 20, 32, 14, 47, 18, 16, 44, 38, 2, 7, 42, 50, 46, 17, 19, 22]

Individual 46:
  Route length: 22353
  Contribution to Diversity: 0.0013798352237639477
  Route: [1, 20, 50, 29, 40, 18, 46, 16, 39, 36, 5, 28, 13, 21, 8, 25, 43, 10, 33, 3, 30, 17, 45, 2, 42, 23, 24, 6, 49, 35, 9, 7, 4, 51, 14, 34, 15, 37, 19, 41, 44, 48, 38, 32, 26, 11, 27, 12, 47, 52, 31, 22]

Individual 47:
  Route length: 21923
  Contribution to Diversity: 0.0032175785532233547
  Route: [21, 43, 48, 5, 50, 12, 11, 13, 28, 19, 10, 40, 16, 47, 24, 27, 51, 6, 36, 42, 31, 32, 1, 29, 17, 3, 18, 49, 35, 26, 52, 14, 4, 25, 34, 20, 38, 15, 45, 41, 44, 46, 37, 2, 30, 23, 39, 8, 9, 7, 33, 22]

Individual 48:
  Route length: 22439
  Contribution to Diversity: 0.00046371452565896476
  Route: [37, 27, 14, 13, 34, 50, 6, 24, 46, 29, 16, 42, 5, 12, 38, 1, 49, 35, 33, 20, 51, 44, 21, 45, 17, 31, 15, 9, 41, 19, 7, 30, 2, 23, 36, 32, 48, 43, 18, 11, 52, 47, 26, 25, 4, 3, 40, 39, 8, 10, 28, 22]

Individual 49:
  Route length: 22306
  Contribution to Diversity: 0.0007050001862385358
  Route: [40, 39, 32, 26, 47, 13, 14, 37, 2, 20, 34, 15, 50, 42, 29, 5, 48, 11, 33, 51, 52, 45, 43, 4, 36, 21, 23, 18, 31, 1, 46, 44, 3, 19, 35, 6, 28, 12, 25, 16, 27, 7, 9, 17, 8, 41, 30, 10, 49, 38, 24, 22]

Individual 50:
  Route length: 22582
  Contribution to Diversity: 0.0027870112410290915
  Route: [3, 41, 29, 19, 45, 43, 26, 47, 14, 13, 28, 21, 16, 46, 51, 33, 27, 52, 25, 2, 36, 20, 50, 4, 40, 5, 12, 38, 39, 48, 6, 37, 11, 9, 1, 15, 44, 34, 32, 49, 10, 30, 18, 42, 35, 23, 17, 8, 24, 7, 31, 22]

Individual 51:
  Route length: 22099
  Contribution to Diversity: 0.001435915901558893
  Route: [49, 15, 5, 1, 23, 21, 45, 43, 6, 20, 26, 44, 31, 17, 10, 51, 11, 52, 37, 28, 38, 39, 36, 35, 8, 41, 12, 25, 27, 50, 7, 30, 2, 42, 33, 47, 9, 19, 48, 46, 13, 14, 29, 18, 24, 40, 32, 3, 4, 16, 34, 22]

Individual 52:
  Route length: 21668
  Contribution to Diversity: 0.00034020891210317927
  Route: [41, 48, 1, 18, 9, 17, 50, 3, 20, 40, 29, 16, 25, 23, 32, 45, 19, 8, 28, 39, 4, 43, 10, 35, 21, 49, 33, 52, 12, 37, 38, 24, 26, 27, 47, 13, 14, 5, 44, 51, 46, 15, 6, 36, 31, 2, 42, 7, 34, 11, 30, 22]

Individual 53:
  Route length: 22560
  Contribution to Diversity: 0.0006602956267061089
  Route: [26, 24, 47, 13, 52, 51, 28, 12, 33, 5, 25, 45, 17, 3, 2, 23, 20, 43, 29, 1, 4, 40, 38, 34, 37, 21, 30, 42, 19, 27, 44, 48, 16, 9, 8, 6, 11, 14, 39, 46, 10, 31, 18, 35, 36, 7, 41, 32, 15, 49, 50, 22]

Individual 54:
  Route length: 22084
  Contribution to Diversity: 0.0018093240805052702
  Route: [47, 44, 32, 49, 25, 28, 16, 46, 4, 48, 38, 43, 52, 13, 10, 5, 45, 19, 9, 8, 27, 11, 51, 18, 33, 1, 37, 39, 35, 41, 3, 2, 30, 6, 17, 7, 42, 40, 36, 34, 21, 24, 15, 12, 29, 50, 20, 31, 23, 26, 14, 22]

Individual 55:
  Route length: 22543
  Contribution to Diversity: 0.0007094027595488939
  Route: [32, 29, 14, 52, 11, 28, 4, 5, 9, 10, 24, 1, 46, 15, 23, 25, 47, 20, 38, 39, 3, 44, 2, 17, 42, 26, 33, 51, 13, 43, 12, 49, 16, 31, 45, 48, 34, 40, 21, 41, 8, 30, 7, 18, 35, 37, 36, 50, 6, 27, 19, 22]

Individual 56:
  Route length: 22115
  Contribution to Diversity: 0.0021643541510156794
  Route: [8, 9, 35, 47, 23, 42, 21, 49, 36, 38, 1, 15, 40, 37, 20, 16, 31, 13, 26, 2, 7, 17, 3, 18, 41, 32, 50, 29, 12, 28, 51, 14, 19, 46, 34, 45, 4, 10, 44, 48, 39, 25, 52, 11, 5, 6, 27, 43, 24, 33, 30, 22]

Individual 57:
  Route length: 22312
  Contribution to Diversity: 0.0012545464620963287
  Route: [1, 42, 49, 5, 6, 27, 28, 40, 50, 19, 43, 33, 51, 11, 47, 9, 10, 15, 38, 21, 29, 48, 24, 7, 25, 8, 34, 31, 20, 23, 45, 32, 37, 36, 12, 26, 41, 17, 2, 44, 30, 18, 46, 16, 39, 3, 13, 14, 52, 4, 35, 22]

Individual 58:
  Route length: 22265
  Contribution to Diversity: 0.000732308707075191
  Route: [47, 46, 51, 38, 41, 42, 20, 49, 31, 10, 32, 43, 19, 26, 16, 29, 24, 39, 36, 1, 17, 3, 18, 48, 7, 2, 6, 15, 35, 14, 13, 12, 11, 25, 23, 9, 8, 21, 30, 50, 40, 33, 4, 5, 37, 44, 34, 45, 28, 27, 52, 22]

Individual 59:
  Route length: 22572
  Contribution to Diversity: 0.00019745879429233781
  Route: [28, 12, 26, 47, 52, 6, 24, 34, 19, 33, 11, 8, 9, 25, 46, 37, 50, 49, 5, 13, 40, 31, 32, 15, 10, 3, 18, 43, 36, 38, 2, 7, 42, 20, 35, 16, 23, 30, 51, 1, 45, 48, 44, 14, 27, 17, 21, 29, 39, 4, 41, 22]

Individual 60:
  Route length: 22130
  Contribution to Diversity: 0.0019115835247349722
  Route: [8, 9, 10, 45, 50, 38, 44, 29, 31, 35, 4, 14, 30, 23, 47, 26, 13, 27, 16, 3, 18, 39, 5, 32, 34, 43, 25, 12, 28, 24, 48, 52, 33, 41, 6, 21, 46, 17, 42, 37, 36, 20, 19, 11, 51, 2, 7, 40, 15, 1, 49, 22]

Individual 61:
  Route length: 22470
  Contribution to Diversity: 0.0007846016249164478
  Route: [40, 38, 51, 16, 35, 34, 29, 20, 12, 13, 14, 28, 45, 17, 43, 6, 31, 18, 49, 36, 8, 9, 10, 48, 23, 46, 37, 32, 41, 2, 1, 19, 42, 7, 21, 33, 50, 52, 26, 47, 3, 25, 11, 4, 15, 24, 39, 5, 27, 30, 44, 22]

Individual 62:
  Route length: 22086
  Contribution to Diversity: 0.0006273205513052105
  Route: [3, 19, 8, 9, 4, 50, 39, 27, 26, 47, 49, 1, 16, 45, 12, 37, 14, 36, 10, 38, 43, 6, 25, 7, 29, 44, 24, 35, 34, 20, 2, 31, 42, 30, 21, 17, 51, 11, 52, 28, 13, 5, 15, 33, 32, 23, 40, 41, 48, 18, 46, 22]

Individual 63:
  Route length: 22540
  Contribution to Diversity: 0.00024350807229733817
  Route: [37, 27, 14, 13, 34, 50, 6, 24, 46, 29, 16, 42, 5, 12, 38, 1, 49, 35, 33, 20, 51, 44, 3, 4, 25, 26, 47, 52, 11, 18, 43, 48, 32, 36, 23, 2, 30, 7, 19, 41, 9, 15, 31, 17, 45, 21, 40, 39, 8, 10, 28, 22]

Individual 64:
  Route length: 22213
  Contribution to Diversity: 0.000564136661015624
  Route: [31, 34, 50, 44, 25, 29, 43, 42, 48, 4, 36, 5, 12, 16, 1, 47, 26, 27, 46, 28, 10, 37, 40, 13, 14, 52, 11, 15, 6, 33, 7, 2, 51, 23, 3, 20, 30, 21, 45, 19, 41, 17, 35, 8, 18, 32, 24, 49, 38, 39, 9, 22]

Individual 65:
  Route length: 21630
  Contribution to Diversity: 0.0005360171771648936
  Route: [3, 19, 8, 9, 4, 50, 39, 27, 26, 47, 46, 18, 48, 41, 40, 23, 32, 33, 15, 5, 13, 28, 52, 11, 51, 17, 21, 30, 42, 31, 2, 20, 34, 35, 24, 44, 29, 7, 25, 6, 43, 38, 14, 36, 10, 37, 12, 45, 16, 1, 49, 22]

Individual 66:
  Route length: 22329
  Contribution to Diversity: 0
  Route: [32, 20, 40, 37, 41, 10, 8, 15, 19, 48, 6, 38, 17, 51, 13, 14, 47, 52, 23, 18, 33, 36, 30, 2, 7, 31, 5, 26, 29, 28, 25, 42, 3, 16, 34, 1, 9, 44, 46, 12, 50, 21, 24, 4, 11, 27, 39, 35, 43, 45, 49, 22]

Individual 67:
  Route length: 21580
  Contribution to Diversity: 0
  Route: [28, 11, 37, 19, 41, 10, 9, 18, 49, 34, 24, 33, 44, 46, 14, 52, 4, 36, 40, 32, 38, 50, 7, 31, 30, 42, 8, 35, 23, 27, 15, 20, 2, 21, 17, 3, 1, 26, 12, 47, 13, 39, 5, 6, 16, 45, 43, 51, 48, 25, 29, 22]

Individual 68:
  Route length: 21220
  Contribution to Diversity: 0.002276633911219683
  Route: [26, 13, 52, 11, 10, 24, 39, 42, 7, 49, 12, 40, 38, 32, 19, 18, 29, 50, 14, 27, 45, 15, 35, 37, 3, 2, 36, 21, 30, 23, 44, 20, 16, 51, 33, 43, 6, 4, 17, 1, 25, 5, 34, 28, 48, 46, 47, 9, 8, 41, 31, 22]

Individual 69:
  Route length: 21983
  Contribution to Diversity: 0.0013425032898854994
  Route: [49, 44, 16, 31, 3, 32, 40, 6, 43, 45, 21, 23, 51, 11, 52, 37, 28, 26, 27, 4, 33, 36, 35, 50, 10, 17, 19, 48, 46, 7, 30, 47, 9, 42, 2, 38, 18, 24, 20, 39, 8, 41, 12, 25, 29, 14, 13, 15, 5, 1, 34, 22]

Individual 70:
  Route length: 22248
  Contribution to Diversity: 0.0019209041863659237
  Route: [17, 23, 41, 39, 44, 42, 7, 2, 8, 4, 35, 5, 24, 34, 40, 48, 15, 36, 33, 38, 28, 29, 16, 31, 19, 45, 49, 1, 14, 12, 52, 37, 11, 21, 3, 18, 20, 30, 51, 13, 47, 25, 27, 32, 9, 10, 6, 43, 46, 26, 50, 22]

Individual 71:
  Route length: 22236
  Contribution to Diversity: 0.0011872071800684836
  Route: [14, 52, 11, 33, 4, 13, 39, 31, 48, 38, 25, 24, 5, 34, 10, 21, 3, 32, 43, 2, 23, 36, 12, 51, 26, 47, 18, 17, 45, 41, 37, 49, 1, 35, 15, 20, 7, 30, 50, 28, 46, 19, 8, 9, 42, 27, 29, 40, 44, 16, 6, 22]

Individual 72:
  Route length: 22611
  Contribution to Diversity: 0.002679123146721807
  Route: [5, 18, 49, 3, 45, 13, 41, 8, 1, 21, 25, 34, 47, 14, 40, 12, 28, 32, 20, 31, 29, 50, 42, 7, 2, 38, 15, 16, 37, 27, 26, 9, 46, 52, 11, 4, 39, 35, 36, 44, 43, 6, 24, 48, 51, 33, 30, 23, 10, 17, 19, 22]

Individual 73:
  Route length: 22448
  Contribution to Diversity: 0.001100815092074825
  Route: [42, 7, 21, 33, 50, 52, 26, 47, 3, 25, 11, 4, 15, 24, 39, 51, 38, 40, 19, 1, 2, 41, 32, 37, 46, 23, 48, 10, 9, 8, 36, 49, 18, 31, 6, 43, 17, 45, 28, 14, 13, 12, 20, 29, 34, 35, 16, 5, 27, 30, 44, 22]

Individual 74:
  Route length: 22202
  Contribution to Diversity: 0
  Route: [30, 15, 6, 46, 16, 50, 32, 45, 2, 20, 27, 38, 1, 23, 29, 40, 34, 19, 7, 44, 9, 3, 35, 39, 49, 5, 37, 48, 10, 18, 8, 42, 21, 36, 47, 26, 12, 52, 14, 13, 51, 24, 28, 31, 25, 4, 11, 43, 33, 17, 41, 22]

Individual 75:
  Route length: 22428
  Contribution to Diversity: 0
  Route: [32, 20, 40, 37, 41, 10, 8, 15, 19, 48, 6, 38, 17, 51, 13, 14, 47, 52, 23, 16, 3, 42, 25, 28, 29, 26, 5, 31, 7, 2, 30, 36, 33, 18, 34, 1, 9, 44, 46, 12, 50, 21, 24, 4, 11, 27, 39, 35, 43, 45, 49, 22]

Individual 76:
  Route length: 22146
  Contribution to Diversity: 0.0002880600939150213
  Route: [48, 15, 42, 7, 17, 3, 41, 24, 45, 14, 52, 29, 13, 47, 31, 18, 30, 44, 34, 37, 38, 21, 49, 2, 19, 11, 51, 26, 39, 40, 10, 9, 27, 1, 6, 25, 36, 35, 43, 12, 33, 28, 5, 4, 8, 32, 20, 50, 16, 23, 46, 22]

Individual 77:
  Route length: 21822
  Contribution to Diversity: 0
  Route: [48, 15, 42, 7, 17, 3, 41, 24, 45, 14, 52, 29, 5, 4, 8, 32, 20, 50, 16, 23, 31, 47, 13, 28, 33, 12, 43, 35, 36, 25, 6, 1, 27, 9, 10, 40, 39, 26, 51, 11, 19, 2, 49, 21, 38, 37, 34, 44, 30, 18, 46, 22]

Individual 78:
  Route length: 22288
  Contribution to Diversity: 0.0002685120353538295
  Route: [19, 6, 5, 40, 2, 30, 20, 26, 13, 33, 47, 12, 28, 27, 4, 25, 41, 32, 50, 29, 18, 48, 10, 38, 36, 49, 23, 37, 44, 7, 17, 3, 31, 11, 52, 24, 39, 43, 51, 14, 1, 15, 34, 42, 21, 9, 8, 46, 45, 35, 16, 22]

Individual 79:
  Route length: 21593
  Contribution to Diversity: 0.002945435238166816
  Route: [24, 37, 51, 29, 46, 35, 45, 40, 39, 32, 38, 52, 13, 12, 14, 49, 48, 43, 7, 17, 3, 1, 8, 21, 30, 31, 2, 33, 19, 34, 44, 36, 15, 6, 25, 41, 10, 9, 27, 11, 47, 26, 28, 42, 50, 20, 18, 23, 5, 4, 16, 22]

Individual 80:
  Route length: 21791
  Contribution to Diversity: 0.0006256923211385157
  Route: [1, 2, 38, 4, 45, 5, 23, 18, 26, 9, 3, 17, 21, 6, 10, 25, 42, 7, 44, 31, 39, 47, 27, 28, 11, 13, 14, 52, 37, 40, 36, 34, 49, 20, 48, 24, 51, 16, 50, 29, 41, 19, 46, 15, 30, 12, 43, 33, 35, 8, 32, 22]

Individual 81:
  Route length: 22506
  Contribution to Diversity: 0
  Route: [28, 11, 37, 19, 41, 10, 49, 18, 9, 34, 24, 33, 44, 46, 14, 52, 4, 36, 40, 32, 38, 50, 7, 31, 30, 42, 8, 35, 23, 27, 15, 20, 2, 21, 17, 3, 1, 26, 12, 47, 13, 39, 5, 6, 16, 45, 43, 51, 48, 25, 29, 22]

Individual 82:
  Route length: 22272
  Contribution to Diversity: 0.0008196433439549011
  Route: [39, 19, 49, 16, 46, 34, 12, 50, 25, 28, 44, 27, 4, 18, 17, 2, 3, 10, 43, 33, 11, 47, 13, 14, 52, 41, 5, 42, 24, 26, 51, 9, 48, 1, 40, 37, 38, 20, 31, 30, 7, 21, 32, 29, 36, 8, 45, 23, 6, 35, 15, 22]

Individual 83:
  Route length: 22216
  Contribution to Diversity: 0.0023493515054928693
  Route: [47, 13, 14, 48, 16, 46, 26, 24, 29, 15, 50, 20, 45, 37, 30, 52, 11, 4, 6, 28, 12, 44, 43, 17, 49, 23, 41, 7, 2, 21, 32, 38, 25, 35, 39, 36, 18, 10, 51, 33, 3, 31, 27, 5, 9, 8, 19, 40, 34, 1, 42, 22]

Individual 84:
  Route length: 22279
  Contribution to Diversity: 0.0012970596632326803
  Route: [21, 1, 42, 7, 23, 30, 19, 16, 50, 3, 18, 34, 36, 15, 46, 12, 38, 4, 8, 33, 45, 31, 32, 14, 47, 28, 48, 44, 2, 10, 35, 24, 5, 17, 9, 6, 49, 29, 26, 39, 51, 25, 40, 27, 13, 52, 11, 20, 37, 41, 43, 22]

Individual 85:
  Route length: 22479
  Contribution to Diversity: 0.003266306831257282
  Route: [19, 4, 41, 51, 29, 46, 5, 24, 18, 3, 52, 11, 49, 45, 32, 33, 6, 40, 42, 7, 2, 30, 50, 26, 47, 21, 20, 13, 14, 39, 25, 16, 36, 1, 8, 9, 10, 12, 31, 15, 23, 38, 48, 37, 44, 35, 43, 34, 28, 27, 17, 22]

Individual 86:
  Route length: 22252
  Contribution to Diversity: 0.0011328908302825624
  Route: [21, 1, 42, 7, 23, 30, 34, 18, 3, 50, 16, 19, 36, 15, 46, 12, 38, 4, 8, 33, 45, 31, 32, 14, 47, 28, 48, 44, 2, 10, 35, 24, 5, 17, 9, 6, 49, 29, 26, 39, 41, 37, 20, 11, 52, 13, 27, 40, 25, 51, 43, 22]

Individual 87:
  Route length: 22296
  Contribution to Diversity: 0.00024668642470881963
  Route: [40, 39, 32, 26, 47, 13, 14, 37, 2, 45, 43, 4, 36, 21, 23, 18, 31, 1, 46, 44, 15, 34, 20, 52, 51, 33, 11, 38, 49, 10, 30, 41, 8, 17, 9, 7, 27, 16, 25, 12, 28, 6, 35, 19, 3, 50, 42, 29, 5, 48, 24, 22]

Individual 88:
  Route length: 22504
  Contribution to Diversity: 0
  Route: [1, 28, 12, 6, 38, 43, 33, 45, 49, 11, 48, 24, 34, 27, 23, 13, 14, 52, 32, 5, 37, 15, 29, 4, 16, 2, 7, 44, 35, 36, 3, 17, 21, 50, 20, 39, 18, 41, 19, 25, 30, 47, 51, 10, 9, 8, 42, 40, 46, 31, 26, 22]

Individual 89:
  Route length: 21752
  Contribution to Diversity: 0.0020684247331690386
  Route: [1, 50, 19, 38, 5, 16, 36, 49, 15, 34, 18, 10, 37, 35, 46, 14, 23, 51, 27, 28, 25, 4, 20, 32, 41, 45, 2, 30, 31, 6, 9, 17, 3, 29, 44, 24, 40, 43, 33, 13, 48, 26, 47, 52, 12, 11, 7, 42, 21, 39, 8, 22]

Individual 90:
  Route length: 22295
  Contribution to Diversity: 0.0026957316834961276
  Route: [48, 27, 43, 33, 46, 44, 21, 29, 45, 37, 2, 14, 52, 11, 51, 6, 31, 18, 41, 8, 36, 39, 40, 49, 10, 17, 3, 32, 30, 24, 1, 50, 7, 42, 4, 35, 19, 25, 5, 23, 15, 26, 47, 28, 12, 38, 9, 16, 13, 34, 20, 22]

Individual 91:
  Route length: 22284
  Contribution to Diversity: 0.0029503399550785403
  Route: [31, 18, 6, 12, 40, 46, 41, 37, 43, 4, 45, 24, 39, 49, 1, 5, 33, 13, 50, 48, 14, 21, 17, 32, 15, 47, 26, 27, 28, 52, 11, 51, 9, 29, 2, 7, 16, 3, 8, 19, 20, 42, 25, 44, 36, 30, 35, 10, 38, 23, 34, 22]

Individual 92:
  Route length: 21829
  Contribution to Diversity: 0.0007662921367561637
  Route: [8, 9, 10, 6, 41, 33, 52, 48, 24, 28, 12, 25, 43, 34, 15, 1, 4, 14, 30, 23, 47, 26, 13, 27, 16, 3, 18, 39, 5, 32, 40, 29, 44, 38, 50, 45, 21, 46, 36, 37, 42, 17, 20, 19, 11, 51, 2, 7, 31, 35, 49, 22]

Individual 93:
  Route length: 21166
  Contribution to Diversity: 0
  Route: [15, 51, 13, 25, 26, 18, 43, 48, 33, 29, 28, 37, 34, 35, 39, 24, 4, 3, 1, 49, 32, 45, 46, 16, 50, 47, 27, 14, 52, 11, 5, 20, 41, 8, 38, 6, 44, 40, 21, 9, 12, 19, 7, 30, 31, 36, 10, 17, 42, 2, 23, 22]

Individual 94:
  Route length: 20851
  Contribution to Diversity: 0.0013858355200087047
  Route: [47, 44, 32, 49, 25, 28, 16, 46, 4, 48, 38, 43, 52, 13, 10, 5, 45, 19, 9, 8, 27, 11, 51, 14, 26, 23, 31, 20, 50, 29, 12, 15, 24, 21, 34, 36, 40, 42, 7, 17, 6, 30, 2, 3, 41, 35, 39, 37, 1, 33, 18, 22]

Individual 95:
  Route length: 21854
  Contribution to Diversity: 0
  Route: [30, 15, 6, 46, 16, 50, 32, 45, 2, 20, 27, 38, 1, 23, 29, 21, 42, 8, 18, 10, 48, 37, 5, 49, 39, 35, 3, 9, 44, 7, 19, 34, 40, 36, 47, 26, 12, 52, 14, 13, 51, 24, 28, 31, 25, 4, 11, 43, 33, 17, 41, 22]

Individual 96:
  Route length: 22372
  Contribution to Diversity: 0.0007419028561130858
  Route: [19, 6, 5, 40, 2, 30, 20, 26, 13, 33, 47, 12, 28, 27, 4, 25, 41, 9, 21, 42, 34, 15, 1, 14, 51, 43, 39, 24, 52, 11, 31, 3, 17, 7, 44, 37, 23, 49, 36, 38, 10, 48, 18, 29, 50, 32, 8, 46, 45, 35, 16, 22]

Individual 97:
  Route length: 22274
  Contribution to Diversity: 0.0008332071038053002
  Route: [26, 24, 47, 13, 52, 51, 28, 12, 33, 5, 25, 45, 17, 3, 19, 42, 30, 21, 37, 34, 38, 40, 4, 1, 29, 43, 20, 23, 2, 27, 44, 32, 41, 7, 36, 35, 18, 31, 10, 46, 39, 14, 11, 6, 8, 9, 16, 48, 15, 49, 50, 22]

Individual 98:
  Route length: 21430
  Contribution to Diversity: 0
  Route: [15, 51, 13, 25, 26, 18, 43, 48, 33, 29, 28, 37, 34, 21, 40, 44, 6, 38, 8, 41, 30, 7, 19, 12, 9, 35, 39, 24, 4, 3, 1, 49, 32, 45, 46, 16, 50, 47, 27, 14, 52, 11, 5, 20, 31, 36, 10, 17, 42, 2, 23, 22]

Individual 99:
  Route length: 22411
  Contribution to Diversity: 0.0002030928340621685
  Route: [28, 12, 26, 47, 52, 6, 24, 34, 19, 33, 11, 8, 9, 25, 46, 37, 50, 49, 5, 39, 29, 21, 17, 27, 14, 44, 48, 45, 1, 51, 30, 23, 16, 35, 20, 42, 7, 2, 38, 36, 43, 18, 3, 10, 15, 32, 31, 40, 13, 4, 41, 22]

Total Entropy H: 6.78801641881051
