Individual 0:
  Route length: 8296
  Contribution to Diversity: 0.014825893114057465
  Route: [31, 18, 3, 17, 21, 42, 2, 7, 30, 23, 20, 50, 29, 16, 46, 34, 35, 44, 36, 39, 40, 15, 5, 38, 48, 25, 4, 6, 37, 24, 12, 28, 27, 26, 47, 14, 13, 52, 11, 51, 33, 43, 10, 9, 8, 41, 19, 45, 1, 49, 32, 22]

Individual 1:
  Route length: 8286
  Contribution to Diversity: 0.009178525011004801
  Route: [1, 16, 44, 34, 39, 40, 37, 38, 35, 36, 49, 32, 45, 19, 41, 10, 9, 8, 43, 33, 51, 11, 52, 13, 14, 47, 26, 27, 28, 12, 25, 4, 15, 5, 6, 24, 48, 46, 29, 50, 20, 23, 30, 2, 7, 42, 21, 17, 3, 18, 31, 22]

Individual 2:
  Route length: 8277
  Contribution to Diversity: 0.028266227935806576
  Route: [1, 49, 32, 45, 19, 41, 8, 9, 10, 43, 33, 51, 11, 52, 14, 13, 27, 47, 26, 28, 12, 25, 4, 5, 6, 24, 15, 38, 37, 40, 35, 36, 39, 34, 44, 48, 46, 50, 29, 16, 20, 23, 30, 2, 7, 42, 21, 17, 3, 31, 18, 22]

Individual 3:
  Route length: 8289
  Contribution to Diversity: 0.01068369964905358
  Route: [1, 44, 35, 36, 37, 24, 5, 25, 4, 6, 15, 12, 28, 27, 26, 47, 13, 14, 52, 11, 51, 33, 43, 10, 9, 8, 41, 19, 45, 32, 49, 31, 18, 3, 17, 21, 42, 2, 7, 30, 23, 20, 50, 29, 16, 46, 48, 38, 40, 39, 34, 22]

Individual 4:
  Route length: 8284
  Contribution to Diversity: 0.019542177678567363
  Route: [1, 49, 36, 34, 35, 44, 46, 16, 29, 20, 50, 23, 30, 2, 7, 42, 21, 17, 18, 19, 41, 8, 9, 10, 43, 33, 51, 11, 52, 14, 13, 47, 26, 27, 28, 12, 25, 4, 6, 15, 24, 5, 48, 37, 38, 40, 39, 32, 45, 3, 31, 22]

Individual 5:
  Route length: 8273
  Contribution to Diversity: 0.032350511001756566
  Route: [23, 29, 16, 46, 44, 50, 20, 30, 2, 7, 42, 21, 17, 3, 19, 45, 41, 8, 9, 10, 43, 33, 51, 11, 52, 14, 13, 47, 26, 27, 28, 12, 4, 25, 5, 15, 6, 24, 48, 40, 38, 37, 39, 36, 35, 34, 1, 49, 32, 18, 31, 22]

Individual 6:
  Route length: 8266
  Contribution to Diversity: 0.003675507831422564
  Route: [1, 49, 36, 39, 40, 37, 24, 48, 38, 5, 15, 6, 4, 25, 12, 28, 27, 26, 47, 13, 14, 52, 11, 51, 33, 43, 10, 9, 8, 41, 32, 35, 34, 44, 46, 16, 29, 20, 50, 23, 30, 2, 7, 42, 21, 17, 31, 18, 3, 19, 45, 22]

Individual 7:
  Route length: 8291
  Contribution to Diversity: 0.022579800903943514
  Route: [1, 32, 49, 45, 19, 41, 8, 10, 9, 43, 33, 51, 11, 52, 13, 14, 47, 26, 27, 28, 12, 48, 25, 4, 6, 15, 5, 24, 37, 46, 40, 36, 35, 39, 38, 34, 44, 16, 29, 50, 20, 23, 30, 2, 7, 42, 21, 17, 3, 18, 31, 22]

Individual 8:
  Route length: 8204
  Contribution to Diversity: 0.014233195040388225
  Route: [45, 19, 41, 8, 10, 9, 43, 33, 51, 11, 52, 13, 14, 47, 26, 27, 28, 12, 25, 4, 5, 37, 48, 15, 6, 24, 38, 35, 36, 40, 39, 34, 46, 44, 16, 29, 50, 20, 23, 30, 2, 7, 42, 21, 17, 3, 18, 31, 1, 49, 32, 22]

Individual 9:
  Route length: 8235
  Contribution to Diversity: 0.01388994529489107
  Route: [1, 49, 32, 45, 19, 41, 8, 9, 10, 43, 33, 51, 11, 52, 14, 13, 27, 26, 47, 28, 12, 25, 4, 5, 15, 6, 38, 37, 40, 46, 24, 48, 35, 34, 36, 39, 44, 20, 50, 29, 16, 23, 30, 2, 7, 42, 21, 17, 3, 18, 31, 22]

Total Entropy H: 4.621585941337156
