Individual 0:
  Route length: 9421
  Contribution to Diversity: 0.009972503376535435
  Route: [1, 49, 32, 45, 19, 41, 8, 9, 10, 43, 33, 51, 11, 47, 14, 13, 52, 26, 27, 12, 28, 25, 4, 6, 39, 35, 34, 15, 5, 24, 48, 38, 40, 37, 44, 36, 20, 50, 46, 16, 23, 29, 30, 7, 2, 42, 21, 17, 3, 18, 31, 22]

Individual 1:
  Route length: 9404
  Contribution to Diversity: 0.011622396311063987
  Route: [16, 29, 20, 50, 30, 21, 23, 2, 7, 42, 17, 3, 41, 8, 9, 10, 43, 33, 51, 11, 52, 14, 13, 27, 26, 47, 28, 12, 4, 39, 40, 37, 46, 25, 5, 38, 24, 48, 15, 6, 34, 35, 44, 1, 49, 32, 36, 19, 45, 18, 31, 22]

Individual 2:
  Route length: 9399
  Contribution to Diversity: 0.009993917147991915
  Route: [1, 49, 35, 32, 45, 19, 41, 10, 8, 9, 33, 51, 11, 52, 14, 13, 47, 26, 27, 28, 12, 43, 4, 6, 39, 48, 37, 36, 38, 15, 24, 46, 25, 5, 44, 40, 34, 16, 29, 50, 20, 23, 30, 2, 7, 42, 21, 17, 3, 31, 18, 22]

Individual 3:
  Route length: 9394
  Contribution to Diversity: 0.009198210393677186
  Route: [1, 38, 37, 43, 4, 6, 25, 33, 51, 11, 52, 14, 13, 47, 26, 27, 28, 12, 5, 15, 48, 24, 46, 16, 29, 20, 50, 23, 30, 2, 7, 42, 21, 17, 3, 41, 10, 9, 8, 19, 45, 40, 44, 34, 35, 36, 49, 32, 39, 18, 31, 22]

Individual 4:
  Route length: 9301
  Contribution to Diversity: 0.005899100414479719
  Route: [1, 44, 34, 39, 38, 48, 15, 6, 8, 9, 10, 43, 33, 51, 11, 52, 14, 13, 47, 26, 27, 28, 12, 4, 25, 46, 37, 40, 24, 5, 35, 36, 49, 16, 29, 20, 50, 30, 21, 23, 7, 2, 42, 17, 3, 41, 19, 45, 32, 18, 31, 22]

Individual 5:
  Route length: 9406
  Contribution to Diversity: 0.007820226011517661
  Route: [1, 49, 39, 5, 15, 40, 24, 25, 16, 29, 50, 20, 23, 30, 21, 7, 2, 42, 17, 3, 18, 31, 32, 45, 19, 41, 9, 8, 10, 43, 12, 28, 27, 26, 47, 14, 13, 52, 11, 51, 33, 4, 48, 46, 44, 38, 6, 37, 34, 36, 35, 22]

Individual 6:
  Route length: 9423
  Contribution to Diversity: 0.01339355516457541
  Route: [1, 23, 20, 29, 2, 7, 42, 17, 21, 31, 18, 50, 30, 3, 45, 19, 41, 8, 9, 10, 43, 33, 51, 11, 52, 14, 13, 27, 47, 26, 28, 12, 25, 15, 6, 46, 16, 44, 34, 35, 40, 37, 48, 4, 24, 5, 38, 49, 36, 39, 32, 22]

Individual 7:
  Route length: 9418
  Contribution to Diversity: 0.014567177000025744
  Route: [32, 34, 35, 39, 49, 38, 46, 5, 15, 40, 36, 44, 37, 6, 48, 4, 24, 25, 12, 28, 47, 26, 27, 13, 14, 52, 11, 51, 33, 43, 10, 9, 8, 41, 19, 45, 3, 31, 21, 17, 42, 7, 2, 20, 30, 29, 16, 50, 23, 1, 18, 22]

Individual 8:
  Route length: 9401
  Contribution to Diversity: 0.010494734213435386
  Route: [1, 49, 36, 5, 40, 48, 35, 37, 24, 38, 23, 30, 2, 7, 42, 21, 17, 18, 3, 31, 32, 19, 41, 45, 8, 9, 10, 43, 33, 51, 11, 52, 13, 14, 47, 26, 27, 28, 12, 25, 4, 6, 15, 39, 46, 44, 34, 16, 29, 20, 50, 22]

Individual 9:
  Route length: 9415
  Contribution to Diversity: 0.004020932494109175
  Route: [1, 49, 32, 45, 19, 41, 8, 9, 10, 43, 33, 28, 27, 26, 47, 13, 14, 52, 11, 51, 12, 6, 25, 4, 15, 24, 48, 37, 40, 5, 21, 2, 7, 42, 30, 23, 20, 50, 29, 44, 46, 16, 39, 38, 34, 35, 36, 17, 3, 18, 31, 22]

Individual 10:
  Route length: 9366
  Contribution to Diversity: 0.005999262872167677
  Route: [31, 18, 3, 17, 21, 42, 7, 2, 30, 20, 50, 44, 34, 39, 40, 38, 16, 46, 48, 24, 5, 15, 37, 36, 35, 6, 4, 25, 12, 28, 27, 26, 52, 13, 14, 47, 11, 51, 33, 43, 10, 9, 41, 8, 19, 45, 32, 49, 1, 23, 29, 22]

Individual 11:
  Route length: 9317
  Contribution to Diversity: 0.015147665824532197
  Route: [1, 45, 19, 41, 8, 9, 10, 43, 33, 51, 11, 52, 14, 13, 27, 47, 26, 28, 12, 25, 6, 5, 15, 24, 48, 40, 39, 35, 36, 44, 34, 32, 3, 17, 37, 38, 4, 46, 16, 29, 50, 30, 21, 42, 7, 2, 23, 20, 31, 18, 49, 22]

Individual 12:
  Route length: 9424
  Contribution to Diversity: 0.004684918495158286
  Route: [1, 49, 32, 19, 45, 41, 8, 9, 10, 43, 25, 12, 51, 33, 11, 52, 14, 13, 47, 26, 27, 28, 4, 15, 6, 24, 48, 5, 37, 38, 36, 46, 35, 39, 40, 34, 16, 29, 50, 20, 44, 23, 30, 7, 2, 42, 21, 17, 18, 3, 31, 22]

Individual 13:
  Route length: 9369
  Contribution to Diversity: 0.001568223318986206
  Route: [3, 18, 1, 31, 30, 29, 2, 7, 42, 17, 21, 23, 20, 50, 16, 49, 40, 5, 6, 24, 38, 46, 37, 48, 15, 4, 25, 12, 28, 47, 26, 27, 13, 14, 52, 11, 51, 33, 43, 9, 10, 8, 41, 19, 45, 44, 34, 35, 36, 39, 32, 22]

Individual 14:
  Route length: 9223
  Contribution to Diversity: 0.00310935930403744
  Route: [18, 31, 19, 41, 45, 32, 40, 37, 15, 6, 5, 24, 38, 16, 50, 20, 23, 29, 30, 2, 7, 42, 21, 17, 3, 8, 9, 10, 43, 33, 51, 11, 52, 13, 14, 47, 26, 27, 28, 12, 25, 4, 48, 39, 49, 1, 44, 34, 36, 35, 46, 22]

Individual 15:
  Route length: 9382
  Contribution to Diversity: 0.0021525175663219542
  Route: [1, 49, 32, 19, 45, 41, 8, 9, 10, 43, 25, 12, 51, 33, 11, 52, 14, 13, 47, 26, 27, 28, 4, 15, 6, 5, 48, 24, 37, 38, 36, 46, 35, 39, 40, 34, 16, 29, 50, 20, 44, 23, 30, 7, 2, 42, 21, 17, 18, 3, 31, 22]

Individual 16:
  Route length: 9350
  Contribution to Diversity: 0.0030707737915562916
  Route: [3, 18, 1, 31, 30, 29, 2, 7, 42, 17, 21, 23, 20, 50, 16, 46, 38, 24, 6, 5, 39, 36, 35, 34, 44, 45, 19, 41, 8, 10, 9, 43, 33, 51, 11, 52, 14, 13, 27, 26, 47, 28, 12, 25, 4, 15, 48, 37, 49, 40, 32, 22]

Individual 17:
  Route length: 9347
  Contribution to Diversity: 0.006836257892111952
  Route: [35, 36, 38, 6, 25, 5, 4, 33, 51, 11, 52, 14, 13, 47, 26, 27, 28, 12, 43, 8, 10, 9, 41, 19, 45, 32, 31, 18, 3, 17, 21, 2, 7, 42, 30, 23, 20, 50, 29, 16, 48, 46, 44, 37, 34, 24, 40, 15, 39, 49, 1, 22]

Individual 18:
  Route length: 9138
  Contribution to Diversity: 0.007033853720431971
  Route: [40, 38, 6, 48, 34, 35, 45, 19, 41, 8, 9, 10, 33, 51, 11, 52, 14, 13, 27, 26, 47, 28, 12, 25, 4, 15, 43, 32, 1, 46, 37, 24, 5, 39, 49, 36, 44, 16, 29, 50, 20, 23, 30, 42, 7, 2, 21, 17, 3, 18, 31, 22]

Individual 19:
  Route length: 9281
  Contribution to Diversity: 0.0037988786224083526
  Route: [35, 44, 29, 50, 20, 23, 30, 2, 7, 42, 21, 17, 3, 18, 31, 49, 1, 32, 45, 19, 41, 9, 8, 10, 33, 51, 11, 52, 14, 13, 47, 26, 27, 28, 12, 43, 15, 39, 36, 37, 48, 6, 4, 25, 38, 40, 5, 24, 46, 16, 34, 22]

Total Entropy H: 5.080361184733032
