Individual 0:
  Route length: 7916
  Contribution to Diversity: 0.005913241995413543
  Route: [1, 49, 32, 3, 17, 21, 2, 7, 42, 30, 23, 20, 50, 29, 16, 46, 40, 39, 35, 36, 34, 44, 37, 38, 48, 24, 5, 15, 6, 4, 25, 12, 28, 27, 26, 47, 13, 14, 52, 11, 51, 33, 43, 10, 9, 8, 41, 19, 45, 18, 31, 22]

Individual 1:
  Route length: 7885
  Contribution to Diversity: 0.0058811848013693435
  Route: [1, 49, 32, 45, 19, 41, 8, 10, 9, 43, 33, 51, 11, 52, 14, 13, 47, 26, 27, 28, 12, 25, 4, 6, 15, 5, 38, 46, 44, 34, 35, 36, 39, 40, 37, 24, 48, 16, 29, 50, 20, 23, 30, 2, 7, 42, 21, 17, 3, 18, 31, 22]

Individual 2:
  Route length: 7910
  Contribution to Diversity: 0.002478152206990991
  Route: [1, 49, 32, 45, 19, 8, 41, 9, 10, 43, 33, 51, 11, 52, 14, 13, 47, 26, 27, 28, 12, 25, 4, 6, 15, 5, 24, 48, 38, 37, 40, 36, 44, 34, 35, 39, 46, 16, 29, 20, 50, 23, 30, 7, 2, 42, 21, 17, 3, 18, 31, 22]

Individual 3:
  Route length: 7909
  Contribution to Diversity: 0.0042705241497600355
  Route: [1, 49, 32, 45, 19, 41, 8, 9, 10, 43, 33, 51, 11, 52, 14, 13, 47, 26, 27, 28, 12, 25, 6, 4, 15, 24, 5, 48, 37, 40, 39, 34, 44, 35, 36, 38, 46, 16, 29, 50, 20, 23, 30, 7, 2, 42, 21, 17, 3, 18, 31, 22]

Individual 4:
  Route length: 7914
  Contribution to Diversity: 0.003912456771143269
  Route: [1, 49, 32, 45, 19, 8, 41, 9, 10, 43, 33, 51, 11, 52, 14, 13, 47, 26, 27, 28, 12, 25, 4, 6, 15, 5, 24, 38, 40, 39, 36, 37, 48, 35, 34, 44, 46, 16, 29, 20, 50, 23, 30, 7, 2, 42, 21, 17, 3, 18, 31, 22]

Individual 5:
  Route length: 7917
  Contribution to Diversity: 0.0032162977621252864
  Route: [1, 49, 32, 45, 19, 41, 8, 9, 10, 43, 33, 51, 11, 52, 14, 13, 47, 26, 27, 28, 12, 25, 24, 4, 6, 38, 34, 35, 36, 39, 37, 40, 5, 15, 48, 46, 44, 16, 29, 50, 20, 23, 30, 2, 7, 42, 21, 17, 3, 18, 31, 22]

Individual 6:
  Route length: 7885
  Contribution to Diversity: 0.00589199001543772
  Route: [1, 49, 32, 45, 19, 41, 8, 9, 10, 43, 33, 51, 11, 52, 13, 14, 47, 26, 27, 28, 12, 25, 4, 6, 5, 15, 24, 48, 38, 36, 44, 35, 34, 39, 40, 37, 46, 16, 50, 20, 23, 29, 30, 2, 7, 42, 21, 17, 3, 18, 31, 22]

Individual 7:
  Route length: 7902
  Contribution to Diversity: 0.0016801703948354785
  Route: [1, 49, 32, 45, 19, 41, 8, 9, 10, 43, 33, 51, 11, 52, 14, 13, 47, 26, 27, 28, 12, 25, 24, 4, 6, 5, 40, 37, 39, 36, 35, 34, 38, 15, 48, 46, 44, 16, 29, 50, 20, 23, 30, 2, 7, 42, 21, 17, 3, 18, 31, 22]

Individual 8:
  Route length: 7908
  Contribution to Diversity: 0.0005168234567465291
  Route: [1, 49, 32, 45, 19, 41, 8, 9, 10, 43, 33, 51, 11, 52, 14, 47, 13, 27, 26, 28, 12, 25, 4, 6, 5, 24, 48, 38, 15, 40, 37, 35, 36, 39, 34, 44, 46, 16, 29, 50, 20, 23, 30, 2, 7, 42, 21, 17, 3, 18, 31, 22]

Individual 9:
  Route length: 7909
  Contribution to Diversity: 0.0015500607197980187
  Route: [1, 49, 32, 45, 19, 41, 8, 9, 10, 43, 33, 51, 11, 52, 14, 13, 47, 26, 27, 28, 12, 4, 6, 37, 38, 40, 39, 36, 35, 34, 24, 48, 15, 5, 25, 46, 44, 16, 29, 50, 20, 23, 30, 2, 7, 42, 21, 17, 3, 18, 31, 22]

Individual 10:
  Route length: 7894
  Contribution to Diversity: 0.006094873427426428
  Route: [1, 49, 32, 45, 19, 41, 8, 9, 10, 43, 33, 51, 11, 52, 14, 13, 47, 26, 27, 28, 12, 25, 15, 4, 5, 24, 6, 48, 38, 40, 39, 36, 35, 34, 44, 37, 46, 16, 29, 50, 20, 23, 30, 42, 7, 2, 21, 17, 3, 18, 31, 22]

Individual 11:
  Route length: 7909
  Contribution to Diversity: 0.006411280805260766
  Route: [1, 49, 32, 45, 19, 8, 41, 9, 10, 43, 33, 51, 11, 52, 14, 13, 47, 26, 27, 28, 12, 25, 4, 6, 15, 38, 24, 5, 48, 37, 36, 39, 40, 35, 34, 44, 46, 16, 29, 20, 50, 23, 30, 7, 2, 42, 21, 17, 3, 18, 31, 22]

Individual 12:
  Route length: 7885
  Contribution to Diversity: 0.00040078575547397577
  Route: [31, 18, 3, 17, 21, 2, 7, 42, 30, 23, 50, 20, 29, 16, 46, 39, 36, 35, 34, 44, 40, 37, 38, 48, 24, 5, 15, 6, 4, 25, 12, 28, 27, 26, 47, 13, 14, 52, 11, 51, 33, 43, 10, 9, 41, 8, 19, 45, 32, 49, 1, 22]

Individual 13:
  Route length: 7914
  Contribution to Diversity: 0.0011723192235928437
  Route: [1, 49, 32, 45, 19, 41, 8, 9, 10, 43, 33, 51, 11, 52, 14, 47, 13, 27, 26, 28, 12, 25, 4, 6, 5, 24, 48, 38, 15, 40, 37, 34, 39, 36, 35, 44, 46, 16, 29, 50, 20, 23, 30, 2, 7, 42, 21, 17, 3, 18, 31, 22]

Individual 14:
  Route length: 7901
  Contribution to Diversity: 0.003440376146055968
  Route: [1, 32, 45, 19, 41, 8, 9, 10, 43, 33, 51, 11, 52, 14, 13, 47, 26, 27, 28, 12, 25, 4, 15, 5, 6, 24, 48, 38, 40, 37, 44, 34, 35, 39, 36, 49, 46, 16, 29, 50, 20, 23, 30, 2, 7, 42, 21, 17, 3, 18, 31, 22]

Individual 15:
  Route length: 7884
  Contribution to Diversity: 0.001550060719798907
  Route: [1, 49, 32, 45, 19, 41, 8, 9, 10, 43, 33, 51, 11, 52, 14, 13, 47, 26, 27, 28, 12, 4, 6, 37, 38, 40, 39, 36, 35, 34, 48, 24, 15, 5, 25, 46, 44, 16, 29, 50, 20, 23, 30, 2, 7, 42, 21, 17, 3, 18, 31, 22]

Individual 16:
  Route length: 7876
  Contribution to Diversity: 0.0016252238213780856
  Route: [1, 49, 32, 45, 19, 41, 8, 9, 10, 43, 33, 51, 11, 52, 13, 14, 47, 26, 27, 28, 12, 25, 4, 15, 5, 6, 24, 48, 38, 37, 40, 39, 36, 44, 35, 34, 46, 16, 29, 23, 20, 50, 30, 2, 7, 42, 21, 17, 3, 18, 31, 22]

Individual 17:
  Route length: 7888
  Contribution to Diversity: 0.003740617703007487
  Route: [1, 36, 44, 34, 35, 38, 37, 40, 39, 49, 32, 45, 19, 41, 8, 9, 10, 43, 33, 51, 11, 52, 13, 14, 47, 26, 27, 28, 12, 25, 4, 15, 5, 6, 24, 48, 46, 16, 29, 50, 20, 23, 30, 2, 7, 42, 21, 17, 3, 18, 31, 22]

Individual 18:
  Route length: 7852
  Contribution to Diversity: 0
  Route: [1, 49, 32, 45, 19, 41, 8, 9, 10, 43, 33, 51, 11, 52, 13, 14, 47, 26, 27, 28, 12, 25, 4, 6, 15, 5, 24, 48, 40, 39, 36, 34, 35, 44, 38, 37, 46, 16, 29, 50, 23, 20, 30, 2, 7, 42, 21, 17, 3, 18, 31, 22]

Individual 19:
  Route length: 7917
  Contribution to Diversity: 0.0025505548635793573
  Route: [1, 49, 32, 45, 19, 41, 8, 9, 10, 43, 33, 51, 11, 52, 13, 14, 47, 26, 27, 28, 12, 25, 4, 6, 15, 5, 24, 48, 40, 39, 37, 38, 44, 35, 34, 36, 46, 16, 29, 50, 23, 20, 30, 2, 7, 42, 21, 17, 3, 18, 31, 22]

Total Entropy H: 4.449424075561694
