Individual 0:
  Route length: 7905
  Contribution to Diversity: 0.002263398168616426
  Route: [1, 49, 32, 31, 17, 21, 42, 7, 2, 30, 23, 20, 50, 29, 16, 46, 44, 36, 35, 34, 39, 40, 37, 48, 38, 24, 5, 15, 6, 4, 25, 12, 28, 27, 26, 47, 13, 14, 52, 11, 51, 33, 43, 10, 9, 8, 41, 19, 45, 3, 18, 22]

Individual 1:
  Route length: 7908
  Contribution to Diversity: 0.019123370487853286
  Route: [1, 34, 49, 32, 45, 19, 41, 8, 10, 9, 43, 33, 51, 11, 52, 14, 13, 47, 26, 27, 28, 12, 25, 4, 6, 15, 5, 24, 48, 37, 39, 38, 40, 36, 35, 44, 46, 16, 29, 50, 20, 23, 30, 7, 2, 42, 21, 17, 3, 18, 31, 22]

Individual 2:
  Route length: 7918
  Contribution to Diversity: 0.02367695849865381
  Route: [1, 36, 35, 34, 39, 40, 37, 38, 24, 5, 48, 15, 6, 4, 25, 12, 28, 27, 26, 47, 14, 13, 52, 11, 51, 33, 43, 10, 9, 8, 41, 19, 45, 32, 49, 44, 46, 16, 29, 20, 23, 50, 30, 2, 7, 42, 21, 17, 3, 18, 31, 22]

Individual 3:
  Route length: 7918
  Contribution to Diversity: 0
  Route: [1, 31, 18, 3, 17, 21, 42, 7, 2, 30, 23, 20, 50, 29, 16, 46, 44, 49, 32, 45, 19, 41, 8, 10, 9, 43, 33, 51, 11, 52, 14, 13, 47, 26, 27, 28, 12, 25, 4, 5, 15, 6, 24, 48, 38, 37, 40, 39, 34, 35, 36, 22]

Individual 4:
  Route length: 7871
  Contribution to Diversity: 0.013428326386996758
  Route: [32, 45, 19, 41, 8, 9, 10, 43, 33, 51, 11, 52, 14, 13, 47, 26, 27, 28, 12, 25, 4, 6, 15, 5, 24, 48, 39, 38, 40, 37, 34, 35, 49, 36, 44, 46, 16, 29, 50, 20, 23, 30, 2, 7, 42, 21, 17, 3, 18, 31, 1, 22]

Individual 5:
  Route length: 7901
  Contribution to Diversity: 0.022132969427869575
  Route: [1, 49, 32, 45, 19, 41, 8, 9, 10, 43, 33, 51, 11, 52, 14, 13, 47, 26, 27, 28, 12, 25, 4, 6, 15, 5, 38, 39, 37, 48, 40, 36, 35, 34, 44, 24, 46, 16, 29, 50, 20, 23, 30, 42, 2, 7, 21, 17, 3, 18, 31, 22]

Individual 6:
  Route length: 7888
  Contribution to Diversity: 0.009714028117546292
  Route: [1, 49, 32, 45, 19, 41, 8, 9, 10, 43, 33, 51, 11, 52, 13, 14, 47, 26, 27, 28, 12, 25, 4, 6, 15, 5, 46, 38, 37, 48, 24, 40, 35, 39, 34, 36, 44, 16, 29, 50, 20, 23, 30, 2, 7, 42, 21, 17, 3, 18, 31, 22]

Individual 7:
  Route length: 7877
  Contribution to Diversity: 0.00965871303505672
  Route: [1, 49, 32, 45, 19, 41, 8, 9, 10, 43, 33, 51, 11, 52, 14, 13, 47, 26, 27, 28, 12, 25, 4, 48, 38, 37, 15, 24, 6, 5, 40, 39, 36, 35, 34, 44, 46, 16, 29, 50, 20, 23, 30, 2, 7, 42, 21, 17, 3, 31, 18, 22]

Individual 8:
  Route length: 7901
  Contribution to Diversity: 0.0019455773919165864
  Route: [1, 49, 32, 45, 19, 41, 8, 9, 10, 43, 33, 51, 11, 52, 13, 14, 47, 26, 27, 28, 12, 25, 4, 5, 15, 6, 24, 48, 37, 38, 46, 35, 40, 39, 34, 36, 44, 16, 29, 50, 20, 23, 30, 2, 7, 42, 21, 17, 3, 18, 31, 22]

Individual 9:
  Route length: 7890
  Contribution to Diversity: 0.0068681704695139345
  Route: [1, 49, 32, 45, 19, 41, 8, 9, 10, 43, 33, 51, 11, 52, 14, 13, 47, 26, 27, 28, 12, 25, 4, 48, 37, 24, 6, 38, 15, 5, 40, 39, 36, 35, 34, 44, 46, 16, 29, 50, 20, 23, 30, 2, 7, 42, 21, 17, 3, 31, 18, 22]

Total Entropy H: 4.40381281727602
