Individual 0:
  Route length: 12927
  Contribution to Diversity: 0.0009074948866292232
  Route: [40, 31, 18, 41, 8, 9, 38, 44, 50, 20, 23, 35, 34, 49, 1, 26, 27, 28, 12, 25, 14, 52, 11, 51, 33, 43, 10, 37, 46, 16, 29, 30, 2, 7, 42, 21, 17, 3, 19, 45, 32, 4, 13, 47, 48, 24, 39, 36, 6, 15, 5, 22]

Individual 1:
  Route length: 13141
  Contribution to Diversity: 0.00047867004946322567
  Route: [10, 43, 33, 51, 11, 52, 14, 25, 12, 28, 27, 26, 38, 37, 5, 15, 9, 1, 49, 6, 8, 41, 3, 17, 30, 2, 7, 42, 21, 44, 46, 16, 29, 50, 20, 23, 34, 35, 36, 39, 40, 24, 48, 47, 13, 4, 32, 45, 19, 18, 31, 22]

Individual 2:
  Route length: 13174
  Contribution to Diversity: 0.000722056311564856
  Route: [30, 37, 38, 16, 29, 20, 50, 23, 40, 42, 7, 2, 21, 34, 44, 39, 35, 36, 3, 17, 18, 4, 25, 12, 28, 51, 33, 43, 10, 9, 8, 41, 19, 45, 32, 49, 13, 47, 26, 27, 11, 52, 14, 1, 6, 5, 15, 24, 48, 46, 31, 22]

Individual 3:
  Route length: 13135
  Contribution to Diversity: 0.0005167684791169691
  Route: [1, 49, 3, 31, 18, 43, 10, 9, 8, 39, 23, 29, 12, 25, 4, 6, 15, 5, 24, 48, 38, 37, 32, 35, 45, 44, 34, 36, 40, 30, 2, 7, 42, 21, 17, 41, 19, 50, 46, 16, 20, 33, 51, 11, 26, 47, 13, 14, 52, 27, 28, 22]

Individual 4:
  Route length: 13144
  Contribution to Diversity: 0.0007511134892554949
  Route: [1, 49, 30, 2, 7, 42, 21, 17, 3, 8, 41, 19, 25, 12, 13, 47, 26, 27, 28, 14, 52, 33, 11, 43, 15, 38, 6, 4, 45, 10, 9, 51, 46, 39, 36, 34, 35, 44, 40, 37, 5, 48, 32, 24, 23, 20, 50, 29, 16, 18, 31, 22]

Individual 5:
  Route length: 13178
  Contribution to Diversity: 0.0015037678934861631
  Route: [1, 49, 44, 46, 15, 14, 13, 47, 26, 27, 28, 12, 4, 25, 6, 10, 43, 33, 51, 11, 52, 40, 3, 18, 50, 20, 29, 16, 17, 9, 8, 41, 19, 45, 32, 34, 35, 36, 39, 37, 38, 48, 24, 21, 5, 42, 7, 2, 30, 23, 31, 22]

Individual 6:
  Route length: 13083
  Contribution to Diversity: 0.0011364220213572196
  Route: [2, 30, 21, 3, 49, 36, 35, 34, 44, 46, 32, 25, 12, 28, 24, 26, 27, 48, 40, 39, 1, 45, 19, 41, 8, 9, 10, 43, 33, 51, 11, 52, 14, 13, 47, 37, 42, 7, 17, 23, 20, 50, 29, 38, 5, 15, 6, 4, 16, 18, 31, 22]

Individual 7:
  Route length: 13192
  Contribution to Diversity: 0.00044966077341079824
  Route: [1, 36, 39, 37, 25, 12, 26, 27, 28, 47, 29, 16, 46, 44, 34, 51, 33, 43, 10, 24, 48, 38, 2, 7, 42, 30, 23, 20, 50, 13, 14, 52, 11, 4, 6, 15, 45, 5, 35, 49, 32, 40, 21, 17, 3, 18, 9, 19, 41, 8, 31, 22]

Individual 8:
  Route length: 13051
  Contribution to Diversity: 8.939448654299298e-05
  Route: [1, 49, 30, 2, 7, 42, 21, 16, 29, 50, 20, 23, 24, 45, 10, 9, 51, 46, 44, 35, 34, 36, 39, 40, 37, 5, 48, 32, 4, 6, 38, 15, 43, 11, 33, 52, 14, 28, 27, 26, 47, 13, 12, 25, 19, 41, 8, 3, 17, 18, 31, 22]

Individual 9:
  Route length: 13184
  Contribution to Diversity: 0.0017055721318790518
  Route: [1, 49, 34, 35, 5, 15, 45, 40, 39, 12, 13, 24, 36, 37, 38, 28, 27, 26, 47, 25, 4, 6, 43, 48, 46, 44, 20, 23, 30, 2, 7, 42, 21, 17, 33, 51, 11, 52, 14, 16, 29, 50, 32, 3, 18, 31, 41, 19, 10, 9, 8, 22]

Individual 10:
  Route length: 13190
  Contribution to Diversity: 0.0007080445589231488
  Route: [1, 46, 16, 29, 26, 28, 12, 25, 6, 47, 4, 33, 51, 13, 14, 52, 11, 15, 10, 9, 8, 41, 19, 50, 20, 48, 38, 44, 34, 35, 36, 39, 37, 40, 27, 24, 5, 43, 45, 32, 49, 30, 23, 7, 2, 42, 21, 17, 3, 18, 31, 22]

Individual 11:
  Route length: 13174
  Contribution to Diversity: 0.001048633119910214
  Route: [1, 12, 39, 25, 4, 6, 40, 36, 20, 5, 34, 44, 35, 31, 18, 3, 17, 21, 42, 7, 2, 30, 29, 16, 46, 23, 50, 37, 11, 52, 14, 13, 28, 49, 32, 45, 19, 41, 8, 9, 10, 43, 24, 48, 38, 15, 51, 33, 27, 26, 47, 22]

Individual 12:
  Route length: 13175
  Contribution to Diversity: 0.0006054722275736779
  Route: [1, 49, 32, 19, 45, 41, 40, 5, 24, 48, 38, 46, 15, 4, 33, 43, 10, 9, 8, 29, 16, 42, 7, 18, 31, 50, 20, 23, 30, 2, 3, 17, 21, 37, 44, 34, 35, 39, 51, 11, 6, 14, 52, 13, 47, 26, 27, 28, 12, 25, 36, 22]

Individual 13:
  Route length: 12995
  Contribution to Diversity: 0.0008544708156055236
  Route: [1, 49, 20, 23, 30, 2, 7, 42, 21, 17, 33, 51, 11, 52, 14, 16, 29, 50, 32, 3, 18, 31, 41, 19, 45, 15, 5, 28, 27, 47, 26, 25, 4, 6, 43, 39, 36, 24, 13, 12, 48, 46, 44, 34, 35, 37, 38, 40, 10, 9, 8, 22]

Individual 14:
  Route length: 13147
  Contribution to Diversity: 0.0013639162586862597
  Route: [3, 17, 45, 19, 23, 20, 50, 29, 16, 30, 48, 31, 18, 36, 35, 34, 44, 46, 1, 39, 40, 4, 6, 25, 12, 28, 27, 10, 9, 33, 43, 51, 11, 52, 14, 13, 47, 26, 8, 41, 32, 21, 42, 7, 2, 49, 38, 37, 15, 5, 24, 22]

Individual 15:
  Route length: 13095
  Contribution to Diversity: 0.0004974469114369384
  Route: [1, 26, 27, 28, 12, 25, 49, 44, 23, 30, 2, 7, 42, 21, 31, 18, 3, 17, 8, 41, 19, 9, 10, 48, 35, 15, 32, 45, 47, 37, 38, 36, 39, 40, 29, 16, 46, 34, 20, 50, 13, 14, 52, 11, 51, 33, 43, 5, 24, 4, 6, 22]

Individual 16:
  Route length: 13151
  Contribution to Diversity: 0.00038945876551821357
  Route: [1, 25, 43, 49, 32, 10, 9, 8, 36, 35, 40, 37, 6, 15, 5, 29, 23, 30, 2, 7, 42, 21, 17, 3, 18, 4, 33, 24, 12, 28, 14, 13, 47, 26, 27, 52, 11, 51, 48, 38, 19, 41, 39, 34, 31, 20, 16, 46, 44, 50, 45, 22]

Individual 17:
  Route length: 13131
  Contribution to Diversity: 0.000982821388771704
  Route: [29, 50, 20, 23, 30, 44, 46, 2, 7, 42, 21, 18, 45, 36, 5, 26, 3, 19, 41, 8, 9, 10, 4, 25, 16, 1, 49, 38, 48, 24, 35, 47, 13, 14, 52, 11, 27, 28, 12, 51, 33, 43, 40, 39, 32, 37, 6, 15, 34, 17, 31, 22]

Individual 18:
  Route length: 13154
  Contribution to Diversity: 0.00026695659679543127
  Route: [1, 23, 50, 20, 29, 16, 38, 43, 9, 8, 41, 19, 45, 24, 48, 34, 36, 35, 39, 40, 26, 13, 49, 32, 10, 33, 51, 11, 52, 14, 47, 27, 28, 12, 25, 4, 42, 7, 2, 21, 3, 17, 37, 5, 15, 6, 30, 18, 44, 46, 31, 22]

Individual 19:
  Route length: 13029
  Contribution to Diversity: 0.0012352169642708688
  Route: [1, 24, 15, 44, 46, 16, 29, 50, 36, 35, 34, 6, 4, 5, 25, 27, 20, 3, 18, 32, 45, 21, 7, 42, 2, 30, 23, 17, 19, 9, 10, 43, 51, 33, 11, 52, 14, 13, 47, 26, 12, 28, 8, 41, 39, 40, 37, 38, 48, 49, 31, 22]

Individual 20:
  Route length: 13149
  Contribution to Diversity: 0.000852161319841116
  Route: [1, 24, 15, 44, 43, 10, 9, 19, 17, 3, 18, 32, 45, 21, 7, 42, 2, 30, 23, 20, 27, 25, 5, 4, 6, 34, 36, 50, 29, 16, 46, 35, 51, 33, 11, 52, 14, 13, 47, 26, 12, 28, 8, 41, 39, 40, 37, 38, 48, 49, 31, 22]

Individual 21:
  Route length: 13136
  Contribution to Diversity: 0.0008514043782570369
  Route: [1, 12, 39, 25, 4, 6, 40, 36, 20, 5, 34, 44, 35, 31, 18, 3, 17, 21, 42, 7, 2, 30, 29, 16, 46, 23, 50, 37, 38, 48, 11, 52, 14, 13, 28, 49, 32, 45, 19, 41, 8, 9, 10, 43, 24, 15, 51, 33, 27, 26, 47, 22]

Individual 22:
  Route length: 13135
  Contribution to Diversity: 0.00023691946678638942
  Route: [31, 18, 46, 44, 35, 51, 33, 52, 14, 28, 27, 26, 47, 13, 12, 25, 49, 30, 2, 7, 42, 21, 17, 3, 45, 4, 6, 15, 5, 48, 50, 29, 16, 20, 23, 24, 38, 37, 40, 39, 36, 34, 32, 43, 11, 9, 10, 8, 41, 19, 1, 22]

Individual 23:
  Route length: 13177
  Contribution to Diversity: 0.0004784189173703268
  Route: [1, 49, 30, 2, 7, 42, 21, 16, 29, 50, 20, 23, 24, 45, 10, 9, 37, 40, 39, 36, 34, 35, 44, 46, 51, 5, 48, 32, 4, 6, 38, 15, 43, 11, 33, 52, 14, 28, 27, 26, 47, 13, 12, 25, 19, 41, 8, 3, 17, 18, 31, 22]

Individual 24:
  Route length: 13139
  Contribution to Diversity: 0.0007647539549537896
  Route: [31, 18, 46, 44, 35, 51, 33, 52, 14, 28, 27, 26, 47, 13, 12, 25, 49, 30, 2, 7, 42, 21, 17, 3, 45, 4, 6, 15, 5, 48, 23, 20, 16, 29, 50, 24, 38, 37, 40, 39, 36, 34, 32, 43, 11, 9, 10, 8, 41, 19, 1, 22]

Individual 25:
  Route length: 13171
  Contribution to Diversity: 0.0005434315057009087
  Route: [1, 31, 18, 45, 32, 40, 37, 38, 43, 33, 51, 4, 6, 15, 5, 24, 49, 16, 29, 50, 20, 23, 30, 2, 7, 42, 21, 34, 44, 46, 25, 17, 3, 27, 28, 11, 52, 14, 26, 47, 13, 12, 35, 39, 19, 8, 41, 36, 9, 10, 48, 22]

Individual 26:
  Route length: 13170
  Contribution to Diversity: 0.0007822168725954981
  Route: [1, 49, 32, 45, 19, 20, 47, 16, 38, 4, 6, 15, 5, 24, 48, 37, 25, 12, 51, 11, 52, 14, 13, 34, 50, 35, 36, 39, 40, 29, 28, 27, 26, 46, 21, 23, 42, 30, 2, 7, 31, 18, 3, 17, 41, 8, 9, 10, 43, 33, 44, 22]

Individual 27:
  Route length: 13122
  Contribution to Diversity: 0.0006288471325017753
  Route: [44, 33, 43, 10, 9, 8, 41, 23, 21, 17, 3, 18, 31, 7, 2, 30, 42, 46, 26, 27, 28, 24, 38, 16, 47, 35, 36, 39, 40, 5, 4, 6, 15, 37, 25, 12, 51, 11, 52, 14, 13, 34, 48, 29, 50, 20, 19, 45, 32, 49, 1, 22]

Individual 28:
  Route length: 12908
  Contribution to Diversity: 0.0002632585845327995
  Route: [1, 50, 29, 30, 2, 7, 42, 32, 45, 48, 19, 3, 51, 11, 52, 14, 27, 26, 47, 13, 28, 12, 25, 4, 6, 15, 5, 24, 37, 40, 49, 21, 17, 18, 41, 39, 38, 20, 23, 16, 36, 8, 9, 10, 33, 43, 31, 46, 35, 34, 44, 22]

Individual 29:
  Route length: 13113
  Contribution to Diversity: 0.0009361499626319159
  Route: [1, 51, 11, 52, 14, 27, 26, 47, 13, 28, 12, 25, 4, 6, 36, 8, 9, 10, 42, 7, 2, 30, 23, 20, 29, 16, 39, 38, 50, 34, 44, 46, 24, 37, 40, 48, 33, 21, 17, 3, 18, 49, 43, 19, 41, 5, 15, 35, 45, 32, 31, 22]

Individual 30:
  Route length: 13162
  Contribution to Diversity: 0.0011376098001276702
  Route: [1, 49, 32, 19, 45, 41, 40, 5, 24, 48, 38, 46, 15, 4, 33, 43, 10, 9, 8, 29, 16, 42, 7, 18, 21, 17, 3, 2, 30, 23, 20, 50, 31, 37, 44, 34, 35, 39, 51, 11, 6, 14, 52, 13, 47, 26, 27, 28, 12, 25, 36, 22]

Individual 31:
  Route length: 13008
  Contribution to Diversity: 0.001618442228211947
  Route: [1, 49, 32, 45, 19, 41, 39, 4, 25, 12, 28, 27, 26, 47, 13, 14, 52, 11, 48, 5, 15, 6, 36, 35, 21, 42, 50, 20, 29, 30, 2, 7, 23, 16, 18, 31, 43, 10, 9, 8, 40, 44, 46, 3, 17, 34, 37, 38, 24, 51, 33, 22]

Individual 32:
  Route length: 13146
  Contribution to Diversity: 0.000960383431719336
  Route: [1, 25, 43, 49, 32, 45, 50, 44, 46, 16, 20, 31, 34, 39, 41, 19, 38, 48, 51, 11, 52, 47, 26, 27, 13, 14, 28, 12, 24, 5, 29, 23, 30, 2, 7, 42, 21, 17, 3, 18, 4, 33, 15, 6, 37, 40, 35, 36, 8, 9, 10, 22]

Individual 33:
  Route length: 13129
  Contribution to Diversity: 0.0005203970722238438
  Route: [3, 17, 21, 49, 18, 41, 44, 34, 46, 16, 29, 20, 23, 30, 2, 7, 42, 32, 45, 33, 43, 10, 9, 8, 36, 35, 31, 48, 19, 6, 4, 25, 12, 28, 13, 47, 26, 27, 52, 14, 11, 51, 40, 37, 24, 5, 15, 1, 50, 38, 39, 22]

Individual 34:
  Route length: 12957
  Contribution to Diversity: 0.0003948610825617038
  Route: [1, 49, 46, 16, 35, 36, 8, 9, 10, 43, 33, 50, 38, 39, 12, 28, 13, 47, 26, 27, 14, 52, 11, 51, 18, 41, 4, 25, 6, 15, 5, 24, 37, 40, 48, 19, 45, 32, 42, 7, 2, 30, 23, 31, 3, 17, 21, 44, 34, 29, 20, 22]

Individual 35:
  Route length: 13167
  Contribution to Diversity: 7.711746649885498e-05
  Route: [49, 32, 45, 19, 1, 34, 24, 5, 15, 48, 38, 37, 6, 35, 36, 39, 40, 4, 25, 12, 28, 7, 31, 18, 3, 17, 8, 9, 10, 43, 33, 51, 11, 52, 14, 13, 47, 26, 27, 2, 30, 23, 20, 41, 44, 46, 16, 29, 50, 21, 42, 22]

Individual 36:
  Route length: 13084
  Contribution to Diversity: 0.0005619269045418207
  Route: [1, 23, 50, 20, 29, 16, 38, 32, 49, 13, 28, 12, 25, 4, 7, 42, 2, 21, 3, 17, 37, 5, 15, 6, 39, 35, 36, 34, 44, 18, 30, 40, 26, 27, 47, 14, 52, 11, 51, 33, 10, 43, 9, 8, 41, 19, 45, 24, 48, 46, 31, 22]

Individual 37:
  Route length: 13174
  Contribution to Diversity: 0.0007899669808599796
  Route: [1, 49, 17, 41, 19, 21, 32, 39, 40, 4, 25, 12, 28, 27, 26, 45, 23, 44, 46, 16, 29, 50, 20, 35, 24, 48, 38, 37, 6, 33, 43, 10, 8, 9, 34, 36, 15, 5, 51, 11, 52, 14, 13, 47, 3, 30, 2, 7, 42, 18, 31, 22]

Individual 38:
  Route length: 13195
  Contribution to Diversity: 0.0008309188438806459
  Route: [1, 49, 32, 40, 30, 2, 7, 42, 21, 17, 8, 9, 10, 43, 18, 31, 3, 35, 45, 44, 34, 36, 37, 38, 48, 50, 46, 16, 20, 33, 51, 11, 26, 47, 14, 13, 52, 27, 28, 39, 23, 29, 12, 25, 4, 6, 15, 5, 24, 19, 41, 22]

Individual 39:
  Route length: 13034
  Contribution to Diversity: 0.001081111156032044
  Route: [40, 39, 36, 1, 5, 24, 48, 38, 49, 37, 34, 11, 52, 14, 13, 47, 26, 27, 28, 32, 35, 30, 23, 31, 18, 3, 12, 45, 19, 41, 8, 9, 10, 43, 33, 51, 25, 4, 6, 15, 20, 50, 29, 16, 46, 44, 42, 21, 17, 2, 7, 22]

Individual 40:
  Route length: 13114
  Contribution to Diversity: 0.0005152874831608756
  Route: [1, 26, 27, 28, 48, 25, 12, 38, 37, 47, 45, 32, 35, 36, 39, 40, 5, 43, 33, 51, 11, 13, 52, 14, 50, 20, 23, 30, 2, 7, 42, 21, 31, 18, 3, 17, 8, 41, 19, 9, 10, 49, 34, 24, 29, 16, 46, 44, 4, 6, 15, 22]

Individual 41:
  Route length: 13134
  Contribution to Diversity: 0.0002438711779291225
  Route: [30, 23, 7, 2, 42, 21, 17, 3, 18, 19, 41, 8, 9, 10, 15, 6, 47, 4, 45, 32, 49, 31, 20, 48, 38, 44, 34, 35, 36, 39, 50, 40, 37, 27, 12, 51, 11, 52, 14, 13, 25, 33, 43, 5, 24, 28, 26, 29, 16, 46, 1, 22]

Individual 42:
  Route length: 12877
  Contribution to Diversity: 0.0005715686420639798
  Route: [1, 50, 29, 30, 42, 7, 2, 32, 48, 45, 19, 3, 51, 11, 52, 14, 27, 26, 47, 13, 28, 12, 25, 4, 6, 15, 5, 24, 37, 40, 49, 21, 17, 18, 41, 39, 38, 20, 23, 16, 36, 8, 9, 10, 43, 33, 31, 46, 35, 34, 44, 22]

Individual 43:
  Route length: 13094
  Contribution to Diversity: 0.001052701002970835
  Route: [1, 20, 23, 30, 2, 7, 42, 21, 17, 3, 43, 6, 48, 10, 9, 35, 34, 44, 15, 5, 24, 49, 18, 31, 38, 37, 40, 39, 36, 8, 41, 19, 25, 12, 13, 47, 26, 27, 28, 14, 52, 11, 50, 29, 16, 46, 33, 51, 4, 32, 45, 22]

Individual 44:
  Route length: 13130
  Contribution to Diversity: 0.0007159537411718375
  Route: [30, 23, 7, 2, 42, 21, 17, 3, 18, 19, 41, 8, 9, 10, 15, 24, 5, 43, 33, 25, 13, 14, 52, 11, 51, 12, 27, 37, 40, 50, 39, 36, 35, 34, 44, 38, 48, 20, 31, 49, 32, 45, 4, 47, 6, 28, 26, 29, 16, 46, 1, 22]

Individual 45:
  Route length: 13051
  Contribution to Diversity: 0.0010239564091696352
  Route: [1, 49, 2, 48, 4, 26, 27, 46, 16, 24, 5, 25, 12, 28, 38, 34, 35, 40, 39, 36, 37, 23, 29, 45, 19, 41, 8, 9, 10, 43, 33, 51, 11, 52, 14, 13, 47, 50, 20, 30, 21, 7, 42, 17, 3, 18, 31, 6, 15, 32, 44, 22]

Individual 46:
  Route length: 13194
  Contribution to Diversity: 0.0009220041404196522
  Route: [1, 49, 32, 45, 19, 20, 47, 16, 38, 4, 6, 15, 5, 24, 48, 37, 25, 12, 51, 11, 52, 14, 13, 34, 50, 36, 35, 39, 40, 29, 28, 27, 26, 46, 21, 23, 42, 30, 2, 7, 31, 18, 3, 17, 41, 8, 9, 10, 43, 33, 44, 22]

Individual 47:
  Route length: 13181
  Contribution to Diversity: 0.0004611511178156391
  Route: [1, 49, 14, 15, 50, 29, 16, 46, 32, 45, 19, 41, 8, 9, 10, 43, 33, 25, 12, 28, 26, 27, 47, 4, 6, 39, 5, 24, 48, 38, 37, 40, 34, 13, 51, 52, 11, 36, 35, 44, 20, 23, 30, 2, 7, 42, 21, 17, 3, 18, 31, 22]

Individual 48:
  Route length: 13156
  Contribution to Diversity: 0.0015359913415124993
  Route: [1, 31, 18, 45, 32, 4, 51, 33, 43, 38, 37, 40, 39, 36, 8, 41, 17, 3, 16, 29, 50, 20, 23, 30, 2, 7, 42, 21, 19, 25, 52, 14, 28, 27, 47, 26, 13, 12, 11, 46, 44, 9, 10, 48, 6, 15, 5, 24, 49, 34, 35, 22]

Individual 49:
  Route length: 13061
  Contribution to Diversity: 0.0007207732701601799
  Route: [1, 49, 48, 31, 18, 2, 7, 42, 21, 24, 5, 4, 6, 15, 8, 41, 32, 36, 39, 40, 46, 37, 38, 23, 20, 50, 29, 16, 30, 19, 45, 17, 3, 51, 11, 52, 14, 13, 47, 25, 12, 28, 27, 26, 43, 33, 9, 10, 44, 34, 35, 22]

Individual 50:
  Route length: 13179
  Contribution to Diversity: 0.0007094029426806259
  Route: [1, 49, 32, 45, 47, 14, 13, 52, 11, 4, 24, 46, 16, 15, 48, 38, 37, 21, 42, 7, 2, 30, 23, 20, 40, 39, 36, 5, 44, 34, 35, 50, 29, 6, 51, 10, 19, 41, 8, 9, 33, 43, 26, 27, 28, 12, 25, 17, 3, 18, 31, 22]

Individual 51:
  Route length: 13176
  Contribution to Diversity: 0.0004301726515736348
  Route: [1, 49, 32, 45, 19, 41, 8, 9, 10, 34, 35, 36, 39, 40, 46, 44, 43, 33, 50, 20, 23, 42, 7, 3, 17, 21, 30, 2, 48, 38, 18, 6, 15, 4, 12, 28, 27, 26, 47, 13, 14, 52, 11, 51, 31, 5, 24, 37, 16, 29, 25, 22]

Individual 52:
  Route length: 13129
  Contribution to Diversity: 0.000591586697191282
  Route: [1, 26, 27, 28, 48, 25, 12, 38, 37, 47, 45, 32, 35, 36, 39, 40, 5, 43, 33, 51, 11, 13, 52, 14, 50, 20, 23, 24, 34, 49, 10, 9, 19, 41, 8, 17, 3, 18, 31, 21, 42, 7, 2, 30, 29, 16, 46, 44, 4, 6, 15, 22]

Individual 53:
  Route length: 13022
  Contribution to Diversity: 0.00048127140698639437
  Route: [1, 31, 18, 45, 32, 16, 21, 42, 7, 2, 30, 23, 20, 50, 29, 46, 44, 34, 35, 25, 24, 5, 15, 6, 4, 51, 33, 43, 38, 37, 40, 17, 3, 14, 52, 11, 28, 27, 26, 47, 13, 12, 39, 19, 8, 41, 36, 9, 10, 48, 49, 22]

Individual 54:
  Route length: 13117
  Contribution to Diversity: 0.0010838778456943032
  Route: [1, 49, 32, 15, 46, 16, 24, 5, 25, 12, 28, 38, 34, 39, 40, 35, 36, 37, 23, 29, 45, 19, 41, 8, 9, 10, 43, 33, 51, 11, 52, 14, 13, 47, 50, 20, 30, 21, 7, 42, 17, 3, 18, 31, 6, 27, 26, 4, 48, 2, 44, 22]

Individual 55:
  Route length: 12808
  Contribution to Diversity: 0.0008233267442419034
  Route: [32, 13, 47, 14, 52, 28, 12, 25, 27, 26, 49, 1, 45, 19, 41, 8, 9, 10, 44, 39, 40, 36, 35, 34, 37, 15, 5, 24, 46, 43, 33, 51, 11, 4, 6, 31, 18, 3, 23, 20, 50, 29, 16, 48, 38, 17, 30, 2, 7, 42, 21, 22]

Individual 56:
  Route length: 13082
  Contribution to Diversity: 0.0008813690107860594
  Route: [1, 49, 32, 45, 39, 40, 16, 44, 46, 37, 38, 48, 15, 5, 24, 6, 4, 50, 42, 21, 17, 3, 18, 31, 29, 23, 30, 2, 7, 41, 19, 25, 12, 43, 10, 9, 8, 36, 35, 34, 20, 33, 51, 11, 26, 47, 13, 14, 52, 27, 28, 22]

Individual 57:
  Route length: 13191
  Contribution to Diversity: 0.0009101236646911204
  Route: [50, 20, 49, 1, 29, 16, 46, 24, 5, 48, 44, 34, 35, 6, 4, 9, 33, 43, 26, 27, 28, 12, 25, 37, 38, 15, 17, 21, 42, 7, 2, 30, 23, 32, 45, 19, 41, 8, 51, 47, 13, 14, 52, 11, 10, 40, 36, 39, 3, 18, 31, 22]

Individual 58:
  Route length: 12959
  Contribution to Diversity: 0.0008764684962736524
  Route: [3, 17, 45, 19, 49, 46, 44, 48, 30, 16, 29, 50, 20, 23, 38, 37, 4, 6, 10, 9, 33, 43, 26, 47, 13, 14, 52, 11, 51, 8, 41, 32, 21, 2, 7, 42, 1, 18, 31, 34, 35, 36, 39, 40, 25, 12, 28, 27, 15, 5, 24, 22]

Individual 59:
  Route length: 13119
  Contribution to Diversity: 0.0007900556656963431
  Route: [16, 29, 30, 23, 20, 27, 37, 26, 47, 13, 14, 52, 11, 33, 51, 34, 46, 38, 48, 24, 5, 15, 28, 12, 25, 4, 6, 40, 49, 1, 44, 50, 2, 7, 42, 17, 19, 36, 35, 43, 10, 9, 8, 41, 39, 32, 45, 21, 3, 18, 31, 22]

Individual 60:
  Route length: 13092
  Contribution to Diversity: 0.0004600762216204757
  Route: [30, 23, 7, 2, 42, 21, 17, 3, 18, 19, 41, 8, 9, 10, 45, 4, 47, 6, 15, 32, 49, 31, 20, 48, 38, 44, 34, 35, 36, 39, 50, 40, 37, 27, 12, 51, 11, 52, 14, 13, 25, 33, 43, 5, 24, 28, 26, 29, 16, 46, 1, 22]

Individual 61:
  Route length: 13189
  Contribution to Diversity: 0.000874894117618652
  Route: [1, 49, 32, 36, 34, 44, 45, 35, 3, 31, 18, 43, 10, 9, 8, 33, 51, 11, 26, 47, 13, 14, 52, 27, 28, 39, 23, 50, 46, 16, 20, 38, 37, 40, 30, 2, 7, 42, 21, 17, 48, 29, 12, 25, 4, 6, 15, 5, 24, 19, 41, 22]

Individual 62:
  Route length: 13054
  Contribution to Diversity: 0.000707631851318169
  Route: [1, 50, 19, 41, 8, 9, 10, 43, 24, 48, 38, 37, 45, 32, 49, 5, 35, 31, 18, 44, 20, 23, 47, 26, 27, 33, 11, 52, 14, 13, 28, 34, 3, 17, 21, 42, 7, 2, 30, 29, 16, 46, 36, 39, 40, 6, 4, 25, 12, 15, 51, 22]

Individual 63:
  Route length: 13180
  Contribution to Diversity: 0.0007548569116533344
  Route: [1, 49, 30, 2, 7, 42, 21, 17, 3, 8, 41, 19, 25, 12, 13, 47, 26, 27, 28, 14, 52, 33, 11, 43, 15, 51, 9, 10, 45, 4, 6, 38, 46, 39, 36, 34, 35, 44, 40, 37, 5, 48, 32, 24, 23, 20, 50, 29, 16, 18, 31, 22]

Individual 64:
  Route length: 12960
  Contribution to Diversity: 0.001081711000611385
  Route: [1, 36, 39, 24, 10, 43, 33, 51, 28, 26, 12, 4, 6, 15, 5, 35, 49, 32, 40, 48, 38, 37, 45, 25, 11, 52, 14, 13, 50, 20, 23, 30, 2, 7, 42, 21, 17, 3, 18, 29, 47, 27, 34, 44, 46, 16, 31, 8, 41, 9, 19, 22]

Individual 65:
  Route length: 13151
  Contribution to Diversity: 0.0014876286481424472
  Route: [1, 25, 43, 49, 32, 45, 50, 44, 46, 16, 20, 31, 34, 39, 41, 19, 38, 48, 51, 11, 52, 47, 26, 27, 13, 14, 28, 12, 24, 5, 29, 23, 30, 2, 7, 42, 21, 17, 3, 18, 4, 33, 15, 6, 37, 40, 36, 35, 8, 9, 10, 22]

Individual 66:
  Route length: 13186
  Contribution to Diversity: 0.0008117695885641041
  Route: [16, 29, 30, 23, 20, 27, 37, 26, 47, 13, 14, 52, 11, 33, 51, 34, 46, 35, 36, 31, 18, 3, 21, 45, 32, 39, 41, 8, 9, 10, 43, 38, 48, 24, 5, 15, 28, 12, 25, 4, 6, 40, 49, 1, 44, 50, 2, 7, 42, 17, 19, 22]

Individual 67:
  Route length: 13163
  Contribution to Diversity: 0.0005537431418298766
  Route: [10, 43, 33, 51, 11, 52, 14, 25, 12, 28, 27, 26, 38, 37, 39, 36, 35, 34, 23, 20, 40, 50, 29, 16, 46, 44, 24, 5, 15, 30, 2, 7, 42, 21, 17, 3, 19, 45, 32, 6, 48, 47, 13, 4, 49, 1, 18, 41, 8, 9, 31, 22]

Individual 68:
  Route length: 13118
  Contribution to Diversity: 0.0008058541246978024
  Route: [1, 49, 32, 45, 19, 41, 8, 9, 10, 34, 35, 36, 39, 40, 46, 44, 43, 33, 6, 18, 38, 48, 2, 30, 21, 17, 3, 7, 42, 23, 20, 50, 15, 4, 12, 28, 27, 26, 47, 13, 14, 52, 11, 51, 29, 16, 37, 24, 5, 31, 25, 22]

Individual 69:
  Route length: 12978
  Contribution to Diversity: 0.0009764913070142711
  Route: [1, 7, 2, 47, 14, 13, 52, 11, 51, 33, 19, 41, 8, 9, 10, 43, 38, 37, 15, 5, 24, 48, 20, 50, 44, 34, 35, 36, 39, 40, 6, 45, 4, 25, 12, 28, 27, 23, 42, 29, 26, 46, 16, 32, 49, 30, 21, 17, 3, 18, 31, 22]

Individual 70:
  Route length: 13077
  Contribution to Diversity: 0.0007368670520397913
  Route: [34, 37, 6, 4, 11, 51, 33, 43, 46, 44, 10, 9, 8, 41, 19, 45, 1, 49, 35, 14, 52, 28, 12, 25, 27, 26, 47, 13, 32, 36, 39, 40, 24, 5, 15, 31, 18, 3, 23, 20, 50, 29, 16, 48, 38, 17, 30, 2, 7, 42, 21, 22]

Individual 71:
  Route length: 13078
  Contribution to Diversity: 0.0009755834313276424
  Route: [29, 50, 3, 19, 41, 8, 9, 10, 4, 25, 16, 39, 40, 43, 33, 51, 12, 28, 27, 11, 52, 14, 13, 47, 35, 24, 48, 38, 49, 1, 32, 37, 6, 15, 5, 36, 45, 18, 21, 42, 7, 2, 46, 44, 30, 23, 20, 26, 34, 17, 31, 22]

Individual 72:
  Route length: 13166
  Contribution to Diversity: 0.0003134553214172442
  Route: [29, 50, 20, 34, 26, 3, 19, 41, 8, 9, 10, 40, 1, 49, 32, 39, 16, 6, 37, 38, 48, 24, 35, 47, 13, 14, 52, 11, 27, 28, 12, 51, 33, 43, 4, 25, 15, 5, 36, 45, 18, 21, 42, 7, 2, 46, 44, 30, 31, 17, 23, 22]

Individual 73:
  Route length: 13195
  Contribution to Diversity: 0.0009363817029459653
  Route: [1, 36, 39, 40, 32, 49, 35, 5, 10, 43, 33, 51, 25, 6, 15, 24, 26, 27, 28, 47, 48, 38, 34, 45, 37, 44, 31, 18, 3, 17, 21, 42, 7, 2, 30, 23, 20, 50, 13, 14, 52, 11, 4, 12, 29, 16, 46, 8, 41, 19, 9, 22]

Individual 74:
  Route length: 13139
  Contribution to Diversity: 0.0006122568957183105
  Route: [1, 37, 3, 19, 41, 8, 9, 10, 43, 36, 5, 15, 44, 46, 48, 26, 27, 28, 12, 11, 52, 14, 13, 47, 38, 25, 4, 40, 39, 32, 31, 6, 51, 17, 21, 42, 7, 2, 30, 23, 20, 50, 29, 16, 34, 35, 24, 33, 18, 45, 49, 22]

Individual 75:
  Route length: 13193
  Contribution to Diversity: 0.000363614745864993
  Route: [39, 40, 48, 38, 37, 24, 5, 28, 12, 36, 35, 34, 11, 52, 14, 13, 47, 26, 27, 41, 19, 20, 45, 32, 49, 1, 23, 18, 15, 6, 4, 25, 8, 9, 10, 43, 33, 51, 44, 46, 16, 29, 50, 3, 17, 21, 42, 7, 2, 30, 31, 22]

Individual 76:
  Route length: 13184
  Contribution to Diversity: 3.6446086323138616e-05
  Route: [20, 50, 29, 45, 19, 41, 8, 9, 10, 43, 33, 51, 11, 52, 14, 13, 47, 6, 15, 32, 25, 12, 28, 4, 16, 18, 31, 49, 36, 35, 39, 40, 48, 46, 44, 34, 3, 17, 21, 30, 2, 23, 7, 42, 37, 24, 5, 27, 26, 38, 1, 22]

Individual 77:
  Route length: 12999
  Contribution to Diversity: 0.0004635849943559478
  Route: [32, 23, 44, 46, 16, 29, 50, 20, 34, 26, 27, 28, 12, 25, 4, 40, 39, 45, 36, 5, 15, 6, 33, 43, 10, 8, 9, 41, 19, 21, 1, 17, 49, 35, 24, 48, 38, 37, 51, 11, 14, 52, 13, 47, 3, 30, 2, 7, 42, 18, 31, 22]

Individual 78:
  Route length: 12950
  Contribution to Diversity: 0.0005861560829441004
  Route: [21, 2, 7, 42, 49, 19, 45, 17, 3, 32, 41, 8, 51, 11, 52, 14, 13, 47, 26, 43, 33, 9, 10, 6, 4, 37, 38, 23, 20, 50, 29, 16, 30, 48, 44, 46, 1, 18, 31, 34, 35, 36, 39, 40, 25, 12, 28, 27, 15, 5, 24, 22]

Individual 79:
  Route length: 13081
  Contribution to Diversity: 0.0007704792032354746
  Route: [1, 37, 3, 19, 41, 8, 9, 10, 43, 36, 5, 15, 44, 46, 48, 26, 47, 13, 14, 52, 11, 12, 28, 27, 38, 25, 4, 40, 39, 32, 49, 45, 18, 35, 24, 33, 34, 16, 29, 50, 20, 23, 30, 2, 7, 42, 21, 17, 51, 6, 31, 22]

Individual 80:
  Route length: 13164
  Contribution to Diversity: 0.0010271798584930991
  Route: [1, 36, 39, 24, 10, 43, 33, 51, 28, 26, 12, 25, 45, 37, 38, 46, 44, 34, 27, 47, 29, 18, 3, 17, 21, 42, 7, 2, 30, 23, 20, 50, 13, 14, 52, 11, 4, 6, 15, 5, 35, 49, 32, 40, 48, 16, 31, 8, 41, 9, 19, 22]

Individual 81:
  Route length: 13073
  Contribution to Diversity: 0.0002240946975033964
  Route: [1, 49, 32, 41, 36, 39, 19, 45, 10, 9, 8, 17, 3, 18, 21, 42, 7, 2, 30, 20, 50, 29, 28, 23, 12, 25, 15, 6, 4, 5, 24, 48, 38, 37, 40, 35, 46, 44, 34, 47, 26, 27, 16, 43, 33, 51, 11, 52, 14, 13, 31, 22]

Individual 82:
  Route length: 13127
  Contribution to Diversity: 0.0011741337588766498
  Route: [1, 23, 50, 46, 44, 18, 30, 6, 15, 39, 35, 36, 34, 48, 24, 45, 19, 41, 8, 9, 43, 10, 33, 51, 11, 52, 14, 47, 27, 28, 12, 25, 4, 42, 7, 2, 21, 3, 17, 37, 5, 40, 26, 13, 49, 32, 38, 16, 29, 20, 31, 22]

Individual 83:
  Route length: 12989
  Contribution to Diversity: 0
  Route: [29, 50, 20, 34, 26, 44, 46, 7, 2, 42, 21, 18, 45, 36, 25, 4, 43, 33, 51, 12, 28, 27, 52, 11, 14, 13, 47, 35, 24, 48, 38, 37, 6, 15, 5, 16, 1, 49, 32, 39, 40, 10, 9, 8, 41, 19, 3, 30, 31, 17, 23, 22]

Individual 84:
  Route length: 13025
  Contribution to Diversity: 0
  Route: [29, 50, 20, 34, 26, 44, 46, 7, 2, 42, 21, 18, 45, 36, 33, 43, 4, 25, 51, 12, 28, 27, 11, 52, 14, 13, 47, 35, 24, 48, 38, 37, 6, 15, 5, 16, 1, 49, 32, 39, 40, 10, 9, 8, 41, 19, 3, 30, 31, 17, 23, 22]

Individual 85:
  Route length: 13128
  Contribution to Diversity: 0.0003179974398133112
  Route: [3, 17, 21, 49, 40, 6, 4, 5, 15, 1, 50, 38, 39, 41, 18, 51, 11, 52, 14, 27, 26, 47, 13, 28, 12, 25, 24, 37, 19, 33, 43, 10, 9, 8, 36, 35, 31, 48, 45, 32, 42, 7, 2, 30, 23, 20, 29, 16, 46, 34, 44, 22]

Individual 86:
  Route length: 13014
  Contribution to Diversity: 0.00021093616102518808
  Route: [1, 23, 50, 20, 29, 16, 38, 43, 9, 8, 41, 19, 45, 24, 48, 34, 36, 35, 39, 40, 26, 13, 49, 32, 10, 33, 51, 11, 52, 14, 47, 27, 28, 12, 25, 4, 42, 7, 2, 21, 3, 17, 37, 5, 15, 6, 30, 18, 31, 46, 44, 22]

Individual 87:
  Route length: 12778
  Contribution to Diversity: 0.0007624089475015694
  Route: [32, 23, 44, 46, 16, 29, 50, 20, 34, 12, 28, 27, 26, 25, 4, 40, 39, 45, 36, 5, 15, 6, 33, 43, 10, 8, 9, 41, 19, 21, 1, 17, 49, 35, 24, 48, 38, 37, 51, 11, 52, 14, 13, 47, 3, 30, 2, 7, 42, 18, 31, 22]

Individual 88:
  Route length: 13137
  Contribution to Diversity: 0.0007907029861211612
  Route: [1, 36, 39, 40, 35, 49, 32, 34, 38, 48, 47, 28, 27, 26, 24, 15, 6, 25, 51, 33, 43, 10, 5, 45, 37, 44, 31, 18, 3, 17, 21, 42, 7, 2, 30, 23, 20, 50, 13, 14, 52, 11, 4, 12, 29, 16, 46, 8, 41, 19, 9, 22]

Individual 89:
  Route length: 13005
  Contribution to Diversity: 0.000552384346407031
  Route: [1, 49, 32, 39, 24, 35, 50, 34, 26, 27, 28, 12, 25, 4, 40, 48, 38, 19, 41, 9, 10, 8, 43, 33, 51, 44, 46, 16, 29, 17, 21, 30, 2, 7, 42, 3, 5, 15, 6, 37, 23, 20, 47, 13, 14, 52, 11, 36, 45, 18, 31, 22]

Individual 90:
  Route length: 13104
  Contribution to Diversity: 0.002013860495288178
  Route: [16, 29, 30, 23, 50, 49, 1, 44, 40, 28, 12, 25, 4, 6, 15, 5, 24, 48, 39, 41, 8, 9, 10, 43, 35, 36, 19, 17, 42, 7, 2, 20, 27, 46, 34, 51, 33, 11, 52, 14, 13, 47, 26, 37, 38, 32, 45, 21, 3, 18, 31, 22]

Individual 91:
  Route length: 13081
  Contribution to Diversity: 0
  Route: [30, 16, 38, 37, 29, 20, 50, 35, 39, 40, 1, 6, 14, 52, 11, 27, 26, 47, 13, 49, 32, 45, 19, 41, 8, 9, 10, 43, 33, 51, 28, 12, 25, 4, 42, 7, 2, 21, 31, 46, 48, 24, 5, 15, 23, 36, 34, 44, 18, 17, 3, 22]

Individual 92:
  Route length: 12953
  Contribution to Diversity: 0
  Route: [1, 49, 32, 45, 19, 35, 46, 44, 8, 41, 9, 10, 24, 5, 4, 37, 40, 38, 48, 34, 36, 39, 6, 15, 25, 12, 28, 16, 27, 26, 47, 43, 33, 51, 11, 52, 14, 13, 42, 21, 18, 20, 50, 29, 7, 2, 30, 23, 3, 17, 31, 22]

Individual 93:
  Route length: 13110
  Contribution to Diversity: 0.000645837549303252
  Route: [1, 15, 5, 41, 19, 43, 49, 18, 3, 17, 21, 33, 48, 40, 37, 24, 46, 44, 34, 50, 38, 39, 16, 29, 20, 23, 30, 2, 7, 42, 10, 9, 8, 36, 6, 4, 25, 12, 28, 13, 47, 26, 27, 14, 52, 11, 51, 35, 45, 32, 31, 22]

Individual 94:
  Route length: 13010
  Contribution to Diversity: 0.000304816552329612
  Route: [1, 32, 49, 16, 20, 31, 6, 25, 43, 33, 24, 5, 15, 45, 50, 37, 40, 39, 34, 44, 46, 4, 18, 3, 17, 21, 7, 42, 2, 30, 23, 29, 35, 36, 8, 9, 10, 12, 28, 14, 13, 47, 26, 27, 52, 11, 51, 48, 38, 19, 41, 22]

Individual 95:
  Route length: 12956
  Contribution to Diversity: 0.0006230528321218287
  Route: [3, 17, 21, 49, 40, 6, 4, 5, 15, 1, 50, 38, 39, 41, 18, 51, 11, 52, 14, 27, 26, 47, 13, 28, 12, 25, 24, 37, 19, 33, 43, 10, 9, 8, 36, 35, 48, 31, 45, 32, 42, 7, 2, 30, 23, 20, 29, 16, 46, 34, 44, 22]

Individual 96:
  Route length: 13017
  Contribution to Diversity: 0.0009334881165186104
  Route: [32, 23, 44, 46, 16, 29, 50, 20, 34, 26, 27, 28, 12, 37, 38, 48, 24, 35, 49, 17, 1, 21, 19, 41, 9, 8, 10, 43, 33, 6, 15, 5, 36, 45, 39, 40, 4, 25, 51, 11, 14, 52, 13, 47, 3, 30, 2, 7, 42, 18, 31, 22]

Individual 97:
  Route length: 13075
  Contribution to Diversity: 0
  Route: [31, 30, 3, 19, 41, 8, 9, 10, 40, 39, 32, 49, 1, 16, 5, 15, 6, 37, 38, 48, 24, 35, 47, 13, 14, 11, 52, 27, 28, 12, 51, 33, 43, 4, 25, 36, 45, 18, 21, 42, 2, 7, 46, 44, 26, 34, 20, 50, 29, 17, 23, 22]

Individual 98:
  Route length: 12378
  Contribution to Diversity: 0
  Route: [1, 49, 5, 16, 46, 24, 38, 37, 25, 4, 40, 6, 15, 48, 32, 45, 19, 41, 8, 51, 11, 26, 43, 33, 9, 10, 47, 13, 14, 52, 27, 28, 12, 44, 34, 35, 39, 50, 29, 36, 20, 23, 30, 2, 7, 42, 21, 17, 3, 18, 31, 22]

Individual 99:
  Route length: 12821
  Contribution to Diversity: 0
  Route: [30, 37, 39, 35, 36, 34, 44, 18, 17, 3, 9, 10, 43, 33, 51, 11, 52, 14, 26, 47, 13, 49, 32, 45, 19, 41, 8, 21, 2, 7, 42, 38, 16, 29, 23, 50, 20, 40, 4, 25, 12, 28, 27, 1, 6, 15, 5, 24, 48, 46, 31, 22]

Individual 100:
  Route length: 13095
  Contribution to Diversity: 0.0011458481659483155
  Route: [1, 24, 38, 27, 25, 4, 6, 34, 15, 44, 46, 16, 29, 50, 28, 12, 26, 47, 13, 14, 52, 11, 33, 51, 5, 43, 10, 9, 18, 3, 17, 19, 48, 35, 36, 8, 41, 37, 40, 39, 20, 23, 30, 2, 7, 42, 21, 45, 32, 49, 31, 22]

Individual 101:
  Route length: 13119
  Contribution to Diversity: 0.0003912204048006629
  Route: [1, 26, 27, 28, 48, 47, 37, 38, 12, 25, 45, 32, 35, 36, 39, 40, 5, 43, 33, 51, 11, 13, 52, 14, 50, 20, 23, 30, 2, 7, 42, 21, 31, 18, 3, 17, 8, 41, 19, 9, 10, 49, 34, 24, 29, 16, 46, 44, 4, 6, 15, 22]

Individual 102:
  Route length: 12845
  Contribution to Diversity: 0
  Route: [1, 49, 32, 19, 29, 16, 42, 7, 18, 41, 45, 8, 9, 10, 33, 43, 38, 34, 35, 36, 39, 37, 21, 17, 3, 2, 30, 23, 20, 50, 31, 40, 5, 24, 48, 4, 6, 14, 52, 13, 47, 26, 27, 28, 12, 25, 51, 11, 15, 46, 44, 22]

Individual 103:
  Route length: 12787
  Contribution to Diversity: 4.798245921566746e-05
  Route: [1, 49, 32, 19, 29, 16, 42, 7, 31, 50, 20, 23, 30, 2, 3, 17, 21, 37, 39, 36, 35, 34, 38, 43, 33, 10, 9, 8, 45, 41, 18, 40, 5, 24, 48, 4, 6, 14, 52, 13, 47, 26, 27, 28, 12, 25, 51, 11, 15, 46, 44, 22]

Individual 104:
  Route length: 13020
  Contribution to Diversity: 0.0005824495831321386
  Route: [1, 49, 32, 25, 48, 24, 5, 39, 41, 19, 20, 29, 16, 45, 17, 21, 42, 7, 2, 30, 37, 18, 3, 12, 28, 27, 26, 47, 13, 44, 34, 35, 15, 6, 4, 38, 40, 46, 14, 52, 11, 51, 33, 43, 10, 9, 8, 36, 50, 23, 31, 22]

Individual 105:
  Route length: 13168
  Contribution to Diversity: 0.0009654553602409521
  Route: [1, 49, 32, 45, 10, 9, 8, 18, 31, 3, 35, 36, 34, 44, 43, 17, 21, 7, 42, 2, 30, 40, 33, 51, 11, 26, 47, 13, 14, 52, 27, 28, 6, 15, 5, 24, 4, 25, 12, 29, 23, 39, 41, 19, 20, 16, 46, 50, 37, 48, 38, 22]

Individual 106:
  Route length: 12906
  Contribution to Diversity: 0
  Route: [30, 37, 39, 35, 36, 34, 44, 18, 17, 3, 9, 10, 43, 33, 51, 11, 52, 14, 26, 47, 13, 49, 32, 45, 19, 41, 8, 21, 2, 7, 42, 38, 16, 29, 23, 50, 20, 40, 4, 6, 1, 27, 28, 12, 25, 15, 5, 24, 48, 46, 31, 22]

Individual 107:
  Route length: 13195
  Contribution to Diversity: 0.0019269562004566865
  Route: [50, 21, 45, 19, 3, 46, 5, 15, 6, 4, 25, 12, 28, 27, 26, 38, 11, 52, 14, 13, 47, 48, 24, 16, 29, 1, 49, 32, 17, 44, 34, 35, 36, 39, 40, 37, 7, 42, 2, 30, 23, 20, 51, 33, 43, 8, 10, 9, 41, 18, 31, 22]

Individual 108:
  Route length: 13073
  Contribution to Diversity: 0.0011231218761933448
  Route: [1, 36, 39, 24, 38, 48, 40, 32, 49, 35, 5, 15, 6, 4, 11, 52, 14, 13, 50, 20, 23, 30, 18, 3, 17, 21, 42, 7, 2, 29, 47, 28, 51, 33, 43, 10, 37, 45, 25, 12, 26, 27, 34, 44, 46, 16, 31, 8, 41, 9, 19, 22]

Individual 109:
  Route length: 12752
  Contribution to Diversity: 0.0002453275029488111
  Route: [1, 37, 3, 19, 41, 8, 9, 10, 43, 6, 51, 16, 29, 50, 20, 23, 30, 2, 7, 42, 21, 18, 33, 24, 35, 34, 17, 45, 49, 32, 39, 40, 4, 25, 46, 48, 26, 27, 28, 12, 11, 52, 14, 13, 47, 38, 44, 15, 5, 36, 31, 22]

Individual 110:
  Route length: 13053
  Contribution to Diversity: 0
  Route: [30, 37, 39, 35, 36, 34, 44, 18, 17, 3, 9, 10, 43, 33, 51, 11, 52, 14, 26, 47, 13, 49, 32, 45, 19, 42, 7, 2, 21, 8, 41, 38, 16, 29, 20, 50, 23, 40, 4, 25, 12, 28, 27, 1, 6, 15, 5, 24, 48, 46, 31, 22]

Individual 111:
  Route length: 12976
  Contribution to Diversity: 0.0001236059652551802
  Route: [1, 49, 32, 19, 29, 16, 42, 7, 18, 41, 45, 8, 9, 10, 33, 43, 38, 34, 35, 36, 39, 37, 21, 17, 3, 2, 30, 23, 20, 50, 31, 5, 40, 24, 48, 4, 6, 14, 52, 13, 47, 26, 27, 28, 12, 25, 51, 11, 15, 46, 44, 22]

Individual 112:
  Route length: 13101
  Contribution to Diversity: 0.0019444125771217458
  Route: [46, 36, 35, 34, 32, 49, 50, 5, 29, 7, 2, 30, 23, 42, 21, 17, 3, 18, 38, 37, 1, 27, 26, 47, 13, 14, 52, 11, 51, 33, 8, 10, 9, 43, 28, 12, 25, 4, 6, 15, 45, 19, 41, 39, 40, 44, 48, 24, 20, 16, 31, 22]

Individual 113:
  Route length: 13104
  Contribution to Diversity: 0.0008932396010319366
  Route: [35, 49, 1, 45, 19, 41, 8, 9, 10, 44, 46, 43, 33, 51, 11, 4, 6, 37, 34, 14, 52, 28, 12, 25, 27, 26, 47, 13, 32, 36, 39, 40, 24, 38, 48, 16, 29, 50, 20, 23, 3, 18, 31, 15, 5, 17, 30, 2, 7, 42, 21, 22]

Individual 114:
  Route length: 12910
  Contribution to Diversity: 0.0010218283121590233
  Route: [20, 50, 29, 31, 18, 16, 4, 28, 12, 25, 32, 15, 6, 47, 13, 14, 52, 11, 51, 33, 43, 10, 9, 8, 41, 19, 45, 49, 36, 35, 34, 38, 5, 27, 26, 24, 37, 42, 7, 21, 30, 2, 23, 17, 3, 39, 40, 48, 46, 44, 1, 22]

Individual 115:
  Route length: 12955
  Contribution to Diversity: 0
  Route: [1, 32, 49, 16, 20, 31, 6, 25, 43, 33, 24, 5, 15, 45, 50, 37, 40, 29, 23, 30, 2, 7, 42, 21, 17, 3, 18, 4, 46, 44, 34, 39, 35, 36, 8, 9, 10, 12, 28, 14, 13, 47, 26, 27, 52, 11, 51, 48, 38, 19, 41, 22]

Individual 116:
  Route length: 12822
  Contribution to Diversity: 0.001350755779505164
  Route: [2, 30, 21, 7, 42, 37, 32, 4, 28, 12, 25, 16, 18, 31, 49, 36, 35, 48, 46, 44, 34, 40, 39, 29, 50, 20, 23, 17, 3, 45, 19, 41, 8, 9, 10, 43, 33, 51, 11, 52, 14, 13, 47, 15, 6, 24, 5, 27, 26, 38, 1, 22]

Individual 117:
  Route length: 13093
  Contribution to Diversity: 0.0003174940827603834
  Route: [1, 32, 49, 16, 20, 31, 6, 25, 43, 33, 24, 5, 15, 10, 9, 8, 36, 35, 29, 23, 30, 2, 42, 7, 21, 17, 3, 18, 4, 46, 44, 34, 39, 40, 37, 50, 45, 12, 28, 14, 13, 47, 26, 27, 52, 11, 51, 48, 38, 19, 41, 22]

Individual 118:
  Route length: 13038
  Contribution to Diversity: 0.0007387107116629821
  Route: [1, 31, 18, 45, 32, 49, 24, 5, 12, 13, 47, 26, 14, 52, 11, 28, 27, 3, 17, 25, 46, 44, 34, 21, 42, 7, 2, 30, 23, 20, 50, 29, 16, 40, 37, 38, 43, 33, 51, 4, 6, 15, 35, 39, 19, 8, 41, 36, 9, 10, 48, 22]

Individual 119:
  Route length: 13034
  Contribution to Diversity: 0.0007600947221018117
  Route: [19, 41, 8, 9, 10, 43, 33, 51, 25, 4, 6, 49, 32, 1, 5, 24, 48, 38, 15, 45, 12, 3, 18, 31, 23, 30, 35, 37, 34, 11, 52, 14, 13, 47, 26, 27, 28, 36, 39, 40, 20, 50, 29, 16, 46, 44, 42, 21, 17, 2, 7, 22]

Individual 120:
  Route length: 12778
  Contribution to Diversity: 0
  Route: [38, 24, 46, 16, 5, 49, 1, 37, 25, 4, 40, 6, 15, 48, 32, 45, 19, 41, 8, 51, 11, 26, 43, 33, 9, 10, 47, 13, 14, 52, 27, 28, 12, 44, 34, 35, 39, 50, 29, 36, 20, 23, 30, 2, 7, 42, 21, 17, 3, 18, 31, 22]

Individual 121:
  Route length: 13146
  Contribution to Diversity: 0.0008806669763172792
  Route: [1, 49, 32, 15, 6, 31, 18, 3, 17, 7, 42, 21, 30, 20, 50, 47, 13, 14, 52, 11, 51, 33, 43, 10, 9, 8, 41, 19, 45, 29, 23, 37, 36, 39, 40, 35, 2, 44, 46, 16, 24, 5, 25, 12, 28, 38, 34, 48, 27, 26, 4, 22]

Individual 122:
  Route length: 13015
  Contribution to Diversity: 0.0003832154579814784
  Route: [1, 49, 32, 19, 30, 2, 3, 17, 21, 37, 39, 36, 35, 34, 38, 43, 33, 10, 9, 8, 45, 41, 18, 7, 42, 16, 29, 23, 20, 50, 31, 5, 40, 24, 48, 4, 6, 14, 52, 13, 47, 26, 27, 28, 12, 25, 51, 11, 15, 46, 44, 22]

Individual 123:
  Route length: 12689
  Contribution to Diversity: 0
  Route: [30, 37, 39, 35, 36, 34, 44, 18, 17, 3, 9, 10, 43, 33, 51, 11, 52, 14, 26, 47, 13, 49, 32, 45, 19, 41, 8, 21, 2, 7, 42, 27, 28, 12, 25, 4, 40, 20, 50, 23, 29, 16, 38, 1, 6, 15, 5, 24, 48, 46, 31, 22]

Individual 124:
  Route length: 12691
  Contribution to Diversity: 0
  Route: [38, 24, 46, 16, 5, 36, 29, 50, 39, 35, 34, 44, 12, 28, 27, 52, 14, 13, 47, 10, 9, 33, 43, 26, 11, 51, 8, 41, 19, 45, 32, 48, 15, 6, 40, 4, 25, 37, 1, 49, 20, 23, 30, 2, 7, 42, 21, 17, 3, 18, 31, 22]

Individual 125:
  Route length: 13103
  Contribution to Diversity: 0.0007346215459591576
  Route: [1, 49, 32, 45, 10, 9, 8, 18, 31, 3, 35, 36, 34, 44, 43, 17, 21, 7, 42, 2, 30, 40, 33, 51, 11, 28, 27, 52, 14, 13, 47, 26, 24, 5, 15, 6, 4, 25, 12, 29, 23, 39, 41, 19, 50, 46, 16, 20, 37, 48, 38, 22]

Individual 126:
  Route length: 12407
  Contribution to Diversity: 0
  Route: [1, 49, 3, 17, 21, 50, 38, 39, 12, 28, 13, 47, 26, 27, 14, 52, 11, 51, 18, 19, 45, 32, 40, 37, 24, 5, 15, 6, 4, 25, 41, 8, 9, 10, 43, 33, 31, 23, 30, 2, 7, 42, 48, 36, 35, 16, 46, 44, 34, 29, 20, 22]

Individual 127:
  Route length: 13101
  Contribution to Diversity: 0.0008953307313435133
  Route: [1, 31, 18, 45, 32, 16, 21, 42, 7, 2, 30, 23, 20, 50, 29, 46, 25, 35, 34, 44, 24, 5, 15, 6, 4, 51, 33, 43, 38, 37, 40, 17, 3, 14, 52, 11, 28, 27, 26, 47, 13, 12, 39, 19, 8, 41, 36, 9, 10, 48, 49, 22]

Individual 128:
  Route length: 12538
  Contribution to Diversity: 0
  Route: [1, 49, 32, 45, 19, 35, 46, 44, 23, 30, 2, 7, 29, 50, 20, 18, 21, 42, 13, 14, 52, 11, 51, 33, 43, 47, 26, 27, 16, 28, 12, 25, 15, 6, 38, 48, 34, 36, 39, 40, 37, 4, 5, 24, 10, 9, 41, 8, 3, 17, 31, 22]

Individual 129:
  Route length: 13187
  Contribution to Diversity: 0.0005747709744632346
  Route: [1, 37, 3, 19, 41, 8, 9, 10, 43, 36, 5, 15, 44, 38, 47, 13, 14, 52, 11, 12, 28, 27, 26, 48, 46, 25, 4, 40, 39, 32, 49, 45, 17, 34, 35, 24, 33, 18, 21, 7, 42, 2, 30, 23, 20, 50, 29, 16, 51, 6, 31, 22]

Individual 130:
  Route length: 11921
  Contribution to Diversity: 0
  Route: [1, 49, 5, 16, 46, 24, 38, 37, 25, 4, 40, 6, 15, 48, 32, 45, 19, 41, 8, 51, 11, 10, 9, 33, 43, 26, 47, 13, 14, 52, 27, 28, 12, 44, 34, 35, 39, 50, 29, 36, 20, 23, 30, 2, 7, 42, 21, 17, 3, 18, 31, 22]

Individual 131:
  Route length: 13046
  Contribution to Diversity: 0.0006515492633658582
  Route: [3, 17, 45, 19, 49, 42, 7, 2, 21, 32, 41, 8, 51, 11, 52, 14, 13, 47, 26, 43, 33, 9, 10, 48, 30, 16, 29, 50, 20, 23, 38, 37, 27, 28, 12, 25, 46, 1, 18, 31, 34, 35, 36, 39, 40, 44, 6, 4, 15, 5, 24, 22]

Individual 132:
  Route length: 13139
  Contribution to Diversity: 0
  Route: [1, 49, 32, 45, 19, 35, 46, 44, 8, 41, 9, 10, 24, 5, 4, 37, 40, 39, 28, 12, 25, 15, 6, 38, 48, 34, 36, 16, 27, 26, 47, 43, 33, 51, 11, 52, 14, 13, 42, 21, 18, 20, 50, 29, 7, 2, 30, 23, 3, 17, 31, 22]

Individual 133:
  Route length: 12416
  Contribution to Diversity: 0
  Route: [1, 49, 5, 16, 46, 24, 38, 37, 6, 40, 4, 25, 15, 48, 32, 45, 19, 41, 8, 51, 11, 26, 43, 33, 9, 10, 47, 13, 14, 52, 27, 28, 12, 44, 34, 35, 39, 50, 29, 36, 20, 23, 30, 2, 7, 42, 21, 17, 3, 18, 31, 22]

Individual 134:
  Route length: 13063
  Contribution to Diversity: 0
  Route: [30, 37, 39, 35, 36, 34, 44, 18, 17, 3, 9, 10, 43, 33, 51, 11, 52, 14, 26, 47, 13, 49, 32, 45, 19, 42, 7, 2, 21, 8, 41, 38, 16, 29, 20, 50, 23, 40, 4, 25, 12, 28, 27, 1, 46, 48, 24, 5, 15, 6, 31, 22]

Individual 135:
  Route length: 12897
  Contribution to Diversity: 0
  Route: [1, 49, 32, 45, 19, 35, 46, 44, 23, 30, 2, 7, 29, 50, 20, 37, 40, 39, 36, 34, 48, 38, 6, 15, 25, 12, 28, 16, 27, 26, 47, 43, 33, 51, 11, 52, 14, 13, 42, 21, 18, 4, 5, 24, 10, 9, 41, 8, 3, 17, 31, 22]

Individual 136:
  Route length: 13139
  Contribution to Diversity: 0.0013211871464697822
  Route: [1, 47, 26, 27, 39, 40, 6, 4, 25, 12, 15, 48, 24, 43, 10, 9, 8, 41, 19, 45, 32, 49, 28, 13, 14, 52, 11, 33, 36, 46, 16, 29, 30, 2, 7, 42, 21, 17, 3, 34, 5, 35, 31, 18, 44, 20, 23, 50, 37, 38, 51, 22]

Individual 137:
  Route length: 13084
  Contribution to Diversity: 0.0006927843561568281
  Route: [1, 49, 50, 38, 4, 6, 15, 35, 34, 44, 13, 47, 26, 27, 28, 12, 48, 24, 5, 45, 30, 2, 7, 42, 21, 17, 37, 40, 39, 41, 19, 36, 20, 29, 16, 46, 14, 52, 11, 51, 33, 43, 10, 9, 8, 32, 25, 3, 18, 23, 31, 22]

Individual 138:
  Route length: 13152
  Contribution to Diversity: 0.0010512148271661914
  Route: [3, 17, 21, 49, 18, 41, 39, 15, 1, 50, 38, 5, 24, 37, 40, 51, 11, 14, 52, 27, 26, 47, 13, 28, 12, 25, 4, 6, 19, 48, 31, 23, 30, 2, 7, 42, 32, 45, 33, 43, 10, 9, 8, 36, 35, 20, 29, 16, 46, 34, 44, 22]

Individual 139:
  Route length: 12889
  Contribution to Diversity: 0
  Route: [1, 49, 32, 45, 19, 35, 46, 44, 8, 41, 9, 10, 24, 5, 4, 37, 40, 38, 48, 13, 14, 52, 11, 51, 33, 43, 47, 26, 27, 16, 28, 12, 25, 15, 6, 39, 36, 34, 42, 21, 18, 20, 50, 29, 7, 2, 30, 23, 3, 17, 31, 22]

Individual 140:
  Route length: 12137
  Contribution to Diversity: 0
  Route: [1, 18, 3, 17, 21, 42, 7, 2, 30, 23, 20, 36, 29, 50, 39, 35, 34, 44, 12, 28, 27, 52, 14, 13, 47, 26, 43, 33, 9, 10, 11, 51, 8, 41, 19, 45, 32, 48, 15, 6, 40, 4, 25, 37, 38, 24, 46, 16, 5, 49, 31, 22]

Individual 141:
  Route length: 13113
  Contribution to Diversity: 0.00043989640815400577
  Route: [29, 50, 20, 34, 26, 3, 2, 7, 42, 21, 18, 45, 36, 5, 15, 25, 4, 43, 33, 51, 12, 28, 27, 11, 52, 14, 13, 47, 35, 24, 48, 38, 39, 32, 49, 1, 16, 6, 37, 40, 10, 9, 8, 41, 19, 46, 44, 30, 31, 17, 23, 22]

Individual 142:
  Route length: 12741
  Contribution to Diversity: 0.00032131056337281194
  Route: [1, 49, 3, 17, 21, 50, 38, 39, 12, 28, 13, 47, 26, 27, 14, 52, 11, 51, 18, 19, 45, 32, 40, 37, 24, 5, 15, 6, 16, 35, 36, 48, 42, 7, 2, 30, 23, 31, 33, 43, 10, 9, 8, 41, 25, 4, 46, 44, 34, 29, 20, 22]

Individual 143:
  Route length: 12969
  Contribution to Diversity: 0.0004715528763918897
  Route: [30, 16, 38, 37, 29, 20, 50, 35, 39, 40, 1, 6, 14, 52, 11, 27, 26, 47, 13, 49, 32, 45, 19, 41, 8, 9, 10, 43, 33, 51, 28, 12, 25, 4, 34, 36, 23, 15, 5, 24, 48, 46, 31, 21, 2, 7, 42, 44, 18, 17, 3, 22]

Individual 144:
  Route length: 12990
  Contribution to Diversity: 0.001142521635587812
  Route: [1, 49, 20, 23, 30, 2, 7, 42, 21, 17, 33, 51, 11, 52, 14, 16, 29, 50, 32, 3, 18, 31, 41, 19, 45, 37, 35, 34, 44, 46, 48, 12, 13, 24, 36, 39, 43, 6, 4, 25, 26, 47, 27, 28, 5, 15, 38, 40, 10, 9, 8, 22]

Individual 145:
  Route length: 12895
  Contribution to Diversity: 0
  Route: [1, 49, 32, 45, 19, 35, 46, 44, 8, 41, 9, 10, 24, 5, 4, 37, 40, 38, 48, 13, 14, 52, 11, 51, 33, 43, 47, 26, 27, 16, 28, 12, 25, 15, 6, 39, 36, 34, 42, 29, 50, 20, 18, 21, 7, 2, 30, 23, 3, 17, 31, 22]

Individual 146:
  Route length: 13091
  Contribution to Diversity: 0.00038719833233180623
  Route: [29, 50, 20, 34, 26, 44, 46, 7, 2, 42, 21, 18, 45, 36, 25, 4, 43, 33, 51, 12, 28, 27, 52, 11, 14, 13, 47, 35, 24, 48, 38, 37, 6, 15, 5, 16, 1, 49, 32, 39, 40, 10, 9, 8, 19, 41, 3, 30, 31, 17, 23, 22]

Individual 147:
  Route length: 13121
  Contribution to Diversity: 0.0004128594199901414
  Route: [30, 23, 7, 2, 42, 21, 17, 3, 18, 19, 41, 8, 9, 10, 20, 31, 49, 32, 45, 4, 47, 6, 15, 48, 38, 44, 34, 35, 36, 39, 50, 40, 37, 27, 12, 51, 11, 52, 14, 13, 25, 33, 43, 5, 24, 28, 26, 29, 16, 46, 1, 22]

Individual 148:
  Route length: 12766
  Contribution to Diversity: 0
  Route: [1, 49, 5, 16, 46, 24, 38, 37, 6, 40, 4, 25, 15, 48, 32, 45, 19, 41, 8, 51, 11, 26, 43, 33, 9, 10, 47, 13, 14, 52, 27, 28, 12, 44, 34, 35, 39, 50, 29, 36, 20, 21, 42, 7, 2, 30, 23, 17, 3, 18, 31, 22]

Individual 149:
  Route length: 13188
  Contribution to Diversity: 0.00011356162341158438
  Route: [31, 30, 20, 34, 26, 44, 46, 7, 2, 42, 21, 18, 45, 36, 25, 4, 43, 33, 51, 12, 28, 27, 52, 11, 14, 13, 47, 35, 24, 48, 38, 37, 6, 15, 5, 16, 1, 49, 32, 39, 40, 10, 9, 8, 41, 19, 3, 50, 29, 17, 23, 22]

Total Entropy H: 5.647781443544092
