Individual 0:
  Route length: 15078
  Contribution to Diversity: 0.002335176701532937
  Route: [1, 5, 44, 36, 35, 34, 10, 9, 8, 41, 19, 37, 13, 47, 26, 27, 28, 16, 12, 51, 11, 15, 25, 48, 46, 42, 7, 2, 52, 14, 40, 39, 38, 29, 50, 20, 23, 30, 31, 45, 32, 49, 33, 43, 4, 6, 24, 3, 18, 17, 21, 22]

Individual 1:
  Route length: 14983
  Contribution to Diversity: 0.0011749219549139767
  Route: [48, 45, 19, 41, 37, 38, 24, 5, 39, 36, 35, 34, 26, 27, 51, 33, 6, 4, 25, 12, 10, 40, 46, 16, 29, 20, 18, 31, 49, 15, 43, 23, 11, 28, 52, 14, 13, 47, 44, 1, 21, 2, 7, 42, 30, 50, 3, 17, 9, 8, 32, 22]

Individual 2:
  Route length: 15040
  Contribution to Diversity: 0.0024539647886356875
  Route: [18, 31, 35, 5, 40, 33, 34, 42, 21, 45, 39, 43, 36, 46, 16, 29, 49, 32, 4, 50, 15, 6, 20, 23, 30, 7, 2, 44, 38, 25, 11, 52, 14, 13, 47, 26, 27, 28, 12, 51, 19, 41, 8, 9, 10, 1, 3, 17, 37, 48, 24, 22]

Individual 3:
  Route length: 15077
  Contribution to Diversity: 0.0011653738797807733
  Route: [17, 21, 8, 9, 10, 41, 19, 45, 3, 40, 43, 28, 14, 37, 6, 25, 13, 47, 26, 12, 33, 51, 11, 52, 27, 50, 49, 34, 44, 16, 4, 38, 48, 20, 15, 5, 24, 35, 32, 1, 29, 31, 18, 46, 39, 36, 42, 7, 2, 30, 23, 22]

Individual 4:
  Route length: 14936
  Contribution to Diversity: 0.0003532512890886963
  Route: [1, 44, 46, 32, 36, 35, 18, 50, 20, 30, 37, 38, 40, 4, 25, 12, 6, 49, 34, 15, 16, 23, 21, 42, 7, 39, 5, 43, 33, 51, 11, 47, 26, 29, 13, 14, 52, 27, 28, 9, 10, 19, 41, 45, 48, 24, 8, 17, 3, 2, 31, 22]

Individual 5:
  Route length: 15073
  Contribution to Diversity: 0.0002493433793562261
  Route: [17, 21, 20, 39, 46, 29, 1, 32, 35, 24, 5, 15, 13, 47, 26, 12, 33, 51, 11, 52, 27, 50, 49, 34, 44, 16, 4, 38, 48, 18, 31, 8, 9, 10, 41, 19, 45, 3, 40, 43, 28, 14, 37, 6, 25, 36, 2, 7, 42, 30, 23, 22]

Individual 6:
  Route length: 15034
  Contribution to Diversity: 0.000802984896535186
  Route: [31, 10, 19, 44, 12, 28, 14, 13, 47, 26, 27, 52, 11, 43, 33, 38, 48, 1, 15, 5, 37, 35, 18, 7, 2, 30, 23, 24, 45, 3, 8, 41, 9, 36, 40, 39, 34, 51, 6, 4, 25, 29, 16, 46, 50, 20, 32, 49, 17, 21, 42, 22]

Individual 7:
  Route length: 15030
  Contribution to Diversity: 0.0005841211417871861
  Route: [35, 37, 19, 41, 8, 40, 39, 38, 48, 5, 6, 51, 34, 44, 46, 27, 52, 28, 14, 13, 47, 26, 11, 12, 36, 45, 10, 43, 33, 9, 17, 42, 21, 50, 24, 4, 25, 29, 23, 30, 2, 7, 16, 20, 49, 32, 18, 3, 1, 15, 31, 22]

Individual 8:
  Route length: 15061
  Contribution to Diversity: 0.002107465307301659
  Route: [49, 34, 44, 16, 46, 29, 50, 15, 43, 51, 11, 52, 14, 13, 47, 26, 27, 28, 20, 2, 7, 21, 17, 30, 23, 18, 35, 25, 12, 1, 42, 3, 45, 33, 40, 9, 10, 8, 31, 6, 24, 48, 32, 41, 19, 4, 36, 38, 37, 39, 5, 22]

Individual 9:
  Route length: 15022
  Contribution to Diversity: 0.003341580001333888
  Route: [35, 50, 37, 24, 10, 45, 19, 18, 36, 6, 15, 46, 16, 29, 11, 51, 33, 9, 8, 41, 49, 32, 1, 34, 12, 28, 27, 47, 13, 26, 38, 5, 4, 52, 14, 44, 39, 40, 3, 17, 21, 42, 7, 2, 30, 31, 48, 43, 25, 23, 20, 22]

Individual 10:
  Route length: 15078
  Contribution to Diversity: 0.0006988786697350591
  Route: [15, 19, 32, 49, 44, 48, 5, 50, 20, 42, 7, 2, 23, 37, 40, 34, 4, 25, 12, 28, 14, 13, 52, 27, 26, 29, 41, 8, 47, 11, 51, 33, 10, 9, 43, 39, 36, 45, 1, 21, 18, 16, 38, 35, 6, 46, 24, 30, 3, 17, 31, 22]

Individual 11:
  Route length: 14972
  Contribution to Diversity: 0.00027296407648247367
  Route: [36, 45, 32, 38, 5, 24, 25, 37, 46, 44, 48, 40, 15, 6, 12, 47, 13, 14, 8, 19, 4, 49, 1, 39, 9, 10, 43, 33, 51, 11, 52, 50, 29, 16, 26, 28, 27, 35, 34, 17, 3, 18, 31, 30, 20, 21, 42, 7, 2, 23, 41, 22]

Individual 12:
  Route length: 15021
  Contribution to Diversity: 0.0009180075457120296
  Route: [31, 18, 17, 30, 3, 37, 29, 16, 38, 46, 23, 50, 20, 6, 15, 48, 24, 5, 4, 33, 32, 49, 40, 41, 19, 9, 10, 39, 36, 35, 34, 1, 43, 27, 28, 12, 25, 44, 8, 51, 11, 14, 52, 13, 47, 26, 2, 7, 42, 21, 45, 22]

Individual 13:
  Route length: 14598
  Contribution to Diversity: 0.001615951571789509
  Route: [45, 32, 1, 24, 38, 37, 6, 14, 40, 16, 34, 4, 52, 11, 13, 47, 26, 27, 28, 12, 33, 51, 50, 20, 23, 15, 5, 48, 46, 18, 31, 44, 29, 30, 3, 17, 21, 42, 7, 2, 35, 36, 39, 25, 43, 41, 8, 9, 10, 19, 49, 22]

Individual 14:
  Route length: 15084
  Contribution to Diversity: 0.001482734895170701
  Route: [42, 2, 7, 29, 16, 51, 45, 40, 24, 5, 10, 9, 12, 28, 11, 26, 47, 13, 14, 52, 27, 48, 38, 6, 43, 33, 4, 25, 50, 20, 44, 34, 46, 37, 19, 41, 8, 35, 1, 23, 30, 21, 49, 32, 17, 39, 36, 3, 18, 15, 31, 22]

Individual 15:
  Route length: 15048
  Contribution to Diversity: 0.00043232275005689047
  Route: [17, 21, 20, 39, 46, 29, 3, 40, 43, 28, 14, 25, 38, 4, 16, 44, 34, 49, 50, 27, 52, 11, 51, 33, 12, 26, 47, 13, 15, 5, 24, 35, 32, 1, 45, 19, 41, 10, 9, 8, 31, 18, 48, 6, 37, 36, 2, 7, 42, 30, 23, 22]

Individual 16:
  Route length: 14999
  Contribution to Diversity: 0.0018421215202257812
  Route: [31, 18, 8, 10, 43, 33, 45, 32, 21, 42, 9, 51, 11, 52, 14, 13, 47, 28, 48, 35, 40, 39, 38, 46, 26, 27, 12, 25, 5, 23, 30, 2, 7, 15, 6, 36, 17, 3, 19, 41, 49, 24, 1, 16, 29, 50, 20, 4, 34, 44, 37, 22]

Individual 17:
  Route length: 15019
  Contribution to Diversity: 0.0018321919049348878
  Route: [1, 49, 50, 30, 23, 2, 7, 21, 17, 4, 19, 41, 18, 3, 45, 48, 24, 9, 10, 8, 31, 34, 15, 43, 51, 11, 52, 14, 13, 47, 26, 27, 28, 35, 25, 12, 42, 20, 29, 46, 16, 44, 6, 40, 33, 32, 36, 38, 37, 39, 5, 22]

Individual 18:
  Route length: 15004
  Contribution to Diversity: 0.002058997754152969
  Route: [35, 37, 51, 5, 6, 48, 38, 19, 41, 8, 39, 40, 34, 49, 20, 16, 7, 2, 30, 23, 24, 4, 25, 29, 50, 21, 42, 17, 9, 33, 43, 10, 45, 36, 12, 11, 26, 47, 13, 28, 14, 52, 27, 46, 44, 32, 3, 18, 1, 15, 31, 22]

Individual 19:
  Route length: 14915
  Contribution to Diversity: 0.0017034377198985595
  Route: [38, 40, 19, 3, 31, 20, 35, 50, 1, 37, 29, 16, 30, 23, 36, 24, 5, 15, 6, 4, 45, 9, 41, 8, 44, 48, 34, 28, 27, 25, 26, 47, 13, 52, 51, 11, 14, 12, 46, 18, 10, 43, 33, 39, 49, 32, 17, 2, 7, 42, 21, 22]

Individual 20:
  Route length: 14845
  Contribution to Diversity: 0.00048865590160041
  Route: [1, 16, 15, 21, 18, 19, 32, 49, 44, 48, 5, 35, 34, 36, 41, 8, 20, 50, 39, 23, 37, 40, 6, 46, 24, 38, 45, 4, 25, 12, 52, 13, 14, 28, 27, 11, 51, 33, 10, 9, 43, 29, 2, 7, 42, 47, 26, 30, 3, 17, 31, 22]

Individual 21:
  Route length: 15059
  Contribution to Diversity: 0.0017818193597145537
  Route: [31, 24, 9, 10, 8, 37, 38, 6, 4, 25, 12, 28, 13, 47, 14, 52, 39, 35, 36, 46, 5, 15, 43, 33, 51, 11, 34, 44, 1, 18, 48, 49, 32, 45, 19, 41, 23, 40, 26, 27, 20, 50, 29, 16, 2, 30, 3, 21, 42, 7, 17, 22]

Individual 22:
  Route length: 14962
  Contribution to Diversity: 0.0014677934708799967
  Route: [1, 19, 41, 4, 37, 34, 46, 28, 27, 26, 14, 13, 51, 33, 43, 36, 5, 44, 15, 18, 17, 3, 50, 29, 39, 24, 32, 49, 35, 40, 45, 47, 25, 16, 20, 23, 30, 2, 7, 42, 21, 31, 8, 10, 9, 6, 12, 52, 11, 48, 38, 22]

Individual 23:
  Route length: 15012
  Contribution to Diversity: 0.001577177860225376
  Route: [19, 9, 8, 46, 6, 4, 25, 38, 5, 26, 47, 35, 34, 29, 49, 32, 45, 41, 10, 43, 33, 51, 52, 14, 11, 28, 13, 27, 16, 23, 21, 42, 7, 2, 50, 44, 20, 37, 40, 39, 1, 31, 18, 17, 3, 24, 48, 15, 30, 12, 36, 22]

Individual 24:
  Route length: 14927
  Contribution to Diversity: 0.0020218538986158663
  Route: [1, 25, 14, 29, 23, 20, 40, 47, 4, 6, 15, 5, 24, 35, 49, 36, 26, 27, 28, 31, 18, 21, 17, 3, 42, 7, 2, 30, 50, 39, 12, 52, 11, 13, 51, 33, 8, 9, 10, 43, 41, 19, 45, 48, 38, 37, 34, 46, 44, 16, 32, 22]

Individual 25:
  Route length: 14377
  Contribution to Diversity: 0.0010328871786340343
  Route: [19, 9, 8, 46, 6, 4, 25, 38, 3, 17, 18, 31, 1, 12, 30, 15, 48, 24, 5, 26, 47, 29, 34, 35, 49, 32, 45, 41, 10, 43, 33, 51, 52, 14, 11, 28, 13, 27, 16, 23, 21, 42, 7, 2, 44, 50, 20, 37, 40, 39, 36, 22]

Individual 26:
  Route length: 15036
  Contribution to Diversity: 0.00047715800680947495
  Route: [42, 21, 17, 49, 32, 20, 50, 12, 28, 14, 13, 47, 26, 27, 52, 11, 43, 33, 38, 48, 1, 15, 5, 37, 35, 18, 7, 2, 30, 23, 24, 45, 3, 8, 41, 9, 36, 40, 39, 34, 51, 6, 4, 25, 29, 16, 46, 44, 19, 10, 31, 22]

Individual 27:
  Route length: 14901
  Contribution to Diversity: 0.002293614217396822
  Route: [21, 23, 41, 19, 45, 32, 8, 9, 10, 46, 36, 35, 5, 4, 51, 11, 33, 43, 15, 6, 44, 27, 28, 12, 25, 37, 48, 38, 34, 1, 31, 24, 49, 26, 13, 47, 14, 52, 20, 50, 29, 16, 39, 18, 40, 3, 17, 7, 42, 30, 2, 22]

Individual 28:
  Route length: 14861
  Contribution to Diversity: 0.0007584780158857996
  Route: [1, 45, 49, 44, 5, 48, 4, 26, 14, 52, 13, 27, 28, 12, 25, 29, 18, 31, 41, 8, 2, 7, 42, 47, 11, 51, 33, 10, 9, 43, 38, 23, 37, 40, 6, 46, 24, 30, 3, 17, 21, 39, 36, 15, 35, 19, 32, 16, 20, 50, 34, 22]

Individual 29:
  Route length: 15001
  Contribution to Diversity: 0.0002155264578576066
  Route: [1, 44, 5, 48, 21, 17, 3, 20, 16, 18, 29, 25, 12, 28, 14, 52, 13, 27, 26, 6, 46, 24, 30, 50, 34, 32, 49, 45, 19, 35, 15, 36, 39, 4, 41, 8, 38, 43, 9, 10, 33, 51, 11, 47, 42, 7, 2, 23, 37, 40, 31, 22]

Individual 30:
  Route length: 15027
  Contribution to Diversity: 0.0017179045229216428
  Route: [30, 34, 35, 33, 52, 14, 13, 47, 26, 27, 25, 28, 36, 23, 50, 2, 42, 7, 1, 49, 32, 45, 38, 37, 40, 39, 12, 51, 11, 29, 46, 4, 3, 17, 21, 31, 20, 41, 8, 9, 10, 19, 48, 24, 5, 15, 6, 43, 18, 44, 16, 22]

Individual 31:
  Route length: 15016
  Contribution to Diversity: 0.0005078027229794557
  Route: [1, 47, 13, 51, 33, 8, 9, 10, 43, 31, 18, 21, 17, 3, 32, 39, 50, 20, 30, 2, 7, 42, 16, 40, 48, 38, 37, 34, 46, 44, 23, 29, 14, 25, 41, 19, 45, 35, 49, 12, 52, 11, 24, 5, 15, 6, 4, 28, 27, 26, 36, 22]

Individual 32:
  Route length: 14986
  Contribution to Diversity: 0.0012292890599088224
  Route: [35, 37, 51, 5, 6, 48, 38, 19, 41, 8, 39, 40, 34, 44, 46, 11, 26, 47, 13, 28, 14, 52, 27, 12, 36, 45, 10, 43, 33, 9, 17, 42, 21, 50, 29, 25, 4, 24, 23, 30, 2, 7, 16, 20, 49, 32, 3, 18, 1, 15, 31, 22]

Individual 33:
  Route length: 14534
  Contribution to Diversity: 0.0009591324019737613
  Route: [48, 45, 19, 41, 32, 49, 23, 43, 12, 25, 4, 6, 33, 51, 27, 26, 34, 24, 15, 5, 50, 30, 42, 7, 2, 21, 35, 36, 1, 38, 47, 13, 14, 52, 28, 11, 31, 18, 17, 3, 10, 9, 8, 40, 46, 37, 44, 20, 29, 16, 39, 22]

Individual 34:
  Route length: 15032
  Contribution to Diversity: 0.0016916315517550018
  Route: [1, 19, 41, 39, 48, 49, 32, 35, 46, 44, 40, 24, 37, 38, 20, 43, 10, 9, 15, 6, 34, 23, 31, 36, 47, 25, 16, 29, 50, 30, 2, 7, 42, 21, 17, 3, 18, 11, 52, 12, 13, 14, 26, 27, 28, 4, 5, 45, 8, 33, 51, 22]

Individual 35:
  Route length: 14998
  Contribution to Diversity: 0.0020422040868606217
  Route: [1, 8, 41, 10, 9, 24, 48, 46, 36, 44, 34, 13, 14, 27, 52, 11, 26, 51, 47, 28, 12, 25, 4, 6, 33, 15, 5, 16, 39, 40, 37, 38, 35, 42, 30, 2, 7, 18, 3, 19, 23, 21, 17, 43, 31, 49, 32, 45, 20, 50, 29, 22]

Individual 36:
  Route length: 15008
  Contribution to Diversity: 0.001535741363772658
  Route: [1, 49, 3, 17, 21, 2, 30, 23, 20, 35, 16, 44, 38, 29, 42, 7, 36, 39, 15, 31, 18, 32, 45, 19, 41, 8, 9, 10, 33, 43, 46, 51, 52, 14, 13, 24, 50, 48, 47, 27, 26, 25, 5, 34, 12, 28, 11, 37, 40, 6, 4, 22]

Individual 37:
  Route length: 14701
  Contribution to Diversity: 0.0008204808065643832
  Route: [1, 49, 32, 35, 46, 44, 40, 24, 48, 4, 5, 20, 43, 10, 9, 45, 15, 6, 34, 23, 31, 18, 3, 17, 21, 42, 7, 2, 30, 50, 29, 16, 25, 47, 36, 11, 52, 12, 13, 14, 26, 27, 28, 39, 41, 19, 37, 38, 8, 33, 51, 22]

Individual 38:
  Route length: 14604
  Contribution to Diversity: 9.915527974779792e-05
  Route: [1, 49, 32, 45, 19, 36, 9, 8, 10, 20, 21, 46, 16, 29, 6, 39, 47, 13, 27, 26, 44, 34, 30, 38, 5, 15, 24, 3, 17, 41, 35, 48, 37, 40, 4, 43, 33, 51, 11, 52, 14, 28, 12, 25, 23, 2, 7, 42, 50, 18, 31, 22]

Individual 39:
  Route length: 14647
  Contribution to Diversity: 0.0009081336881928692
  Route: [49, 19, 8, 9, 10, 33, 43, 41, 3, 17, 21, 20, 35, 34, 38, 25, 40, 6, 4, 5, 51, 37, 15, 24, 11, 14, 52, 13, 47, 26, 29, 12, 28, 27, 50, 23, 32, 30, 31, 18, 39, 44, 46, 16, 36, 45, 1, 48, 42, 7, 2, 22]

Individual 40:
  Route length: 14943
  Contribution to Diversity: 0.0028207971374545338
  Route: [37, 1, 17, 3, 4, 5, 34, 35, 36, 12, 27, 28, 30, 20, 50, 26, 47, 13, 52, 14, 11, 6, 38, 24, 44, 46, 16, 29, 21, 7, 42, 2, 32, 39, 31, 18, 23, 19, 41, 15, 45, 25, 40, 48, 51, 33, 43, 10, 9, 8, 49, 22]

Individual 41:
  Route length: 14989
  Contribution to Diversity: 0.001130739216518073
  Route: [25, 4, 6, 33, 51, 28, 52, 14, 13, 47, 44, 37, 45, 49, 32, 41, 19, 31, 50, 30, 42, 7, 2, 21, 35, 11, 27, 26, 34, 23, 17, 8, 9, 10, 12, 48, 24, 15, 5, 43, 3, 18, 40, 46, 16, 29, 20, 38, 1, 36, 39, 22]

Individual 42:
  Route length: 15064
  Contribution to Diversity: 0.0016274958345858792
  Route: [39, 38, 29, 12, 27, 26, 47, 28, 13, 14, 52, 33, 31, 1, 21, 40, 48, 17, 18, 3, 35, 36, 37, 25, 15, 34, 44, 46, 16, 51, 11, 6, 42, 7, 2, 32, 49, 43, 10, 9, 8, 41, 19, 45, 24, 4, 5, 50, 20, 23, 30, 22]

Individual 43:
  Route length: 14956
  Contribution to Diversity: 0.0009650749770937495
  Route: [31, 18, 23, 50, 20, 6, 15, 48, 24, 5, 4, 33, 32, 49, 40, 3, 34, 1, 43, 27, 28, 12, 25, 44, 46, 38, 16, 29, 37, 35, 36, 39, 10, 9, 19, 41, 30, 17, 8, 51, 11, 14, 52, 13, 47, 26, 2, 7, 42, 21, 45, 22]

Individual 44:
  Route length: 14919
  Contribution to Diversity: 0.0003102062690043539
  Route: [1, 44, 46, 32, 36, 35, 18, 50, 20, 30, 37, 24, 48, 45, 41, 19, 10, 9, 28, 27, 52, 14, 13, 29, 26, 47, 11, 51, 33, 43, 5, 39, 7, 42, 21, 23, 16, 15, 34, 49, 6, 12, 25, 4, 40, 38, 8, 17, 3, 2, 31, 22]

Individual 45:
  Route length: 15063
  Contribution to Diversity: 0.0013866495275776103
  Route: [39, 36, 35, 16, 46, 44, 9, 41, 2, 38, 37, 10, 29, 23, 42, 21, 17, 7, 30, 4, 6, 24, 48, 15, 31, 1, 40, 3, 18, 19, 45, 8, 34, 43, 33, 51, 11, 52, 14, 13, 26, 47, 27, 28, 12, 25, 5, 49, 32, 50, 20, 22]

Individual 46:
  Route length: 15025
  Contribution to Diversity: 0.0017533776877209917
  Route: [42, 2, 7, 29, 16, 51, 28, 12, 9, 10, 5, 24, 40, 45, 19, 41, 8, 35, 31, 44, 34, 46, 37, 11, 26, 47, 13, 14, 52, 27, 48, 38, 6, 43, 33, 4, 25, 3, 18, 15, 20, 50, 36, 39, 17, 32, 49, 21, 30, 23, 1, 22]

Individual 47:
  Route length: 14981
  Contribution to Diversity: 0.0007779144372248581
  Route: [27, 28, 33, 43, 10, 19, 3, 31, 20, 26, 47, 13, 52, 51, 11, 14, 12, 6, 39, 18, 40, 15, 38, 5, 16, 30, 23, 36, 24, 4, 25, 29, 34, 8, 9, 41, 45, 35, 50, 1, 37, 48, 44, 46, 49, 32, 17, 2, 7, 42, 21, 22]

Individual 48:
  Route length: 14926
  Contribution to Diversity: 0.0013571304834396614
  Route: [49, 19, 9, 8, 10, 33, 43, 41, 3, 17, 21, 20, 35, 34, 38, 25, 40, 6, 4, 5, 51, 37, 15, 24, 11, 14, 52, 13, 47, 26, 29, 12, 28, 27, 50, 23, 32, 30, 31, 18, 39, 44, 46, 16, 36, 45, 1, 48, 42, 7, 2, 22]

Individual 49:
  Route length: 15013
  Contribution to Diversity: 0.0024755962742899484
  Route: [32, 49, 37, 15, 21, 17, 1, 18, 31, 30, 50, 20, 48, 33, 51, 6, 34, 35, 39, 24, 16, 40, 5, 26, 47, 13, 52, 14, 11, 12, 28, 27, 36, 8, 9, 10, 43, 41, 3, 2, 7, 42, 38, 25, 4, 46, 23, 44, 45, 19, 29, 22]

Individual 50:
  Route length: 14887
  Contribution to Diversity: 5.8735662270770206e-05
  Route: [17, 21, 20, 39, 46, 29, 1, 32, 35, 24, 5, 15, 13, 47, 26, 12, 33, 51, 11, 52, 27, 50, 49, 34, 44, 16, 4, 14, 28, 43, 40, 3, 45, 19, 41, 10, 9, 8, 31, 18, 48, 38, 37, 6, 25, 36, 2, 7, 42, 30, 23, 22]

Individual 51:
  Route length: 15052
  Contribution to Diversity: 0.0014646625296883542
  Route: [49, 37, 5, 39, 44, 1, 34, 35, 36, 15, 24, 45, 6, 4, 25, 12, 43, 33, 51, 11, 29, 50, 20, 17, 3, 18, 40, 10, 9, 2, 31, 16, 46, 48, 52, 14, 13, 47, 26, 27, 28, 38, 30, 32, 19, 41, 8, 7, 42, 21, 23, 22]

Individual 52:
  Route length: 15058
  Contribution to Diversity: 0.0007168722877333167
  Route: [1, 31, 18, 3, 29, 17, 21, 37, 28, 5, 24, 47, 13, 48, 39, 36, 35, 30, 2, 7, 42, 20, 38, 40, 23, 34, 44, 46, 16, 4, 25, 12, 27, 26, 6, 50, 15, 14, 52, 11, 51, 33, 43, 10, 9, 45, 19, 41, 8, 32, 49, 22]

Individual 53:
  Route length: 14907
  Contribution to Diversity: 0.0015925576508140082
  Route: [42, 2, 7, 29, 16, 6, 10, 9, 12, 28, 11, 26, 47, 13, 14, 52, 27, 48, 38, 5, 24, 40, 45, 51, 43, 33, 4, 25, 50, 20, 44, 34, 46, 37, 8, 41, 19, 35, 1, 23, 30, 21, 49, 32, 17, 39, 36, 3, 18, 15, 31, 22]

Individual 54:
  Route length: 15075
  Contribution to Diversity: 0.0010751977826179981
  Route: [1, 49, 2, 7, 21, 17, 32, 48, 24, 25, 35, 30, 23, 46, 29, 50, 15, 43, 51, 11, 52, 14, 13, 47, 26, 27, 28, 20, 42, 16, 44, 34, 4, 6, 19, 41, 18, 45, 33, 12, 40, 9, 10, 8, 31, 36, 38, 37, 39, 5, 3, 22]

Individual 55:
  Route length: 14200
  Contribution to Diversity: 0.00038638431185944455
  Route: [1, 6, 24, 47, 13, 27, 26, 29, 16, 4, 25, 12, 28, 14, 52, 11, 51, 33, 10, 9, 43, 23, 48, 38, 36, 45, 19, 49, 34, 44, 40, 15, 31, 18, 41, 8, 20, 32, 21, 17, 3, 30, 42, 7, 2, 5, 35, 39, 46, 37, 50, 22]

Individual 56:
  Route length: 15027
  Contribution to Diversity: 0.000950740544088724
  Route: [1, 35, 36, 17, 3, 49, 26, 27, 28, 48, 8, 41, 19, 20, 50, 29, 16, 31, 18, 23, 30, 2, 7, 10, 43, 24, 46, 38, 39, 5, 4, 37, 45, 32, 21, 42, 9, 51, 11, 52, 14, 13, 47, 12, 25, 33, 15, 6, 40, 34, 44, 22]

Individual 57:
  Route length: 15028
  Contribution to Diversity: 0.0010280035902932028
  Route: [25, 4, 6, 33, 51, 28, 52, 14, 13, 47, 44, 37, 45, 49, 20, 29, 16, 46, 40, 18, 3, 43, 5, 15, 24, 48, 12, 10, 9, 8, 17, 23, 11, 27, 26, 34, 35, 21, 2, 7, 42, 30, 50, 31, 19, 41, 32, 38, 1, 36, 39, 22]

Individual 58:
  Route length: 15058
  Contribution to Diversity: 0.002311993233929499
  Route: [18, 31, 29, 16, 46, 36, 40, 35, 49, 32, 4, 50, 15, 6, 20, 30, 23, 51, 11, 52, 14, 13, 47, 26, 27, 28, 12, 25, 38, 44, 2, 7, 19, 41, 8, 9, 10, 1, 3, 17, 5, 33, 34, 42, 21, 45, 39, 43, 37, 48, 24, 22]

Individual 59:
  Route length: 14994
  Contribution to Diversity: 0.0006686849458885646
  Route: [39, 36, 38, 37, 10, 29, 23, 42, 21, 17, 7, 30, 4, 6, 24, 48, 15, 31, 8, 45, 19, 18, 3, 40, 1, 34, 35, 2, 41, 9, 44, 46, 32, 49, 5, 25, 12, 28, 27, 47, 26, 13, 14, 52, 11, 51, 33, 43, 16, 50, 20, 22]

Individual 60:
  Route length: 14645
  Contribution to Diversity: 8.635520048727585e-05
  Route: [1, 49, 2, 7, 21, 17, 32, 48, 24, 25, 35, 30, 23, 46, 29, 50, 34, 44, 16, 42, 20, 28, 27, 26, 47, 13, 14, 52, 11, 51, 43, 15, 4, 6, 19, 41, 18, 3, 5, 39, 37, 38, 36, 31, 8, 10, 9, 40, 12, 33, 45, 22]

Individual 61:
  Route length: 15079
  Contribution to Diversity: 0.0022902066928267573
  Route: [38, 24, 44, 46, 16, 29, 45, 4, 5, 34, 35, 36, 12, 28, 27, 30, 1, 37, 6, 11, 14, 52, 13, 47, 26, 50, 20, 19, 41, 15, 25, 2, 42, 7, 21, 3, 17, 23, 18, 31, 39, 32, 40, 48, 51, 33, 43, 10, 9, 8, 49, 22]

Individual 62:
  Route length: 15004
  Contribution to Diversity: 0.001963247189324946
  Route: [32, 49, 37, 15, 21, 17, 1, 44, 45, 19, 24, 39, 23, 18, 31, 30, 50, 20, 48, 33, 51, 6, 34, 35, 46, 4, 25, 38, 42, 7, 2, 3, 41, 5, 26, 47, 13, 52, 14, 11, 12, 28, 27, 36, 8, 9, 10, 43, 40, 16, 29, 22]

Individual 63:
  Route length: 15080
  Contribution to Diversity: 0.002694373314954923
  Route: [1, 3, 50, 20, 36, 39, 40, 37, 32, 29, 46, 25, 6, 24, 15, 5, 21, 17, 52, 11, 51, 33, 14, 13, 26, 47, 4, 42, 7, 2, 30, 27, 28, 12, 49, 23, 31, 48, 38, 35, 34, 44, 16, 43, 10, 9, 8, 41, 19, 45, 18, 22]

Individual 64:
  Route length: 14939
  Contribution to Diversity: 0
  Route: [49, 1, 36, 35, 50, 29, 16, 12, 33, 51, 11, 52, 27, 26, 6, 18, 31, 4, 28, 14, 13, 47, 46, 45, 38, 25, 37, 19, 8, 9, 39, 32, 41, 42, 7, 2, 30, 44, 40, 15, 48, 34, 5, 24, 20, 23, 21, 17, 3, 10, 43, 22]

Individual 65:
  Route length: 14803
  Contribution to Diversity: 0.000979918880625874
  Route: [1, 45, 49, 26, 27, 28, 47, 14, 13, 52, 11, 51, 9, 42, 21, 32, 19, 41, 8, 18, 31, 16, 37, 24, 15, 6, 5, 4, 34, 44, 35, 36, 39, 40, 46, 38, 17, 3, 33, 43, 10, 7, 2, 30, 23, 48, 12, 25, 20, 50, 29, 22]

Individual 66:
  Route length: 15082
  Contribution to Diversity: 0.002237062733287054
  Route: [8, 41, 29, 26, 27, 52, 13, 14, 28, 12, 19, 32, 49, 44, 16, 21, 18, 1, 45, 35, 36, 40, 50, 20, 42, 7, 2, 23, 37, 39, 6, 46, 24, 30, 3, 17, 34, 4, 25, 15, 47, 11, 51, 33, 10, 9, 43, 38, 48, 5, 31, 22]

Individual 67:
  Route length: 15076
  Contribution to Diversity: 0.0009091861648267141
  Route: [1, 45, 49, 44, 5, 48, 4, 26, 14, 52, 13, 27, 28, 12, 25, 29, 18, 34, 50, 20, 16, 32, 19, 35, 15, 36, 6, 46, 24, 30, 3, 17, 21, 39, 40, 37, 23, 38, 43, 9, 10, 33, 51, 11, 47, 42, 7, 2, 8, 41, 31, 22]

Individual 68:
  Route length: 14119
  Contribution to Diversity: 0
  Route: [39, 36, 35, 50, 20, 25, 46, 44, 40, 1, 38, 37, 18, 49, 31, 17, 2, 32, 23, 30, 7, 3, 16, 29, 42, 21, 10, 43, 33, 51, 11, 52, 14, 13, 26, 47, 27, 28, 12, 48, 34, 8, 9, 41, 19, 15, 4, 6, 24, 5, 45, 22]

Individual 69:
  Route length: 14892
  Contribution to Diversity: 0
  Route: [1, 49, 44, 38, 48, 16, 29, 50, 20, 23, 30, 46, 32, 18, 31, 42, 37, 5, 34, 35, 36, 39, 40, 14, 52, 7, 2, 3, 17, 21, 24, 15, 43, 10, 9, 8, 41, 19, 45, 33, 25, 6, 4, 12, 28, 26, 27, 47, 51, 11, 13, 22]

Individual 70:
  Route length: 15053
  Contribution to Diversity: 0
  Route: [39, 36, 35, 6, 4, 23, 30, 7, 3, 24, 50, 20, 25, 46, 44, 40, 1, 38, 37, 18, 49, 31, 17, 2, 10, 43, 33, 51, 11, 52, 14, 13, 26, 47, 27, 28, 12, 48, 34, 8, 9, 41, 19, 15, 32, 21, 42, 29, 16, 5, 45, 22]

Individual 71:
  Route length: 15038
  Contribution to Diversity: 0
  Route: [41, 48, 40, 15, 6, 12, 52, 11, 51, 33, 43, 10, 9, 38, 49, 21, 42, 7, 2, 23, 44, 46, 26, 28, 27, 36, 45, 32, 39, 1, 20, 30, 37, 25, 5, 24, 4, 19, 8, 14, 13, 47, 50, 29, 16, 31, 18, 3, 17, 34, 35, 22]

Individual 72:
  Route length: 15029
  Contribution to Diversity: 0.002505219683607507
  Route: [1, 20, 23, 30, 2, 7, 25, 26, 27, 47, 48, 37, 15, 6, 16, 50, 36, 34, 5, 4, 11, 28, 12, 40, 39, 46, 13, 14, 52, 29, 31, 18, 32, 45, 19, 41, 8, 9, 10, 43, 33, 38, 44, 42, 21, 17, 3, 49, 35, 51, 24, 22]

Individual 73:
  Route length: 14919
  Contribution to Diversity: 0.000474554989824405
  Route: [1, 19, 41, 4, 11, 52, 12, 6, 33, 51, 13, 14, 26, 27, 28, 18, 17, 3, 50, 29, 39, 24, 32, 49, 35, 40, 45, 47, 25, 16, 20, 23, 30, 2, 7, 42, 21, 31, 8, 10, 9, 43, 36, 5, 44, 15, 46, 34, 37, 48, 38, 22]

Individual 74:
  Route length: 15025
  Contribution to Diversity: 0
  Route: [1, 49, 44, 38, 48, 16, 29, 50, 20, 23, 30, 46, 32, 18, 31, 42, 37, 5, 34, 35, 36, 39, 40, 14, 13, 11, 51, 47, 27, 26, 28, 12, 4, 6, 25, 33, 45, 19, 41, 8, 9, 10, 43, 15, 24, 21, 17, 3, 2, 7, 52, 22]

Individual 75:
  Route length: 14863
  Contribution to Diversity: 0.002098865276792594
  Route: [1, 35, 36, 44, 49, 34, 8, 20, 17, 7, 42, 21, 50, 46, 38, 40, 39, 2, 30, 23, 9, 10, 43, 51, 11, 52, 14, 13, 26, 47, 27, 28, 12, 25, 29, 16, 24, 48, 3, 5, 4, 37, 6, 31, 45, 33, 15, 41, 19, 18, 32, 22]

Individual 76:
  Route length: 15033
  Contribution to Diversity: 7.592670192835271e-05
  Route: [41, 48, 40, 15, 6, 12, 52, 11, 51, 33, 43, 10, 9, 38, 49, 21, 42, 7, 2, 23, 44, 46, 26, 28, 27, 36, 45, 32, 39, 1, 20, 30, 37, 5, 25, 24, 4, 19, 8, 14, 13, 47, 50, 29, 16, 31, 18, 3, 17, 34, 35, 22]

Individual 77:
  Route length: 14866
  Contribution to Diversity: 0.00013333601094966951
  Route: [1, 19, 41, 4, 11, 52, 12, 6, 9, 10, 8, 31, 21, 42, 7, 2, 30, 23, 20, 50, 29, 39, 24, 32, 49, 35, 40, 45, 47, 25, 16, 3, 17, 18, 28, 27, 26, 14, 13, 51, 33, 43, 36, 5, 44, 15, 46, 34, 37, 48, 38, 22]

Individual 78:
  Route length: 14552
  Contribution to Diversity: 0.00032185855659871976
  Route: [38, 40, 15, 6, 4, 25, 27, 28, 5, 24, 48, 37, 1, 50, 16, 29, 20, 31, 9, 8, 18, 10, 43, 33, 11, 14, 12, 46, 44, 36, 23, 30, 35, 19, 3, 32, 49, 39, 51, 52, 13, 47, 26, 34, 45, 41, 17, 2, 7, 42, 21, 22]

Individual 79:
  Route length: 14703
  Contribution to Diversity: 0
  Route: [39, 36, 35, 6, 4, 23, 30, 7, 3, 16, 29, 42, 21, 32, 15, 19, 41, 9, 8, 34, 48, 12, 28, 27, 47, 26, 13, 14, 52, 11, 51, 33, 43, 10, 2, 17, 31, 1, 38, 37, 18, 49, 40, 44, 46, 25, 20, 50, 24, 5, 45, 22]

Individual 80:
  Route length: 14865
  Contribution to Diversity: 0.0002635081881292578
  Route: [41, 8, 49, 39, 36, 31, 18, 3, 25, 4, 47, 26, 46, 33, 43, 10, 9, 13, 27, 28, 12, 24, 5, 44, 34, 35, 51, 11, 52, 14, 15, 6, 37, 38, 1, 32, 45, 19, 21, 17, 50, 42, 7, 2, 30, 23, 20, 48, 40, 16, 29, 22]

Individual 81:
  Route length: 14914
  Contribution to Diversity: 0
  Route: [1, 44, 5, 48, 49, 32, 34, 50, 30, 24, 46, 6, 26, 27, 13, 52, 14, 28, 12, 25, 29, 18, 16, 20, 3, 17, 21, 45, 19, 35, 15, 36, 39, 4, 41, 8, 38, 43, 9, 10, 33, 51, 11, 47, 42, 7, 2, 23, 37, 40, 31, 22]

Individual 82:
  Route length: 15039
  Contribution to Diversity: 0.0012360924555254726
  Route: [35, 34, 27, 28, 26, 16, 29, 50, 36, 45, 3, 17, 21, 42, 7, 2, 23, 18, 31, 5, 24, 25, 12, 30, 20, 32, 49, 1, 39, 15, 40, 41, 44, 46, 48, 38, 43, 10, 9, 33, 51, 11, 52, 37, 6, 14, 13, 47, 4, 8, 19, 22]

Individual 83:
  Route length: 14864
  Contribution to Diversity: 0.0006245617440372442
  Route: [1, 31, 18, 3, 19, 23, 21, 17, 43, 24, 48, 46, 36, 44, 34, 13, 14, 11, 52, 27, 26, 51, 47, 28, 12, 25, 4, 35, 38, 37, 40, 39, 16, 5, 15, 33, 6, 42, 30, 2, 7, 9, 10, 41, 8, 49, 32, 45, 20, 50, 29, 22]

Individual 84:
  Route length: 14998
  Contribution to Diversity: 0.0012046215846801545
  Route: [48, 24, 25, 12, 10, 9, 8, 18, 3, 43, 5, 15, 4, 26, 27, 51, 33, 6, 34, 35, 21, 2, 7, 42, 30, 50, 31, 19, 41, 32, 49, 45, 37, 44, 47, 13, 14, 52, 28, 11, 23, 17, 40, 46, 16, 29, 20, 38, 1, 36, 39, 22]

Individual 85:
  Route length: 14826
  Contribution to Diversity: 0.00032904493337948537
  Route: [5, 38, 15, 40, 19, 3, 31, 20, 26, 47, 13, 52, 51, 11, 14, 12, 46, 44, 48, 37, 1, 50, 35, 45, 41, 9, 8, 34, 6, 24, 4, 25, 27, 28, 18, 10, 43, 33, 39, 36, 23, 30, 16, 29, 49, 32, 17, 2, 7, 42, 21, 22]

Individual 86:
  Route length: 14639
  Contribution to Diversity: 0.001229326769928818
  Route: [46, 27, 26, 47, 13, 14, 52, 23, 24, 5, 16, 18, 17, 21, 42, 7, 2, 30, 12, 36, 34, 38, 44, 28, 3, 10, 9, 8, 41, 19, 45, 32, 20, 29, 50, 6, 15, 4, 43, 33, 51, 11, 25, 49, 48, 37, 39, 40, 35, 1, 31, 22]

Individual 87:
  Route length: 14586
  Contribution to Diversity: 0.00279723140810173
  Route: [1, 49, 48, 39, 40, 37, 38, 45, 32, 19, 10, 9, 8, 41, 50, 29, 28, 36, 23, 20, 31, 21, 17, 3, 16, 46, 2, 42, 7, 44, 4, 6, 15, 5, 24, 12, 51, 11, 33, 52, 14, 13, 47, 26, 27, 25, 18, 30, 34, 35, 43, 22]

Individual 88:
  Route length: 14242
  Contribution to Diversity: 0
  Route: [49, 1, 36, 35, 50, 29, 16, 12, 33, 51, 11, 52, 27, 26, 47, 13, 14, 28, 4, 31, 18, 6, 46, 45, 38, 25, 37, 19, 8, 9, 39, 32, 41, 42, 7, 2, 30, 44, 40, 15, 48, 34, 24, 5, 20, 23, 21, 17, 3, 10, 43, 22]

Individual 89:
  Route length: 15055
  Contribution to Diversity: 0.0026861100029202944
  Route: [18, 34, 35, 25, 15, 40, 26, 47, 13, 50, 23, 20, 30, 29, 44, 31, 3, 17, 21, 42, 7, 2, 32, 1, 38, 37, 6, 14, 27, 28, 12, 33, 51, 11, 52, 4, 49, 19, 10, 9, 39, 36, 43, 41, 8, 5, 48, 24, 45, 16, 46, 22]

Individual 90:
  Route length: 14908
  Contribution to Diversity: 0.0011003033690677455
  Route: [1, 32, 19, 18, 21, 15, 16, 49, 44, 48, 5, 35, 34, 36, 41, 8, 20, 50, 39, 23, 37, 40, 6, 46, 24, 38, 45, 4, 25, 12, 52, 13, 14, 28, 27, 11, 51, 33, 10, 9, 43, 29, 2, 7, 42, 47, 26, 30, 3, 17, 31, 22]

Individual 91:
  Route length: 14960
  Contribution to Diversity: 0.00010361593925267698
  Route: [39, 44, 12, 28, 27, 47, 26, 13, 14, 52, 11, 51, 33, 43, 10, 21, 42, 29, 16, 3, 7, 30, 23, 4, 6, 35, 36, 40, 1, 38, 37, 18, 49, 31, 17, 2, 32, 15, 19, 41, 9, 8, 34, 48, 46, 25, 20, 50, 24, 5, 45, 22]

Individual 92:
  Route length: 14984
  Contribution to Diversity: 0.001874363603018736
  Route: [48, 17, 19, 41, 8, 9, 10, 43, 2, 7, 42, 6, 39, 38, 29, 30, 33, 52, 11, 51, 15, 3, 18, 45, 32, 49, 14, 13, 27, 26, 47, 28, 12, 25, 4, 37, 36, 35, 34, 44, 46, 16, 50, 20, 23, 5, 24, 40, 21, 1, 31, 22]

Individual 93:
  Route length: 15006
  Contribution to Diversity: 0.0019539289244372426
  Route: [30, 34, 35, 33, 52, 14, 13, 47, 26, 27, 25, 28, 36, 23, 50, 2, 42, 7, 1, 49, 32, 45, 38, 37, 40, 4, 46, 29, 11, 51, 12, 39, 3, 17, 21, 31, 19, 10, 9, 8, 41, 20, 48, 24, 5, 15, 6, 43, 18, 44, 16, 22]

Individual 94:
  Route length: 15079
  Contribution to Diversity: 0.001666050856601764
  Route: [1, 49, 3, 17, 21, 2, 30, 23, 20, 16, 35, 15, 39, 24, 38, 29, 37, 40, 6, 34, 50, 36, 7, 42, 11, 28, 12, 48, 47, 27, 26, 25, 13, 14, 52, 51, 44, 31, 18, 32, 45, 19, 41, 8, 9, 10, 33, 43, 46, 5, 4, 22]

Individual 95:
  Route length: 14673
  Contribution to Diversity: 0.0014384954296229324
  Route: [1, 17, 3, 32, 49, 5, 6, 34, 44, 48, 24, 39, 29, 11, 51, 33, 43, 10, 9, 20, 50, 18, 35, 4, 25, 12, 38, 37, 31, 28, 13, 14, 52, 27, 26, 47, 23, 16, 46, 15, 36, 45, 8, 40, 19, 41, 21, 42, 7, 2, 30, 22]

Individual 96:
  Route length: 14894
  Contribution to Diversity: 0.0005206638658155072
  Route: [38, 40, 15, 6, 4, 25, 27, 28, 5, 24, 48, 18, 8, 9, 31, 20, 29, 16, 50, 1, 37, 10, 43, 33, 11, 14, 12, 46, 44, 36, 23, 30, 35, 19, 3, 32, 49, 39, 51, 52, 13, 47, 26, 34, 45, 41, 17, 2, 7, 42, 21, 22]

Individual 97:
  Route length: 15073
  Contribution to Diversity: 0.0003105976873332139
  Route: [1, 49, 32, 45, 29, 16, 46, 21, 20, 10, 8, 9, 36, 19, 6, 39, 47, 13, 27, 26, 44, 34, 30, 38, 5, 15, 24, 3, 17, 41, 35, 48, 37, 40, 4, 43, 33, 51, 11, 52, 14, 28, 12, 25, 23, 2, 7, 42, 50, 18, 31, 22]

Individual 98:
  Route length: 14931
  Contribution to Diversity: 0
  Route: [49, 1, 36, 35, 50, 29, 16, 12, 33, 51, 11, 52, 27, 26, 47, 13, 14, 28, 4, 31, 18, 6, 46, 45, 38, 25, 37, 19, 8, 9, 39, 32, 41, 42, 7, 2, 30, 44, 40, 15, 48, 34, 24, 20, 5, 23, 21, 17, 3, 10, 43, 22]

Individual 99:
  Route length: 14836
  Contribution to Diversity: 0.0005976312687794305
  Route: [27, 28, 33, 43, 10, 19, 3, 31, 20, 26, 47, 13, 52, 51, 11, 14, 12, 6, 39, 18, 40, 15, 38, 5, 16, 35, 45, 41, 9, 8, 34, 29, 25, 4, 24, 36, 23, 30, 50, 1, 37, 48, 44, 46, 49, 32, 17, 2, 7, 42, 21, 22]

Total Entropy H: 6.08452954071262
