Individual 0:
  Route length: 13121
  Contribution to Diversity: 0.023029200595848565
  Route: [19, 45, 41, 9, 10, 8, 39, 6, 24, 12, 51, 33, 25, 37, 16, 28, 27, 14, 47, 11, 52, 13, 26, 4, 48, 32, 43, 38, 15, 5, 40, 44, 36, 49, 35, 1, 50, 34, 46, 20, 21, 17, 7, 2, 42, 30, 31, 23, 29, 18, 3, 22]

Individual 1:
  Route length: 13119
  Contribution to Diversity: 0.004501423165018892
  Route: [1, 49, 16, 30, 9, 41, 8, 10, 6, 25, 12, 28, 5, 43, 33, 51, 11, 52, 14, 13, 47, 26, 27, 24, 38, 39, 40, 50, 42, 21, 2, 7, 29, 20, 19, 32, 45, 15, 48, 4, 46, 44, 35, 37, 36, 34, 23, 17, 3, 18, 31, 22]

Individual 2:
  Route length: 13134
  Contribution to Diversity: 0.023558695216606473
  Route: [1, 36, 34, 44, 45, 49, 17, 42, 7, 2, 29, 50, 20, 16, 31, 18, 30, 46, 23, 21, 3, 32, 19, 41, 8, 9, 6, 10, 43, 33, 51, 38, 24, 15, 4, 5, 35, 47, 26, 14, 13, 27, 11, 52, 28, 12, 25, 48, 39, 37, 40, 22]

Individual 3:
  Route length: 13046
  Contribution to Diversity: 0.015198575829550087
  Route: [1, 30, 29, 20, 50, 42, 7, 2, 31, 49, 16, 41, 8, 45, 46, 36, 39, 38, 4, 37, 34, 17, 3, 6, 18, 32, 44, 35, 43, 33, 51, 11, 52, 14, 13, 47, 26, 27, 28, 12, 25, 5, 24, 40, 10, 9, 19, 48, 15, 21, 23, 22]

Individual 4:
  Route length: 13155
  Contribution to Diversity: 0.017450992818727862
  Route: [41, 8, 17, 45, 36, 32, 19, 3, 18, 2, 7, 42, 29, 21, 30, 16, 20, 50, 23, 31, 40, 24, 46, 38, 15, 51, 33, 9, 10, 43, 12, 28, 27, 52, 26, 47, 13, 14, 11, 5, 37, 39, 1, 35, 34, 44, 48, 25, 6, 4, 49, 22]

Individual 5:
  Route length: 13012
  Contribution to Diversity: 0.01541660862277805
  Route: [3, 35, 49, 31, 43, 33, 45, 17, 21, 42, 7, 2, 20, 23, 44, 16, 47, 26, 27, 28, 12, 51, 11, 52, 14, 13, 38, 25, 48, 34, 46, 24, 15, 6, 4, 1, 29, 18, 32, 19, 41, 8, 9, 10, 40, 37, 5, 30, 50, 36, 39, 22]

Individual 6:
  Route length: 13171
  Contribution to Diversity: 0.023682945227880836
  Route: [32, 20, 42, 2, 7, 17, 21, 23, 35, 30, 16, 36, 34, 4, 46, 5, 6, 11, 52, 14, 13, 47, 26, 51, 12, 27, 28, 25, 24, 33, 43, 49, 50, 29, 3, 31, 18, 10, 9, 41, 8, 19, 40, 45, 39, 44, 15, 48, 37, 38, 1, 22]

Individual 7:
  Route length: 13173
  Contribution to Diversity: 0.02635057089748294
  Route: [24, 34, 35, 40, 36, 15, 8, 41, 19, 6, 38, 48, 4, 33, 43, 9, 10, 45, 5, 46, 49, 18, 31, 1, 42, 7, 2, 23, 20, 29, 27, 11, 52, 14, 13, 26, 47, 12, 28, 51, 37, 25, 39, 32, 44, 16, 50, 21, 30, 17, 3, 22]

Individual 8:
  Route length: 12969
  Contribution to Diversity: 0.014650784737014533
  Route: [50, 29, 30, 2, 7, 42, 31, 39, 36, 6, 34, 44, 46, 38, 37, 40, 1, 49, 32, 9, 10, 8, 43, 12, 28, 27, 26, 47, 13, 4, 25, 11, 52, 14, 33, 51, 48, 24, 5, 15, 16, 20, 23, 3, 18, 17, 21, 45, 19, 41, 35, 22]

Individual 9:
  Route length: 13046
  Contribution to Diversity: 0.020073743819176926
  Route: [35, 37, 15, 48, 33, 43, 45, 19, 9, 10, 41, 8, 6, 23, 18, 3, 17, 21, 30, 2, 7, 42, 31, 34, 46, 29, 16, 44, 24, 38, 4, 12, 28, 13, 47, 26, 14, 52, 11, 25, 51, 27, 5, 1, 40, 20, 50, 39, 49, 36, 32, 22]

Individual 10:
  Route length: 12955
  Contribution to Diversity: 0.021314647169181633
  Route: [31, 1, 32, 39, 36, 43, 5, 15, 48, 4, 25, 51, 33, 12, 28, 27, 26, 47, 13, 52, 14, 11, 6, 29, 16, 18, 21, 20, 44, 24, 37, 46, 40, 38, 50, 17, 7, 2, 42, 30, 23, 3, 41, 45, 8, 49, 35, 34, 9, 10, 19, 22]

Individual 11:
  Route length: 13126
  Contribution to Diversity: 0.015088989675632547
  Route: [21, 42, 7, 2, 31, 39, 40, 46, 24, 15, 48, 37, 35, 34, 1, 5, 44, 16, 43, 33, 41, 8, 19, 9, 10, 38, 4, 51, 11, 14, 52, 13, 28, 47, 27, 26, 12, 25, 36, 20, 23, 29, 50, 18, 30, 17, 3, 6, 45, 32, 49, 22]

Individual 12:
  Route length: 12886
  Contribution to Diversity: 0.023921838336712575
  Route: [3, 49, 36, 35, 44, 40, 15, 39, 38, 37, 30, 16, 29, 20, 50, 1, 32, 18, 7, 42, 23, 2, 21, 34, 6, 5, 25, 24, 48, 46, 4, 12, 51, 26, 47, 13, 52, 11, 27, 14, 28, 33, 43, 9, 10, 8, 41, 17, 19, 45, 31, 22]

Individual 13:
  Route length: 13075
  Contribution to Diversity: 0.001578470081836869
  Route: [1, 36, 45, 41, 19, 8, 10, 9, 40, 33, 12, 51, 11, 13, 28, 26, 52, 14, 47, 27, 49, 50, 23, 5, 43, 15, 4, 34, 38, 6, 24, 3, 18, 31, 17, 2, 7, 42, 30, 20, 16, 44, 46, 37, 32, 39, 35, 48, 25, 29, 21, 22]

Individual 14:
  Route length: 13185
  Contribution to Diversity: 0.022004768358504734
  Route: [18, 49, 35, 38, 46, 19, 41, 8, 3, 17, 42, 21, 2, 7, 29, 30, 23, 31, 37, 10, 9, 12, 28, 26, 47, 13, 14, 27, 52, 11, 51, 4, 6, 15, 24, 20, 44, 50, 34, 5, 48, 16, 25, 33, 43, 45, 36, 32, 1, 40, 39, 22]

Individual 15:
  Route length: 12904
  Contribution to Diversity: 0.02333144109728824
  Route: [36, 3, 32, 35, 48, 24, 15, 40, 5, 4, 6, 25, 12, 28, 27, 26, 47, 13, 52, 14, 11, 51, 33, 43, 10, 8, 9, 41, 19, 49, 23, 45, 20, 29, 38, 44, 1, 18, 37, 16, 46, 50, 21, 2, 17, 31, 30, 7, 42, 34, 39, 22]

Individual 16:
  Route length: 12331
  Contribution to Diversity: 0
  Route: [31, 23, 20, 42, 30, 7, 2, 29, 16, 24, 46, 25, 36, 38, 40, 6, 4, 5, 43, 9, 41, 10, 8, 19, 15, 33, 51, 11, 52, 14, 47, 13, 26, 27, 28, 12, 35, 18, 3, 17, 21, 32, 45, 34, 44, 39, 48, 37, 1, 50, 49, 22]

Individual 17:
  Route length: 13182
  Contribution to Diversity: 0
  Route: [31, 23, 20, 42, 30, 7, 2, 29, 16, 24, 46, 8, 10, 41, 9, 43, 5, 4, 6, 40, 38, 36, 25, 19, 15, 33, 51, 11, 52, 14, 47, 13, 26, 27, 28, 12, 35, 18, 3, 17, 21, 32, 45, 34, 44, 39, 48, 37, 1, 50, 49, 22]

Individual 18:
  Route length: 13196
  Contribution to Diversity: 0.027682657270941213
  Route: [49, 29, 30, 2, 7, 42, 21, 17, 41, 32, 38, 16, 46, 15, 36, 5, 6, 28, 27, 47, 26, 13, 52, 14, 11, 51, 12, 44, 1, 20, 34, 43, 9, 10, 45, 18, 50, 31, 23, 35, 40, 24, 4, 48, 37, 39, 25, 33, 19, 8, 3, 22]

Individual 19:
  Route length: 12949
  Contribution to Diversity: 0.0057878659151962
  Route: [1, 36, 45, 41, 19, 8, 10, 9, 40, 33, 12, 51, 11, 13, 28, 26, 52, 14, 47, 27, 49, 21, 29, 25, 48, 35, 39, 5, 43, 15, 4, 34, 38, 6, 24, 3, 18, 31, 17, 2, 7, 42, 30, 20, 16, 44, 46, 37, 32, 23, 50, 22]

Total Entropy H: 5.723262826820508
