Individual 0:
  Route length: 15066
  Contribution to Diversity: 0.00048678977530247636
  Route: [1, 49, 2, 7, 42, 4, 51, 11, 52, 43, 10, 9, 8, 41, 19, 45, 3, 24, 5, 15, 6, 21, 17, 32, 29, 46, 50, 27, 28, 12, 25, 33, 47, 13, 14, 26, 20, 23, 16, 44, 34, 35, 36, 39, 30, 40, 37, 38, 48, 18, 31, 22]

Individual 1:
  Route length: 14820
  Contribution to Diversity: 0.0019277063731593103
  Route: [1, 49, 32, 36, 37, 40, 39, 25, 12, 28, 27, 26, 47, 13, 45, 35, 34, 44, 46, 16, 14, 52, 19, 41, 8, 9, 10, 43, 2, 7, 42, 21, 17, 18, 3, 24, 5, 4, 6, 15, 20, 50, 29, 38, 23, 30, 33, 51, 11, 48, 31, 22]

Individual 2:
  Route length: 14428
  Contribution to Diversity: 0.0014806796055850668
  Route: [1, 45, 32, 49, 25, 4, 39, 40, 37, 38, 48, 24, 5, 47, 13, 14, 28, 7, 2, 30, 23, 20, 50, 29, 8, 41, 19, 12, 11, 52, 27, 26, 46, 44, 34, 31, 18, 3, 17, 21, 42, 51, 33, 43, 10, 9, 16, 15, 6, 36, 35, 22]

Individual 3:
  Route length: 14702
  Contribution to Diversity: 0.00031103740174209804
  Route: [35, 34, 44, 46, 47, 13, 14, 6, 15, 40, 41, 30, 2, 7, 42, 8, 9, 39, 49, 1, 32, 45, 19, 37, 38, 48, 24, 5, 20, 23, 21, 17, 3, 18, 31, 28, 27, 26, 16, 29, 50, 36, 10, 43, 33, 51, 11, 52, 4, 25, 12, 22]

Individual 4:
  Route length: 15049
  Contribution to Diversity: 0.0015720458069381493
  Route: [39, 9, 8, 42, 7, 2, 30, 41, 40, 15, 6, 14, 13, 47, 46, 44, 34, 35, 50, 29, 16, 26, 27, 28, 31, 18, 3, 17, 21, 23, 20, 5, 24, 48, 38, 25, 4, 52, 11, 51, 33, 43, 10, 36, 49, 1, 32, 45, 19, 37, 12, 22]

Individual 5:
  Route length: 14317
  Contribution to Diversity: 0.0008036043175732033
  Route: [1, 31, 10, 9, 8, 41, 19, 44, 46, 16, 52, 37, 36, 35, 34, 45, 32, 49, 30, 23, 20, 50, 29, 38, 39, 40, 14, 13, 47, 26, 27, 28, 12, 25, 15, 6, 4, 5, 24, 3, 18, 17, 21, 42, 7, 2, 43, 48, 11, 51, 33, 22]

Individual 6:
  Route length: 15007
  Contribution to Diversity: 0.0016455095001894904
  Route: [38, 23, 46, 44, 34, 35, 36, 39, 40, 32, 49, 1, 37, 45, 19, 47, 26, 27, 28, 12, 41, 30, 16, 29, 50, 20, 5, 24, 48, 15, 43, 10, 9, 8, 31, 14, 13, 25, 4, 6, 33, 51, 11, 52, 18, 3, 17, 21, 42, 7, 2, 22]

Individual 7:
  Route length: 15081
  Contribution to Diversity: 0.0010942102885822536
  Route: [1, 49, 2, 7, 42, 4, 51, 11, 52, 43, 10, 9, 8, 41, 19, 45, 3, 24, 5, 15, 6, 17, 21, 32, 29, 46, 50, 27, 28, 12, 25, 33, 14, 13, 47, 26, 20, 23, 16, 44, 34, 35, 36, 39, 37, 40, 30, 38, 48, 18, 31, 22]

Individual 8:
  Route length: 14475
  Contribution to Diversity: 0.000970265905930745
  Route: [1, 49, 36, 2, 7, 5, 31, 18, 3, 17, 21, 42, 4, 19, 51, 11, 52, 14, 13, 47, 26, 27, 28, 48, 37, 38, 40, 33, 45, 32, 39, 43, 10, 9, 8, 41, 50, 29, 16, 46, 44, 34, 35, 30, 23, 20, 6, 15, 25, 12, 24, 22]

Individual 9:
  Route length: 15058
  Contribution to Diversity: 0.0016225444606075001
  Route: [1, 49, 25, 43, 41, 8, 9, 10, 19, 45, 32, 30, 23, 20, 21, 42, 7, 2, 4, 52, 14, 40, 37, 38, 24, 48, 5, 15, 6, 11, 35, 36, 39, 29, 16, 3, 17, 50, 13, 47, 26, 27, 28, 12, 33, 51, 34, 44, 46, 18, 31, 22]

Individual 10:
  Route length: 14505
  Contribution to Diversity: 0.0024668949891148984
  Route: [38, 25, 35, 36, 8, 9, 10, 43, 33, 51, 11, 14, 52, 13, 47, 26, 44, 50, 20, 5, 24, 48, 15, 6, 4, 34, 29, 16, 46, 1, 37, 40, 39, 31, 18, 23, 30, 12, 28, 27, 19, 7, 42, 21, 17, 3, 41, 49, 32, 45, 2, 22]

Individual 11:
  Route length: 14880
  Contribution to Diversity: 0.0005959785504972004
  Route: [1, 44, 34, 35, 36, 15, 46, 16, 23, 40, 12, 25, 4, 6, 49, 32, 5, 39, 45, 24, 48, 38, 37, 30, 2, 9, 10, 43, 33, 51, 47, 13, 14, 52, 50, 20, 29, 11, 26, 27, 28, 19, 41, 8, 7, 42, 21, 17, 3, 18, 31, 22]

Individual 12:
  Route length: 14561
  Contribution to Diversity: 0.0018759150405571745
  Route: [1, 5, 15, 6, 12, 25, 4, 23, 20, 50, 8, 9, 52, 14, 13, 47, 26, 27, 28, 30, 40, 37, 38, 48, 24, 49, 32, 45, 19, 41, 33, 43, 10, 35, 29, 51, 11, 34, 44, 46, 16, 36, 39, 2, 7, 42, 21, 17, 3, 18, 31, 22]

Individual 13:
  Route length: 14558
  Contribution to Diversity: 0.0010224662817597263
  Route: [18, 31, 5, 7, 2, 36, 49, 1, 3, 17, 21, 42, 4, 50, 10, 9, 8, 41, 19, 51, 11, 52, 14, 13, 47, 26, 27, 28, 12, 25, 15, 6, 20, 23, 30, 35, 34, 44, 46, 16, 29, 43, 39, 32, 45, 33, 40, 38, 37, 48, 24, 22]

Individual 14:
  Route length: 14541
  Contribution to Diversity: 0.0012041278489576257
  Route: [1, 49, 32, 45, 19, 41, 8, 14, 52, 11, 51, 35, 34, 44, 6, 15, 42, 7, 2, 30, 23, 20, 50, 17, 21, 39, 37, 38, 48, 26, 47, 24, 5, 36, 31, 18, 3, 29, 16, 40, 46, 33, 43, 10, 9, 13, 27, 28, 12, 25, 4, 22]

Individual 15:
  Route length: 14690
  Contribution to Diversity: 0.0008192572270013798
  Route: [48, 24, 33, 51, 11, 29, 16, 46, 44, 47, 13, 14, 52, 43, 15, 5, 6, 4, 25, 23, 20, 18, 35, 34, 26, 27, 28, 12, 30, 2, 7, 42, 21, 17, 3, 50, 10, 9, 8, 38, 1, 49, 32, 45, 19, 41, 37, 40, 31, 36, 39, 22]

Individual 16:
  Route length: 14838
  Contribution to Diversity: 0.0003547780917010357
  Route: [1, 49, 2, 7, 42, 4, 51, 11, 52, 43, 10, 9, 8, 41, 19, 45, 3, 24, 5, 15, 6, 21, 17, 32, 29, 46, 48, 38, 37, 40, 30, 39, 36, 35, 34, 44, 16, 23, 20, 26, 14, 13, 47, 33, 25, 12, 28, 27, 50, 18, 31, 22]

Individual 17:
  Route length: 14875
  Contribution to Diversity: 0.002130320543456854
  Route: [1, 49, 32, 45, 34, 35, 36, 37, 52, 16, 21, 17, 18, 3, 24, 5, 4, 6, 15, 25, 12, 28, 27, 26, 47, 13, 14, 40, 39, 38, 29, 50, 20, 23, 30, 31, 10, 9, 8, 41, 19, 44, 46, 42, 7, 2, 43, 48, 11, 51, 33, 22]

Individual 18:
  Route length: 14877
  Contribution to Diversity: 0.0008647185942605162
  Route: [1, 45, 32, 49, 19, 10, 9, 8, 41, 40, 37, 38, 24, 48, 5, 15, 23, 20, 50, 13, 47, 26, 27, 28, 12, 33, 51, 11, 6, 30, 25, 43, 14, 52, 4, 2, 7, 42, 21, 17, 3, 16, 29, 39, 36, 35, 34, 44, 31, 18, 46, 22]

Individual 19:
  Route length: 15026
  Contribution to Diversity: 0.0006776746595056338
  Route: [1, 49, 32, 45, 20, 23, 25, 38, 37, 50, 52, 14, 46, 16, 29, 11, 51, 33, 43, 10, 15, 6, 4, 48, 24, 5, 9, 8, 41, 19, 18, 30, 2, 7, 42, 21, 17, 3, 40, 13, 47, 44, 39, 36, 35, 34, 12, 28, 27, 26, 31, 22]

Individual 20:
  Route length: 14991
  Contribution to Diversity: 0.0001934710997675282
  Route: [7, 42, 21, 17, 3, 40, 37, 38, 48, 18, 39, 16, 29, 50, 20, 27, 28, 12, 25, 4, 6, 10, 9, 8, 26, 13, 47, 14, 52, 35, 36, 46, 44, 34, 11, 51, 33, 43, 15, 5, 1, 2, 30, 23, 41, 19, 45, 32, 49, 24, 31, 22]

Individual 21:
  Route length: 14963
  Contribution to Diversity: 0
  Route: [8, 41, 19, 45, 32, 49, 27, 28, 12, 25, 4, 6, 15, 35, 36, 39, 40, 37, 38, 51, 33, 43, 10, 13, 9, 1, 26, 47, 14, 52, 11, 48, 24, 5, 29, 50, 20, 23, 30, 2, 16, 34, 44, 46, 42, 7, 21, 17, 3, 18, 31, 22]

Individual 22:
  Route length: 14925
  Contribution to Diversity: 0.0017886582511135174
  Route: [1, 49, 30, 5, 24, 48, 38, 37, 40, 41, 8, 29, 16, 46, 44, 34, 20, 50, 9, 27, 26, 23, 15, 6, 12, 25, 4, 47, 13, 14, 52, 11, 51, 33, 43, 10, 28, 35, 36, 39, 19, 45, 32, 2, 7, 42, 21, 17, 3, 18, 31, 22]

Individual 23:
  Route length: 14994
  Contribution to Diversity: 0.001227752359302059
  Route: [1, 49, 32, 45, 19, 41, 8, 14, 52, 11, 51, 35, 34, 44, 6, 15, 30, 2, 7, 42, 23, 20, 50, 17, 37, 38, 48, 26, 47, 24, 5, 21, 40, 46, 33, 43, 10, 9, 13, 27, 28, 12, 25, 4, 36, 39, 16, 29, 3, 18, 31, 22]

Individual 24:
  Route length: 15040
  Contribution to Diversity: 0.0020186106591841835
  Route: [8, 41, 26, 47, 14, 52, 11, 51, 33, 43, 10, 13, 9, 1, 48, 24, 5, 29, 50, 20, 23, 30, 2, 21, 42, 7, 46, 44, 34, 35, 36, 39, 40, 37, 38, 49, 32, 45, 19, 27, 28, 12, 25, 4, 6, 15, 16, 17, 31, 18, 3, 22]

Individual 25:
  Route length: 15042
  Contribution to Diversity: 0.0011259499120406247
  Route: [1, 49, 32, 41, 8, 9, 5, 38, 48, 24, 37, 50, 52, 14, 46, 16, 29, 11, 51, 33, 43, 10, 15, 6, 4, 25, 23, 20, 45, 19, 18, 30, 2, 7, 42, 21, 17, 3, 40, 13, 47, 44, 39, 36, 35, 34, 12, 28, 27, 26, 31, 22]

Individual 26:
  Route length: 14823
  Contribution to Diversity: 0.0019341309342619795
  Route: [1, 19, 45, 32, 6, 2, 7, 42, 47, 13, 27, 26, 18, 31, 49, 4, 25, 12, 28, 14, 52, 11, 51, 33, 10, 9, 43, 23, 48, 38, 37, 40, 39, 36, 15, 21, 17, 3, 30, 24, 5, 35, 34, 44, 46, 16, 29, 41, 8, 20, 50, 22]

Individual 27:
  Route length: 15082
  Contribution to Diversity: 0.002505813042354532
  Route: [50, 29, 16, 3, 17, 21, 42, 7, 47, 13, 39, 36, 35, 27, 26, 2, 4, 6, 5, 15, 24, 48, 38, 37, 40, 14, 52, 11, 51, 33, 43, 45, 19, 10, 9, 8, 41, 32, 49, 1, 20, 23, 30, 25, 12, 28, 34, 44, 46, 18, 31, 22]

Individual 28:
  Route length: 14250
  Contribution to Diversity: 0.0009925372306822666
  Route: [38, 25, 4, 6, 15, 40, 39, 5, 24, 48, 37, 1, 26, 47, 13, 52, 51, 11, 14, 33, 43, 10, 18, 23, 16, 29, 34, 35, 36, 8, 9, 31, 20, 50, 44, 46, 30, 12, 28, 27, 49, 32, 45, 19, 41, 3, 17, 21, 42, 7, 2, 22]

Individual 29:
  Route length: 14989
  Contribution to Diversity: 0.0020089020588089923
  Route: [1, 45, 32, 49, 19, 10, 9, 8, 41, 43, 25, 30, 6, 11, 51, 33, 12, 28, 27, 26, 47, 13, 50, 20, 23, 15, 5, 48, 24, 38, 37, 40, 14, 52, 4, 2, 7, 42, 21, 17, 3, 16, 34, 35, 36, 39, 29, 44, 31, 18, 46, 22]

Individual 30:
  Route length: 15075
  Contribution to Diversity: 0.0009149744680660987
  Route: [1, 49, 32, 45, 38, 37, 40, 39, 36, 35, 34, 44, 46, 16, 29, 11, 51, 12, 30, 2, 4, 6, 15, 5, 24, 48, 19, 41, 8, 9, 10, 20, 50, 3, 17, 21, 31, 23, 25, 27, 26, 47, 13, 14, 52, 33, 28, 7, 42, 18, 43, 22]

Individual 31:
  Route length: 14975
  Contribution to Diversity: 0.001687745471179447
  Route: [1, 49, 32, 45, 3, 17, 21, 42, 7, 2, 4, 52, 14, 40, 37, 38, 24, 48, 5, 15, 23, 20, 50, 13, 47, 26, 27, 28, 12, 33, 51, 11, 6, 30, 25, 43, 41, 8, 9, 10, 19, 16, 29, 39, 36, 31, 44, 34, 35, 18, 46, 22]

Individual 32:
  Route length: 14476
  Contribution to Diversity: 0.0011576839628215652
  Route: [1, 49, 50, 27, 23, 30, 2, 7, 42, 4, 25, 12, 28, 24, 3, 45, 19, 41, 8, 9, 10, 43, 52, 11, 51, 33, 14, 13, 47, 26, 20, 5, 15, 6, 48, 38, 35, 34, 44, 16, 40, 37, 36, 39, 46, 29, 32, 17, 21, 18, 31, 22]

Individual 33:
  Route length: 14949
  Contribution to Diversity: 0.0015299680539522242
  Route: [1, 49, 50, 27, 28, 12, 25, 40, 37, 32, 29, 46, 39, 36, 20, 23, 3, 24, 5, 15, 6, 21, 17, 26, 47, 13, 14, 33, 51, 11, 52, 43, 10, 9, 8, 41, 19, 45, 30, 2, 7, 42, 4, 16, 44, 34, 35, 38, 48, 18, 31, 22]

Individual 34:
  Route length: 15003
  Contribution to Diversity: 0
  Route: [7, 42, 21, 17, 3, 40, 37, 38, 48, 18, 39, 16, 29, 50, 20, 27, 28, 12, 25, 4, 6, 10, 9, 8, 26, 13, 47, 14, 52, 35, 36, 46, 44, 34, 11, 51, 33, 43, 15, 5, 1, 31, 24, 49, 32, 45, 19, 41, 23, 30, 2, 22]

Individual 35:
  Route length: 15045
  Contribution to Diversity: 0.0007486074544456045
  Route: [24, 48, 21, 42, 9, 51, 11, 52, 14, 13, 47, 32, 45, 19, 41, 8, 46, 38, 17, 3, 33, 43, 10, 20, 50, 29, 16, 37, 40, 39, 36, 35, 34, 44, 5, 15, 6, 4, 23, 30, 2, 7, 25, 12, 28, 27, 26, 49, 1, 18, 31, 22]

Individual 36:
  Route length: 14627
  Contribution to Diversity: 0.0015045772269797197
  Route: [38, 23, 30, 41, 19, 27, 28, 12, 25, 40, 3, 18, 31, 45, 26, 47, 13, 52, 14, 11, 51, 43, 17, 37, 49, 1, 32, 33, 4, 6, 15, 48, 24, 5, 20, 50, 29, 16, 46, 44, 34, 35, 36, 39, 10, 9, 8, 21, 42, 7, 2, 22]

Individual 37:
  Route length: 14946
  Contribution to Diversity: 0.001181205365890392
  Route: [38, 23, 30, 41, 19, 52, 13, 47, 26, 45, 10, 9, 8, 31, 18, 3, 40, 25, 12, 28, 27, 14, 11, 51, 43, 17, 37, 1, 49, 32, 33, 4, 6, 15, 48, 24, 5, 20, 50, 29, 16, 46, 44, 34, 35, 36, 39, 21, 42, 7, 2, 22]

Individual 38:
  Route length: 14890
  Contribution to Diversity: 0.0004334603324043229
  Route: [1, 44, 34, 35, 36, 15, 46, 16, 23, 21, 42, 7, 8, 41, 19, 28, 27, 26, 47, 13, 14, 52, 30, 37, 38, 48, 24, 45, 39, 5, 32, 49, 6, 4, 25, 12, 40, 17, 3, 18, 50, 20, 29, 11, 51, 33, 43, 10, 9, 2, 31, 22]

Individual 39:
  Route length: 15077
  Contribution to Diversity: 0.0032877661791754775
  Route: [48, 24, 5, 15, 43, 52, 14, 13, 47, 44, 46, 16, 29, 11, 28, 12, 30, 42, 7, 2, 21, 1, 38, 8, 9, 10, 50, 3, 17, 49, 32, 45, 19, 41, 37, 40, 31, 18, 20, 23, 25, 4, 6, 33, 51, 27, 26, 34, 35, 36, 39, 22]

Individual 40:
  Route length: 14777
  Contribution to Diversity: 0.0011049301317376248
  Route: [38, 25, 4, 6, 15, 48, 40, 5, 24, 39, 31, 18, 23, 26, 47, 13, 52, 14, 11, 51, 7, 42, 21, 17, 3, 41, 19, 45, 32, 49, 27, 28, 12, 30, 1, 37, 20, 50, 44, 46, 16, 29, 34, 35, 36, 8, 9, 10, 43, 33, 2, 22]

Individual 41:
  Route length: 15081
  Contribution to Diversity: 0.0004364241761951604
  Route: [1, 5, 15, 6, 4, 25, 12, 28, 27, 20, 50, 24, 49, 32, 16, 46, 44, 34, 26, 8, 9, 10, 43, 33, 37, 17, 21, 42, 7, 2, 30, 23, 38, 48, 18, 3, 40, 39, 36, 35, 52, 14, 13, 47, 11, 51, 41, 19, 45, 29, 31, 22]

Individual 42:
  Route length: 14452
  Contribution to Diversity: 0.0027407490983897276
  Route: [1, 47, 13, 51, 33, 8, 9, 10, 43, 41, 19, 45, 42, 7, 2, 30, 23, 20, 40, 35, 49, 32, 21, 17, 3, 18, 31, 28, 27, 26, 16, 29, 50, 39, 36, 44, 46, 34, 37, 38, 48, 14, 25, 4, 6, 15, 5, 24, 11, 52, 12, 22]

Individual 43:
  Route length: 15036
  Contribution to Diversity: 0.003017807840293152
  Route: [1, 45, 32, 24, 5, 15, 6, 4, 25, 12, 11, 52, 27, 26, 47, 13, 14, 28, 42, 21, 17, 3, 37, 38, 48, 49, 51, 44, 46, 16, 9, 8, 41, 19, 33, 43, 10, 29, 50, 20, 40, 2, 7, 34, 35, 36, 39, 23, 30, 18, 31, 22]

Individual 44:
  Route length: 15070
  Contribution to Diversity: 0.001492754459369472
  Route: [1, 49, 50, 27, 52, 11, 51, 33, 14, 37, 40, 16, 44, 34, 35, 36, 39, 46, 29, 32, 17, 21, 6, 15, 5, 24, 3, 45, 19, 41, 10, 9, 8, 43, 28, 12, 25, 13, 47, 26, 20, 23, 30, 2, 7, 42, 4, 38, 48, 18, 31, 22]

Individual 45:
  Route length: 14056
  Contribution to Diversity: 0.0010378362970397959
  Route: [42, 21, 17, 45, 19, 41, 8, 35, 37, 51, 6, 4, 25, 29, 16, 46, 44, 34, 40, 39, 36, 9, 10, 43, 33, 38, 48, 1, 11, 52, 27, 26, 47, 13, 14, 28, 12, 50, 20, 32, 49, 3, 18, 7, 2, 30, 23, 24, 5, 15, 31, 22]

Individual 46:
  Route length: 14600
  Contribution to Diversity: 0.00028704336545803955
  Route: [1, 49, 26, 27, 28, 12, 25, 20, 50, 29, 16, 31, 18, 8, 41, 19, 45, 32, 47, 13, 14, 52, 11, 51, 9, 42, 21, 48, 24, 46, 38, 17, 3, 33, 43, 10, 7, 2, 30, 23, 4, 6, 15, 5, 34, 44, 35, 36, 39, 40, 37, 22]

Individual 47:
  Route length: 14592
  Contribution to Diversity: 0.0006553313360377899
  Route: [1, 49, 26, 27, 28, 12, 25, 20, 50, 29, 16, 31, 18, 8, 41, 19, 45, 32, 47, 13, 14, 52, 11, 51, 9, 42, 21, 48, 24, 46, 38, 17, 3, 33, 43, 10, 7, 2, 30, 23, 15, 6, 4, 5, 34, 44, 35, 36, 39, 40, 37, 22]

Individual 48:
  Route length: 14178
  Contribution to Diversity: 0.002209855140095307
  Route: [35, 34, 44, 46, 47, 13, 14, 6, 15, 40, 41, 5, 24, 48, 38, 37, 19, 8, 36, 1, 49, 32, 45, 30, 20, 23, 2, 7, 42, 21, 17, 3, 18, 31, 27, 28, 26, 16, 29, 50, 39, 9, 10, 43, 33, 51, 11, 52, 4, 25, 12, 22]

Individual 49:
  Route length: 14457
  Contribution to Diversity: 0
  Route: [1, 18, 3, 17, 21, 42, 13, 14, 28, 12, 25, 4, 6, 26, 27, 52, 11, 47, 15, 38, 37, 40, 39, 36, 44, 34, 35, 46, 48, 24, 5, 16, 9, 10, 43, 33, 51, 7, 2, 30, 23, 19, 41, 8, 29, 50, 20, 45, 32, 49, 31, 22]

Individual 50:
  Route length: 14929
  Contribution to Diversity: 0.002233746828352423
  Route: [1, 19, 45, 32, 49, 50, 20, 8, 41, 29, 16, 38, 37, 40, 6, 2, 7, 42, 47, 11, 51, 33, 10, 9, 43, 23, 48, 46, 44, 34, 35, 5, 24, 30, 3, 17, 21, 15, 36, 39, 4, 25, 12, 28, 14, 52, 13, 27, 26, 18, 31, 22]

Individual 51:
  Route length: 13347
  Contribution to Diversity: 0
  Route: [38, 25, 4, 6, 15, 11, 14, 52, 13, 47, 26, 24, 44, 50, 20, 5, 46, 16, 29, 39, 31, 18, 23, 30, 12, 28, 27, 49, 32, 34, 35, 36, 8, 9, 10, 43, 33, 51, 48, 40, 37, 1, 45, 19, 41, 3, 17, 21, 42, 7, 2, 22]

Individual 52:
  Route length: 14011
  Contribution to Diversity: 0
  Route: [1, 49, 36, 2, 7, 5, 31, 18, 3, 17, 21, 42, 12, 25, 46, 44, 34, 35, 30, 23, 20, 6, 15, 16, 29, 50, 4, 28, 27, 26, 47, 13, 14, 52, 11, 51, 40, 33, 45, 32, 39, 43, 10, 9, 8, 41, 19, 38, 37, 48, 24, 22]

Individual 53:
  Route length: 13686
  Contribution to Diversity: 0.0005574996711867897
  Route: [32, 49, 27, 28, 12, 30, 23, 18, 31, 39, 24, 5, 20, 50, 44, 46, 16, 29, 26, 47, 13, 52, 14, 11, 15, 6, 4, 25, 38, 34, 35, 36, 8, 9, 10, 43, 33, 51, 21, 17, 3, 41, 19, 45, 1, 37, 40, 48, 42, 7, 2, 22]

Individual 54:
  Route length: 14242
  Contribution to Diversity: 0.0018821568344131734
  Route: [48, 17, 18, 3, 24, 5, 4, 37, 36, 35, 34, 44, 46, 16, 51, 11, 21, 40, 39, 38, 29, 50, 20, 23, 30, 33, 52, 14, 13, 47, 26, 27, 28, 12, 25, 15, 6, 42, 7, 2, 43, 10, 9, 8, 41, 19, 45, 32, 49, 1, 31, 22]

Individual 55:
  Route length: 14107
  Contribution to Diversity: 0.0013676576570507137
  Route: [38, 25, 4, 6, 19, 45, 1, 37, 40, 48, 51, 33, 43, 10, 9, 8, 36, 35, 34, 32, 49, 27, 28, 12, 30, 23, 18, 31, 39, 29, 16, 46, 5, 20, 50, 44, 24, 26, 47, 13, 52, 14, 11, 15, 41, 3, 17, 21, 42, 7, 2, 22]

Individual 56:
  Route length: 14622
  Contribution to Diversity: 0.003193360454061711
  Route: [1, 25, 14, 48, 38, 37, 34, 46, 44, 36, 39, 50, 29, 16, 26, 27, 28, 31, 18, 3, 17, 21, 32, 49, 35, 40, 20, 23, 30, 2, 7, 42, 45, 19, 41, 43, 10, 9, 8, 33, 51, 13, 47, 4, 6, 15, 5, 24, 11, 52, 12, 22]

Individual 57:
  Route length: 14032
  Contribution to Diversity: 0
  Route: [1, 49, 46, 16, 29, 31, 18, 32, 45, 19, 41, 8, 9, 10, 43, 33, 51, 11, 30, 23, 20, 50, 42, 37, 40, 39, 36, 35, 34, 5, 25, 4, 6, 15, 12, 28, 26, 27, 47, 44, 38, 48, 24, 21, 17, 3, 2, 7, 52, 14, 13, 22]

Individual 58:
  Route length: 15063
  Contribution to Diversity: 0.0016283520828057618
  Route: [35, 34, 44, 46, 47, 13, 14, 6, 15, 40, 41, 8, 30, 9, 39, 2, 7, 42, 21, 17, 3, 18, 31, 28, 27, 26, 16, 29, 50, 23, 20, 5, 24, 48, 38, 37, 19, 45, 32, 49, 1, 36, 43, 10, 33, 51, 11, 52, 4, 25, 12, 22]

Individual 59:
  Route length: 14636
  Contribution to Diversity: 0.0030552741566660657
  Route: [38, 48, 40, 39, 36, 35, 47, 13, 14, 52, 11, 51, 33, 17, 21, 42, 10, 9, 44, 34, 26, 27, 28, 12, 25, 4, 6, 15, 5, 24, 37, 50, 29, 16, 46, 8, 41, 19, 45, 32, 23, 30, 2, 20, 49, 43, 7, 1, 3, 18, 31, 22]

Individual 60:
  Route length: 14843
  Contribution to Diversity: 0.0009616677231649717
  Route: [21, 42, 7, 17, 3, 40, 37, 38, 48, 18, 39, 16, 29, 50, 20, 27, 28, 12, 25, 4, 6, 10, 9, 8, 26, 13, 47, 14, 52, 35, 36, 46, 44, 34, 11, 51, 33, 43, 15, 5, 1, 31, 24, 49, 32, 45, 19, 41, 23, 30, 2, 22]

Individual 61:
  Route length: 15069
  Contribution to Diversity: 0.001616593245372222
  Route: [1, 44, 34, 35, 36, 15, 46, 16, 31, 2, 9, 10, 43, 33, 51, 11, 29, 20, 50, 18, 3, 17, 40, 12, 25, 4, 6, 49, 32, 5, 39, 45, 24, 48, 38, 37, 30, 52, 14, 13, 47, 26, 27, 28, 19, 41, 8, 7, 42, 21, 23, 22]

Individual 62:
  Route length: 14924
  Contribution to Diversity: 0.0034708962528275933
  Route: [1, 19, 45, 32, 49, 50, 20, 8, 41, 29, 16, 38, 37, 40, 6, 2, 7, 42, 47, 11, 51, 33, 10, 9, 43, 23, 46, 48, 44, 34, 35, 5, 24, 30, 3, 17, 21, 15, 36, 39, 4, 25, 12, 28, 14, 52, 13, 27, 26, 18, 31, 22]

Individual 63:
  Route length: 13346
  Contribution to Diversity: 0.00021172432628890903
  Route: [38, 26, 47, 13, 52, 14, 11, 15, 6, 4, 25, 24, 44, 50, 20, 5, 46, 16, 29, 39, 31, 18, 23, 30, 12, 28, 27, 49, 32, 34, 35, 36, 8, 9, 10, 43, 33, 51, 48, 40, 37, 1, 45, 19, 41, 3, 17, 21, 42, 7, 2, 22]

Individual 64:
  Route length: 13767
  Contribution to Diversity: 0.000409427264523643
  Route: [38, 25, 4, 6, 15, 48, 24, 5, 39, 40, 37, 1, 26, 47, 36, 8, 9, 10, 43, 33, 51, 11, 14, 52, 28, 12, 30, 46, 44, 50, 20, 31, 18, 23, 16, 29, 34, 35, 13, 27, 49, 32, 45, 41, 19, 3, 17, 21, 42, 7, 2, 22]

Individual 65:
  Route length: 14921
  Contribution to Diversity: 0.0020194607912866758
  Route: [38, 23, 30, 41, 19, 27, 28, 12, 25, 1, 32, 33, 4, 6, 15, 48, 24, 5, 20, 50, 29, 16, 46, 44, 34, 35, 36, 39, 10, 9, 8, 31, 18, 3, 40, 49, 37, 17, 43, 51, 11, 14, 52, 13, 47, 26, 45, 21, 42, 7, 2, 22]

Individual 66:
  Route length: 14769
  Contribution to Diversity: 0.001858221740963728
  Route: [1, 49, 32, 45, 19, 50, 3, 17, 21, 46, 16, 29, 41, 10, 30, 24, 5, 35, 34, 44, 6, 15, 39, 36, 40, 37, 38, 48, 23, 20, 8, 9, 43, 33, 51, 11, 52, 14, 28, 12, 25, 4, 2, 7, 42, 47, 13, 27, 26, 18, 31, 22]

Individual 67:
  Route length: 13788
  Contribution to Diversity: 0
  Route: [1, 49, 3, 17, 21, 42, 44, 38, 48, 47, 27, 26, 28, 12, 15, 6, 4, 25, 5, 34, 35, 36, 39, 40, 37, 24, 46, 13, 14, 52, 29, 31, 18, 32, 45, 19, 41, 8, 9, 10, 43, 33, 51, 7, 2, 30, 23, 20, 50, 16, 11, 22]

Individual 68:
  Route length: 14146
  Contribution to Diversity: 0
  Route: [1, 49, 3, 17, 21, 42, 44, 38, 48, 47, 27, 26, 28, 12, 15, 6, 4, 25, 5, 34, 35, 36, 50, 20, 23, 30, 2, 7, 51, 33, 43, 10, 9, 8, 41, 19, 45, 32, 18, 31, 29, 52, 14, 13, 46, 24, 37, 40, 39, 16, 11, 22]

Individual 69:
  Route length: 14828
  Contribution to Diversity: 0.0032782842662495426
  Route: [1, 49, 44, 46, 16, 29, 50, 4, 42, 21, 17, 3, 18, 31, 5, 10, 43, 39, 32, 45, 33, 40, 12, 25, 15, 6, 20, 23, 30, 47, 13, 14, 52, 11, 51, 28, 27, 26, 35, 34, 36, 2, 7, 9, 8, 41, 19, 38, 37, 48, 24, 22]

Individual 70:
  Route length: 13823
  Contribution to Diversity: 0
  Route: [1, 49, 50, 29, 16, 46, 44, 34, 35, 30, 23, 20, 6, 31, 18, 3, 17, 21, 42, 12, 25, 15, 5, 7, 2, 36, 4, 28, 27, 26, 47, 13, 14, 52, 11, 51, 40, 33, 45, 32, 39, 43, 10, 9, 8, 41, 19, 38, 37, 48, 24, 22]

Individual 71:
  Route length: 15066
  Contribution to Diversity: 0
  Route: [1, 49, 32, 8, 41, 19, 45, 9, 10, 43, 33, 51, 11, 52, 14, 15, 42, 7, 2, 30, 35, 36, 39, 40, 27, 26, 48, 23, 34, 44, 46, 16, 4, 25, 12, 28, 37, 38, 20, 50, 17, 21, 5, 24, 47, 13, 6, 29, 3, 18, 31, 22]

Individual 72:
  Route length: 15073
  Contribution to Diversity: 0.0015476692433802341
  Route: [1, 49, 32, 45, 38, 37, 40, 39, 36, 10, 9, 8, 41, 19, 48, 24, 5, 15, 6, 4, 2, 30, 12, 51, 11, 29, 16, 46, 44, 34, 35, 20, 50, 3, 17, 21, 31, 23, 25, 27, 26, 47, 13, 14, 52, 33, 28, 7, 42, 18, 43, 22]

Individual 73:
  Route length: 14791
  Contribution to Diversity: 0.000708245311966671
  Route: [1, 44, 34, 6, 4, 25, 12, 40, 23, 16, 46, 15, 36, 35, 49, 32, 5, 39, 45, 24, 48, 38, 37, 30, 52, 14, 13, 47, 26, 27, 28, 19, 41, 8, 7, 42, 21, 17, 3, 18, 50, 20, 9, 10, 43, 33, 51, 11, 29, 2, 31, 22]

Individual 74:
  Route length: 13056
  Contribution to Diversity: 0
  Route: [1, 49, 32, 4, 6, 15, 5, 18, 3, 16, 29, 50, 20, 48, 24, 31, 8, 34, 35, 36, 39, 40, 38, 37, 23, 30, 7, 42, 21, 17, 46, 44, 9, 10, 43, 33, 51, 11, 52, 14, 13, 26, 47, 27, 28, 12, 25, 45, 19, 41, 2, 22]

Individual 75:
  Route length: 14716
  Contribution to Diversity: 0.0014144681052066232
  Route: [1, 40, 12, 25, 4, 6, 34, 44, 23, 16, 46, 15, 36, 35, 49, 32, 5, 39, 45, 24, 48, 38, 37, 30, 52, 14, 13, 47, 26, 27, 28, 19, 41, 8, 7, 42, 21, 17, 3, 18, 50, 20, 9, 10, 43, 33, 51, 11, 29, 2, 31, 22]

Individual 76:
  Route length: 14989
  Contribution to Diversity: 0.0005532298287240778
  Route: [1, 49, 32, 8, 41, 19, 45, 9, 10, 43, 33, 51, 11, 52, 14, 15, 42, 7, 2, 30, 35, 36, 39, 40, 27, 26, 48, 23, 34, 44, 46, 16, 4, 25, 12, 28, 37, 21, 17, 50, 20, 38, 5, 24, 47, 13, 6, 29, 3, 18, 31, 22]

Individual 77:
  Route length: 15057
  Contribution to Diversity: 0.0020166803322965166
  Route: [1, 17, 21, 42, 11, 52, 27, 15, 6, 4, 25, 29, 16, 46, 51, 7, 2, 30, 23, 24, 5, 26, 47, 13, 14, 28, 12, 50, 20, 48, 38, 33, 43, 10, 9, 36, 39, 40, 34, 44, 37, 35, 8, 41, 19, 45, 32, 49, 3, 18, 31, 22]

Individual 78:
  Route length: 15053
  Contribution to Diversity: 0
  Route: [1, 49, 3, 17, 21, 42, 44, 38, 48, 47, 27, 26, 32, 18, 31, 29, 52, 14, 13, 46, 24, 37, 40, 39, 36, 35, 34, 5, 25, 4, 6, 15, 12, 28, 45, 19, 41, 8, 9, 10, 43, 33, 51, 7, 2, 30, 23, 20, 50, 16, 11, 22]

Individual 79:
  Route length: 14913
  Contribution to Diversity: 0.001010885352658697
  Route: [1, 49, 32, 8, 41, 19, 45, 9, 10, 43, 33, 40, 39, 36, 35, 30, 2, 7, 42, 15, 14, 52, 11, 51, 27, 26, 48, 23, 34, 44, 46, 16, 4, 25, 12, 28, 37, 21, 17, 50, 20, 38, 5, 24, 47, 13, 6, 29, 3, 18, 31, 22]

Individual 80:
  Route length: 14110
  Contribution to Diversity: 0.001416092489009202
  Route: [42, 21, 17, 45, 19, 41, 8, 35, 37, 51, 6, 4, 25, 29, 16, 46, 44, 34, 40, 39, 36, 9, 10, 43, 33, 38, 48, 5, 24, 23, 30, 2, 7, 18, 3, 49, 32, 20, 50, 12, 28, 14, 13, 47, 26, 27, 52, 11, 1, 15, 31, 22]

Individual 81:
  Route length: 13095
  Contribution to Diversity: 0
  Route: [1, 49, 32, 4, 6, 24, 48, 20, 50, 29, 16, 3, 18, 5, 15, 31, 8, 34, 35, 36, 39, 40, 38, 37, 23, 30, 7, 42, 21, 17, 46, 44, 9, 10, 43, 33, 51, 11, 52, 14, 13, 26, 47, 27, 28, 12, 25, 45, 19, 41, 2, 22]

Individual 82:
  Route length: 14825
  Contribution to Diversity: 0.0016806374885165454
  Route: [48, 24, 5, 30, 2, 7, 42, 21, 1, 38, 8, 9, 10, 50, 45, 32, 49, 17, 3, 19, 41, 37, 40, 31, 18, 20, 23, 25, 4, 6, 33, 51, 11, 29, 16, 46, 44, 47, 13, 14, 52, 43, 15, 12, 28, 27, 26, 34, 35, 36, 39, 22]

Individual 83:
  Route length: 13902
  Contribution to Diversity: 0.0004505677656103657
  Route: [1, 49, 50, 29, 16, 46, 44, 34, 35, 30, 23, 20, 6, 31, 18, 3, 17, 21, 42, 12, 25, 15, 5, 7, 2, 36, 4, 28, 27, 26, 47, 13, 14, 52, 11, 51, 40, 33, 45, 32, 39, 43, 9, 10, 8, 41, 19, 38, 37, 48, 24, 22]

Individual 84:
  Route length: 14808
  Contribution to Diversity: 0
  Route: [1, 18, 3, 17, 21, 42, 13, 14, 28, 12, 25, 4, 6, 26, 27, 52, 11, 47, 43, 10, 9, 16, 38, 37, 40, 39, 36, 44, 34, 35, 46, 48, 24, 5, 15, 33, 51, 7, 2, 30, 23, 19, 41, 8, 29, 50, 20, 45, 32, 49, 31, 22]

Individual 85:
  Route length: 15000
  Contribution to Diversity: 0.0007121803775760327
  Route: [1, 49, 46, 29, 32, 17, 21, 6, 15, 5, 24, 3, 45, 19, 41, 10, 9, 8, 43, 28, 12, 25, 13, 47, 26, 20, 23, 30, 2, 7, 42, 4, 14, 33, 51, 11, 52, 27, 50, 39, 36, 35, 34, 44, 16, 40, 37, 38, 48, 18, 31, 22]

Individual 86:
  Route length: 14292
  Contribution to Diversity: 0
  Route: [1, 49, 3, 17, 21, 42, 44, 38, 48, 47, 27, 26, 28, 12, 15, 6, 4, 25, 5, 34, 35, 36, 39, 40, 37, 24, 46, 13, 14, 52, 2, 7, 51, 33, 43, 10, 9, 8, 41, 19, 45, 32, 18, 31, 29, 30, 23, 20, 50, 16, 11, 22]

Individual 87:
  Route length: 14046
  Contribution to Diversity: 0.0028851934693161496
  Route: [1, 12, 23, 4, 6, 15, 5, 24, 48, 34, 38, 44, 46, 16, 29, 50, 20, 28, 3, 10, 9, 8, 41, 19, 45, 32, 49, 25, 52, 14, 13, 47, 26, 27, 18, 17, 21, 42, 7, 2, 30, 35, 36, 39, 40, 37, 11, 51, 33, 43, 31, 22]

Individual 88:
  Route length: 14038
  Contribution to Diversity: 0.0003181561509384423
  Route: [1, 16, 46, 44, 34, 35, 36, 39, 40, 20, 50, 29, 10, 43, 33, 19, 41, 8, 9, 45, 32, 49, 51, 21, 42, 28, 14, 13, 47, 26, 27, 52, 11, 12, 25, 4, 6, 15, 5, 24, 48, 38, 37, 23, 30, 7, 17, 3, 2, 18, 31, 22]

Individual 89:
  Route length: 14866
  Contribution to Diversity: 0
  Route: [1, 49, 32, 4, 6, 15, 5, 18, 3, 16, 29, 50, 20, 48, 24, 31, 14, 52, 11, 51, 33, 43, 10, 9, 44, 46, 17, 21, 42, 7, 30, 23, 37, 38, 40, 39, 36, 35, 34, 8, 13, 26, 47, 27, 28, 12, 25, 45, 19, 41, 2, 22]

Individual 90:
  Route length: 15055
  Contribution to Diversity: 0
  Route: [1, 49, 3, 17, 21, 42, 44, 38, 48, 47, 27, 26, 32, 18, 31, 29, 50, 20, 23, 30, 2, 7, 51, 33, 43, 10, 9, 8, 41, 19, 45, 28, 12, 15, 6, 4, 25, 5, 34, 35, 36, 39, 40, 37, 24, 46, 13, 14, 52, 16, 11, 22]

Individual 91:
  Route length: 13735
  Contribution to Diversity: 0.0014410495679646473
  Route: [38, 25, 4, 6, 15, 48, 24, 5, 39, 40, 37, 1, 26, 47, 28, 52, 14, 11, 51, 33, 43, 10, 9, 8, 36, 12, 30, 46, 44, 50, 20, 31, 18, 23, 16, 29, 34, 35, 13, 27, 49, 32, 45, 41, 19, 3, 17, 21, 42, 7, 2, 22]

Individual 92:
  Route length: 14499
  Contribution to Diversity: 0.0005530183376940556
  Route: [1, 49, 46, 16, 29, 31, 18, 32, 45, 19, 41, 8, 9, 10, 25, 5, 34, 35, 36, 39, 40, 37, 42, 50, 20, 23, 30, 11, 51, 33, 43, 4, 6, 15, 12, 28, 26, 27, 47, 44, 38, 48, 24, 21, 17, 3, 2, 7, 52, 14, 13, 22]

Individual 93:
  Route length: 13384
  Contribution to Diversity: 0
  Route: [1, 49, 32, 4, 6, 15, 5, 18, 3, 16, 29, 50, 20, 30, 23, 37, 38, 40, 39, 36, 35, 34, 8, 31, 24, 48, 7, 42, 21, 17, 46, 44, 9, 10, 43, 33, 51, 11, 52, 14, 13, 26, 47, 27, 28, 12, 25, 45, 19, 41, 2, 22]

Individual 94:
  Route length: 14266
  Contribution to Diversity: 0
  Route: [1, 49, 3, 17, 21, 42, 44, 38, 48, 47, 27, 26, 28, 12, 15, 6, 4, 25, 5, 34, 35, 20, 23, 30, 2, 7, 51, 33, 43, 10, 9, 8, 41, 19, 45, 32, 18, 31, 29, 52, 14, 13, 46, 24, 37, 40, 39, 36, 50, 16, 11, 22]

Individual 95:
  Route length: 15037
  Contribution to Diversity: 0.0006894755906925454
  Route: [1, 18, 3, 17, 21, 42, 13, 14, 28, 12, 25, 4, 6, 26, 27, 52, 11, 47, 15, 38, 37, 40, 39, 36, 44, 34, 35, 46, 48, 24, 5, 16, 9, 10, 43, 45, 20, 50, 29, 8, 41, 19, 23, 30, 2, 7, 51, 33, 32, 49, 31, 22]

Individual 96:
  Route length: 14728
  Contribution to Diversity: 0.0010311322363198983
  Route: [1, 49, 32, 45, 39, 40, 37, 38, 48, 27, 23, 30, 14, 13, 47, 26, 20, 7, 2, 52, 11, 51, 33, 34, 44, 46, 16, 29, 50, 42, 21, 17, 3, 18, 28, 12, 24, 5, 15, 6, 4, 25, 43, 10, 9, 8, 41, 19, 36, 35, 31, 22]

Individual 97:
  Route length: 14283
  Contribution to Diversity: 0.0024135975181218683
  Route: [42, 21, 17, 45, 19, 41, 8, 35, 37, 51, 6, 4, 25, 29, 16, 46, 44, 34, 40, 39, 36, 9, 10, 43, 33, 38, 48, 5, 24, 23, 30, 2, 7, 18, 3, 49, 32, 20, 50, 12, 28, 14, 13, 47, 26, 11, 52, 27, 1, 15, 31, 22]

Individual 98:
  Route length: 13507
  Contribution to Diversity: 0
  Route: [1, 49, 32, 4, 6, 15, 5, 18, 3, 16, 29, 50, 20, 30, 23, 37, 38, 40, 39, 46, 17, 21, 42, 7, 48, 24, 31, 8, 34, 35, 36, 44, 9, 10, 43, 33, 51, 11, 52, 14, 13, 26, 47, 27, 28, 12, 25, 45, 19, 41, 2, 22]

Individual 99:
  Route length: 14912
  Contribution to Diversity: 0
  Route: [49, 32, 45, 19, 41, 8, 27, 28, 12, 25, 4, 6, 15, 35, 36, 39, 40, 37, 38, 51, 33, 43, 10, 13, 9, 1, 26, 47, 14, 52, 11, 48, 24, 5, 29, 50, 20, 23, 30, 2, 16, 34, 44, 46, 42, 7, 21, 17, 3, 18, 31, 22]

Total Entropy H: 5.4481094606837
