Individual 0:
  Route length: 7665
  Contribution to Diversity: 0.0011637707416269905
  Route: [1, 49, 32, 45, 19, 41, 8, 9, 10, 43, 33, 51, 11, 52, 13, 14, 47, 26, 27, 28, 12, 25, 4, 6, 15, 5, 24, 48, 38, 34, 35, 36, 39, 40, 37, 44, 46, 16, 29, 50, 20, 23, 30, 2, 7, 42, 21, 17, 3, 18, 31, 22]

Individual 1:
  Route length: 7685
  Contribution to Diversity: 0.0012378549299976171
  Route: [1, 49, 32, 45, 19, 41, 8, 9, 10, 43, 33, 51, 11, 52, 14, 13, 47, 26, 27, 28, 12, 25, 4, 6, 15, 5, 24, 48, 38, 37, 40, 39, 36, 35, 34, 46, 44, 16, 29, 50, 20, 23, 30, 2, 7, 42, 21, 17, 3, 31, 18, 22]

Individual 2:
  Route length: 7679
  Contribution to Diversity: 0.0014239622520531015
  Route: [31, 18, 3, 17, 21, 42, 7, 2, 30, 23, 20, 50, 16, 29, 46, 44, 34, 35, 36, 39, 40, 38, 37, 48, 24, 5, 15, 6, 4, 25, 12, 28, 27, 26, 47, 13, 14, 52, 11, 51, 33, 43, 10, 9, 8, 41, 19, 45, 32, 49, 1, 22]

Individual 3:
  Route length: 7684
  Contribution to Diversity: 0.001514749457130371
  Route: [1, 49, 32, 45, 19, 41, 8, 9, 10, 43, 33, 51, 11, 52, 14, 13, 47, 26, 27, 28, 12, 25, 4, 6, 48, 24, 5, 15, 38, 40, 37, 39, 36, 35, 34, 44, 46, 16, 29, 50, 20, 23, 30, 21, 42, 7, 2, 17, 3, 18, 31, 22]

Individual 4:
  Route length: 7680
  Contribution to Diversity: 0.0015877233886172348
  Route: [1, 49, 32, 45, 19, 41, 8, 9, 10, 43, 33, 51, 11, 52, 13, 14, 47, 26, 27, 28, 12, 25, 4, 6, 48, 24, 5, 15, 38, 37, 40, 39, 36, 35, 34, 44, 46, 16, 29, 50, 20, 23, 30, 21, 42, 7, 2, 17, 3, 18, 31, 22]

Individual 5:
  Route length: 7671
  Contribution to Diversity: 0
  Route: [31, 18, 3, 17, 21, 42, 2, 7, 30, 23, 20, 50, 29, 16, 46, 44, 36, 35, 34, 39, 40, 37, 38, 5, 15, 48, 24, 6, 4, 25, 12, 28, 27, 26, 47, 13, 14, 52, 11, 51, 33, 43, 10, 9, 8, 41, 19, 45, 32, 49, 1, 22]

Individual 6:
  Route length: 7674
  Contribution to Diversity: 0.0022993293267505877
  Route: [1, 49, 32, 45, 19, 41, 8, 9, 10, 43, 33, 51, 11, 52, 14, 13, 47, 26, 27, 28, 12, 25, 6, 4, 15, 5, 24, 48, 38, 37, 39, 40, 36, 35, 34, 44, 46, 16, 29, 50, 20, 23, 30, 2, 7, 42, 21, 17, 3, 18, 31, 22]

Individual 7:
  Route length: 7642
  Contribution to Diversity: 0.000874696138055242
  Route: [1, 31, 18, 3, 17, 21, 2, 7, 42, 30, 23, 20, 50, 29, 16, 46, 44, 34, 35, 36, 39, 40, 37, 38, 48, 24, 5, 15, 6, 4, 25, 12, 28, 27, 26, 47, 14, 13, 52, 11, 51, 33, 43, 10, 9, 8, 41, 19, 45, 32, 49, 22]

Individual 8:
  Route length: 7670
  Contribution to Diversity: 0.0037467151041505886
  Route: [31, 18, 3, 17, 21, 42, 7, 2, 30, 23, 20, 50, 29, 16, 46, 44, 35, 36, 34, 39, 40, 37, 38, 24, 15, 5, 48, 6, 4, 25, 12, 28, 27, 26, 47, 14, 13, 52, 11, 51, 33, 43, 10, 9, 8, 41, 19, 45, 32, 49, 1, 22]

Individual 9:
  Route length: 7679
  Contribution to Diversity: 0.0031431051657104803
  Route: [1, 49, 32, 45, 19, 41, 8, 9, 10, 43, 33, 51, 11, 52, 14, 13, 47, 26, 27, 28, 12, 25, 4, 6, 15, 24, 5, 48, 38, 39, 40, 37, 36, 35, 34, 44, 46, 16, 29, 50, 20, 23, 30, 2, 7, 42, 21, 17, 3, 18, 31, 22]

Individual 10:
  Route length: 7669
  Contribution to Diversity: 0.0011665052318043934
  Route: [31, 18, 3, 17, 21, 42, 2, 7, 30, 23, 20, 50, 29, 16, 46, 44, 35, 36, 34, 39, 40, 37, 38, 5, 15, 48, 24, 6, 4, 25, 12, 28, 27, 26, 47, 13, 14, 52, 11, 51, 33, 43, 10, 9, 8, 41, 19, 45, 32, 49, 1, 22]

Individual 11:
  Route length: 7692
  Contribution to Diversity: 0.004209382270082607
  Route: [31, 18, 3, 17, 21, 2, 7, 42, 30, 23, 20, 50, 29, 16, 46, 44, 34, 36, 35, 39, 40, 38, 37, 48, 24, 5, 15, 6, 4, 25, 12, 28, 47, 26, 27, 13, 14, 52, 11, 51, 33, 43, 10, 9, 8, 41, 19, 45, 32, 49, 1, 22]

Individual 12:
  Route length: 7686
  Contribution to Diversity: 0.003459907577853194
  Route: [1, 49, 32, 45, 19, 41, 8, 9, 10, 43, 33, 51, 11, 52, 13, 14, 47, 26, 27, 28, 12, 25, 4, 6, 15, 5, 24, 48, 38, 37, 40, 39, 36, 35, 34, 46, 44, 16, 29, 50, 20, 23, 30, 2, 7, 42, 21, 17, 3, 31, 18, 22]

Individual 13:
  Route length: 7669
  Contribution to Diversity: 0.0012487215558145692
  Route: [31, 18, 3, 17, 21, 2, 7, 42, 30, 23, 20, 50, 29, 16, 46, 44, 34, 35, 36, 39, 40, 38, 37, 48, 24, 5, 15, 6, 4, 25, 12, 28, 47, 26, 27, 13, 14, 52, 11, 51, 33, 43, 10, 9, 8, 41, 19, 45, 32, 49, 1, 22]

Individual 14:
  Route length: 7683
  Contribution to Diversity: 0.001534147564270505
  Route: [49, 32, 45, 19, 41, 8, 9, 10, 43, 33, 51, 11, 52, 14, 13, 47, 26, 27, 28, 12, 25, 4, 6, 15, 5, 24, 38, 48, 37, 40, 39, 35, 36, 34, 44, 46, 16, 29, 50, 20, 23, 30, 2, 7, 42, 21, 17, 3, 18, 31, 1, 22]

Individual 15:
  Route length: 7676
  Contribution to Diversity: 0.002129411595716668
  Route: [31, 18, 3, 17, 21, 42, 2, 7, 30, 23, 20, 50, 29, 16, 46, 44, 36, 35, 34, 39, 37, 40, 38, 5, 15, 48, 24, 6, 4, 25, 12, 28, 27, 26, 47, 13, 14, 52, 11, 51, 33, 43, 10, 9, 8, 41, 19, 45, 32, 49, 1, 22]

Individual 16:
  Route length: 7644
  Contribution to Diversity: 0
  Route: [31, 18, 3, 17, 21, 42, 7, 2, 30, 23, 20, 50, 29, 16, 46, 44, 35, 36, 34, 39, 40, 37, 38, 5, 15, 24, 48, 6, 4, 25, 12, 28, 27, 26, 47, 13, 14, 52, 11, 51, 33, 43, 10, 9, 8, 41, 19, 45, 32, 49, 1, 22]

Individual 17:
  Route length: 7599
  Contribution to Diversity: 0
  Route: [1, 49, 32, 45, 19, 41, 8, 9, 10, 43, 33, 51, 11, 52, 14, 13, 47, 26, 27, 28, 12, 25, 4, 6, 15, 5, 24, 48, 38, 37, 39, 40, 36, 35, 34, 44, 46, 16, 29, 50, 20, 23, 30, 2, 7, 42, 21, 17, 3, 18, 31, 22]

Individual 18:
  Route length: 7660
  Contribution to Diversity: 0
  Route: [1, 31, 18, 3, 17, 21, 42, 7, 2, 30, 23, 20, 50, 29, 16, 46, 44, 34, 35, 36, 39, 40, 37, 48, 38, 24, 5, 15, 6, 4, 25, 12, 28, 27, 26, 47, 13, 14, 52, 11, 51, 33, 43, 10, 9, 8, 41, 19, 45, 32, 49, 22]

Individual 19:
  Route length: 7677
  Contribution to Diversity: 0.005571586156153607
  Route: [31, 18, 3, 17, 21, 7, 2, 42, 30, 23, 20, 50, 29, 16, 46, 44, 36, 35, 34, 39, 37, 40, 38, 5, 15, 48, 24, 6, 4, 25, 12, 28, 27, 26, 47, 13, 14, 52, 11, 51, 33, 43, 10, 9, 8, 41, 19, 45, 32, 49, 1, 22]

Total Entropy H: 4.25042526232747
