Individual 0:
  Route length: 9425
  Contribution to Diversity: 0.006080570452644096
  Route: [1, 49, 32, 45, 19, 41, 8, 9, 10, 43, 33, 6, 12, 51, 11, 52, 14, 13, 47, 26, 27, 28, 25, 4, 15, 16, 44, 46, 29, 50, 20, 23, 30, 42, 7, 2, 21, 5, 24, 48, 37, 40, 39, 38, 34, 35, 36, 17, 3, 18, 31, 22]

Individual 1:
  Route length: 9422
  Contribution to Diversity: 0.00660726222406538
  Route: [1, 39, 32, 49, 36, 35, 34, 44, 40, 45, 19, 41, 10, 9, 8, 3, 17, 21, 42, 7, 2, 30, 23, 50, 20, 29, 16, 46, 24, 48, 15, 5, 12, 28, 27, 26, 47, 13, 14, 52, 11, 51, 33, 25, 6, 4, 43, 37, 38, 18, 31, 22]

Individual 2:
  Route length: 9412
  Contribution to Diversity: 0.010897817596482895
  Route: [32, 39, 36, 35, 34, 44, 18, 1, 23, 20, 50, 16, 46, 38, 49, 40, 37, 5, 15, 6, 48, 4, 24, 25, 12, 28, 47, 26, 27, 13, 14, 52, 11, 51, 33, 43, 10, 9, 8, 41, 19, 45, 3, 31, 21, 30, 29, 2, 7, 42, 17, 22]

Individual 3:
  Route length: 9338
  Contribution to Diversity: 0.009885973862046704
  Route: [18, 21, 17, 42, 7, 2, 29, 30, 31, 1, 23, 20, 50, 16, 46, 6, 5, 24, 38, 40, 49, 37, 48, 4, 15, 25, 12, 28, 47, 26, 27, 13, 14, 52, 11, 51, 33, 43, 10, 9, 8, 41, 19, 45, 3, 44, 34, 35, 36, 39, 32, 22]

Individual 4:
  Route length: 9395
  Contribution to Diversity: 0.011584316317636123
  Route: [30, 29, 2, 7, 42, 17, 21, 18, 31, 1, 23, 20, 50, 3, 45, 19, 41, 8, 9, 10, 43, 33, 51, 11, 52, 14, 13, 27, 47, 26, 28, 12, 25, 15, 4, 48, 37, 40, 35, 34, 44, 16, 46, 6, 5, 24, 38, 49, 36, 39, 32, 22]

Individual 5:
  Route length: 9421
  Contribution to Diversity: 0.017958769859495405
  Route: [1, 49, 32, 45, 19, 41, 8, 9, 10, 43, 33, 51, 11, 47, 14, 13, 52, 26, 27, 12, 28, 25, 4, 6, 39, 35, 34, 15, 5, 24, 48, 38, 40, 37, 44, 36, 20, 50, 46, 16, 23, 29, 30, 7, 2, 42, 21, 17, 3, 18, 31, 22]

Individual 6:
  Route length: 9377
  Contribution to Diversity: 0.01620787220075659
  Route: [31, 18, 3, 17, 21, 42, 7, 2, 30, 20, 50, 46, 16, 37, 36, 35, 39, 34, 44, 48, 24, 5, 15, 38, 40, 6, 4, 25, 12, 28, 27, 26, 52, 13, 47, 14, 11, 51, 33, 43, 10, 9, 41, 8, 19, 45, 32, 49, 1, 23, 29, 22]

Individual 7:
  Route length: 9412
  Contribution to Diversity: 0.012004710995225487
  Route: [1, 45, 19, 41, 8, 9, 10, 43, 33, 51, 11, 52, 14, 13, 47, 27, 26, 28, 12, 25, 15, 5, 6, 24, 48, 40, 39, 36, 35, 44, 34, 32, 3, 17, 37, 38, 4, 46, 16, 29, 50, 30, 21, 42, 7, 2, 23, 20, 31, 18, 49, 22]

Individual 8:
  Route length: 9369
  Contribution to Diversity: 0.007447465258630714
  Route: [1, 49, 48, 38, 46, 39, 37, 24, 5, 40, 23, 30, 2, 7, 42, 21, 17, 3, 18, 31, 32, 36, 35, 15, 6, 4, 25, 12, 28, 27, 26, 47, 14, 13, 52, 11, 51, 33, 43, 10, 9, 8, 45, 41, 19, 44, 34, 16, 29, 20, 50, 22]

Individual 9:
  Route length: 9336
  Contribution to Diversity: 0.0044628800044534955
  Route: [1, 49, 37, 15, 24, 38, 36, 35, 32, 45, 19, 41, 10, 8, 9, 33, 51, 11, 52, 14, 13, 47, 26, 27, 28, 12, 43, 4, 6, 39, 48, 46, 25, 5, 44, 40, 34, 16, 29, 50, 20, 23, 30, 2, 7, 42, 21, 17, 3, 18, 31, 22]

Individual 10:
  Route length: 9268
  Contribution to Diversity: 0.004638357292333417
  Route: [49, 35, 44, 34, 36, 32, 40, 24, 48, 5, 38, 37, 39, 6, 4, 43, 9, 8, 10, 41, 19, 45, 15, 25, 33, 51, 11, 52, 14, 13, 47, 26, 27, 28, 12, 46, 16, 29, 50, 20, 23, 30, 2, 7, 42, 21, 17, 3, 18, 31, 1, 22]

Individual 11:
  Route length: 9309
  Contribution to Diversity: 0.004462967384264438
  Route: [1, 49, 39, 5, 4, 33, 51, 11, 52, 14, 13, 47, 26, 27, 28, 12, 43, 10, 8, 9, 41, 19, 45, 32, 31, 18, 3, 17, 21, 2, 7, 42, 30, 23, 20, 50, 29, 16, 25, 24, 40, 15, 37, 34, 44, 46, 48, 6, 38, 36, 35, 22]

Individual 12:
  Route length: 9314
  Contribution to Diversity: 0.0038749296539482003
  Route: [1, 35, 44, 29, 50, 20, 23, 30, 2, 7, 42, 21, 17, 3, 18, 31, 49, 32, 45, 19, 41, 9, 8, 10, 43, 12, 28, 27, 26, 47, 13, 14, 52, 11, 51, 33, 15, 39, 36, 37, 48, 5, 40, 38, 25, 4, 6, 24, 46, 16, 34, 22]

Individual 13:
  Route length: 9310
  Contribution to Diversity: 0.006618652160034877
  Route: [1, 44, 35, 34, 6, 15, 5, 38, 24, 48, 25, 46, 37, 40, 39, 36, 32, 49, 16, 29, 20, 50, 30, 21, 42, 7, 2, 23, 17, 3, 41, 8, 9, 10, 43, 33, 51, 11, 52, 14, 13, 47, 26, 27, 28, 12, 4, 19, 45, 18, 31, 22]

Individual 14:
  Route length: 9422
  Contribution to Diversity: 0.005215520215582359
  Route: [1, 32, 49, 48, 24, 38, 44, 35, 34, 6, 15, 5, 25, 46, 4, 12, 28, 27, 26, 47, 13, 14, 52, 11, 51, 33, 43, 10, 9, 8, 41, 3, 17, 23, 2, 7, 42, 21, 30, 50, 20, 29, 16, 36, 39, 40, 37, 19, 45, 18, 31, 22]

Individual 15:
  Route length: 9306
  Contribution to Diversity: 0.004966010358079309
  Route: [1, 49, 39, 5, 6, 48, 46, 44, 34, 37, 15, 40, 24, 25, 16, 29, 50, 20, 23, 30, 42, 2, 7, 21, 17, 3, 18, 31, 32, 45, 19, 41, 9, 8, 10, 43, 12, 28, 27, 26, 47, 13, 14, 52, 11, 51, 33, 4, 38, 36, 35, 22]

Individual 16:
  Route length: 9212
  Contribution to Diversity: 0.001379998422462947
  Route: [44, 1, 18, 3, 17, 21, 2, 7, 42, 30, 23, 20, 50, 29, 16, 46, 4, 25, 33, 51, 11, 52, 14, 13, 47, 26, 27, 28, 12, 6, 15, 43, 10, 9, 8, 41, 19, 45, 40, 32, 39, 38, 37, 24, 5, 48, 34, 35, 36, 49, 31, 22]

Individual 17:
  Route length: 9323
  Contribution to Diversity: 0.0028025877371131713
  Route: [1, 35, 49, 32, 45, 19, 41, 8, 9, 10, 43, 33, 51, 11, 52, 14, 13, 47, 26, 27, 28, 6, 15, 12, 25, 4, 24, 48, 34, 16, 29, 20, 50, 44, 46, 39, 38, 37, 5, 40, 36, 23, 30, 2, 7, 42, 21, 17, 18, 3, 31, 22]

Individual 18:
  Route length: 9396
  Contribution to Diversity: 0.006006176725476209
  Route: [1, 49, 32, 45, 19, 41, 8, 9, 10, 43, 25, 12, 33, 51, 11, 52, 14, 13, 47, 26, 27, 28, 4, 15, 6, 24, 46, 35, 34, 38, 37, 5, 48, 39, 40, 44, 20, 50, 29, 16, 36, 23, 30, 2, 7, 42, 21, 17, 18, 3, 31, 22]

Individual 19:
  Route length: 9377
  Contribution to Diversity: 0.01117230631278332
  Route: [1, 18, 31, 19, 41, 45, 32, 49, 40, 37, 6, 5, 35, 36, 34, 44, 50, 20, 29, 23, 30, 2, 7, 42, 21, 17, 3, 8, 9, 10, 43, 33, 51, 11, 52, 13, 14, 47, 26, 27, 28, 12, 25, 4, 24, 15, 38, 46, 39, 48, 16, 22]

Total Entropy H: 5.021461170083854
