Individual 0:
  Route length: 7684
  Contribution to Diversity: 0.00018910655652426556
  Route: [1, 35, 36, 39, 40, 37, 38, 48, 24, 5, 15, 6, 4, 25, 12, 28, 27, 26, 47, 13, 14, 52, 11, 51, 33, 43, 10, 9, 8, 41, 19, 45, 32, 49, 34, 44, 46, 16, 29, 50, 20, 23, 30, 2, 7, 42, 21, 17, 3, 18, 31, 22]

Individual 1:
  Route length: 7678
  Contribution to Diversity: 0.00036869871379163754
  Route: [1, 36, 39, 40, 38, 37, 48, 24, 5, 15, 6, 4, 25, 12, 28, 27, 26, 47, 13, 14, 52, 11, 51, 33, 43, 10, 9, 8, 41, 19, 45, 32, 49, 35, 34, 44, 46, 16, 29, 50, 20, 23, 30, 2, 7, 42, 21, 17, 3, 18, 31, 22]

Individual 2:
  Route length: 7692
  Contribution to Diversity: 9.256393772716365e-05
  Route: [1, 49, 32, 45, 19, 41, 8, 9, 10, 43, 33, 51, 11, 52, 14, 13, 47, 26, 27, 28, 12, 25, 4, 6, 15, 5, 37, 38, 48, 24, 40, 39, 36, 35, 34, 46, 44, 16, 29, 50, 20, 23, 30, 2, 7, 42, 21, 17, 3, 18, 31, 22]

Individual 3:
  Route length: 7638
  Contribution to Diversity: 0.0001859653976605813
  Route: [1, 49, 32, 45, 19, 41, 8, 9, 10, 43, 33, 51, 11, 52, 14, 13, 26, 47, 27, 28, 12, 25, 4, 6, 15, 5, 24, 48, 38, 37, 40, 39, 36, 35, 34, 44, 46, 16, 29, 50, 20, 23, 30, 2, 7, 42, 21, 17, 3, 18, 31, 22]

Individual 4:
  Route length: 7672
  Contribution to Diversity: 0.00044922391539259365
  Route: [1, 49, 32, 45, 19, 41, 8, 9, 10, 43, 33, 51, 11, 52, 13, 14, 47, 26, 27, 28, 12, 25, 4, 6, 15, 5, 24, 48, 38, 37, 40, 39, 36, 35, 34, 44, 46, 16, 23, 20, 50, 29, 30, 2, 7, 42, 21, 17, 3, 18, 31, 22]

Individual 5:
  Route length: 7676
  Contribution to Diversity: 0.00011505677162482186
  Route: [1, 49, 32, 45, 19, 41, 8, 9, 10, 43, 33, 51, 11, 52, 13, 14, 47, 26, 27, 28, 12, 25, 4, 48, 24, 5, 15, 6, 37, 38, 40, 39, 36, 35, 34, 44, 46, 16, 29, 50, 20, 23, 30, 2, 7, 42, 21, 17, 3, 18, 31, 22]

Individual 6:
  Route length: 7654
  Contribution to Diversity: 0.0001328005133105492
  Route: [1, 32, 49, 45, 19, 41, 8, 9, 10, 43, 33, 51, 11, 52, 14, 13, 47, 26, 27, 28, 12, 25, 4, 6, 15, 5, 24, 48, 37, 38, 40, 39, 36, 34, 35, 44, 46, 16, 29, 50, 20, 23, 30, 2, 7, 42, 21, 17, 3, 18, 31, 22]

Individual 7:
  Route length: 7681
  Contribution to Diversity: 0.0003853369018989028
  Route: [1, 49, 32, 45, 19, 41, 8, 9, 10, 43, 33, 51, 11, 52, 14, 13, 47, 26, 27, 28, 12, 25, 4, 5, 15, 6, 24, 48, 38, 37, 40, 36, 39, 35, 34, 44, 46, 16, 29, 50, 20, 23, 30, 2, 7, 42, 21, 17, 3, 18, 31, 22]

Individual 8:
  Route length: 7668
  Contribution to Diversity: 0.00041776142862648413
  Route: [1, 49, 32, 45, 19, 41, 8, 9, 10, 43, 33, 51, 11, 52, 14, 13, 47, 26, 27, 28, 12, 4, 25, 6, 15, 5, 24, 48, 38, 37, 40, 39, 36, 35, 34, 44, 46, 16, 29, 50, 20, 23, 30, 7, 2, 42, 21, 17, 3, 18, 31, 22]

Individual 9:
  Route length: 7689
  Contribution to Diversity: 0.0010186151684967726
  Route: [1, 49, 32, 45, 19, 41, 8, 9, 10, 43, 33, 51, 11, 52, 13, 14, 47, 26, 27, 28, 12, 25, 4, 6, 15, 5, 24, 48, 38, 40, 37, 39, 36, 35, 34, 44, 46, 16, 29, 23, 20, 50, 30, 2, 7, 42, 21, 17, 3, 18, 31, 22]

Individual 10:
  Route length: 7637
  Contribution to Diversity: 1.2991464517497775e-06
  Route: [1, 49, 32, 45, 19, 8, 41, 9, 10, 43, 33, 51, 11, 52, 14, 13, 47, 26, 27, 28, 12, 25, 4, 6, 15, 5, 24, 48, 38, 40, 37, 39, 36, 35, 34, 44, 46, 16, 29, 50, 20, 23, 30, 2, 7, 42, 21, 17, 3, 18, 31, 22]

Individual 11:
  Route length: 7648
  Contribution to Diversity: 0.0006337616364158194
  Route: [1, 49, 32, 45, 19, 41, 8, 9, 10, 43, 33, 51, 11, 52, 14, 13, 27, 26, 47, 28, 12, 25, 4, 6, 15, 5, 48, 24, 38, 37, 40, 39, 36, 35, 34, 44, 46, 16, 29, 50, 20, 23, 30, 2, 7, 42, 21, 17, 3, 18, 31, 22]

Individual 12:
  Route length: 7665
  Contribution to Diversity: 0.0001442145306889131
  Route: [1, 49, 32, 45, 19, 41, 8, 9, 10, 43, 33, 51, 11, 52, 13, 14, 47, 26, 27, 28, 12, 25, 4, 6, 15, 5, 24, 48, 38, 34, 35, 36, 39, 40, 37, 44, 46, 16, 29, 50, 20, 23, 30, 2, 7, 42, 21, 17, 3, 18, 31, 22]

Individual 13:
  Route length: 7682
  Contribution to Diversity: 0.0005381814427991571
  Route: [1, 49, 32, 45, 19, 41, 8, 9, 10, 43, 33, 51, 11, 52, 13, 14, 47, 26, 27, 28, 12, 4, 25, 6, 15, 5, 24, 48, 37, 40, 38, 39, 36, 35, 34, 44, 46, 16, 29, 50, 20, 23, 30, 2, 7, 42, 21, 17, 3, 18, 31, 22]

Individual 14:
  Route length: 7636
  Contribution to Diversity: 0
  Route: [1, 49, 32, 45, 19, 41, 8, 9, 10, 43, 33, 51, 11, 52, 13, 14, 47, 26, 27, 28, 12, 25, 4, 6, 15, 5, 37, 38, 48, 24, 40, 39, 36, 35, 34, 44, 46, 16, 29, 50, 20, 23, 30, 2, 7, 42, 21, 17, 3, 18, 31, 22]

Individual 15:
  Route length: 7588
  Contribution to Diversity: 0
  Route: [1, 49, 32, 45, 19, 41, 8, 9, 10, 43, 33, 51, 11, 52, 14, 13, 47, 26, 27, 28, 12, 25, 4, 6, 15, 5, 24, 38, 48, 37, 40, 39, 36, 35, 34, 44, 46, 16, 29, 50, 20, 23, 30, 2, 7, 42, 21, 17, 3, 18, 31, 22]

Individual 16:
  Route length: 7664
  Contribution to Diversity: 0
  Route: [1, 49, 32, 45, 19, 41, 8, 9, 10, 43, 33, 51, 11, 52, 14, 13, 47, 26, 27, 28, 12, 25, 4, 6, 15, 37, 38, 48, 24, 5, 40, 39, 36, 35, 34, 44, 46, 16, 29, 50, 20, 23, 30, 2, 7, 42, 21, 17, 3, 18, 31, 22]

Individual 17:
  Route length: 7670
  Contribution to Diversity: 5.954296949184368e-05
  Route: [1, 32, 45, 19, 41, 8, 9, 10, 43, 33, 51, 11, 52, 14, 13, 47, 26, 27, 28, 12, 25, 4, 6, 15, 5, 24, 48, 38, 37, 40, 39, 36, 49, 35, 34, 44, 46, 16, 29, 50, 20, 23, 30, 2, 7, 42, 21, 17, 3, 18, 31, 22]

Individual 18:
  Route length: 7633
  Contribution to Diversity: 0
  Route: [1, 49, 32, 45, 19, 41, 8, 9, 10, 43, 33, 51, 11, 52, 14, 13, 47, 26, 27, 28, 12, 25, 4, 6, 15, 5, 24, 48, 38, 40, 37, 39, 36, 35, 34, 44, 46, 16, 29, 50, 20, 23, 30, 2, 7, 42, 21, 17, 3, 31, 18, 22]

Individual 19:
  Route length: 7677
  Contribution to Diversity: 0
  Route: [1, 49, 32, 45, 19, 41, 8, 9, 10, 43, 33, 51, 11, 52, 14, 13, 47, 26, 27, 28, 12, 25, 4, 6, 37, 15, 5, 24, 48, 38, 40, 39, 36, 35, 34, 44, 46, 16, 29, 50, 20, 23, 30, 2, 7, 42, 21, 17, 3, 18, 31, 22]

Individual 20:
  Route length: 7628
  Contribution to Diversity: 0
  Route: [1, 49, 32, 45, 19, 41, 8, 9, 10, 43, 33, 51, 11, 52, 14, 13, 47, 26, 27, 28, 12, 25, 6, 4, 15, 5, 48, 24, 38, 37, 40, 39, 36, 35, 34, 44, 46, 16, 29, 50, 20, 23, 30, 2, 7, 42, 21, 17, 3, 18, 31, 22]

Individual 21:
  Route length: 7633
  Contribution to Diversity: 0
  Route: [1, 32, 49, 45, 19, 41, 8, 9, 10, 43, 33, 51, 11, 52, 14, 13, 47, 26, 27, 28, 12, 25, 4, 6, 5, 15, 24, 48, 38, 37, 40, 39, 36, 35, 34, 44, 46, 16, 29, 50, 20, 23, 30, 2, 7, 42, 21, 17, 3, 18, 31, 22]

Individual 22:
  Route length: 7670
  Contribution to Diversity: 0.0005595419991646366
  Route: [1, 49, 32, 45, 19, 41, 8, 9, 10, 43, 33, 51, 11, 52, 13, 14, 47, 26, 27, 28, 12, 25, 4, 15, 5, 24, 48, 6, 37, 38, 40, 39, 36, 35, 34, 44, 46, 16, 29, 50, 20, 23, 30, 2, 7, 42, 21, 17, 3, 18, 31, 22]

Individual 23:
  Route length: 7631
  Contribution to Diversity: 0
  Route: [31, 18, 3, 17, 21, 42, 7, 2, 30, 23, 20, 50, 29, 16, 46, 44, 34, 35, 36, 39, 40, 37, 38, 15, 6, 5, 24, 48, 4, 25, 12, 28, 27, 26, 47, 13, 14, 52, 11, 51, 33, 43, 10, 9, 8, 41, 19, 45, 32, 49, 1, 22]

Individual 24:
  Route length: 7672
  Contribution to Diversity: 0
  Route: [31, 18, 3, 17, 21, 7, 42, 2, 30, 23, 20, 50, 29, 16, 46, 44, 34, 35, 36, 39, 40, 37, 38, 48, 24, 5, 15, 6, 4, 25, 12, 28, 27, 26, 47, 13, 14, 52, 11, 51, 33, 43, 10, 9, 8, 41, 19, 45, 32, 49, 1, 22]

Individual 25:
  Route length: 7674
  Contribution to Diversity: 0.0011920216709757625
  Route: [1, 49, 32, 45, 19, 41, 8, 9, 10, 43, 33, 51, 11, 52, 14, 13, 47, 26, 27, 28, 12, 25, 4, 6, 15, 5, 24, 48, 38, 37, 40, 34, 35, 36, 39, 44, 46, 16, 29, 50, 20, 23, 30, 42, 7, 2, 21, 17, 3, 18, 31, 22]

Individual 26:
  Route length: 7682
  Contribution to Diversity: 0.0010389608956975493
  Route: [1, 49, 32, 45, 19, 41, 8, 9, 10, 43, 33, 51, 11, 52, 13, 14, 47, 26, 28, 27, 12, 25, 4, 6, 15, 5, 24, 48, 38, 40, 37, 39, 36, 35, 34, 44, 46, 16, 29, 50, 20, 23, 30, 2, 7, 42, 21, 17, 3, 18, 31, 22]

Individual 27:
  Route length: 7664
  Contribution to Diversity: 0.00030430035470185857
  Route: [1, 49, 32, 45, 19, 41, 8, 9, 10, 43, 33, 51, 11, 52, 13, 14, 47, 26, 27, 28, 12, 25, 4, 6, 24, 48, 38, 37, 5, 15, 40, 39, 36, 35, 34, 44, 46, 16, 29, 50, 20, 23, 30, 2, 7, 42, 21, 17, 3, 18, 31, 22]

Individual 28:
  Route length: 7677
  Contribution to Diversity: 0.0014938184573765056
  Route: [1, 32, 49, 45, 19, 41, 8, 9, 10, 43, 33, 51, 11, 52, 14, 13, 47, 26, 27, 28, 12, 25, 4, 6, 15, 5, 24, 48, 37, 38, 40, 39, 36, 34, 35, 44, 46, 16, 29, 50, 20, 23, 30, 7, 2, 42, 21, 17, 3, 18, 31, 22]

Individual 29:
  Route length: 7673
  Contribution to Diversity: 0
  Route: [1, 49, 32, 45, 19, 41, 8, 9, 10, 43, 33, 51, 11, 52, 13, 14, 47, 26, 27, 28, 12, 25, 4, 6, 15, 5, 24, 48, 38, 37, 40, 39, 36, 35, 34, 44, 46, 16, 29, 50, 20, 23, 30, 2, 42, 7, 21, 17, 3, 18, 31, 22]

Individual 30:
  Route length: 7604
  Contribution to Diversity: 0
  Route: [1, 49, 32, 45, 19, 41, 8, 9, 10, 43, 33, 51, 11, 52, 14, 13, 47, 26, 27, 28, 12, 25, 4, 6, 15, 5, 24, 37, 48, 38, 40, 39, 36, 35, 34, 44, 46, 16, 29, 50, 20, 23, 30, 2, 7, 42, 21, 17, 3, 18, 31, 22]

Individual 31:
  Route length: 7672
  Contribution to Diversity: 0.0001452891163893355
  Route: [1, 49, 32, 45, 19, 41, 8, 9, 10, 43, 33, 51, 11, 52, 14, 13, 47, 26, 27, 28, 12, 4, 25, 6, 15, 5, 24, 48, 38, 37, 40, 39, 36, 35, 34, 44, 46, 16, 29, 50, 20, 23, 30, 42, 7, 2, 21, 17, 3, 18, 31, 22]

Individual 32:
  Route length: 7661
  Contribution to Diversity: 5.5252898254920524e-05
  Route: [1, 49, 32, 45, 19, 41, 8, 9, 10, 43, 33, 51, 11, 52, 14, 13, 47, 26, 27, 28, 12, 25, 4, 6, 15, 5, 24, 37, 48, 38, 40, 39, 36, 35, 34, 46, 44, 16, 29, 50, 20, 23, 30, 2, 7, 42, 21, 17, 3, 18, 31, 22]

Individual 33:
  Route length: 7690
  Contribution to Diversity: 0.0010301208128478123
  Route: [1, 32, 49, 45, 19, 41, 8, 9, 10, 43, 33, 51, 11, 52, 14, 13, 47, 26, 27, 28, 12, 25, 4, 6, 5, 15, 24, 48, 38, 37, 40, 39, 36, 35, 34, 46, 44, 16, 29, 50, 20, 23, 30, 2, 7, 42, 21, 17, 3, 18, 31, 22]

Individual 34:
  Route length: 7690
  Contribution to Diversity: 0.0004054717872756797
  Route: [1, 49, 32, 45, 19, 41, 8, 9, 10, 43, 33, 51, 11, 52, 14, 13, 47, 26, 27, 28, 12, 25, 4, 6, 15, 5, 37, 38, 24, 48, 40, 39, 36, 35, 34, 46, 44, 16, 29, 50, 20, 23, 30, 2, 7, 42, 21, 17, 3, 18, 31, 22]

Individual 35:
  Route length: 7646
  Contribution to Diversity: 0
  Route: [1, 49, 32, 45, 19, 41, 8, 9, 10, 43, 33, 51, 11, 52, 14, 13, 47, 26, 27, 28, 12, 25, 4, 6, 15, 5, 48, 38, 37, 24, 40, 39, 36, 35, 34, 44, 46, 16, 29, 50, 20, 23, 30, 2, 7, 42, 21, 17, 3, 18, 31, 22]

Individual 36:
  Route length: 7619
  Contribution to Diversity: 0
  Route: [1, 32, 49, 45, 19, 41, 8, 9, 10, 43, 33, 51, 11, 52, 14, 13, 47, 26, 27, 28, 12, 25, 4, 6, 15, 5, 24, 48, 38, 40, 37, 39, 36, 35, 34, 44, 46, 16, 29, 50, 20, 23, 30, 2, 7, 42, 21, 17, 3, 18, 31, 22]

Individual 37:
  Route length: 7577
  Contribution to Diversity: 0
  Route: [1, 49, 32, 45, 19, 41, 8, 9, 10, 43, 33, 51, 11, 52, 13, 14, 47, 26, 27, 28, 12, 25, 4, 6, 15, 5, 48, 24, 38, 37, 40, 39, 35, 36, 34, 44, 46, 16, 29, 50, 20, 23, 30, 2, 7, 42, 21, 17, 3, 18, 31, 22]

Individual 38:
  Route length: 7650
  Contribution to Diversity: 0
  Route: [1, 49, 32, 45, 19, 41, 8, 9, 10, 43, 33, 51, 11, 52, 13, 14, 47, 26, 27, 28, 12, 25, 4, 6, 15, 5, 24, 48, 38, 40, 37, 39, 36, 35, 34, 44, 46, 16, 29, 50, 23, 20, 30, 2, 7, 42, 21, 17, 3, 18, 31, 22]

Individual 39:
  Route length: 7590
  Contribution to Diversity: 0
  Route: [1, 49, 32, 45, 19, 41, 8, 9, 10, 43, 33, 51, 11, 52, 14, 13, 47, 26, 27, 28, 12, 25, 4, 6, 5, 15, 38, 48, 24, 37, 40, 39, 36, 35, 34, 44, 46, 16, 29, 50, 20, 23, 30, 2, 7, 42, 21, 17, 3, 18, 31, 22]

Individual 40:
  Route length: 7680
  Contribution to Diversity: 0
  Route: [1, 49, 32, 45, 19, 41, 8, 9, 10, 43, 33, 51, 11, 52, 14, 13, 47, 26, 27, 28, 12, 4, 25, 6, 15, 5, 24, 48, 38, 37, 40, 39, 36, 34, 35, 44, 46, 16, 29, 50, 20, 23, 30, 2, 7, 42, 21, 17, 3, 18, 31, 22]

Individual 41:
  Route length: 7558
  Contribution to Diversity: 0
  Route: [1, 49, 32, 45, 19, 41, 8, 9, 10, 43, 33, 51, 11, 52, 14, 13, 47, 26, 27, 28, 12, 25, 4, 6, 15, 5, 48, 24, 38, 40, 37, 39, 36, 35, 34, 44, 46, 16, 29, 50, 20, 23, 30, 2, 7, 42, 21, 17, 3, 18, 31, 22]

Individual 42:
  Route length: 7690
  Contribution to Diversity: 0.0005230643796307888
  Route: [1, 49, 32, 19, 45, 41, 8, 9, 10, 43, 33, 51, 11, 52, 14, 13, 47, 26, 27, 28, 12, 25, 4, 6, 15, 5, 24, 48, 38, 40, 37, 39, 36, 35, 34, 44, 46, 16, 29, 50, 20, 23, 30, 2, 7, 42, 21, 17, 3, 18, 31, 22]

Individual 43:
  Route length: 7679
  Contribution to Diversity: 0
  Route: [1, 49, 32, 45, 19, 41, 8, 9, 10, 43, 33, 51, 11, 52, 14, 13, 47, 26, 27, 28, 12, 25, 4, 6, 15, 5, 24, 48, 38, 37, 40, 39, 36, 34, 35, 44, 46, 16, 29, 50, 23, 20, 30, 2, 7, 42, 21, 17, 3, 18, 31, 22]

Individual 44:
  Route length: 7667
  Contribution to Diversity: 0.000334755188747593
  Route: [1, 49, 32, 45, 19, 41, 8, 9, 10, 43, 33, 51, 11, 52, 14, 13, 47, 26, 27, 28, 12, 25, 4, 6, 15, 5, 24, 48, 40, 38, 37, 39, 36, 35, 34, 44, 46, 16, 29, 50, 20, 23, 30, 2, 7, 42, 21, 17, 3, 31, 18, 22]

Individual 45:
  Route length: 7677
  Contribution to Diversity: 0
  Route: [1, 49, 32, 45, 19, 41, 8, 9, 10, 43, 33, 51, 11, 52, 14, 13, 47, 26, 27, 28, 12, 25, 4, 6, 15, 5, 24, 48, 37, 38, 40, 39, 36, 35, 34, 44, 46, 16, 29, 50, 20, 23, 30, 2, 42, 7, 21, 17, 3, 18, 31, 22]

Individual 46:
  Route length: 7690
  Contribution to Diversity: 0
  Route: [1, 49, 32, 45, 19, 41, 8, 9, 10, 43, 33, 51, 11, 52, 14, 13, 47, 26, 27, 28, 12, 25, 4, 6, 15, 5, 24, 48, 38, 39, 36, 35, 34, 37, 40, 44, 46, 16, 29, 50, 20, 23, 30, 2, 7, 42, 21, 17, 3, 18, 31, 22]

Individual 47:
  Route length: 7671
  Contribution to Diversity: 0.00018554466236953004
  Route: [1, 49, 32, 45, 19, 41, 8, 9, 10, 43, 33, 51, 11, 52, 13, 14, 47, 26, 27, 28, 12, 25, 4, 6, 15, 5, 48, 24, 38, 37, 34, 35, 36, 39, 40, 44, 46, 16, 29, 50, 20, 23, 30, 2, 7, 42, 21, 17, 3, 18, 31, 22]

Individual 48:
  Route length: 7678
  Contribution to Diversity: 0.0007313139760425358
  Route: [1, 49, 32, 45, 19, 41, 8, 9, 10, 43, 33, 51, 11, 52, 14, 13, 47, 26, 27, 28, 12, 25, 4, 6, 5, 15, 38, 48, 24, 37, 40, 35, 36, 39, 34, 44, 46, 16, 29, 50, 20, 23, 30, 2, 7, 42, 21, 17, 3, 18, 31, 22]

Individual 49:
  Route length: 7645
  Contribution to Diversity: 2.0389686737232182e-05
  Route: [1, 32, 49, 45, 19, 41, 8, 9, 10, 43, 33, 51, 11, 52, 14, 13, 47, 26, 27, 28, 12, 25, 4, 6, 5, 15, 48, 24, 38, 37, 40, 39, 36, 35, 34, 44, 46, 16, 29, 50, 20, 23, 30, 2, 7, 42, 21, 17, 3, 18, 31, 22]

Individual 50:
  Route length: 7652
  Contribution to Diversity: 0.0004975523551919991
  Route: [1, 49, 32, 45, 19, 41, 8, 9, 10, 43, 33, 51, 11, 52, 14, 13, 47, 26, 27, 28, 12, 25, 4, 6, 15, 5, 48, 24, 38, 37, 40, 39, 34, 35, 36, 44, 46, 16, 29, 20, 50, 23, 30, 2, 7, 42, 21, 17, 3, 18, 31, 22]

Individual 51:
  Route length: 7677
  Contribution to Diversity: 0.0005964020326141295
  Route: [1, 49, 32, 45, 19, 41, 8, 9, 10, 43, 33, 51, 11, 52, 14, 13, 47, 26, 27, 28, 12, 4, 25, 6, 15, 5, 24, 48, 37, 38, 40, 39, 36, 35, 34, 44, 46, 16, 29, 50, 20, 23, 30, 42, 7, 2, 21, 17, 3, 18, 31, 22]

Individual 52:
  Route length: 7665
  Contribution to Diversity: 7.840938717595947e-05
  Route: [1, 49, 32, 45, 19, 41, 8, 9, 10, 43, 33, 51, 11, 52, 14, 13, 47, 26, 27, 28, 12, 25, 4, 6, 48, 24, 5, 15, 38, 37, 40, 36, 39, 35, 34, 44, 46, 16, 29, 50, 20, 23, 30, 2, 7, 42, 21, 17, 3, 18, 31, 22]

Individual 53:
  Route length: 7683
  Contribution to Diversity: 0.0005911031759069374
  Route: [1, 49, 32, 45, 19, 41, 8, 9, 10, 43, 33, 51, 11, 52, 14, 13, 47, 26, 27, 28, 12, 4, 25, 6, 15, 5, 48, 24, 38, 37, 40, 39, 36, 35, 34, 44, 46, 16, 29, 50, 20, 23, 30, 42, 7, 2, 21, 17, 3, 18, 31, 22]

Individual 54:
  Route length: 7632
  Contribution to Diversity: 0
  Route: [1, 49, 32, 45, 19, 41, 8, 9, 10, 43, 33, 51, 11, 52, 14, 13, 47, 26, 27, 28, 12, 25, 4, 6, 15, 5, 24, 48, 38, 37, 40, 36, 35, 39, 34, 44, 46, 16, 29, 50, 20, 23, 30, 2, 7, 42, 21, 17, 3, 18, 31, 22]

Individual 55:
  Route length: 7674
  Contribution to Diversity: 0
  Route: [1, 49, 32, 45, 19, 41, 8, 9, 10, 43, 33, 51, 11, 52, 14, 13, 47, 26, 27, 28, 12, 25, 4, 6, 24, 37, 38, 48, 5, 15, 40, 39, 36, 35, 34, 44, 46, 16, 29, 50, 20, 23, 30, 2, 7, 42, 21, 17, 3, 18, 31, 22]

Individual 56:
  Route length: 7585
  Contribution to Diversity: 0
  Route: [1, 49, 32, 45, 19, 41, 8, 9, 10, 43, 33, 51, 11, 52, 14, 13, 47, 26, 27, 28, 12, 25, 4, 6, 48, 24, 5, 15, 38, 37, 40, 39, 36, 35, 34, 44, 46, 16, 29, 50, 20, 23, 30, 2, 7, 42, 21, 17, 3, 18, 31, 22]

Individual 57:
  Route length: 7627
  Contribution to Diversity: 0
  Route: [1, 49, 32, 45, 19, 41, 8, 9, 10, 43, 33, 51, 11, 52, 14, 13, 47, 26, 27, 28, 12, 25, 4, 6, 15, 5, 24, 37, 48, 38, 40, 39, 35, 36, 34, 44, 46, 16, 29, 50, 20, 23, 30, 2, 7, 42, 21, 17, 3, 18, 31, 22]

Individual 58:
  Route length: 7666
  Contribution to Diversity: 8.615562293190493e-05
  Route: [49, 1, 32, 45, 19, 41, 8, 9, 10, 43, 33, 51, 11, 52, 14, 13, 47, 26, 27, 28, 12, 25, 4, 6, 15, 5, 24, 48, 38, 37, 40, 39, 36, 34, 35, 44, 46, 16, 29, 50, 20, 23, 30, 2, 7, 42, 21, 17, 3, 18, 31, 22]

Individual 59:
  Route length: 7649
  Contribution to Diversity: 0
  Route: [1, 49, 32, 45, 19, 41, 8, 9, 10, 43, 33, 51, 11, 52, 14, 13, 47, 26, 27, 28, 12, 25, 4, 6, 15, 5, 48, 40, 38, 24, 37, 39, 36, 35, 34, 44, 46, 16, 29, 50, 20, 23, 30, 2, 7, 42, 21, 17, 3, 18, 31, 22]

Individual 60:
  Route length: 7542
  Contribution to Diversity: 0
  Route: [1, 49, 32, 45, 19, 41, 8, 9, 10, 43, 33, 51, 11, 52, 14, 13, 47, 26, 27, 28, 12, 25, 4, 6, 15, 5, 24, 48, 38, 37, 40, 39, 36, 35, 34, 44, 46, 16, 29, 50, 20, 23, 30, 2, 7, 42, 21, 17, 3, 18, 31, 22]

Individual 61:
  Route length: 7687
  Contribution to Diversity: 0.00014412222569326616
  Route: [1, 49, 32, 45, 19, 41, 8, 9, 10, 43, 33, 51, 11, 52, 14, 13, 47, 26, 27, 28, 12, 25, 48, 24, 5, 15, 6, 4, 38, 37, 40, 39, 36, 35, 34, 44, 46, 16, 29, 50, 20, 23, 30, 2, 7, 42, 21, 17, 3, 18, 31, 22]

Individual 62:
  Route length: 7610
  Contribution to Diversity: 0
  Route: [1, 49, 32, 45, 19, 41, 8, 9, 10, 43, 33, 51, 11, 52, 14, 13, 47, 26, 27, 28, 12, 25, 4, 6, 15, 5, 38, 48, 24, 40, 37, 39, 36, 35, 34, 44, 46, 16, 29, 50, 20, 23, 30, 2, 7, 42, 21, 17, 3, 18, 31, 22]

Individual 63:
  Route length: 7641
  Contribution to Diversity: 5.173829567528543e-05
  Route: [31, 18, 3, 17, 21, 42, 7, 2, 30, 23, 50, 20, 29, 16, 46, 44, 36, 35, 34, 39, 40, 37, 38, 48, 24, 5, 15, 6, 4, 25, 12, 28, 27, 26, 47, 13, 14, 52, 11, 51, 33, 43, 10, 9, 8, 41, 19, 45, 32, 49, 1, 22]

Individual 64:
  Route length: 7691
  Contribution to Diversity: 0.0003242330123658377
  Route: [31, 18, 3, 17, 21, 42, 7, 2, 30, 23, 20, 50, 29, 16, 46, 44, 34, 35, 39, 40, 37, 38, 48, 24, 5, 15, 6, 4, 25, 12, 28, 27, 26, 47, 13, 14, 52, 11, 51, 33, 43, 10, 9, 8, 41, 19, 45, 32, 36, 49, 1, 22]

Individual 65:
  Route length: 7683
  Contribution to Diversity: 0
  Route: [1, 49, 32, 45, 19, 41, 8, 9, 10, 43, 33, 51, 11, 52, 14, 13, 47, 26, 27, 28, 12, 25, 4, 6, 15, 5, 48, 24, 38, 37, 40, 39, 36, 35, 34, 44, 46, 16, 29, 50, 20, 23, 30, 2, 42, 7, 21, 17, 3, 18, 31, 22]

Individual 66:
  Route length: 7691
  Contribution to Diversity: 0.0008688959493907689
  Route: [1, 49, 32, 45, 19, 41, 8, 9, 10, 43, 33, 51, 11, 52, 13, 14, 47, 26, 27, 28, 12, 25, 4, 6, 5, 15, 48, 24, 38, 37, 34, 35, 36, 39, 40, 44, 46, 16, 29, 50, 20, 23, 30, 2, 7, 42, 21, 17, 3, 18, 31, 22]

Individual 67:
  Route length: 7676
  Contribution to Diversity: 0.0008794802156444348
  Route: [1, 49, 32, 45, 19, 41, 8, 9, 10, 43, 33, 51, 11, 52, 14, 13, 47, 26, 27, 28, 12, 25, 4, 6, 15, 5, 48, 40, 38, 24, 37, 39, 36, 35, 34, 44, 46, 16, 29, 50, 20, 23, 30, 42, 7, 2, 21, 17, 3, 18, 31, 22]

Individual 68:
  Route length: 7660
  Contribution to Diversity: 0.0005230508490923214
  Route: [1, 31, 18, 3, 17, 21, 42, 7, 2, 30, 23, 20, 50, 29, 16, 46, 44, 34, 35, 36, 39, 40, 37, 48, 38, 24, 5, 15, 6, 4, 25, 12, 28, 27, 26, 47, 13, 14, 52, 11, 51, 33, 43, 10, 9, 8, 41, 19, 45, 32, 49, 22]

Individual 69:
  Route length: 7654
  Contribution to Diversity: 0
  Route: [1, 32, 49, 45, 19, 41, 8, 9, 10, 43, 33, 51, 11, 52, 14, 13, 47, 26, 27, 28, 12, 25, 4, 6, 15, 5, 24, 48, 38, 40, 37, 39, 36, 34, 35, 44, 46, 16, 29, 50, 20, 23, 30, 2, 7, 42, 21, 17, 3, 18, 31, 22]

Individual 70:
  Route length: 7684
  Contribution to Diversity: 0.0005117987009644054
  Route: [1, 49, 32, 45, 19, 41, 8, 9, 10, 43, 33, 51, 11, 52, 14, 13, 47, 26, 27, 28, 12, 25, 4, 6, 15, 5, 24, 48, 38, 37, 40, 36, 35, 39, 34, 44, 46, 16, 29, 20, 50, 23, 30, 2, 7, 42, 21, 17, 3, 18, 31, 22]

Individual 71:
  Route length: 7685
  Contribution to Diversity: 0.0007427358042013665
  Route: [1, 49, 32, 45, 19, 41, 8, 9, 10, 43, 33, 51, 11, 52, 13, 14, 47, 26, 27, 28, 12, 25, 4, 6, 15, 5, 24, 48, 38, 40, 37, 39, 36, 34, 35, 44, 46, 16, 29, 50, 23, 20, 30, 2, 7, 42, 21, 17, 3, 18, 31, 22]

Individual 72:
  Route length: 7668
  Contribution to Diversity: 0.00031160768991700394
  Route: [1, 32, 49, 45, 19, 41, 8, 9, 10, 43, 33, 51, 11, 52, 14, 13, 47, 26, 27, 28, 12, 25, 4, 6, 5, 24, 48, 15, 38, 37, 40, 39, 36, 35, 34, 44, 46, 16, 29, 50, 20, 23, 30, 2, 7, 42, 21, 17, 3, 18, 31, 22]

Individual 73:
  Route length: 7653
  Contribution to Diversity: 0.000990650797734638
  Route: [1, 49, 32, 45, 19, 41, 8, 9, 10, 43, 33, 51, 11, 52, 13, 14, 47, 26, 27, 28, 12, 25, 4, 6, 15, 5, 48, 24, 38, 37, 40, 39, 34, 35, 36, 44, 46, 16, 29, 20, 50, 23, 30, 2, 7, 42, 21, 17, 3, 18, 31, 22]

Individual 74:
  Route length: 7680
  Contribution to Diversity: 0.0008698518873799799
  Route: [1, 32, 49, 45, 19, 41, 8, 9, 10, 43, 33, 51, 11, 52, 14, 13, 47, 26, 27, 28, 12, 25, 4, 6, 5, 15, 24, 48, 38, 37, 40, 39, 34, 35, 36, 44, 46, 16, 29, 50, 20, 23, 30, 2, 7, 42, 21, 17, 3, 18, 31, 22]

Individual 75:
  Route length: 7648
  Contribution to Diversity: 0
  Route: [1, 49, 32, 45, 19, 41, 8, 9, 10, 43, 33, 51, 11, 52, 14, 13, 47, 26, 27, 28, 12, 25, 4, 6, 38, 48, 24, 5, 15, 37, 40, 39, 36, 35, 34, 44, 46, 16, 29, 50, 20, 23, 30, 2, 7, 42, 21, 17, 3, 18, 31, 22]

Individual 76:
  Route length: 7581
  Contribution to Diversity: 0
  Route: [1, 49, 32, 45, 19, 41, 8, 9, 10, 43, 33, 51, 11, 52, 14, 13, 47, 26, 27, 28, 12, 25, 4, 6, 15, 5, 48, 24, 38, 40, 37, 39, 35, 36, 34, 44, 46, 16, 29, 50, 20, 23, 30, 2, 7, 42, 21, 17, 3, 18, 31, 22]

Individual 77:
  Route length: 7691
  Contribution to Diversity: 0.000276957202324013
  Route: [1, 49, 32, 45, 19, 41, 8, 9, 10, 43, 33, 51, 11, 52, 13, 14, 47, 26, 27, 28, 12, 25, 4, 6, 15, 5, 24, 48, 38, 39, 36, 35, 34, 37, 40, 44, 46, 16, 29, 50, 20, 23, 30, 2, 7, 42, 21, 17, 3, 18, 31, 22]

Individual 78:
  Route length: 7649
  Contribution to Diversity: 0
  Route: [1, 49, 32, 45, 19, 41, 8, 9, 10, 43, 33, 51, 11, 52, 14, 13, 47, 26, 27, 28, 12, 25, 4, 6, 15, 5, 24, 48, 38, 34, 35, 36, 39, 40, 37, 46, 44, 16, 29, 50, 20, 23, 30, 2, 7, 42, 21, 17, 3, 18, 31, 22]

Individual 79:
  Route length: 7635
  Contribution to Diversity: 0
  Route: [1, 49, 32, 45, 19, 41, 8, 9, 10, 43, 33, 51, 11, 52, 14, 13, 47, 26, 27, 28, 12, 25, 4, 6, 15, 5, 48, 38, 24, 40, 37, 39, 36, 35, 34, 44, 46, 16, 29, 50, 20, 23, 30, 2, 7, 42, 21, 17, 3, 18, 31, 22]

Individual 80:
  Route length: 7689
  Contribution to Diversity: 0
  Route: [31, 18, 3, 17, 21, 42, 7, 2, 30, 23, 20, 50, 29, 16, 46, 35, 34, 44, 36, 39, 40, 37, 38, 48, 24, 5, 15, 6, 4, 25, 12, 28, 27, 26, 47, 13, 14, 52, 11, 51, 33, 43, 10, 9, 8, 41, 19, 45, 32, 49, 1, 22]

Individual 81:
  Route length: 7688
  Contribution to Diversity: 0.0006766555295225629
  Route: [32, 45, 19, 41, 8, 9, 10, 43, 33, 51, 11, 52, 14, 13, 47, 26, 27, 28, 12, 25, 4, 6, 15, 5, 24, 48, 37, 38, 40, 39, 36, 35, 34, 44, 46, 16, 29, 50, 20, 23, 30, 2, 7, 42, 21, 17, 3, 18, 31, 49, 1, 22]

Individual 82:
  Route length: 7659
  Contribution to Diversity: 6.833410628903636e-05
  Route: [1, 49, 32, 45, 19, 41, 8, 9, 10, 43, 33, 51, 11, 52, 13, 14, 47, 26, 27, 28, 12, 25, 4, 6, 15, 40, 38, 48, 24, 5, 37, 39, 36, 35, 34, 44, 46, 16, 29, 50, 20, 23, 30, 2, 7, 42, 21, 17, 3, 18, 31, 22]

Individual 83:
  Route length: 7673
  Contribution to Diversity: 0.0006866338154303264
  Route: [1, 49, 32, 45, 19, 41, 8, 9, 10, 43, 33, 51, 11, 52, 13, 14, 47, 26, 27, 28, 12, 25, 4, 6, 15, 5, 24, 48, 38, 40, 37, 39, 35, 36, 34, 44, 46, 16, 29, 50, 23, 20, 30, 2, 7, 42, 21, 17, 3, 18, 31, 22]

Individual 84:
  Route length: 7692
  Contribution to Diversity: 0.001539608886327315
  Route: [1, 49, 32, 45, 19, 41, 8, 9, 10, 43, 33, 51, 11, 52, 14, 13, 47, 26, 27, 28, 12, 25, 4, 15, 6, 5, 48, 24, 38, 37, 40, 39, 34, 35, 36, 44, 46, 16, 29, 20, 50, 23, 30, 2, 7, 42, 21, 17, 3, 18, 31, 22]

Individual 85:
  Route length: 7683
  Contribution to Diversity: 0.0005911031759069374
  Route: [31, 18, 3, 17, 21, 2, 7, 42, 30, 23, 20, 50, 29, 16, 46, 44, 34, 35, 36, 39, 40, 37, 38, 24, 48, 5, 15, 6, 25, 4, 12, 28, 27, 26, 47, 13, 14, 52, 11, 51, 33, 43, 10, 9, 8, 41, 19, 45, 32, 49, 1, 22]

Individual 86:
  Route length: 7632
  Contribution to Diversity: 0.0003015094126341822
  Route: [1, 49, 32, 45, 19, 41, 8, 9, 10, 43, 33, 51, 11, 52, 13, 14, 47, 26, 27, 28, 12, 25, 4, 6, 24, 48, 15, 5, 37, 38, 40, 39, 36, 35, 34, 44, 46, 16, 29, 50, 20, 23, 30, 2, 7, 42, 21, 17, 3, 18, 31, 22]

Individual 87:
  Route length: 7657
  Contribution to Diversity: 0
  Route: [1, 32, 49, 45, 19, 41, 8, 9, 10, 43, 33, 51, 11, 52, 14, 13, 47, 26, 27, 28, 12, 25, 4, 6, 48, 24, 5, 15, 38, 37, 40, 39, 36, 35, 34, 44, 46, 16, 29, 50, 20, 23, 30, 2, 7, 42, 21, 17, 3, 18, 31, 22]

Individual 88:
  Route length: 7633
  Contribution to Diversity: 3.9737217763402555e-05
  Route: [1, 49, 32, 45, 19, 41, 8, 9, 10, 43, 33, 51, 11, 52, 14, 13, 47, 26, 27, 28, 12, 25, 4, 6, 15, 5, 38, 48, 24, 40, 37, 39, 35, 36, 34, 44, 46, 16, 29, 50, 20, 23, 30, 2, 7, 42, 21, 17, 3, 18, 31, 22]

Individual 89:
  Route length: 7649
  Contribution to Diversity: 0.00018381243284171234
  Route: [1, 49, 32, 45, 19, 41, 8, 9, 10, 43, 33, 51, 11, 52, 14, 13, 47, 26, 27, 28, 12, 25, 4, 6, 15, 5, 24, 37, 48, 38, 40, 39, 34, 36, 35, 44, 46, 16, 29, 50, 20, 23, 30, 2, 7, 42, 21, 17, 3, 18, 31, 22]

Individual 90:
  Route length: 7686
  Contribution to Diversity: 0.0012102745798481251
  Route: [1, 49, 32, 45, 19, 8, 41, 9, 10, 43, 33, 51, 11, 52, 14, 13, 47, 26, 27, 28, 12, 25, 4, 6, 15, 48, 24, 5, 38, 40, 37, 39, 36, 35, 34, 44, 46, 16, 29, 50, 20, 23, 30, 2, 7, 42, 21, 17, 3, 18, 31, 22]

Individual 91:
  Route length: 7676
  Contribution to Diversity: 0
  Route: [1, 49, 32, 45, 19, 41, 8, 9, 10, 43, 33, 51, 11, 52, 14, 13, 47, 26, 27, 28, 12, 25, 15, 6, 4, 5, 24, 48, 38, 37, 40, 39, 36, 35, 34, 44, 46, 16, 29, 50, 20, 23, 30, 2, 7, 42, 21, 17, 3, 18, 31, 22]

Individual 92:
  Route length: 7680
  Contribution to Diversity: 0.0004676613987157907
  Route: [1, 49, 32, 45, 19, 41, 8, 9, 10, 43, 33, 51, 11, 52, 14, 13, 47, 26, 27, 28, 12, 25, 4, 6, 15, 5, 48, 24, 40, 38, 37, 39, 36, 35, 34, 44, 46, 16, 29, 50, 20, 23, 30, 2, 7, 42, 21, 17, 3, 31, 18, 22]

Individual 93:
  Route length: 7685
  Contribution to Diversity: 0.0012038059995767014
  Route: [1, 49, 32, 45, 19, 41, 8, 9, 10, 43, 33, 51, 11, 52, 13, 14, 47, 26, 27, 28, 12, 25, 4, 6, 15, 5, 24, 48, 38, 40, 37, 39, 36, 35, 34, 44, 46, 16, 20, 23, 50, 29, 30, 2, 7, 42, 21, 17, 3, 18, 31, 22]

Individual 94:
  Route length: 7686
  Contribution to Diversity: 0.0013136521378864785
  Route: [1, 49, 32, 45, 19, 41, 8, 10, 9, 43, 33, 51, 11, 52, 14, 13, 47, 26, 27, 28, 12, 25, 4, 6, 15, 5, 24, 48, 40, 37, 38, 39, 36, 35, 34, 44, 46, 16, 29, 50, 20, 23, 30, 2, 7, 42, 21, 17, 3, 18, 31, 22]

Individual 95:
  Route length: 7658
  Contribution to Diversity: 0
  Route: [1, 49, 32, 45, 19, 41, 8, 9, 10, 43, 33, 51, 11, 52, 14, 13, 47, 26, 27, 28, 12, 25, 4, 6, 15, 5, 48, 38, 24, 40, 37, 39, 35, 36, 34, 44, 46, 16, 29, 50, 20, 23, 30, 2, 7, 42, 21, 17, 3, 18, 31, 22]

Individual 96:
  Route length: 7649
  Contribution to Diversity: 0
  Route: [31, 18, 3, 17, 21, 42, 7, 2, 30, 23, 20, 50, 29, 16, 44, 46, 37, 40, 39, 36, 35, 34, 38, 48, 24, 5, 15, 6, 4, 25, 12, 28, 27, 26, 47, 13, 14, 52, 11, 51, 33, 43, 10, 9, 8, 41, 19, 45, 32, 49, 1, 22]

Individual 97:
  Route length: 7673
  Contribution to Diversity: 0.0013111755887145193
  Route: [1, 49, 32, 45, 19, 41, 8, 9, 10, 43, 33, 51, 11, 52, 13, 14, 47, 26, 27, 28, 12, 25, 4, 24, 48, 5, 15, 6, 38, 37, 40, 39, 35, 36, 34, 44, 46, 16, 29, 50, 20, 23, 30, 2, 7, 42, 21, 17, 3, 18, 31, 22]

Individual 98:
  Route length: 7689
  Contribution to Diversity: 0.0008382478022337381
  Route: [31, 18, 3, 17, 21, 42, 7, 2, 30, 23, 20, 50, 29, 16, 44, 46, 37, 40, 39, 36, 35, 34, 38, 48, 24, 5, 6, 15, 4, 25, 12, 28, 27, 26, 47, 13, 14, 52, 11, 51, 33, 43, 10, 9, 8, 41, 19, 45, 32, 49, 1, 22]

Individual 99:
  Route length: 7547
  Contribution to Diversity: 0
  Route: [1, 49, 32, 45, 19, 41, 8, 9, 10, 43, 33, 51, 11, 52, 14, 13, 47, 26, 27, 28, 12, 25, 4, 6, 15, 5, 24, 48, 38, 40, 37, 39, 36, 35, 34, 44, 46, 16, 29, 50, 20, 23, 30, 2, 7, 42, 21, 17, 3, 18, 31, 22]

Total Entropy H: 4.242661498997758
