Individual 0:
  Route length: 8271
  Contribution to Diversity: 0.0020197179340053495
  Route: [35, 36, 40, 44, 46, 16, 29, 50, 20, 23, 31, 18, 3, 17, 21, 42, 7, 2, 30, 34, 39, 37, 38, 15, 5, 24, 48, 6, 4, 25, 12, 28, 27, 26, 47, 13, 14, 52, 11, 51, 33, 43, 9, 10, 8, 41, 19, 45, 32, 49, 1, 22]

Individual 1:
  Route length: 8265
  Contribution to Diversity: 0.004754545919598563
  Route: [1, 32, 49, 15, 48, 37, 38, 6, 24, 5, 4, 25, 12, 28, 27, 47, 26, 13, 14, 52, 11, 51, 33, 43, 10, 9, 8, 41, 19, 45, 40, 39, 36, 35, 34, 44, 46, 16, 50, 29, 20, 23, 30, 2, 7, 42, 21, 17, 3, 18, 31, 22]

Individual 2:
  Route length: 8277
  Contribution to Diversity: 0.0051194039102382405
  Route: [1, 49, 32, 45, 19, 41, 8, 10, 9, 43, 33, 51, 11, 52, 13, 14, 47, 26, 27, 28, 12, 25, 4, 6, 48, 24, 5, 15, 38, 37, 39, 44, 46, 16, 29, 50, 30, 2, 7, 42, 21, 17, 3, 18, 31, 23, 20, 34, 40, 36, 35, 22]

Individual 3:
  Route length: 8295
  Contribution to Diversity: 0.011831617969954245
  Route: [18, 3, 17, 42, 2, 7, 30, 23, 20, 50, 29, 16, 46, 44, 34, 39, 36, 35, 38, 37, 40, 48, 24, 5, 15, 6, 4, 25, 11, 52, 13, 14, 47, 26, 27, 28, 12, 51, 33, 43, 10, 9, 8, 41, 19, 45, 32, 49, 1, 21, 31, 22]

Individual 4:
  Route length: 8271
  Contribution to Diversity: 0.00474710577741444
  Route: [31, 18, 3, 17, 21, 42, 7, 2, 30, 29, 50, 20, 23, 49, 40, 37, 48, 38, 39, 34, 44, 46, 16, 24, 5, 15, 6, 4, 25, 12, 28, 27, 26, 47, 13, 14, 52, 11, 51, 33, 43, 10, 9, 8, 41, 19, 45, 32, 35, 36, 1, 22]

Individual 5:
  Route length: 8271
  Contribution to Diversity: 0.001849127404363493
  Route: [21, 42, 2, 7, 30, 23, 20, 50, 29, 16, 46, 44, 34, 40, 36, 35, 39, 38, 37, 24, 48, 5, 15, 6, 4, 25, 12, 28, 27, 26, 47, 13, 14, 52, 11, 51, 33, 43, 10, 9, 8, 41, 19, 45, 31, 3, 17, 18, 1, 49, 32, 22]

Individual 6:
  Route length: 8292
  Contribution to Diversity: 0.0023411397951882407
  Route: [32, 49, 1, 17, 3, 18, 45, 19, 41, 8, 9, 10, 43, 33, 51, 12, 28, 27, 26, 47, 14, 13, 52, 11, 25, 4, 15, 6, 5, 24, 48, 38, 37, 40, 39, 34, 36, 35, 44, 46, 16, 29, 50, 20, 23, 30, 2, 7, 42, 21, 31, 22]

Individual 7:
  Route length: 8253
  Contribution to Diversity: 0.008705746258484304
  Route: [1, 23, 36, 34, 35, 49, 39, 32, 45, 19, 41, 8, 9, 10, 43, 33, 51, 11, 52, 13, 14, 47, 26, 27, 28, 12, 25, 6, 4, 15, 5, 48, 24, 38, 40, 37, 44, 46, 16, 20, 50, 29, 30, 2, 7, 42, 21, 17, 3, 18, 31, 22]

Individual 8:
  Route length: 8278
  Contribution to Diversity: 0.010617768568203623
  Route: [1, 32, 49, 45, 19, 41, 8, 9, 10, 43, 33, 51, 11, 52, 14, 13, 26, 47, 27, 28, 12, 25, 4, 48, 5, 6, 38, 24, 15, 37, 40, 39, 36, 34, 35, 44, 46, 16, 50, 29, 20, 23, 30, 42, 7, 2, 21, 18, 3, 17, 31, 22]

Individual 9:
  Route length: 8276
  Contribution to Diversity: 0.0015973436604985736
  Route: [32, 49, 34, 35, 36, 39, 40, 38, 48, 24, 5, 6, 15, 37, 4, 25, 12, 28, 27, 26, 47, 14, 13, 52, 11, 51, 33, 43, 10, 9, 41, 8, 19, 45, 46, 44, 16, 50, 29, 20, 23, 30, 2, 7, 42, 21, 17, 3, 18, 31, 1, 22]

Individual 10:
  Route length: 8276
  Contribution to Diversity: 0.010769528640162562
  Route: [1, 39, 38, 24, 48, 5, 15, 4, 6, 25, 12, 28, 27, 26, 47, 13, 14, 52, 11, 51, 33, 43, 10, 9, 8, 41, 19, 45, 32, 40, 37, 36, 35, 49, 34, 44, 46, 16, 50, 20, 23, 29, 30, 21, 42, 7, 2, 17, 3, 18, 31, 22]

Individual 11:
  Route length: 8229
  Contribution to Diversity: 0
  Route: [21, 42, 2, 7, 30, 23, 20, 50, 29, 16, 46, 44, 34, 40, 36, 35, 39, 37, 38, 24, 48, 5, 15, 6, 4, 25, 12, 28, 27, 26, 47, 13, 14, 52, 11, 51, 33, 43, 10, 9, 8, 41, 19, 45, 31, 3, 17, 18, 1, 49, 32, 22]

Individual 12:
  Route length: 8271
  Contribution to Diversity: 0
  Route: [1, 34, 49, 35, 36, 32, 45, 19, 41, 8, 9, 10, 43, 33, 51, 11, 52, 14, 13, 47, 26, 27, 28, 12, 25, 5, 48, 24, 38, 40, 6, 4, 15, 37, 39, 44, 46, 16, 23, 20, 50, 29, 30, 2, 7, 42, 21, 17, 3, 18, 31, 22]

Individual 13:
  Route length: 8265
  Contribution to Diversity: 0.0017128105446166941
  Route: [21, 42, 7, 2, 30, 23, 20, 50, 29, 16, 46, 44, 34, 35, 36, 40, 39, 37, 38, 5, 24, 15, 6, 48, 4, 25, 12, 28, 27, 26, 47, 14, 13, 52, 11, 51, 33, 43, 10, 9, 8, 41, 19, 45, 17, 3, 32, 49, 1, 18, 31, 22]

Individual 14:
  Route length: 8286
  Contribution to Diversity: 0.011459829477483474
  Route: [32, 49, 34, 36, 39, 40, 24, 38, 37, 48, 5, 6, 15, 4, 25, 12, 28, 47, 26, 27, 13, 14, 52, 11, 51, 33, 43, 10, 9, 41, 8, 19, 45, 35, 44, 46, 16, 50, 29, 20, 23, 30, 7, 2, 42, 21, 17, 3, 18, 31, 1, 22]

Individual 15:
  Route length: 8261
  Contribution to Diversity: 0
  Route: [1, 34, 49, 39, 37, 15, 4, 6, 40, 38, 24, 48, 5, 25, 12, 28, 27, 26, 47, 13, 14, 52, 11, 51, 33, 43, 10, 9, 8, 41, 19, 45, 32, 36, 35, 44, 46, 16, 23, 20, 50, 29, 30, 2, 7, 42, 21, 17, 3, 18, 31, 22]

Individual 16:
  Route length: 8278
  Contribution to Diversity: 0.006995093768623839
  Route: [1, 32, 49, 45, 19, 41, 8, 9, 10, 43, 33, 51, 11, 52, 14, 13, 26, 47, 27, 28, 12, 25, 4, 5, 48, 6, 37, 38, 24, 15, 40, 39, 36, 34, 35, 44, 46, 16, 50, 29, 20, 23, 30, 2, 7, 42, 21, 18, 3, 17, 31, 22]

Individual 17:
  Route length: 8234
  Contribution to Diversity: 0.001314386275863555
  Route: [32, 49, 34, 35, 36, 39, 40, 38, 37, 24, 5, 6, 15, 48, 4, 25, 12, 28, 27, 26, 47, 14, 13, 52, 11, 51, 33, 43, 10, 9, 41, 8, 19, 45, 31, 18, 3, 17, 21, 42, 7, 2, 30, 23, 20, 29, 50, 16, 44, 46, 1, 22]

Individual 18:
  Route length: 8218
  Contribution to Diversity: 0.002635574602255275
  Route: [1, 49, 32, 45, 19, 41, 10, 9, 8, 43, 33, 51, 11, 52, 14, 13, 47, 26, 27, 28, 12, 4, 25, 6, 15, 5, 24, 48, 38, 40, 39, 36, 35, 34, 37, 46, 44, 16, 29, 50, 20, 42, 7, 2, 30, 23, 21, 17, 3, 18, 31, 22]

Individual 19:
  Route length: 8247
  Contribution to Diversity: 0.0006308519869646645
  Route: [1, 49, 32, 45, 19, 41, 10, 9, 8, 43, 33, 51, 11, 52, 14, 13, 47, 26, 27, 28, 12, 4, 25, 6, 15, 5, 24, 48, 38, 40, 34, 35, 36, 39, 37, 46, 44, 16, 29, 50, 20, 42, 7, 2, 30, 23, 21, 17, 3, 18, 31, 22]

Total Entropy H: 4.649774352856445
