Individual 0:
  Route length: 8288
  Contribution to Diversity: 0.0003338082184054514
  Route: [1, 49, 32, 45, 19, 41, 8, 9, 10, 43, 33, 51, 11, 52, 14, 27, 26, 47, 13, 28, 12, 25, 4, 6, 15, 5, 48, 38, 24, 37, 40, 39, 36, 35, 34, 44, 20, 50, 29, 16, 46, 23, 30, 2, 7, 42, 21, 17, 3, 18, 31, 22]

Individual 1:
  Route length: 8254
  Contribution to Diversity: -7.583716974046695e-05
  Route: [1, 49, 19, 45, 32, 41, 8, 9, 10, 43, 33, 51, 11, 52, 14, 13, 47, 26, 27, 28, 12, 25, 4, 15, 6, 5, 24, 48, 38, 37, 40, 44, 35, 34, 36, 39, 46, 16, 29, 50, 20, 23, 30, 42, 7, 2, 21, 17, 3, 18, 31, 22]

Individual 2:
  Route length: 8264
  Contribution to Diversity: 0.0002334428794110721
  Route: [1, 49, 32, 45, 8, 41, 19, 10, 9, 43, 33, 51, 11, 52, 14, 13, 27, 26, 47, 28, 12, 25, 4, 6, 15, 5, 24, 48, 38, 37, 40, 39, 36, 35, 34, 44, 46, 16, 29, 50, 20, 23, 30, 2, 42, 7, 17, 3, 21, 18, 31, 22]

Individual 3:
  Route length: 8294
  Contribution to Diversity: 0.00032565913883075837
  Route: [1, 32, 49, 45, 19, 41, 8, 9, 10, 43, 33, 51, 11, 52, 14, 13, 47, 26, 27, 28, 12, 25, 15, 6, 4, 5, 38, 40, 39, 48, 24, 37, 36, 16, 44, 34, 35, 46, 29, 50, 20, 23, 30, 2, 7, 42, 21, 17, 3, 18, 31, 22]

Individual 4:
  Route length: 8293
  Contribution to Diversity: 0.0006705016032553246
  Route: [1, 49, 19, 45, 32, 41, 8, 9, 10, 43, 33, 51, 11, 52, 14, 13, 47, 26, 27, 28, 12, 25, 4, 5, 6, 15, 24, 48, 38, 37, 40, 39, 36, 35, 34, 44, 46, 16, 29, 50, 20, 23, 21, 42, 7, 2, 30, 17, 3, 18, 31, 22]

Individual 5:
  Route length: 8289
  Contribution to Diversity: 7.678891856421899e-05
  Route: [1, 32, 49, 45, 19, 41, 8, 9, 10, 43, 33, 51, 11, 52, 14, 13, 47, 26, 27, 28, 12, 4, 25, 5, 38, 6, 24, 15, 48, 37, 40, 39, 36, 46, 35, 34, 44, 16, 20, 50, 29, 23, 30, 2, 7, 42, 21, 17, 3, 18, 31, 22]

Individual 6:
  Route length: 8292
  Contribution to Diversity: 0.00014731284885360907
  Route: [1, 49, 32, 45, 19, 41, 8, 9, 10, 43, 33, 11, 51, 52, 14, 13, 47, 26, 27, 28, 12, 25, 4, 6, 15, 5, 38, 37, 40, 48, 24, 44, 34, 36, 35, 39, 46, 16, 29, 50, 20, 23, 30, 7, 2, 42, 21, 17, 3, 18, 31, 22]

Individual 7:
  Route length: 8274
  Contribution to Diversity: 0.0004101440119965716
  Route: [1, 49, 32, 45, 19, 41, 8, 9, 10, 43, 33, 51, 11, 52, 14, 13, 47, 26, 27, 28, 12, 25, 6, 40, 15, 4, 37, 38, 5, 48, 24, 39, 36, 35, 34, 44, 50, 29, 16, 46, 20, 23, 30, 2, 7, 42, 21, 17, 3, 18, 31, 22]

Individual 8:
  Route length: 8292
  Contribution to Diversity: 0.0005246309248061465
  Route: [1, 49, 32, 10, 9, 41, 8, 19, 45, 43, 33, 51, 11, 52, 14, 13, 47, 28, 27, 26, 12, 25, 4, 6, 15, 5, 24, 48, 38, 37, 40, 39, 36, 35, 34, 44, 46, 16, 29, 50, 20, 23, 30, 2, 7, 42, 21, 17, 3, 18, 31, 22]

Individual 9:
  Route length: 8291
  Contribution to Diversity: 0.00024755376073581914
  Route: [1, 49, 32, 45, 19, 41, 9, 10, 8, 43, 33, 51, 11, 52, 14, 47, 13, 26, 27, 28, 12, 25, 6, 4, 15, 38, 48, 24, 5, 37, 40, 39, 36, 34, 35, 44, 46, 16, 29, 50, 20, 23, 30, 21, 2, 7, 42, 17, 3, 18, 31, 22]

Individual 10:
  Route length: 8294
  Contribution to Diversity: 7.128244077225787e-05
  Route: [1, 49, 32, 45, 19, 41, 8, 9, 10, 43, 33, 11, 51, 52, 14, 13, 47, 26, 27, 28, 12, 25, 4, 6, 15, 5, 40, 37, 38, 48, 24, 44, 34, 36, 35, 39, 46, 16, 29, 50, 20, 23, 30, 7, 2, 42, 21, 17, 3, 18, 31, 22]

Individual 11:
  Route length: 8255
  Contribution to Diversity: 0.00046872192526858925
  Route: [1, 49, 32, 45, 19, 41, 8, 9, 10, 43, 33, 51, 11, 52, 13, 14, 47, 26, 27, 28, 12, 25, 4, 15, 6, 5, 40, 48, 24, 38, 37, 39, 36, 35, 34, 46, 44, 20, 50, 29, 16, 23, 30, 2, 7, 42, 31, 18, 3, 17, 21, 22]

Individual 12:
  Route length: 8283
  Contribution to Diversity: 0.000319848430664571
  Route: [1, 49, 32, 45, 8, 41, 19, 10, 9, 43, 33, 51, 11, 52, 14, 13, 27, 26, 47, 28, 12, 25, 4, 6, 5, 15, 24, 48, 38, 37, 40, 39, 36, 35, 34, 44, 46, 16, 29, 50, 20, 23, 30, 2, 42, 7, 17, 3, 21, 18, 31, 22]

Individual 13:
  Route length: 8296
  Contribution to Diversity: 0.0005745303536759394
  Route: [1, 49, 32, 45, 19, 41, 8, 9, 10, 43, 33, 51, 11, 52, 14, 13, 47, 26, 27, 28, 12, 25, 6, 40, 5, 15, 4, 48, 38, 37, 24, 39, 36, 34, 35, 44, 50, 29, 46, 16, 20, 23, 30, 2, 7, 42, 21, 17, 3, 18, 31, 22]

Individual 14:
  Route length: 8263
  Contribution to Diversity: -2.0622404184322818e-05
  Route: [1, 49, 32, 45, 41, 19, 8, 9, 10, 43, 33, 51, 11, 52, 14, 13, 27, 28, 12, 26, 47, 25, 4, 15, 5, 6, 24, 48, 40, 37, 38, 36, 39, 35, 34, 44, 46, 16, 29, 50, 20, 23, 30, 2, 7, 42, 21, 17, 3, 18, 31, 22]

Individual 15:
  Route length: 8296
  Contribution to Diversity: 0.00029152093876749774
  Route: [1, 49, 32, 45, 19, 41, 8, 9, 10, 43, 33, 51, 11, 52, 14, 13, 47, 26, 27, 28, 12, 25, 4, 15, 6, 24, 38, 37, 5, 48, 40, 39, 36, 35, 34, 46, 44, 20, 50, 29, 16, 23, 30, 2, 7, 42, 31, 18, 3, 17, 21, 22]

Individual 16:
  Route length: 8281
  Contribution to Diversity: 0.0004247263655008382
  Route: [1, 32, 49, 45, 19, 41, 8, 9, 10, 43, 33, 51, 11, 52, 14, 13, 47, 26, 27, 28, 12, 4, 25, 5, 38, 6, 24, 15, 37, 48, 40, 39, 36, 34, 35, 46, 44, 16, 20, 50, 29, 23, 30, 42, 7, 2, 21, 17, 3, 18, 31, 22]

Individual 17:
  Route length: 8291
  Contribution to Diversity: 5.50263347198765e-05
  Route: [1, 49, 32, 45, 8, 41, 19, 9, 10, 43, 33, 51, 11, 52, 14, 13, 27, 26, 47, 28, 12, 25, 4, 6, 5, 15, 39, 37, 38, 48, 24, 40, 34, 35, 36, 44, 46, 16, 29, 50, 20, 23, 30, 2, 7, 42, 17, 21, 3, 18, 31, 22]

Individual 18:
  Route length: 8272
  Contribution to Diversity: -4.2169986763873624e-05
  Route: [1, 49, 32, 45, 8, 41, 19, 9, 10, 43, 33, 51, 11, 52, 14, 13, 27, 47, 26, 28, 12, 25, 4, 6, 5, 15, 39, 37, 38, 48, 24, 40, 34, 35, 36, 44, 46, 16, 29, 50, 20, 23, 30, 2, 7, 42, 17, 21, 3, 18, 31, 22]

Individual 19:
  Route length: 8292
  Contribution to Diversity: 0.0007374750181936562
  Route: [1, 49, 32, 45, 19, 41, 8, 9, 10, 43, 33, 51, 11, 52, 13, 14, 47, 27, 26, 28, 12, 25, 4, 5, 38, 37, 6, 15, 48, 24, 40, 39, 35, 36, 34, 44, 46, 16, 29, 23, 50, 20, 30, 7, 2, 42, 17, 21, 3, 18, 31, 22]

Individual 20:
  Route length: 8296
  Contribution to Diversity: 6.969276916102274e-05
  Route: [1, 49, 32, 45, 19, 41, 8, 10, 9, 43, 33, 51, 11, 52, 13, 14, 47, 26, 27, 28, 12, 25, 4, 6, 15, 24, 5, 48, 38, 39, 40, 37, 35, 36, 34, 46, 16, 29, 44, 20, 50, 30, 23, 42, 7, 2, 21, 17, 3, 18, 31, 22]

Individual 21:
  Route length: 8265
  Contribution to Diversity: 0.00026422431230344046
  Route: [1, 49, 32, 45, 19, 41, 8, 9, 10, 43, 33, 51, 11, 52, 14, 13, 47, 26, 27, 28, 12, 48, 25, 24, 6, 4, 15, 5, 38, 40, 37, 39, 35, 36, 46, 34, 44, 16, 23, 20, 50, 29, 30, 2, 7, 42, 21, 17, 3, 18, 31, 22]

Individual 22:
  Route length: 8280
  Contribution to Diversity: 0.00013104902065919077
  Route: [1, 49, 32, 45, 19, 41, 10, 9, 8, 43, 33, 51, 11, 52, 14, 13, 47, 26, 27, 28, 12, 25, 4, 6, 5, 38, 48, 24, 15, 37, 44, 46, 36, 34, 35, 40, 39, 16, 29, 50, 20, 23, 30, 42, 2, 7, 21, 17, 3, 18, 31, 22]

Individual 23:
  Route length: 8288
  Contribution to Diversity: 0.00021869572879484878
  Route: [1, 49, 32, 45, 19, 8, 41, 9, 10, 33, 43, 51, 11, 52, 14, 13, 47, 26, 27, 28, 12, 25, 4, 5, 15, 6, 24, 48, 38, 40, 46, 44, 35, 37, 34, 39, 36, 16, 29, 50, 20, 23, 30, 2, 7, 42, 21, 17, 3, 18, 31, 22]

Individual 24:
  Route length: 8293
  Contribution to Diversity: 0.0001605454218918112
  Route: [1, 32, 49, 45, 19, 41, 8, 9, 10, 43, 33, 51, 11, 52, 14, 13, 47, 26, 27, 28, 12, 25, 15, 6, 4, 5, 38, 40, 39, 48, 24, 37, 36, 44, 16, 34, 35, 46, 29, 50, 20, 23, 30, 2, 7, 42, 21, 17, 3, 18, 31, 22]

Individual 25:
  Route length: 8294
  Contribution to Diversity: 0.0005156177830896169
  Route: [1, 32, 49, 45, 19, 41, 8, 9, 10, 43, 33, 51, 11, 52, 13, 14, 47, 26, 27, 28, 12, 4, 25, 5, 6, 38, 24, 15, 48, 34, 36, 39, 40, 37, 35, 46, 44, 16, 20, 50, 29, 23, 30, 2, 7, 42, 21, 17, 3, 18, 31, 22]

Individual 26:
  Route length: 8266
  Contribution to Diversity: 0.0004029228047324196
  Route: [1, 49, 32, 45, 19, 41, 8, 9, 10, 43, 33, 51, 11, 52, 14, 13, 47, 26, 27, 12, 28, 25, 4, 24, 15, 5, 6, 48, 40, 38, 37, 35, 36, 39, 34, 44, 46, 16, 29, 50, 20, 23, 30, 2, 7, 42, 31, 21, 17, 3, 18, 22]

Individual 27:
  Route length: 8257
  Contribution to Diversity: 3.54699523636981e-05
  Route: [1, 49, 32, 45, 19, 41, 10, 9, 8, 43, 33, 51, 11, 52, 14, 13, 47, 26, 27, 28, 12, 25, 4, 6, 15, 38, 48, 24, 5, 37, 34, 36, 35, 40, 39, 44, 46, 16, 29, 23, 20, 50, 30, 21, 2, 7, 42, 17, 3, 18, 31, 22]

Individual 28:
  Route length: 8294
  Contribution to Diversity: 0.0002186597674143087
  Route: [1, 49, 32, 45, 8, 10, 9, 41, 19, 43, 33, 51, 11, 52, 14, 13, 47, 26, 27, 28, 12, 25, 4, 6, 15, 38, 48, 24, 5, 37, 36, 34, 39, 40, 35, 44, 46, 16, 20, 23, 50, 29, 30, 42, 2, 7, 21, 17, 3, 18, 31, 22]

Individual 29:
  Route length: 8291
  Contribution to Diversity: -4.109556596532116e-05
  Route: [1, 32, 49, 45, 19, 41, 8, 9, 10, 43, 33, 51, 11, 52, 14, 13, 47, 26, 28, 27, 12, 4, 25, 6, 38, 24, 5, 15, 48, 37, 40, 39, 36, 44, 35, 34, 46, 16, 20, 50, 23, 29, 30, 2, 7, 42, 21, 17, 3, 18, 31, 22]

Individual 30:
  Route length: 8293
  Contribution to Diversity: 6.544743827507915e-05
  Route: [1, 32, 49, 45, 19, 41, 8, 9, 10, 43, 33, 51, 11, 52, 14, 13, 47, 26, 27, 28, 12, 4, 25, 5, 6, 38, 24, 15, 48, 34, 36, 39, 40, 37, 35, 46, 44, 16, 20, 50, 29, 23, 30, 2, 7, 42, 21, 17, 3, 18, 31, 22]

Individual 31:
  Route length: 8281
  Contribution to Diversity: 0.00011883938325052412
  Route: [1, 49, 32, 45, 19, 8, 41, 9, 10, 33, 43, 51, 11, 52, 14, 13, 47, 26, 27, 28, 12, 25, 4, 5, 15, 6, 24, 48, 37, 40, 38, 35, 44, 46, 34, 39, 36, 16, 29, 50, 20, 23, 30, 2, 7, 42, 21, 17, 3, 18, 31, 22]

Individual 32:
  Route length: 8279
  Contribution to Diversity: 1.633897359454295e-05
  Route: [1, 49, 32, 45, 19, 41, 8, 9, 10, 43, 33, 51, 11, 52, 14, 13, 47, 26, 27, 28, 12, 48, 15, 6, 4, 25, 24, 5, 38, 37, 46, 44, 34, 39, 40, 36, 35, 16, 20, 23, 50, 29, 30, 7, 2, 42, 21, 17, 3, 18, 31, 22]

Individual 33:
  Route length: 8289
  Contribution to Diversity: 7.582519311366553e-05
  Route: [1, 49, 32, 45, 8, 41, 19, 9, 10, 43, 33, 51, 11, 52, 14, 13, 27, 26, 47, 28, 12, 25, 4, 6, 5, 15, 39, 37, 38, 24, 48, 40, 34, 35, 36, 44, 46, 16, 29, 50, 20, 23, 30, 2, 7, 42, 17, 21, 3, 18, 31, 22]

Individual 34:
  Route length: 8283
  Contribution to Diversity: 0.00014292186048958655
  Route: [1, 49, 32, 45, 19, 41, 8, 9, 10, 43, 33, 51, 11, 52, 13, 14, 47, 26, 27, 12, 28, 25, 4, 6, 15, 38, 24, 5, 48, 40, 39, 35, 36, 37, 34, 44, 46, 16, 29, 50, 20, 23, 30, 2, 7, 42, 18, 3, 17, 21, 31, 22]

Individual 35:
  Route length: 8286
  Contribution to Diversity: 0.0003639431307957963
  Route: [1, 49, 32, 45, 41, 19, 8, 9, 10, 43, 33, 51, 11, 52, 13, 14, 47, 28, 27, 26, 12, 25, 4, 15, 6, 5, 24, 48, 36, 35, 38, 37, 40, 39, 34, 44, 46, 16, 29, 50, 20, 23, 30, 42, 7, 2, 21, 17, 3, 18, 31, 22]

Individual 36:
  Route length: 8290
  Contribution to Diversity: 0.0005371564924745442
  Route: [1, 49, 32, 45, 19, 41, 8, 9, 10, 33, 43, 51, 11, 52, 14, 13, 26, 47, 27, 28, 12, 25, 4, 15, 5, 6, 48, 24, 38, 37, 35, 46, 44, 34, 40, 39, 36, 16, 29, 50, 20, 23, 30, 2, 7, 42, 21, 17, 3, 18, 31, 22]

Individual 37:
  Route length: 8294
  Contribution to Diversity: 0.00022210709551107044
  Route: [1, 49, 32, 45, 19, 41, 8, 9, 10, 43, 33, 51, 11, 52, 13, 14, 47, 26, 27, 12, 28, 25, 4, 6, 15, 48, 5, 24, 38, 39, 36, 35, 37, 40, 34, 44, 46, 16, 29, 50, 20, 23, 30, 2, 7, 42, 18, 3, 17, 21, 31, 22]

Individual 38:
  Route length: 8267
  Contribution to Diversity: 0.00017474932400052268
  Route: [1, 49, 32, 45, 19, 41, 8, 9, 10, 43, 33, 51, 11, 52, 13, 14, 47, 26, 27, 28, 12, 15, 5, 6, 4, 25, 24, 48, 38, 39, 40, 36, 37, 35, 34, 44, 46, 16, 50, 20, 23, 30, 29, 42, 7, 2, 21, 17, 3, 18, 31, 22]

Individual 39:
  Route length: 8281
  Contribution to Diversity: 0.00028083269482337414
  Route: [1, 49, 32, 45, 10, 9, 8, 41, 19, 43, 33, 51, 11, 52, 14, 13, 47, 26, 27, 28, 12, 25, 4, 6, 15, 5, 24, 48, 38, 37, 40, 39, 35, 36, 34, 44, 46, 16, 23, 20, 50, 29, 30, 2, 7, 42, 18, 3, 17, 21, 31, 22]

Individual 40:
  Route length: 8277
  Contribution to Diversity: 0.0002260194484700051
  Route: [1, 49, 32, 45, 19, 41, 8, 10, 9, 43, 33, 51, 11, 52, 13, 14, 47, 26, 27, 28, 12, 25, 4, 5, 15, 6, 24, 38, 48, 39, 40, 37, 36, 35, 34, 44, 29, 16, 46, 20, 50, 30, 23, 21, 42, 7, 2, 17, 3, 18, 31, 22]

Individual 41:
  Route length: 8246
  Contribution to Diversity: 0.0006094163509020589
  Route: [1, 32, 49, 45, 19, 8, 41, 9, 10, 33, 43, 51, 11, 52, 14, 13, 47, 26, 27, 28, 12, 25, 4, 5, 15, 6, 24, 48, 37, 40, 38, 35, 44, 36, 39, 34, 46, 16, 29, 50, 20, 23, 30, 2, 7, 42, 21, 17, 3, 18, 31, 22]

Individual 42:
  Route length: 8269
  Contribution to Diversity: 0.00015864742709581492
  Route: [1, 32, 49, 45, 19, 41, 8, 9, 10, 43, 33, 51, 11, 52, 14, 13, 47, 26, 28, 27, 12, 25, 4, 6, 38, 24, 5, 15, 48, 37, 39, 40, 36, 44, 35, 34, 46, 16, 20, 50, 23, 29, 30, 42, 2, 7, 21, 17, 3, 18, 31, 22]

Individual 43:
  Route length: 8282
  Contribution to Diversity: 0.00014009371518408642
  Route: [1, 49, 32, 45, 10, 9, 8, 41, 19, 43, 33, 51, 11, 52, 14, 13, 47, 26, 27, 28, 12, 25, 4, 6, 24, 48, 38, 15, 5, 39, 36, 34, 37, 40, 35, 44, 46, 16, 23, 20, 50, 29, 30, 42, 7, 2, 21, 17, 3, 18, 31, 22]

Individual 44:
  Route length: 8293
  Contribution to Diversity: 0.0004465052419906357
  Route: [1, 49, 32, 45, 19, 41, 8, 10, 9, 43, 33, 51, 11, 52, 13, 14, 47, 26, 27, 28, 12, 25, 4, 5, 15, 6, 24, 40, 39, 38, 48, 37, 36, 35, 34, 44, 29, 16, 46, 20, 50, 30, 23, 21, 42, 7, 2, 17, 3, 18, 31, 22]

Individual 45:
  Route length: 8266
  Contribution to Diversity: 0.00019106225275766775
  Route: [1, 49, 32, 45, 19, 41, 8, 10, 9, 43, 33, 51, 11, 52, 13, 14, 47, 26, 27, 28, 12, 25, 4, 6, 15, 24, 5, 48, 38, 39, 37, 40, 35, 36, 34, 46, 16, 29, 30, 20, 50, 44, 23, 42, 7, 2, 21, 17, 3, 18, 31, 22]

Individual 46:
  Route length: 8284
  Contribution to Diversity: 7.989053638279842e-05
  Route: [1, 32, 49, 45, 19, 41, 8, 9, 10, 43, 33, 51, 11, 52, 14, 13, 47, 26, 28, 27, 12, 25, 4, 6, 38, 24, 5, 15, 48, 37, 44, 36, 35, 40, 39, 34, 46, 16, 20, 50, 23, 29, 30, 2, 7, 42, 21, 17, 3, 18, 31, 22]

Individual 47:
  Route length: 8286
  Contribution to Diversity: 4.771801764302808e-05
  Route: [1, 49, 32, 45, 19, 41, 8, 9, 10, 43, 33, 51, 11, 52, 14, 13, 47, 26, 27, 28, 12, 15, 48, 6, 4, 25, 24, 5, 38, 37, 46, 44, 34, 35, 39, 40, 36, 16, 29, 50, 23, 20, 30, 7, 2, 42, 21, 17, 3, 18, 31, 22]

Individual 48:
  Route length: 8288
  Contribution to Diversity: 0.0008022724908487433
  Route: [1, 49, 32, 45, 8, 41, 19, 10, 9, 43, 33, 51, 11, 52, 14, 13, 27, 26, 47, 28, 12, 25, 4, 6, 5, 15, 24, 48, 37, 38, 40, 39, 36, 35, 34, 44, 46, 16, 29, 50, 20, 23, 30, 2, 42, 7, 17, 3, 21, 18, 31, 22]

Individual 49:
  Route length: 8291
  Contribution to Diversity: 0.0002818616532209717
  Route: [1, 49, 32, 45, 19, 41, 8, 9, 10, 43, 33, 51, 11, 52, 13, 14, 47, 26, 27, 12, 28, 25, 4, 6, 5, 48, 15, 24, 38, 37, 36, 35, 39, 40, 34, 44, 46, 16, 29, 50, 20, 23, 30, 2, 7, 42, 18, 3, 17, 21, 31, 22]

Individual 50:
  Route length: 8212
  Contribution to Diversity: 0.0002764135052331085
  Route: [1, 49, 32, 45, 19, 41, 8, 10, 9, 43, 33, 51, 11, 52, 13, 14, 47, 26, 27, 28, 12, 25, 4, 5, 15, 6, 24, 48, 39, 38, 40, 37, 36, 35, 34, 44, 29, 16, 46, 50, 20, 30, 23, 21, 42, 7, 2, 17, 3, 18, 31, 22]

Individual 51:
  Route length: 8283
  Contribution to Diversity: 0.0005902640599986242
  Route: [1, 49, 32, 45, 10, 9, 8, 41, 19, 43, 33, 51, 11, 52, 13, 14, 47, 26, 27, 28, 12, 25, 4, 6, 24, 48, 38, 15, 5, 39, 36, 34, 37, 40, 35, 44, 46, 16, 23, 20, 50, 29, 30, 42, 7, 2, 21, 17, 3, 18, 31, 22]

Individual 52:
  Route length: 8204
  Contribution to Diversity: 0.0003474422498337404
  Route: [1, 49, 32, 45, 19, 41, 8, 10, 9, 43, 33, 51, 11, 52, 13, 14, 47, 26, 27, 28, 12, 25, 4, 48, 24, 6, 15, 5, 38, 39, 37, 40, 36, 35, 34, 44, 29, 16, 46, 50, 20, 30, 23, 21, 42, 7, 2, 17, 3, 18, 31, 22]

Individual 53:
  Route length: 8295
  Contribution to Diversity: 0.0005401188913793931
  Route: [1, 49, 32, 45, 19, 41, 8, 9, 10, 43, 33, 51, 11, 52, 13, 14, 47, 27, 26, 28, 12, 25, 4, 37, 48, 6, 15, 24, 38, 5, 40, 39, 35, 36, 34, 44, 46, 16, 29, 50, 23, 20, 30, 2, 7, 42, 17, 21, 3, 18, 31, 22]

Individual 54:
  Route length: 8282
  Contribution to Diversity: 0.0003494874264324821
  Route: [1, 49, 32, 45, 41, 9, 10, 8, 19, 43, 33, 51, 11, 52, 14, 13, 47, 26, 27, 28, 12, 25, 4, 6, 15, 38, 48, 24, 5, 37, 34, 36, 39, 40, 35, 44, 46, 16, 20, 23, 50, 29, 30, 42, 2, 7, 21, 17, 3, 18, 31, 22]

Individual 55:
  Route length: 8293
  Contribution to Diversity: 0.00015127571767603598
  Route: [1, 49, 32, 45, 41, 19, 8, 9, 10, 43, 33, 51, 11, 52, 14, 13, 47, 28, 27, 26, 12, 25, 4, 6, 48, 24, 5, 15, 40, 39, 35, 36, 38, 37, 34, 44, 46, 16, 29, 20, 50, 23, 30, 42, 2, 7, 21, 17, 3, 18, 31, 22]

Individual 56:
  Route length: 8280
  Contribution to Diversity: 0.00034072760437453553
  Route: [1, 49, 32, 45, 19, 41, 8, 9, 10, 43, 33, 51, 11, 52, 14, 13, 47, 26, 27, 28, 12, 25, 4, 15, 6, 24, 48, 38, 5, 40, 37, 39, 36, 34, 35, 46, 44, 20, 29, 16, 50, 23, 30, 2, 7, 42, 31, 18, 3, 17, 21, 22]

Individual 57:
  Route length: 8284
  Contribution to Diversity: 0.00014932968400938051
  Route: [1, 49, 32, 45, 19, 41, 8, 9, 10, 43, 33, 51, 11, 52, 14, 13, 47, 26, 27, 28, 12, 25, 4, 15, 6, 24, 48, 38, 5, 40, 37, 39, 34, 36, 35, 46, 44, 20, 50, 16, 29, 23, 30, 2, 7, 42, 31, 18, 3, 17, 21, 22]

Individual 58:
  Route length: 8292
  Contribution to Diversity: 0.0008850956034738289
  Route: [1, 32, 49, 45, 19, 41, 8, 10, 9, 43, 33, 51, 11, 52, 13, 14, 47, 26, 27, 28, 12, 25, 4, 5, 6, 15, 24, 48, 38, 39, 40, 37, 36, 35, 34, 44, 29, 16, 46, 20, 50, 30, 23, 21, 42, 7, 2, 17, 3, 18, 31, 22]

Individual 59:
  Route length: 8290
  Contribution to Diversity: 0.00048513675372241494
  Route: [1, 49, 32, 45, 41, 19, 8, 9, 10, 43, 33, 51, 11, 52, 14, 13, 47, 27, 28, 26, 12, 25, 4, 5, 6, 48, 24, 15, 40, 39, 35, 36, 38, 37, 34, 44, 46, 16, 29, 50, 20, 23, 30, 42, 2, 7, 21, 17, 3, 18, 31, 22]

Individual 60:
  Route length: 8265
  Contribution to Diversity: 0.00027075216297678395
  Route: [1, 49, 32, 45, 19, 41, 8, 9, 10, 43, 33, 51, 11, 26, 47, 13, 14, 52, 27, 28, 12, 25, 4, 15, 5, 24, 6, 48, 40, 37, 38, 36, 35, 39, 34, 44, 46, 16, 29, 50, 20, 23, 30, 42, 7, 2, 21, 17, 3, 18, 31, 22]

Individual 61:
  Route length: 8218
  Contribution to Diversity: 0.0004958148626439396
  Route: [1, 49, 32, 45, 19, 41, 8, 10, 9, 43, 33, 51, 11, 52, 13, 14, 47, 26, 27, 28, 12, 25, 4, 6, 15, 24, 5, 48, 38, 39, 40, 37, 35, 36, 34, 46, 16, 29, 30, 50, 20, 44, 23, 21, 2, 7, 42, 17, 3, 18, 31, 22]

Individual 62:
  Route length: 8233
  Contribution to Diversity: -9.748391190900207e-05
  Route: [1, 32, 49, 45, 19, 41, 8, 9, 10, 43, 33, 51, 11, 52, 14, 13, 47, 26, 28, 27, 12, 25, 4, 6, 38, 24, 48, 15, 5, 40, 37, 39, 36, 44, 35, 34, 46, 16, 20, 50, 23, 29, 30, 7, 2, 42, 21, 17, 3, 18, 31, 22]

Individual 63:
  Route length: 8292
  Contribution to Diversity: 0.0008720174074561271
  Route: [1, 49, 32, 45, 19, 41, 8, 9, 10, 43, 33, 51, 11, 52, 14, 13, 47, 26, 27, 28, 12, 25, 4, 6, 38, 48, 24, 5, 15, 40, 37, 39, 36, 35, 23, 16, 46, 44, 34, 50, 20, 29, 30, 21, 42, 7, 2, 17, 3, 18, 31, 22]

Individual 64:
  Route length: 8234
  Contribution to Diversity: -3.8123145196244934e-05
  Route: [1, 32, 49, 45, 19, 41, 8, 9, 10, 43, 33, 51, 11, 52, 14, 13, 47, 26, 28, 27, 12, 25, 4, 6, 38, 24, 48, 15, 5, 37, 40, 39, 44, 36, 35, 34, 46, 16, 20, 50, 23, 29, 30, 7, 2, 42, 21, 17, 3, 18, 31, 22]

Individual 65:
  Route length: 8218
  Contribution to Diversity: 0.001254848811945486
  Route: [1, 32, 49, 45, 19, 41, 8, 9, 10, 43, 33, 51, 11, 52, 14, 13, 26, 47, 27, 28, 12, 4, 25, 48, 5, 6, 38, 15, 37, 24, 40, 39, 36, 34, 35, 46, 44, 16, 29, 20, 50, 23, 30, 2, 7, 42, 21, 17, 3, 18, 31, 22]

Individual 66:
  Route length: 8279
  Contribution to Diversity: 0.0002973133791668303
  Route: [1, 49, 32, 45, 19, 41, 10, 9, 8, 43, 33, 51, 11, 52, 13, 14, 47, 26, 27, 28, 12, 25, 6, 4, 38, 15, 24, 48, 5, 37, 34, 36, 39, 40, 35, 44, 46, 16, 50, 29, 20, 23, 30, 42, 7, 2, 21, 17, 3, 18, 31, 22]

Individual 67:
  Route length: 8287
  Contribution to Diversity: 0.00027999090046471053
  Route: [1, 49, 32, 45, 8, 19, 41, 9, 10, 43, 33, 51, 11, 52, 14, 13, 27, 26, 47, 28, 12, 25, 4, 6, 5, 15, 37, 39, 38, 48, 24, 40, 34, 35, 36, 44, 46, 16, 29, 50, 20, 23, 30, 2, 7, 42, 17, 21, 3, 18, 31, 22]

Individual 68:
  Route length: 8251
  Contribution to Diversity: 0.0002491599406821976
  Route: [1, 49, 32, 45, 19, 41, 8, 9, 10, 43, 33, 51, 11, 52, 13, 14, 47, 26, 27, 28, 12, 25, 4, 15, 6, 5, 24, 48, 39, 35, 34, 38, 40, 36, 37, 44, 46, 16, 29, 30, 50, 20, 23, 7, 42, 2, 21, 17, 3, 18, 31, 22]

Individual 69:
  Route length: 8296
  Contribution to Diversity: 0.0006690068473105271
  Route: [1, 49, 32, 45, 19, 41, 8, 9, 10, 43, 33, 51, 11, 26, 47, 13, 14, 52, 27, 28, 12, 25, 4, 15, 5, 24, 6, 48, 40, 37, 38, 34, 39, 35, 36, 44, 46, 16, 29, 50, 20, 23, 30, 42, 7, 2, 21, 17, 3, 18, 31, 22]

Individual 70:
  Route length: 8251
  Contribution to Diversity: -4.4436275576487105e-05
  Route: [1, 32, 49, 45, 19, 41, 8, 9, 10, 43, 33, 51, 11, 52, 14, 13, 47, 26, 27, 28, 12, 4, 25, 48, 15, 38, 6, 5, 37, 24, 40, 39, 36, 34, 35, 46, 44, 16, 20, 29, 50, 23, 30, 2, 7, 42, 21, 17, 3, 18, 31, 22]

Individual 71:
  Route length: 8271
  Contribution to Diversity: 7.392739982847729e-05
  Route: [1, 49, 32, 45, 19, 41, 8, 9, 10, 43, 33, 51, 11, 52, 14, 13, 47, 26, 27, 28, 12, 48, 15, 6, 4, 25, 24, 5, 38, 37, 46, 44, 34, 39, 40, 36, 35, 16, 23, 20, 50, 29, 30, 7, 2, 42, 21, 17, 3, 18, 31, 22]

Individual 72:
  Route length: 8289
  Contribution to Diversity: 0.0005048912219107748
  Route: [1, 49, 32, 45, 8, 41, 19, 9, 10, 43, 33, 51, 11, 52, 14, 13, 27, 26, 47, 28, 12, 25, 4, 6, 5, 15, 37, 39, 24, 48, 38, 40, 34, 35, 36, 44, 46, 16, 29, 50, 20, 23, 30, 2, 7, 42, 17, 21, 3, 18, 31, 22]

Individual 73:
  Route length: 8271
  Contribution to Diversity: 8.236839341169144e-05
  Route: [1, 32, 49, 45, 19, 41, 8, 9, 10, 43, 33, 51, 11, 52, 14, 13, 47, 26, 27, 28, 12, 25, 15, 5, 4, 6, 24, 48, 39, 40, 38, 37, 35, 34, 44, 16, 36, 46, 29, 50, 20, 23, 30, 2, 7, 42, 21, 17, 3, 18, 31, 22]

Individual 74:
  Route length: 8274
  Contribution to Diversity: 0.0011145087038277879
  Route: [1, 32, 49, 45, 19, 41, 8, 9, 10, 43, 33, 51, 11, 52, 14, 13, 47, 26, 27, 28, 12, 4, 25, 38, 5, 6, 37, 15, 24, 48, 40, 39, 34, 36, 35, 46, 44, 16, 20, 50, 29, 23, 30, 2, 7, 42, 21, 17, 3, 18, 31, 22]

Individual 75:
  Route length: 8294
  Contribution to Diversity: 0.0003516721832808045
  Route: [1, 49, 32, 45, 19, 41, 10, 9, 8, 43, 33, 51, 11, 52, 13, 14, 47, 26, 27, 28, 12, 25, 6, 4, 24, 38, 15, 48, 5, 37, 34, 36, 39, 40, 35, 44, 46, 16, 50, 29, 20, 23, 30, 42, 7, 2, 21, 17, 3, 18, 31, 22]

Individual 76:
  Route length: 8270
  Contribution to Diversity: -7.111985119490072e-05
  Route: [1, 49, 32, 45, 8, 41, 19, 9, 10, 43, 33, 51, 11, 52, 14, 13, 27, 47, 26, 28, 12, 25, 4, 6, 5, 15, 39, 37, 38, 48, 24, 40, 34, 36, 35, 44, 46, 16, 29, 50, 20, 23, 30, 2, 7, 42, 17, 21, 3, 18, 31, 22]

Individual 77:
  Route length: 8247
  Contribution to Diversity: 0.00033096057913439836
  Route: [1, 49, 32, 45, 19, 41, 8, 9, 10, 43, 33, 51, 11, 52, 14, 13, 47, 26, 27, 28, 12, 25, 4, 15, 6, 24, 48, 38, 5, 40, 37, 39, 35, 34, 36, 46, 44, 50, 16, 29, 20, 23, 30, 2, 7, 42, 31, 18, 3, 17, 21, 22]

Individual 78:
  Route length: 8273
  Contribution to Diversity: 0.000755747268321727
  Route: [1, 49, 32, 45, 19, 41, 8, 10, 9, 43, 33, 51, 11, 52, 13, 14, 47, 26, 27, 28, 12, 25, 4, 24, 6, 15, 5, 48, 38, 39, 35, 36, 40, 37, 34, 44, 29, 16, 46, 50, 20, 30, 23, 21, 42, 7, 2, 17, 3, 18, 31, 22]

Individual 79:
  Route length: 8278
  Contribution to Diversity: 0.0008714032621055523
  Route: [1, 49, 32, 45, 19, 41, 8, 10, 9, 43, 33, 51, 11, 52, 13, 14, 47, 26, 27, 28, 12, 25, 4, 48, 24, 38, 5, 15, 6, 39, 37, 40, 36, 35, 34, 44, 29, 16, 46, 50, 20, 30, 23, 21, 42, 7, 2, 17, 3, 18, 31, 22]

Individual 80:
  Route length: 8289
  Contribution to Diversity: 0.0006688660736102747
  Route: [1, 49, 32, 45, 19, 8, 41, 9, 10, 33, 43, 51, 11, 52, 13, 14, 47, 26, 27, 28, 12, 25, 4, 5, 15, 6, 24, 48, 38, 40, 46, 44, 35, 37, 34, 39, 36, 16, 29, 50, 20, 23, 30, 2, 7, 42, 21, 17, 3, 18, 31, 22]

Individual 81:
  Route length: 8295
  Contribution to Diversity: 0.0003871028432023138
  Route: [1, 32, 49, 45, 19, 41, 8, 9, 10, 43, 33, 51, 11, 52, 14, 13, 47, 26, 27, 28, 12, 4, 25, 48, 5, 6, 38, 15, 37, 24, 40, 39, 36, 34, 35, 46, 44, 20, 16, 29, 50, 23, 30, 2, 7, 42, 21, 17, 3, 18, 31, 22]

Individual 82:
  Route length: 8274
  Contribution to Diversity: 0.0005583512890741105
  Route: [1, 49, 32, 45, 19, 41, 8, 10, 9, 43, 33, 51, 11, 52, 13, 14, 47, 26, 27, 28, 12, 25, 4, 15, 5, 24, 38, 6, 48, 39, 37, 40, 36, 35, 34, 44, 29, 16, 46, 50, 20, 30, 23, 21, 42, 7, 2, 17, 3, 18, 31, 22]

Individual 83:
  Route length: 8287
  Contribution to Diversity: 0.0003166079832901403
  Route: [1, 49, 32, 45, 19, 41, 8, 10, 9, 43, 33, 51, 11, 52, 13, 14, 47, 26, 27, 28, 12, 25, 4, 5, 15, 6, 24, 38, 39, 48, 40, 37, 36, 35, 34, 44, 29, 16, 46, 50, 20, 30, 23, 21, 42, 7, 2, 17, 3, 18, 31, 22]

Individual 84:
  Route length: 8270
  Contribution to Diversity: 0.0005151237770553152
  Route: [1, 49, 32, 45, 19, 41, 10, 9, 8, 43, 33, 51, 11, 52, 14, 13, 47, 26, 27, 28, 12, 25, 6, 4, 38, 15, 24, 48, 5, 37, 34, 35, 36, 39, 40, 44, 46, 16, 50, 23, 20, 29, 30, 42, 7, 2, 21, 17, 3, 18, 31, 22]

Individual 85:
  Route length: 8259
  Contribution to Diversity: 0.00015561470072888994
  Route: [1, 32, 49, 45, 19, 41, 8, 9, 10, 43, 33, 51, 11, 52, 14, 13, 47, 26, 28, 27, 12, 25, 4, 6, 24, 38, 5, 15, 48, 37, 39, 40, 36, 44, 35, 34, 46, 16, 20, 50, 23, 29, 30, 42, 2, 7, 21, 17, 3, 18, 31, 22]

Individual 86:
  Route length: 8258
  Contribution to Diversity: 1.0854485986477869e-05
  Route: [1, 49, 32, 45, 19, 41, 8, 9, 10, 43, 33, 51, 11, 26, 47, 14, 13, 52, 27, 28, 12, 25, 4, 24, 48, 6, 5, 15, 40, 37, 38, 35, 36, 39, 34, 44, 46, 16, 29, 50, 20, 23, 30, 42, 7, 2, 21, 17, 3, 18, 31, 22]

Individual 87:
  Route length: 8285
  Contribution to Diversity: 0.0005448689532787654
  Route: [1, 49, 32, 45, 19, 41, 8, 9, 10, 43, 33, 51, 11, 52, 14, 13, 47, 26, 27, 28, 12, 15, 48, 6, 4, 25, 24, 5, 38, 37, 46, 44, 36, 40, 39, 35, 34, 16, 29, 50, 23, 20, 30, 7, 2, 42, 21, 17, 3, 18, 31, 22]

Individual 88:
  Route length: 8238
  Contribution to Diversity: -1.2121020636080004e-05
  Route: [1, 49, 32, 45, 19, 41, 10, 9, 8, 43, 33, 51, 11, 52, 14, 13, 47, 26, 27, 28, 12, 25, 4, 6, 15, 38, 48, 24, 5, 37, 40, 35, 36, 34, 39, 44, 46, 16, 29, 23, 20, 50, 30, 21, 2, 7, 42, 17, 3, 18, 31, 22]

Individual 89:
  Route length: 8291
  Contribution to Diversity: 0.0002881432767232184
  Route: [1, 49, 32, 45, 19, 41, 10, 9, 8, 43, 33, 51, 11, 52, 13, 14, 47, 26, 27, 28, 12, 25, 6, 4, 48, 15, 38, 24, 5, 37, 34, 36, 39, 40, 35, 44, 46, 16, 50, 29, 20, 23, 30, 42, 7, 2, 21, 17, 3, 18, 31, 22]

Individual 90:
  Route length: 8256
  Contribution to Diversity: 0.0004136115231707649
  Route: [1, 49, 32, 45, 41, 19, 8, 9, 10, 43, 33, 51, 11, 52, 14, 13, 28, 27, 47, 26, 12, 25, 4, 6, 48, 15, 5, 24, 36, 35, 39, 40, 38, 37, 34, 44, 46, 16, 29, 50, 20, 23, 30, 42, 2, 7, 21, 17, 3, 18, 31, 22]

Individual 91:
  Route length: 8278
  Contribution to Diversity: 0.0003607528554612216
  Route: [1, 49, 32, 45, 19, 41, 8, 10, 9, 43, 33, 51, 11, 52, 13, 14, 47, 26, 27, 28, 12, 25, 4, 6, 15, 48, 5, 24, 38, 39, 37, 40, 35, 36, 34, 46, 16, 29, 30, 20, 50, 44, 23, 42, 7, 2, 21, 17, 3, 18, 31, 22]

Individual 92:
  Route length: 8296
  Contribution to Diversity: 0.0007524951423265591
  Route: [1, 49, 32, 45, 19, 41, 8, 9, 10, 43, 33, 51, 11, 26, 47, 14, 13, 52, 27, 28, 12, 25, 48, 24, 4, 6, 5, 15, 40, 37, 38, 35, 36, 39, 34, 44, 46, 16, 29, 50, 20, 23, 30, 42, 7, 2, 21, 17, 3, 18, 31, 22]

Individual 93:
  Route length: 8285
  Contribution to Diversity: 0.00018779993483786228
  Route: [1, 49, 32, 45, 19, 41, 8, 9, 10, 43, 33, 51, 11, 52, 14, 13, 47, 26, 27, 28, 12, 48, 6, 4, 25, 24, 15, 5, 38, 37, 46, 44, 34, 35, 36, 40, 39, 16, 20, 23, 50, 29, 30, 7, 2, 42, 21, 17, 3, 18, 31, 22]

Individual 94:
  Route length: 8271
  Contribution to Diversity: 0.00038968262878746884
  Route: [1, 49, 32, 45, 41, 19, 8, 9, 10, 43, 33, 51, 11, 52, 14, 13, 28, 27, 47, 26, 12, 25, 4, 6, 48, 15, 5, 24, 36, 37, 38, 40, 39, 35, 34, 44, 46, 16, 29, 50, 20, 23, 30, 42, 2, 7, 21, 17, 3, 18, 31, 22]

Individual 95:
  Route length: 8209
  Contribution to Diversity: 0.0006848179133793764
  Route: [1, 49, 32, 45, 19, 41, 8, 9, 10, 43, 33, 51, 11, 52, 14, 13, 47, 26, 27, 12, 28, 25, 4, 24, 40, 48, 6, 5, 15, 38, 37, 35, 36, 39, 34, 44, 46, 16, 29, 50, 20, 23, 30, 2, 7, 42, 21, 31, 17, 3, 18, 22]

Individual 96:
  Route length: 8236
  Contribution to Diversity: 0.0002498132785087037
  Route: [1, 49, 32, 45, 19, 41, 10, 9, 8, 43, 33, 51, 11, 52, 14, 13, 47, 26, 27, 28, 12, 25, 6, 4, 38, 48, 24, 15, 5, 37, 34, 35, 36, 39, 40, 44, 46, 16, 50, 23, 20, 29, 30, 42, 7, 2, 21, 17, 3, 18, 31, 22]

Individual 97:
  Route length: 8276
  Contribution to Diversity: 0.0006775786818611351
  Route: [1, 49, 32, 45, 9, 10, 8, 41, 19, 43, 33, 51, 11, 52, 14, 13, 47, 26, 27, 28, 12, 25, 4, 6, 15, 38, 48, 5, 24, 37, 34, 36, 40, 39, 35, 44, 46, 16, 23, 20, 50, 29, 30, 42, 7, 2, 21, 17, 3, 18, 31, 22]

Individual 98:
  Route length: 8251
  Contribution to Diversity: -0.0001065060985325772
  Route: [1, 32, 49, 45, 19, 41, 8, 9, 10, 43, 33, 51, 11, 52, 14, 13, 47, 26, 28, 27, 12, 4, 25, 6, 38, 15, 5, 24, 48, 37, 40, 39, 36, 44, 35, 34, 46, 16, 20, 50, 23, 29, 30, 2, 7, 42, 21, 17, 3, 18, 31, 22]

Individual 99:
  Route length: 8282
  Contribution to Diversity: 0.0003259322368194262
  Route: [1, 49, 32, 45, 19, 41, 8, 9, 10, 43, 33, 51, 11, 52, 14, 13, 47, 26, 27, 28, 12, 25, 4, 15, 6, 24, 48, 38, 5, 40, 39, 37, 35, 34, 36, 46, 44, 50, 16, 29, 20, 23, 30, 2, 7, 42, 31, 18, 3, 17, 21, 22]

Total Entropy H: 5.096916004787557
