Individual 0:
  Route length: 8253
  Contribution to Diversity: 0.004369202160938279
  Route: [1, 23, 36, 34, 35, 49, 39, 32, 45, 19, 41, 8, 9, 10, 43, 33, 51, 11, 52, 13, 14, 47, 26, 27, 28, 12, 25, 6, 4, 15, 5, 48, 24, 38, 40, 37, 44, 46, 16, 20, 50, 29, 30, 2, 7, 42, 21, 17, 3, 18, 31, 22]

Individual 1:
  Route length: 8278
  Contribution to Diversity: 0.008032938423761848
  Route: [1, 32, 49, 45, 19, 41, 8, 9, 10, 43, 33, 51, 11, 52, 14, 13, 26, 47, 27, 28, 12, 25, 4, 48, 5, 6, 38, 24, 15, 37, 40, 39, 36, 34, 35, 44, 46, 16, 50, 29, 20, 23, 30, 42, 7, 2, 21, 18, 3, 17, 31, 22]

Individual 2:
  Route length: 8245
  Contribution to Diversity: 0.007381441907508446
  Route: [1, 32, 49, 15, 48, 37, 38, 6, 24, 5, 4, 25, 12, 28, 26, 47, 27, 13, 14, 52, 11, 51, 33, 43, 10, 9, 8, 41, 19, 45, 40, 39, 36, 35, 34, 44, 46, 16, 50, 29, 20, 23, 30, 2, 7, 42, 21, 17, 3, 18, 31, 22]

Individual 3:
  Route length: 8254
  Contribution to Diversity: 0.011700648274858061
  Route: [1, 49, 32, 45, 19, 41, 8, 10, 9, 43, 33, 51, 11, 52, 13, 14, 47, 26, 27, 28, 12, 25, 4, 6, 48, 24, 5, 15, 38, 37, 39, 44, 20, 23, 31, 18, 3, 17, 21, 42, 7, 2, 30, 50, 29, 16, 46, 34, 40, 35, 36, 22]

Individual 4:
  Route length: 8288
  Contribution to Diversity: 0.0019283476458173965
  Route: [31, 18, 3, 17, 21, 42, 7, 2, 30, 29, 50, 20, 23, 49, 40, 37, 48, 38, 39, 32, 45, 19, 41, 8, 9, 10, 43, 33, 51, 11, 52, 14, 13, 47, 26, 27, 28, 12, 25, 4, 6, 15, 5, 24, 44, 46, 16, 34, 35, 36, 1, 22]

Individual 5:
  Route length: 8172
  Contribution to Diversity: 0.0029681365660882975
  Route: [1, 32, 49, 45, 19, 41, 8, 9, 10, 43, 33, 51, 11, 52, 14, 13, 26, 47, 27, 28, 12, 25, 4, 48, 5, 6, 15, 24, 38, 37, 40, 39, 36, 34, 35, 44, 46, 16, 50, 29, 20, 23, 30, 42, 7, 2, 21, 18, 3, 17, 31, 22]

Individual 6:
  Route length: 8294
  Contribution to Diversity: 0.007260609868201762
  Route: [31, 18, 3, 17, 21, 20, 50, 23, 42, 7, 2, 30, 29, 16, 44, 46, 37, 39, 36, 35, 34, 40, 38, 48, 24, 5, 15, 6, 25, 4, 12, 28, 27, 26, 47, 13, 14, 52, 11, 51, 33, 43, 8, 9, 10, 41, 19, 45, 32, 49, 1, 22]

Individual 7:
  Route length: 8265
  Contribution to Diversity: 0.002707296733053255
  Route: [18, 3, 17, 42, 7, 2, 30, 23, 20, 50, 29, 16, 46, 44, 34, 39, 36, 35, 38, 37, 40, 48, 24, 5, 15, 6, 4, 25, 51, 12, 28, 27, 26, 47, 14, 13, 52, 11, 33, 43, 10, 9, 8, 41, 19, 45, 32, 49, 1, 21, 31, 22]

Individual 8:
  Route length: 8288
  Contribution to Diversity: 0.007543457044225654
  Route: [21, 42, 2, 7, 30, 23, 20, 50, 29, 16, 46, 44, 34, 32, 45, 19, 41, 8, 9, 10, 43, 33, 51, 11, 52, 14, 13, 47, 26, 27, 28, 12, 25, 4, 6, 15, 48, 5, 24, 37, 39, 38, 40, 36, 35, 49, 1, 18, 17, 3, 31, 22]

Individual 9:
  Route length: 8202
  Contribution to Diversity: 0.00019917410662539936
  Route: [1, 49, 35, 37, 36, 40, 38, 24, 48, 5, 15, 4, 6, 25, 12, 28, 27, 26, 47, 13, 14, 52, 11, 51, 33, 43, 10, 9, 8, 41, 19, 45, 32, 39, 34, 44, 46, 16, 29, 23, 20, 50, 30, 21, 7, 2, 42, 17, 3, 18, 31, 22]

Individual 10:
  Route length: 8269
  Contribution to Diversity: 0.002168855042808282
  Route: [1, 49, 37, 40, 32, 45, 19, 8, 41, 9, 10, 43, 33, 51, 11, 52, 14, 13, 47, 26, 27, 28, 12, 25, 15, 4, 6, 5, 48, 24, 38, 39, 36, 35, 34, 44, 46, 16, 50, 20, 23, 29, 30, 21, 42, 7, 2, 17, 3, 18, 31, 22]

Individual 11:
  Route length: 8280
  Contribution to Diversity: 0.007537641486424107
  Route: [32, 45, 19, 41, 8, 9, 10, 43, 33, 51, 11, 52, 13, 14, 47, 26, 27, 28, 12, 25, 38, 40, 6, 4, 15, 5, 24, 48, 37, 44, 35, 36, 1, 49, 34, 39, 46, 16, 23, 20, 50, 29, 30, 2, 7, 42, 21, 17, 3, 18, 31, 22]

Individual 12:
  Route length: 8243
  Contribution to Diversity: 0.004752495115684319
  Route: [1, 49, 35, 37, 36, 40, 38, 15, 5, 48, 24, 4, 6, 25, 12, 28, 27, 26, 47, 13, 14, 52, 11, 51, 33, 43, 10, 9, 8, 41, 19, 45, 32, 39, 34, 44, 46, 16, 29, 23, 20, 50, 30, 21, 7, 2, 42, 17, 3, 18, 31, 22]

Individual 13:
  Route length: 8281
  Contribution to Diversity: 0.008423422939653591
  Route: [32, 49, 34, 36, 35, 46, 44, 16, 50, 29, 20, 23, 30, 2, 7, 42, 21, 17, 3, 31, 18, 45, 19, 8, 41, 9, 10, 43, 33, 51, 11, 52, 13, 14, 47, 26, 27, 28, 12, 25, 4, 48, 15, 6, 5, 24, 37, 38, 40, 39, 1, 22]

Individual 14:
  Route length: 8256
  Contribution to Diversity: 0.006075510716978982
  Route: [31, 18, 3, 17, 21, 23, 50, 20, 42, 7, 2, 30, 29, 16, 44, 46, 37, 39, 36, 35, 34, 40, 38, 48, 24, 5, 15, 6, 25, 4, 12, 28, 27, 26, 47, 13, 14, 52, 11, 51, 33, 43, 8, 10, 9, 41, 19, 45, 32, 49, 1, 22]

Individual 15:
  Route length: 8232
  Contribution to Diversity: 0.0014345101287736028
  Route: [35, 36, 40, 34, 39, 37, 38, 48, 24, 5, 15, 6, 4, 25, 12, 28, 27, 26, 47, 13, 14, 52, 11, 51, 33, 43, 9, 10, 8, 41, 19, 45, 32, 49, 30, 2, 7, 42, 21, 17, 3, 18, 31, 23, 20, 50, 29, 16, 46, 44, 1, 22]

Individual 16:
  Route length: 8271
  Contribution to Diversity: 0.001296377081716038
  Route: [32, 49, 45, 19, 8, 41, 9, 10, 43, 33, 51, 11, 52, 14, 13, 27, 26, 47, 28, 12, 25, 4, 15, 48, 6, 5, 37, 38, 24, 40, 39, 36, 34, 35, 44, 46, 16, 50, 20, 29, 23, 30, 7, 2, 42, 21, 17, 3, 18, 31, 1, 22]

Individual 17:
  Route length: 8190
  Contribution to Diversity: 0
  Route: [32, 49, 45, 19, 8, 41, 9, 10, 43, 33, 51, 11, 52, 14, 13, 27, 26, 47, 28, 12, 25, 4, 15, 48, 6, 5, 37, 38, 24, 40, 39, 36, 35, 34, 44, 46, 16, 50, 29, 20, 23, 30, 7, 2, 42, 21, 17, 3, 18, 31, 1, 22]

Individual 18:
  Route length: 8190
  Contribution to Diversity: 0
  Route: [1, 31, 18, 3, 17, 21, 42, 2, 7, 30, 23, 20, 29, 50, 16, 46, 44, 34, 35, 36, 39, 40, 24, 38, 37, 5, 6, 48, 15, 4, 25, 12, 28, 47, 26, 27, 13, 14, 52, 11, 51, 33, 43, 10, 9, 41, 8, 19, 45, 49, 32, 22]

Individual 19:
  Route length: 8277
  Contribution to Diversity: 0.004594478284465353
  Route: [18, 3, 17, 2, 7, 42, 30, 23, 20, 50, 29, 16, 46, 44, 34, 39, 36, 35, 38, 37, 40, 48, 24, 5, 15, 6, 4, 25, 51, 12, 28, 27, 26, 47, 14, 13, 52, 11, 33, 43, 10, 9, 8, 41, 19, 45, 32, 49, 1, 21, 31, 22]

Total Entropy H: 4.695473434790058
