Individual 0:
  Route length: 13074
  Contribution to Diversity: 0.0002916829562584766
  Route: [1, 49, 32, 36, 34, 44, 45, 35, 3, 31, 18, 43, 10, 9, 8, 17, 21, 42, 7, 2, 30, 40, 37, 38, 48, 24, 5, 15, 6, 4, 25, 12, 29, 23, 39, 41, 19, 50, 46, 16, 20, 33, 51, 11, 26, 47, 13, 14, 52, 27, 28, 22]

Individual 1:
  Route length: 13197
  Contribution to Diversity: 0.00043797071661710874
  Route: [1, 48, 38, 37, 40, 8, 35, 21, 42, 50, 20, 29, 7, 2, 30, 23, 16, 46, 44, 34, 17, 3, 18, 31, 43, 10, 9, 36, 39, 41, 19, 45, 32, 49, 11, 52, 14, 13, 47, 26, 27, 28, 12, 25, 4, 6, 15, 5, 24, 51, 33, 22]

Individual 2:
  Route length: 13086
  Contribution to Diversity: 0.0009834197754461371
  Route: [1, 49, 32, 45, 19, 30, 23, 20, 50, 29, 25, 12, 44, 33, 51, 11, 52, 14, 13, 47, 16, 38, 4, 6, 15, 5, 24, 48, 37, 40, 39, 36, 35, 34, 10, 9, 8, 41, 2, 7, 43, 28, 27, 26, 46, 42, 21, 17, 3, 18, 31, 22]

Individual 3:
  Route length: 13048
  Contribution to Diversity: 0.0013166202246983616
  Route: [10, 43, 33, 51, 11, 52, 14, 25, 12, 28, 27, 26, 38, 37, 40, 39, 36, 35, 34, 23, 20, 50, 29, 16, 46, 44, 21, 42, 7, 2, 30, 17, 3, 41, 8, 6, 49, 1, 9, 15, 5, 24, 48, 47, 13, 4, 32, 45, 19, 18, 31, 22]

Individual 4:
  Route length: 13012
  Contribution to Diversity: 0.001553613049749103
  Route: [1, 49, 32, 17, 3, 18, 21, 42, 40, 37, 4, 5, 24, 48, 38, 6, 15, 25, 12, 28, 29, 50, 20, 23, 30, 2, 7, 39, 36, 41, 8, 9, 10, 13, 14, 52, 11, 51, 33, 43, 47, 26, 27, 16, 34, 44, 46, 35, 19, 45, 31, 22]

Individual 5:
  Route length: 12988
  Contribution to Diversity: 0.0006419037882805512
  Route: [1, 8, 9, 10, 43, 33, 51, 11, 52, 14, 34, 35, 36, 49, 32, 45, 3, 17, 21, 42, 23, 30, 2, 7, 29, 5, 15, 6, 4, 25, 28, 12, 27, 26, 47, 13, 44, 46, 18, 50, 19, 41, 39, 40, 37, 38, 48, 24, 20, 16, 31, 22]

Individual 6:
  Route length: 13105
  Contribution to Diversity: 0.0007803740467720033
  Route: [1, 49, 32, 36, 34, 44, 45, 35, 3, 31, 18, 43, 10, 9, 8, 17, 21, 42, 7, 2, 30, 40, 37, 38, 48, 24, 5, 15, 6, 4, 25, 28, 27, 52, 14, 13, 47, 26, 11, 51, 33, 20, 16, 46, 50, 19, 41, 39, 23, 29, 12, 22]

Individual 7:
  Route length: 13050
  Contribution to Diversity: 0.00020369128327679675
  Route: [1, 49, 32, 9, 8, 41, 19, 45, 12, 46, 35, 36, 39, 40, 21, 15, 6, 4, 25, 44, 34, 16, 29, 50, 20, 23, 30, 2, 7, 42, 11, 51, 33, 43, 10, 28, 27, 26, 47, 13, 14, 52, 5, 24, 48, 38, 37, 17, 3, 18, 31, 22]

Individual 8:
  Route length: 12967
  Contribution to Diversity: 0.0006471848033564598
  Route: [1, 49, 32, 41, 36, 39, 40, 37, 38, 48, 24, 5, 4, 6, 15, 25, 12, 23, 20, 50, 29, 28, 30, 2, 7, 42, 21, 18, 3, 17, 8, 9, 10, 13, 14, 52, 11, 51, 33, 43, 47, 26, 27, 16, 34, 44, 46, 35, 19, 45, 31, 22]

Individual 9:
  Route length: 12966
  Contribution to Diversity: 0.0006689437946212351
  Route: [1, 31, 18, 45, 32, 4, 51, 33, 43, 38, 37, 40, 39, 36, 8, 41, 17, 3, 11, 12, 13, 47, 26, 27, 28, 14, 52, 25, 19, 21, 42, 7, 2, 30, 23, 20, 50, 29, 16, 46, 44, 34, 35, 9, 10, 48, 6, 15, 5, 24, 49, 22]

Individual 10:
  Route length: 13120
  Contribution to Diversity: 0.0016652624067710065
  Route: [1, 49, 32, 45, 19, 41, 8, 9, 10, 34, 35, 36, 39, 40, 46, 44, 43, 33, 50, 20, 23, 42, 7, 38, 37, 16, 29, 51, 11, 52, 14, 13, 47, 26, 27, 28, 12, 4, 15, 6, 18, 3, 17, 21, 30, 2, 48, 24, 5, 31, 25, 22]

Individual 11:
  Route length: 13087
  Contribution to Diversity: 0.0003882749196018054
  Route: [1, 49, 32, 15, 6, 4, 26, 27, 48, 2, 44, 46, 16, 24, 5, 25, 40, 39, 36, 35, 34, 38, 28, 12, 37, 42, 7, 21, 30, 47, 13, 14, 52, 11, 51, 33, 43, 10, 9, 8, 41, 19, 45, 29, 50, 20, 23, 17, 3, 18, 31, 22]

Individual 12:
  Route length: 12741
  Contribution to Diversity: 0.0006860800712757964
  Route: [1, 48, 19, 3, 17, 21, 49, 40, 37, 24, 5, 15, 6, 4, 25, 12, 28, 13, 47, 26, 27, 14, 52, 11, 51, 18, 41, 39, 38, 50, 45, 32, 42, 7, 2, 30, 23, 20, 29, 16, 46, 31, 33, 43, 10, 9, 8, 36, 35, 34, 44, 22]

Individual 13:
  Route length: 13143
  Contribution to Diversity: 0.0007652813430487626
  Route: [1, 49, 32, 25, 3, 18, 12, 28, 27, 26, 47, 13, 44, 34, 35, 15, 5, 24, 48, 38, 4, 6, 45, 30, 2, 7, 42, 21, 17, 37, 40, 39, 41, 19, 50, 36, 8, 9, 10, 43, 33, 51, 11, 52, 14, 46, 16, 29, 20, 23, 31, 22]

Individual 14:
  Route length: 13162
  Contribution to Diversity: 0.0019871542217053673
  Route: [50, 20, 23, 30, 2, 42, 7, 11, 52, 14, 13, 47, 48, 24, 16, 29, 1, 49, 32, 17, 44, 34, 35, 36, 39, 40, 37, 38, 26, 27, 28, 12, 25, 4, 6, 15, 5, 46, 3, 19, 45, 21, 51, 33, 43, 8, 9, 10, 41, 18, 31, 22]

Individual 15:
  Route length: 12647
  Contribution to Diversity: 0.0003484758111520492
  Route: [46, 18, 3, 17, 21, 42, 23, 30, 2, 7, 29, 5, 50, 32, 49, 36, 35, 34, 44, 1, 27, 26, 47, 13, 14, 52, 11, 51, 33, 8, 9, 10, 43, 28, 12, 25, 4, 6, 15, 45, 19, 41, 39, 40, 37, 38, 48, 24, 20, 16, 31, 22]

Individual 16:
  Route length: 13120
  Contribution to Diversity: 0.0012755641769484072
  Route: [1, 49, 32, 45, 7, 2, 30, 23, 29, 12, 25, 4, 6, 24, 5, 15, 48, 38, 37, 46, 44, 16, 40, 39, 41, 19, 50, 42, 21, 17, 3, 18, 31, 43, 10, 9, 8, 36, 35, 34, 20, 33, 51, 11, 26, 47, 13, 14, 52, 27, 28, 22]

Individual 17:
  Route length: 12970
  Contribution to Diversity: 0.0008465332337248554
  Route: [3, 17, 45, 19, 49, 1, 18, 31, 48, 30, 16, 29, 50, 20, 23, 40, 39, 36, 35, 34, 44, 46, 2, 7, 42, 21, 32, 41, 8, 51, 11, 52, 14, 13, 47, 10, 9, 33, 43, 15, 6, 4, 38, 37, 25, 12, 28, 27, 26, 5, 24, 22]

Individual 18:
  Route length: 13154
  Contribution to Diversity: 0.00026025482086566853
  Route: [1, 49, 32, 45, 47, 14, 13, 52, 11, 4, 36, 39, 40, 20, 23, 30, 2, 7, 42, 21, 5, 24, 46, 16, 15, 48, 38, 37, 44, 34, 35, 50, 29, 6, 51, 8, 41, 19, 10, 9, 33, 43, 26, 27, 28, 12, 25, 17, 3, 18, 31, 22]

Individual 19:
  Route length: 13141
  Contribution to Diversity: 0.001254560009271266
  Route: [1, 49, 20, 23, 30, 2, 7, 42, 21, 17, 33, 51, 11, 52, 14, 16, 29, 50, 32, 3, 18, 31, 41, 19, 45, 15, 5, 35, 34, 44, 46, 48, 12, 13, 24, 36, 37, 38, 28, 27, 26, 47, 25, 4, 6, 43, 39, 40, 10, 9, 8, 22]

Individual 20:
  Route length: 13065
  Contribution to Diversity: 0.0004620057290694035
  Route: [1, 31, 18, 45, 32, 48, 10, 9, 35, 34, 16, 29, 50, 20, 23, 30, 2, 7, 42, 21, 12, 13, 47, 26, 27, 28, 11, 52, 14, 3, 17, 25, 46, 44, 19, 41, 8, 36, 39, 40, 37, 38, 43, 33, 51, 4, 6, 15, 5, 24, 49, 22]

Individual 21:
  Route length: 13198
  Contribution to Diversity: 0.001579983728113632
  Route: [1, 24, 5, 15, 44, 46, 16, 29, 50, 28, 12, 26, 47, 13, 14, 52, 11, 33, 51, 34, 6, 4, 25, 27, 38, 48, 19, 17, 3, 18, 32, 45, 21, 42, 7, 2, 30, 23, 20, 39, 40, 37, 41, 8, 36, 35, 43, 10, 9, 49, 31, 22]

Individual 22:
  Route length: 12942
  Contribution to Diversity: 0.0001429531720003041
  Route: [1, 19, 41, 46, 44, 34, 35, 36, 8, 9, 10, 43, 49, 42, 7, 2, 30, 23, 20, 29, 16, 39, 38, 50, 45, 32, 48, 40, 37, 24, 5, 15, 6, 4, 25, 12, 28, 13, 47, 26, 27, 14, 52, 11, 51, 18, 3, 17, 21, 33, 31, 22]

Individual 23:
  Route length: 13173
  Contribution to Diversity: 0.0012889064113101867
  Route: [50, 29, 16, 46, 44, 51, 33, 43, 10, 9, 8, 25, 4, 6, 15, 18, 23, 1, 49, 32, 45, 20, 19, 41, 39, 40, 48, 38, 37, 24, 5, 28, 12, 36, 35, 34, 11, 52, 14, 13, 47, 26, 27, 3, 17, 21, 42, 7, 2, 30, 31, 22]

Individual 24:
  Route length: 13131
  Contribution to Diversity: 0.0006662365113205837
  Route: [1, 49, 32, 45, 19, 18, 3, 17, 21, 42, 7, 2, 30, 11, 52, 14, 13, 47, 26, 40, 39, 36, 35, 34, 25, 12, 28, 27, 37, 38, 48, 31, 41, 24, 5, 15, 33, 51, 9, 10, 43, 6, 4, 44, 46, 16, 29, 50, 20, 23, 8, 22]

Individual 25:
  Route length: 12715
  Contribution to Diversity: 0.00032805333651886315
  Route: [1, 24, 5, 15, 44, 46, 16, 29, 50, 28, 12, 26, 47, 13, 14, 52, 11, 33, 51, 34, 6, 4, 25, 27, 20, 23, 30, 2, 42, 7, 21, 45, 32, 18, 3, 17, 19, 9, 10, 43, 35, 36, 8, 41, 39, 40, 37, 38, 48, 49, 31, 22]

Individual 26:
  Route length: 13194
  Contribution to Diversity: 0.0008282055437769387
  Route: [1, 14, 47, 26, 27, 28, 12, 25, 4, 42, 7, 2, 21, 3, 17, 37, 45, 19, 41, 8, 9, 43, 10, 33, 51, 11, 52, 13, 49, 32, 38, 16, 29, 20, 50, 23, 40, 39, 35, 36, 34, 44, 18, 30, 6, 15, 5, 24, 48, 46, 31, 22]

Individual 27:
  Route length: 13128
  Contribution to Diversity: 0.000427058636544686
  Route: [1, 49, 32, 45, 19, 7, 44, 34, 21, 42, 46, 16, 29, 50, 20, 23, 30, 2, 41, 8, 9, 10, 43, 33, 51, 11, 52, 14, 13, 27, 47, 24, 5, 15, 17, 35, 36, 39, 40, 37, 38, 48, 26, 28, 12, 25, 4, 6, 3, 18, 31, 22]

Individual 28:
  Route length: 13029
  Contribution to Diversity: 0.0004289874328256005
  Route: [3, 17, 45, 19, 49, 2, 7, 42, 21, 32, 41, 8, 51, 11, 52, 14, 13, 47, 26, 43, 33, 9, 10, 27, 28, 12, 25, 37, 38, 23, 20, 50, 29, 16, 30, 48, 31, 18, 1, 46, 44, 34, 35, 36, 39, 40, 4, 6, 15, 5, 24, 22]

Individual 29:
  Route length: 13096
  Contribution to Diversity: 0.0015702514851474447
  Route: [1, 49, 34, 35, 5, 15, 45, 19, 41, 31, 18, 3, 32, 50, 29, 16, 14, 52, 11, 51, 33, 17, 21, 42, 7, 2, 30, 23, 20, 44, 46, 48, 12, 13, 24, 36, 37, 38, 28, 27, 26, 47, 25, 4, 6, 43, 39, 40, 10, 9, 8, 22]

Individual 30:
  Route length: 12679
  Contribution to Diversity: 0.0005102563717560571
  Route: [1, 49, 20, 23, 30, 2, 7, 42, 21, 17, 33, 51, 11, 52, 14, 16, 29, 50, 32, 3, 18, 31, 41, 19, 45, 15, 5, 35, 34, 36, 24, 13, 12, 48, 46, 44, 39, 40, 37, 38, 28, 27, 26, 47, 25, 4, 6, 43, 10, 9, 8, 22]

Individual 31:
  Route length: 13185
  Contribution to Diversity: 0.00022975246453960096
  Route: [1, 24, 26, 47, 13, 14, 52, 11, 33, 51, 34, 6, 4, 25, 27, 20, 23, 30, 2, 7, 42, 21, 45, 32, 49, 48, 38, 50, 29, 16, 46, 44, 15, 5, 12, 28, 37, 40, 39, 41, 8, 9, 10, 19, 36, 35, 43, 17, 3, 18, 31, 22]

Individual 32:
  Route length: 12872
  Contribution to Diversity: 0.0010125009808410468
  Route: [1, 49, 32, 36, 34, 44, 45, 35, 3, 31, 18, 43, 10, 9, 8, 17, 21, 42, 7, 2, 30, 40, 37, 38, 48, 24, 5, 15, 6, 4, 25, 12, 29, 23, 39, 28, 27, 52, 14, 13, 47, 26, 11, 51, 33, 20, 16, 46, 50, 19, 41, 22]

Individual 33:
  Route length: 12905
  Contribution to Diversity: 0.0004724533083182436
  Route: [1, 49, 30, 2, 7, 42, 21, 17, 3, 8, 41, 19, 25, 12, 13, 47, 26, 27, 28, 14, 52, 33, 51, 46, 44, 34, 35, 36, 39, 40, 37, 38, 43, 11, 9, 10, 45, 4, 6, 15, 5, 48, 32, 24, 23, 20, 50, 29, 16, 18, 31, 22]

Individual 34:
  Route length: 12789
  Contribution to Diversity: 0.0008553983352248551
  Route: [1, 49, 14, 52, 25, 12, 28, 27, 26, 47, 13, 32, 45, 19, 41, 8, 9, 10, 44, 34, 35, 36, 40, 39, 37, 6, 4, 11, 51, 33, 43, 46, 24, 5, 15, 21, 42, 7, 2, 30, 17, 38, 48, 16, 29, 50, 20, 23, 3, 18, 31, 22]

Individual 35:
  Route length: 12869
  Contribution to Diversity: 0.0001953894359365549
  Route: [1, 49, 32, 15, 6, 4, 26, 27, 48, 2, 44, 46, 16, 24, 5, 25, 12, 28, 38, 34, 35, 36, 39, 40, 37, 42, 7, 21, 30, 20, 50, 29, 18, 3, 17, 23, 47, 13, 14, 52, 11, 51, 33, 43, 10, 9, 8, 41, 19, 45, 31, 22]

Individual 36:
  Route length: 13123
  Contribution to Diversity: 0.0005753507334009811
  Route: [1, 49, 32, 45, 19, 41, 8, 9, 47, 13, 27, 28, 12, 25, 4, 26, 50, 23, 20, 30, 42, 7, 16, 46, 44, 34, 35, 36, 39, 40, 29, 10, 43, 33, 51, 11, 52, 14, 6, 15, 5, 24, 48, 38, 37, 2, 21, 17, 3, 31, 18, 22]

Individual 37:
  Route length: 13110
  Contribution to Diversity: 9.447023666542265e-05
  Route: [1, 49, 35, 36, 46, 16, 29, 50, 20, 23, 30, 2, 7, 42, 21, 17, 9, 10, 43, 33, 51, 52, 11, 14, 34, 44, 39, 40, 37, 38, 24, 48, 45, 32, 13, 47, 26, 27, 19, 28, 12, 25, 4, 6, 15, 5, 41, 8, 3, 18, 31, 22]

Individual 38:
  Route length: 12539
  Contribution to Diversity: 0.0003603299410785965
  Route: [1, 38, 37, 40, 39, 36, 35, 34, 44, 50, 20, 48, 27, 19, 41, 8, 9, 10, 43, 33, 51, 11, 52, 14, 13, 47, 6, 15, 5, 24, 4, 45, 32, 3, 17, 21, 42, 29, 26, 28, 12, 25, 46, 16, 2, 7, 23, 30, 49, 18, 31, 22]

Individual 39:
  Route length: 12976
  Contribution to Diversity: 0.0006757022410033287
  Route: [39, 40, 1, 49, 32, 45, 25, 12, 28, 27, 26, 43, 33, 9, 10, 35, 51, 8, 41, 19, 37, 38, 48, 15, 6, 4, 31, 18, 3, 17, 21, 42, 7, 2, 30, 23, 20, 50, 29, 16, 5, 24, 46, 44, 34, 11, 52, 14, 13, 47, 36, 22]

Individual 40:
  Route length: 13055
  Contribution to Diversity: 0.00012501276839316233
  Route: [1, 49, 35, 36, 46, 16, 29, 50, 20, 23, 30, 2, 7, 42, 21, 17, 9, 10, 43, 33, 51, 52, 11, 14, 34, 44, 39, 40, 32, 45, 24, 48, 38, 37, 13, 47, 26, 27, 19, 5, 15, 6, 4, 25, 12, 28, 41, 8, 3, 18, 31, 22]

Individual 41:
  Route length: 13026
  Contribution to Diversity: 0.0004949381703447386
  Route: [10, 43, 33, 51, 11, 52, 14, 25, 12, 28, 27, 26, 38, 37, 40, 20, 23, 34, 35, 36, 39, 50, 29, 16, 46, 44, 24, 5, 15, 6, 32, 45, 19, 3, 17, 21, 42, 7, 2, 30, 48, 47, 13, 4, 49, 1, 18, 41, 8, 9, 31, 22]

Individual 42:
  Route length: 12329
  Contribution to Diversity: 0.00027863156630214547
  Route: [46, 50, 5, 29, 7, 2, 30, 23, 42, 21, 17, 3, 18, 32, 49, 36, 35, 34, 44, 1, 27, 26, 47, 13, 14, 52, 11, 51, 33, 8, 9, 10, 43, 28, 12, 25, 4, 6, 15, 45, 19, 41, 39, 40, 37, 38, 48, 24, 20, 16, 31, 22]

Individual 43:
  Route length: 13077
  Contribution to Diversity: 0.00047277323446337505
  Route: [1, 49, 36, 35, 34, 44, 46, 32, 25, 12, 28, 24, 26, 27, 48, 47, 13, 14, 52, 11, 51, 33, 43, 10, 9, 8, 41, 19, 45, 29, 50, 20, 23, 17, 3, 39, 40, 37, 42, 7, 21, 30, 2, 38, 5, 15, 6, 4, 16, 18, 31, 22]

Individual 44:
  Route length: 13155
  Contribution to Diversity: 0.0006902420174199619
  Route: [16, 29, 40, 49, 1, 44, 46, 34, 51, 33, 11, 52, 14, 13, 47, 26, 37, 38, 48, 24, 5, 15, 6, 4, 25, 12, 28, 50, 27, 20, 23, 30, 2, 7, 42, 17, 19, 36, 35, 43, 10, 9, 8, 41, 39, 32, 45, 21, 3, 18, 31, 22]

Individual 45:
  Route length: 13171
  Contribution to Diversity: 0.0010894467016981935
  Route: [3, 17, 45, 19, 49, 1, 18, 31, 48, 30, 16, 29, 50, 20, 23, 40, 39, 26, 27, 28, 12, 25, 37, 38, 4, 6, 15, 43, 33, 9, 10, 47, 13, 14, 52, 11, 51, 8, 41, 32, 21, 42, 7, 2, 46, 44, 34, 35, 36, 5, 24, 22]

Individual 46:
  Route length: 12882
  Contribution to Diversity: 0.0007129312891409612
  Route: [1, 49, 32, 19, 45, 41, 18, 7, 42, 16, 29, 8, 9, 10, 43, 33, 4, 6, 14, 52, 13, 47, 26, 27, 28, 12, 25, 51, 11, 15, 46, 38, 48, 24, 5, 40, 31, 50, 20, 23, 30, 2, 3, 17, 21, 37, 44, 34, 35, 36, 39, 22]

Individual 47:
  Route length: 13161
  Contribution to Diversity: 0.0002059443320083787
  Route: [1, 12, 39, 40, 6, 4, 25, 36, 35, 17, 3, 18, 11, 52, 14, 13, 28, 15, 5, 34, 44, 20, 23, 50, 37, 38, 48, 24, 27, 26, 47, 21, 42, 7, 2, 30, 29, 16, 46, 49, 32, 45, 19, 41, 8, 9, 10, 43, 33, 51, 31, 22]

Individual 48:
  Route length: 12946
  Contribution to Diversity: 0.0010467910761313703
  Route: [1, 49, 32, 45, 19, 41, 8, 9, 17, 16, 29, 20, 50, 18, 3, 40, 39, 36, 35, 34, 44, 46, 15, 6, 25, 4, 12, 28, 27, 26, 47, 13, 14, 10, 43, 33, 51, 11, 52, 37, 38, 48, 24, 21, 5, 42, 7, 2, 30, 23, 31, 22]

Individual 49:
  Route length: 12935
  Contribution to Diversity: 0.0015083386028749146
  Route: [1, 49, 32, 19, 45, 41, 18, 7, 42, 16, 29, 8, 9, 10, 43, 33, 4, 6, 14, 52, 13, 11, 51, 25, 12, 28, 27, 26, 47, 15, 46, 38, 48, 24, 5, 40, 31, 50, 20, 23, 30, 2, 3, 17, 21, 37, 44, 34, 35, 36, 39, 22]

Individual 50:
  Route length: 13066
  Contribution to Diversity: 0.00042091014914369396
  Route: [5, 24, 48, 38, 37, 23, 30, 11, 52, 14, 13, 47, 26, 27, 28, 32, 49, 35, 34, 31, 18, 3, 12, 45, 19, 41, 8, 9, 10, 43, 33, 51, 25, 4, 6, 15, 1, 36, 39, 40, 20, 50, 29, 16, 46, 44, 42, 21, 17, 2, 7, 22]

Individual 51:
  Route length: 13026
  Contribution to Diversity: 0.0008659747707895349
  Route: [1, 25, 43, 33, 24, 5, 15, 6, 31, 20, 16, 46, 44, 34, 39, 41, 19, 38, 48, 51, 11, 52, 27, 26, 47, 13, 14, 28, 12, 10, 9, 8, 36, 35, 40, 37, 50, 45, 32, 49, 4, 18, 3, 17, 21, 42, 7, 2, 30, 23, 29, 22]

Individual 52:
  Route length: 12881
  Contribution to Diversity: 0.0010886301314885216
  Route: [1, 49, 32, 19, 45, 41, 18, 7, 42, 16, 29, 8, 9, 10, 43, 33, 4, 6, 14, 52, 13, 47, 26, 27, 28, 12, 25, 51, 11, 15, 46, 38, 48, 24, 5, 40, 31, 50, 20, 23, 30, 2, 3, 17, 21, 37, 44, 34, 35, 39, 36, 22]

Individual 53:
  Route length: 13065
  Contribution to Diversity: 0.00013487935326139677
  Route: [15, 6, 4, 25, 51, 33, 43, 10, 9, 8, 41, 19, 45, 12, 3, 18, 31, 34, 35, 49, 32, 28, 27, 26, 47, 13, 14, 52, 11, 30, 23, 37, 38, 48, 24, 5, 1, 36, 39, 40, 20, 50, 29, 16, 46, 44, 42, 21, 17, 2, 7, 22]

Individual 54:
  Route length: 12781
  Contribution to Diversity: 0.0004329217196392676
  Route: [1, 49, 32, 45, 19, 35, 46, 44, 8, 41, 9, 10, 13, 14, 52, 11, 51, 33, 43, 47, 26, 27, 16, 34, 36, 39, 40, 37, 38, 48, 24, 5, 4, 6, 15, 25, 12, 28, 42, 21, 18, 20, 50, 29, 7, 2, 30, 23, 3, 17, 31, 22]

Individual 55:
  Route length: 12802
  Contribution to Diversity: 0.0005357210252263656
  Route: [1, 51, 11, 52, 14, 27, 26, 47, 13, 28, 12, 25, 4, 6, 15, 5, 24, 37, 40, 48, 32, 45, 50, 38, 39, 16, 29, 20, 23, 30, 2, 7, 42, 19, 41, 46, 44, 34, 35, 36, 8, 9, 10, 43, 49, 18, 3, 17, 21, 33, 31, 22]

Individual 56:
  Route length: 13173
  Contribution to Diversity: 0.0008380715197837674
  Route: [1, 36, 39, 37, 25, 12, 26, 27, 28, 47, 29, 16, 46, 44, 34, 51, 33, 43, 10, 24, 48, 38, 42, 7, 2, 30, 23, 20, 50, 13, 14, 52, 11, 4, 6, 15, 45, 5, 35, 49, 32, 40, 21, 17, 3, 18, 31, 8, 41, 19, 9, 22]

Individual 57:
  Route length: 12976
  Contribution to Diversity: 0.00018484803905760572
  Route: [1, 49, 32, 45, 44, 34, 36, 35, 3, 31, 18, 8, 9, 10, 43, 17, 21, 42, 7, 2, 30, 40, 37, 28, 27, 52, 14, 13, 47, 26, 11, 51, 33, 20, 16, 46, 50, 19, 41, 39, 23, 29, 12, 25, 4, 6, 15, 5, 24, 48, 38, 22]

Individual 58:
  Route length: 13100
  Contribution to Diversity: 0.0007177071334929508
  Route: [1, 37, 15, 5, 24, 48, 20, 50, 44, 34, 35, 36, 39, 40, 6, 16, 46, 27, 43, 10, 9, 8, 41, 19, 33, 51, 11, 52, 14, 13, 47, 2, 7, 38, 23, 30, 49, 32, 45, 4, 25, 12, 28, 26, 29, 42, 21, 17, 3, 18, 31, 22]

Individual 59:
  Route length: 13191
  Contribution to Diversity: 0.0003401184070686014
  Route: [1, 49, 32, 45, 47, 14, 13, 52, 11, 4, 36, 39, 40, 20, 23, 30, 2, 7, 42, 21, 37, 38, 48, 15, 16, 46, 24, 5, 44, 34, 35, 50, 29, 6, 51, 10, 19, 41, 8, 9, 33, 43, 26, 27, 28, 12, 25, 17, 3, 18, 31, 22]

Individual 60:
  Route length: 13150
  Contribution to Diversity: 0.0010148799616258586
  Route: [12, 28, 27, 26, 1, 49, 34, 35, 23, 20, 50, 44, 38, 9, 8, 41, 18, 31, 40, 25, 14, 52, 11, 51, 33, 43, 10, 37, 46, 16, 29, 30, 2, 7, 42, 21, 17, 3, 19, 45, 32, 4, 13, 47, 48, 24, 5, 15, 6, 36, 39, 22]

Individual 61:
  Route length: 12927
  Contribution to Diversity: 0.0010310762465195467
  Route: [40, 31, 18, 41, 8, 9, 38, 44, 50, 20, 23, 35, 34, 49, 1, 26, 27, 28, 12, 25, 14, 52, 11, 51, 33, 43, 10, 37, 46, 16, 29, 30, 2, 7, 42, 21, 17, 3, 19, 45, 32, 4, 13, 47, 48, 24, 39, 36, 6, 15, 5, 22]

Individual 62:
  Route length: 13097
  Contribution to Diversity: 0.00023097350765333147
  Route: [1, 49, 32, 15, 6, 31, 18, 3, 17, 42, 7, 21, 30, 20, 50, 29, 45, 19, 41, 8, 9, 10, 43, 33, 51, 11, 52, 14, 13, 47, 23, 37, 40, 39, 36, 35, 34, 38, 28, 12, 25, 5, 24, 16, 46, 44, 2, 48, 27, 26, 4, 22]

Individual 63:
  Route length: 13121
  Contribution to Diversity: 0.0010026040422124183
  Route: [30, 37, 38, 16, 29, 20, 50, 35, 39, 40, 6, 1, 14, 52, 11, 27, 26, 47, 13, 49, 32, 45, 19, 41, 8, 9, 10, 43, 33, 51, 28, 12, 25, 4, 42, 7, 2, 21, 3, 17, 18, 44, 34, 36, 23, 15, 5, 24, 48, 46, 31, 22]

Individual 64:
  Route length: 12998
  Contribution to Diversity: 0.0008442402979564889
  Route: [1, 49, 5, 48, 32, 45, 19, 41, 8, 51, 25, 37, 38, 24, 46, 16, 15, 6, 29, 50, 35, 34, 44, 12, 28, 27, 52, 14, 13, 47, 10, 9, 33, 43, 26, 11, 4, 40, 39, 36, 20, 23, 30, 2, 7, 42, 21, 17, 3, 18, 31, 22]

Individual 65:
  Route length: 13062
  Contribution to Diversity: 0.0017721983212082293
  Route: [1, 49, 32, 45, 19, 41, 39, 4, 25, 12, 28, 27, 26, 47, 13, 14, 52, 11, 48, 38, 37, 34, 17, 3, 46, 44, 40, 8, 9, 10, 43, 31, 18, 16, 23, 30, 2, 7, 29, 20, 50, 42, 21, 35, 36, 6, 15, 5, 24, 51, 33, 22]

Individual 66:
  Route length: 13188
  Contribution to Diversity: 0.0007793767701782528
  Route: [1, 49, 32, 45, 48, 38, 37, 21, 42, 7, 2, 30, 23, 20, 40, 39, 36, 4, 11, 52, 13, 14, 47, 15, 16, 46, 24, 5, 44, 34, 35, 50, 29, 6, 51, 10, 19, 41, 8, 9, 33, 43, 26, 27, 28, 12, 25, 17, 3, 18, 31, 22]

Individual 67:
  Route length: 12847
  Contribution to Diversity: 0.0011019557199674068
  Route: [1, 49, 32, 19, 45, 41, 18, 7, 42, 16, 29, 8, 9, 10, 43, 33, 4, 6, 14, 52, 13, 47, 26, 27, 28, 12, 25, 51, 11, 15, 5, 24, 48, 38, 46, 40, 31, 50, 20, 21, 17, 3, 2, 30, 23, 37, 44, 34, 35, 36, 39, 22]

Individual 68:
  Route length: 13000
  Contribution to Diversity: 0.000352486384604056
  Route: [1, 26, 47, 13, 49, 32, 45, 19, 41, 9, 8, 10, 43, 33, 51, 11, 52, 14, 27, 28, 12, 25, 4, 42, 7, 16, 38, 37, 30, 2, 29, 20, 50, 23, 40, 39, 35, 44, 34, 36, 46, 48, 24, 5, 15, 6, 3, 21, 17, 18, 31, 22]

Individual 69:
  Route length: 13074
  Contribution to Diversity: 0.0004575043193169037
  Route: [1, 49, 32, 15, 6, 31, 18, 3, 17, 42, 7, 21, 30, 20, 50, 47, 13, 14, 52, 11, 51, 33, 43, 10, 9, 8, 41, 19, 45, 29, 23, 37, 40, 39, 36, 35, 34, 38, 28, 12, 25, 5, 24, 16, 46, 44, 2, 48, 27, 26, 4, 22]

Individual 70:
  Route length: 12944
  Contribution to Diversity: 0.0015149187506526829
  Route: [1, 49, 32, 45, 19, 35, 46, 44, 8, 41, 9, 10, 13, 14, 52, 11, 51, 33, 43, 47, 26, 27, 16, 34, 36, 39, 40, 37, 4, 5, 24, 48, 38, 6, 15, 25, 12, 28, 42, 21, 18, 20, 50, 29, 7, 2, 30, 23, 3, 17, 31, 22]

Individual 71:
  Route length: 12879
  Contribution to Diversity: 0.0003503254793724153
  Route: [1, 49, 32, 39, 24, 35, 47, 13, 14, 52, 11, 3, 42, 7, 2, 30, 21, 17, 29, 16, 46, 44, 51, 33, 43, 10, 8, 9, 41, 19, 38, 48, 40, 4, 25, 12, 28, 27, 26, 34, 50, 20, 23, 37, 6, 15, 5, 36, 45, 18, 31, 22]

Individual 72:
  Route length: 13135
  Contribution to Diversity: 0.000886196693024921
  Route: [1, 49, 32, 39, 40, 4, 25, 38, 47, 13, 14, 52, 11, 3, 19, 41, 8, 9, 10, 43, 33, 24, 35, 34, 17, 21, 42, 7, 2, 30, 23, 20, 50, 29, 16, 51, 44, 46, 48, 26, 27, 28, 12, 37, 18, 45, 36, 5, 15, 6, 31, 22]

Individual 73:
  Route length: 12985
  Contribution to Diversity: 0
  Route: [1, 49, 48, 31, 18, 3, 17, 45, 19, 30, 16, 29, 50, 20, 23, 38, 37, 25, 12, 28, 27, 26, 43, 33, 9, 10, 44, 34, 35, 36, 39, 40, 4, 6, 15, 5, 24, 21, 42, 7, 2, 51, 11, 52, 14, 13, 47, 46, 8, 41, 32, 22]

Individual 74:
  Route length: 12998
  Contribution to Diversity: 6.80481134063271e-05
  Route: [1, 36, 39, 40, 46, 16, 29, 47, 28, 27, 26, 12, 25, 37, 21, 17, 3, 18, 31, 8, 41, 19, 9, 44, 34, 51, 33, 43, 10, 24, 48, 38, 42, 7, 2, 30, 23, 20, 50, 13, 14, 52, 11, 4, 6, 15, 5, 45, 35, 49, 32, 22]

Individual 75:
  Route length: 13136
  Contribution to Diversity: 0.0013254729846954305
  Route: [10, 9, 34, 35, 36, 39, 40, 37, 38, 7, 42, 21, 17, 1, 49, 32, 45, 8, 41, 19, 5, 24, 3, 15, 6, 18, 48, 2, 30, 23, 20, 50, 29, 16, 46, 44, 43, 33, 51, 11, 52, 14, 13, 47, 26, 27, 28, 12, 4, 25, 31, 22]

Individual 76:
  Route length: 13109
  Contribution to Diversity: 0.00013841101453770932
  Route: [1, 28, 13, 14, 52, 11, 18, 3, 17, 35, 36, 25, 4, 6, 40, 39, 12, 15, 5, 34, 44, 20, 23, 50, 37, 38, 48, 24, 27, 26, 47, 21, 42, 7, 2, 30, 29, 16, 46, 49, 32, 45, 19, 41, 8, 9, 10, 43, 33, 51, 31, 22]

Individual 77:
  Route length: 13193
  Contribution to Diversity: 0.0007015884387362448
  Route: [19, 41, 8, 9, 10, 43, 33, 51, 49, 1, 45, 32, 11, 52, 14, 13, 47, 26, 27, 42, 21, 34, 48, 38, 37, 40, 50, 20, 39, 36, 35, 24, 5, 15, 6, 4, 25, 12, 28, 7, 2, 30, 23, 29, 16, 46, 44, 17, 3, 18, 31, 22]

Individual 78:
  Route length: 12922
  Contribution to Diversity: 0.0001535520445381522
  Route: [1, 49, 14, 15, 40, 34, 46, 16, 29, 50, 37, 38, 48, 24, 5, 39, 6, 4, 47, 26, 27, 28, 12, 25, 13, 32, 45, 19, 41, 8, 9, 10, 43, 33, 51, 52, 11, 36, 35, 44, 20, 23, 30, 2, 7, 42, 21, 17, 3, 18, 31, 22]

Individual 79:
  Route length: 13067
  Contribution to Diversity: 0.0014820902871042207
  Route: [16, 29, 30, 23, 20, 27, 40, 49, 1, 44, 46, 34, 51, 33, 11, 52, 14, 13, 47, 26, 37, 38, 48, 24, 5, 15, 6, 4, 25, 12, 28, 50, 2, 7, 42, 17, 19, 36, 35, 43, 10, 9, 8, 41, 39, 32, 45, 21, 3, 18, 31, 22]

Individual 80:
  Route length: 12974
  Contribution to Diversity: 2.1813813404492066e-06
  Route: [30, 20, 29, 16, 38, 37, 50, 23, 40, 39, 35, 36, 3, 17, 18, 44, 34, 21, 2, 7, 42, 4, 25, 12, 28, 51, 33, 43, 10, 9, 8, 41, 19, 45, 32, 49, 13, 47, 26, 27, 11, 52, 14, 1, 6, 15, 5, 24, 48, 46, 31, 22]

Individual 81:
  Route length: 13055
  Contribution to Diversity: 0.001568848909239584
  Route: [49, 32, 45, 19, 1, 34, 15, 5, 24, 48, 38, 37, 6, 35, 36, 39, 40, 4, 25, 12, 28, 7, 50, 29, 16, 46, 44, 41, 20, 23, 30, 2, 27, 26, 47, 13, 14, 52, 11, 51, 33, 43, 10, 9, 8, 17, 3, 18, 31, 21, 42, 22]

Individual 82:
  Route length: 13197
  Contribution to Diversity: 0.0010057144630417625
  Route: [1, 49, 32, 19, 45, 41, 18, 7, 42, 16, 29, 8, 9, 10, 43, 33, 4, 6, 14, 52, 11, 51, 25, 12, 28, 27, 26, 47, 13, 35, 34, 44, 37, 21, 17, 3, 2, 30, 23, 20, 50, 31, 40, 46, 38, 48, 24, 5, 15, 36, 39, 22]

Individual 83:
  Route length: 13162
  Contribution to Diversity: 0.001589813406366325
  Route: [1, 49, 32, 45, 19, 20, 50, 29, 48, 24, 5, 15, 6, 4, 38, 16, 47, 35, 36, 39, 40, 37, 25, 12, 44, 7, 2, 30, 42, 46, 26, 27, 28, 34, 13, 14, 52, 11, 51, 33, 43, 10, 9, 8, 41, 23, 21, 17, 3, 18, 31, 22]

Individual 84:
  Route length: 12970
  Contribution to Diversity: 0.0014246182578192546
  Route: [1, 49, 21, 17, 3, 19, 48, 40, 37, 24, 5, 15, 6, 4, 25, 41, 18, 51, 11, 52, 14, 27, 26, 47, 13, 28, 12, 39, 38, 50, 45, 32, 42, 7, 2, 30, 23, 20, 29, 34, 44, 46, 16, 35, 36, 8, 9, 10, 43, 33, 31, 22]

Individual 85:
  Route length: 12875
  Contribution to Diversity: 0.0007540384456996563
  Route: [1, 36, 39, 40, 32, 49, 35, 34, 44, 31, 18, 3, 17, 21, 42, 7, 2, 30, 23, 20, 50, 13, 14, 52, 11, 4, 6, 15, 24, 26, 27, 28, 47, 48, 38, 37, 45, 5, 10, 43, 33, 51, 25, 12, 29, 16, 46, 8, 41, 19, 9, 22]

Individual 86:
  Route length: 13185
  Contribution to Diversity: 0.0005686884391762348
  Route: [1, 12, 49, 28, 13, 14, 52, 11, 18, 3, 17, 21, 42, 7, 2, 30, 29, 16, 46, 15, 5, 34, 44, 20, 23, 50, 37, 38, 48, 24, 27, 26, 47, 35, 36, 25, 4, 6, 40, 39, 32, 45, 19, 41, 8, 9, 10, 33, 43, 51, 31, 22]

Individual 87:
  Route length: 12391
  Contribution to Diversity: 0
  Route: [1, 49, 32, 39, 40, 4, 25, 12, 28, 27, 26, 34, 17, 21, 19, 41, 9, 8, 10, 43, 33, 6, 37, 38, 48, 24, 35, 44, 46, 16, 29, 50, 20, 23, 42, 7, 2, 30, 3, 11, 52, 14, 13, 47, 51, 15, 5, 36, 45, 18, 31, 22]

Individual 88:
  Route length: 12287
  Contribution to Diversity: 0
  Route: [1, 26, 27, 28, 12, 25, 48, 38, 37, 47, 45, 32, 46, 16, 29, 40, 39, 36, 35, 34, 24, 5, 43, 33, 51, 11, 52, 14, 13, 50, 20, 23, 30, 2, 7, 42, 21, 31, 18, 3, 17, 8, 41, 19, 9, 10, 49, 44, 4, 6, 15, 22]

Individual 89:
  Route length: 13143
  Contribution to Diversity: 0
  Route: [1, 49, 30, 2, 7, 42, 21, 17, 3, 11, 43, 38, 37, 40, 39, 36, 35, 34, 25, 12, 13, 47, 26, 27, 28, 14, 52, 33, 51, 44, 46, 19, 41, 8, 9, 10, 45, 4, 6, 15, 5, 48, 32, 24, 23, 20, 50, 29, 16, 18, 31, 22]

Individual 90:
  Route length: 12214
  Contribution to Diversity: 0
  Route: [1, 46, 16, 29, 26, 28, 12, 25, 13, 14, 52, 11, 51, 33, 43, 10, 9, 8, 41, 19, 27, 48, 20, 50, 35, 34, 44, 36, 39, 40, 37, 38, 24, 5, 15, 6, 47, 4, 45, 32, 49, 30, 23, 7, 2, 42, 21, 17, 3, 18, 31, 22]

Individual 91:
  Route length: 13146
  Contribution to Diversity: 0.0005397350244136234
  Route: [1, 8, 9, 10, 43, 33, 51, 11, 52, 14, 13, 47, 26, 20, 24, 28, 25, 4, 6, 15, 5, 36, 35, 34, 44, 46, 18, 3, 17, 21, 42, 23, 30, 2, 7, 29, 49, 32, 45, 50, 19, 41, 39, 40, 37, 38, 48, 12, 27, 16, 31, 22]

Individual 92:
  Route length: 13149
  Contribution to Diversity: 0.0011942071009958255
  Route: [1, 49, 32, 45, 19, 41, 13, 14, 52, 11, 51, 33, 3, 12, 25, 4, 6, 15, 18, 31, 42, 7, 2, 30, 23, 40, 39, 34, 44, 46, 16, 29, 50, 20, 37, 38, 36, 35, 48, 24, 5, 28, 27, 26, 47, 8, 9, 10, 43, 17, 21, 22]

Individual 93:
  Route length: 12986
  Contribution to Diversity: 2.680889590678248e-05
  Route: [1, 47, 26, 27, 24, 48, 38, 37, 50, 23, 20, 44, 34, 5, 19, 41, 8, 9, 10, 43, 33, 51, 31, 18, 3, 17, 21, 42, 7, 2, 30, 29, 16, 46, 15, 12, 39, 40, 6, 4, 25, 36, 35, 45, 32, 49, 28, 13, 14, 52, 11, 22]

Individual 94:
  Route length: 13198
  Contribution to Diversity: 0.0013513922337278217
  Route: [1, 24, 5, 15, 44, 46, 16, 29, 50, 28, 12, 26, 47, 13, 14, 52, 11, 33, 51, 34, 6, 41, 8, 25, 27, 20, 23, 30, 2, 7, 42, 21, 45, 32, 18, 3, 17, 19, 9, 10, 43, 35, 36, 4, 39, 40, 37, 38, 48, 49, 31, 22]

Individual 95:
  Route length: 12893
  Contribution to Diversity: 0.0005933641767237319
  Route: [1, 24, 5, 15, 44, 26, 47, 13, 14, 52, 11, 33, 49, 32, 45, 21, 42, 7, 2, 30, 23, 20, 27, 25, 4, 6, 34, 51, 12, 28, 50, 29, 16, 46, 48, 38, 37, 40, 39, 41, 8, 36, 35, 43, 10, 9, 19, 18, 3, 17, 31, 22]

Individual 96:
  Route length: 13059
  Contribution to Diversity: 0.0004931156560807892
  Route: [1, 31, 18, 45, 32, 48, 10, 9, 36, 8, 41, 19, 16, 29, 50, 20, 23, 30, 2, 7, 42, 21, 12, 13, 47, 26, 27, 28, 11, 52, 14, 3, 17, 25, 46, 44, 34, 35, 39, 40, 37, 38, 43, 33, 51, 4, 6, 15, 5, 24, 49, 22]

Individual 97:
  Route length: 12940
  Contribution to Diversity: 0.0010586591755776809
  Route: [3, 17, 45, 19, 49, 2, 7, 42, 21, 32, 41, 8, 26, 47, 13, 14, 52, 11, 51, 43, 33, 9, 10, 27, 28, 12, 25, 37, 38, 23, 20, 50, 29, 16, 30, 48, 31, 18, 1, 46, 44, 34, 35, 36, 39, 40, 4, 6, 15, 5, 24, 22]

Individual 98:
  Route length: 12840
  Contribution to Diversity: 0
  Route: [1, 49, 32, 39, 24, 35, 47, 13, 14, 52, 11, 3, 42, 7, 2, 30, 26, 27, 28, 12, 25, 4, 40, 48, 38, 34, 17, 21, 19, 41, 9, 8, 10, 43, 33, 51, 44, 46, 16, 29, 50, 20, 23, 37, 5, 15, 6, 36, 45, 18, 31, 22]

Individual 99:
  Route length: 13091
  Contribution to Diversity: 0.0011131150729966066
  Route: [1, 7, 2, 47, 13, 14, 52, 11, 51, 33, 19, 41, 8, 9, 10, 43, 38, 37, 15, 5, 24, 48, 20, 50, 44, 34, 35, 36, 39, 40, 6, 45, 4, 25, 12, 28, 26, 29, 42, 23, 27, 46, 16, 32, 49, 30, 21, 17, 3, 18, 31, 22]

Individual 100:
  Route length: 13080
  Contribution to Diversity: 8.249307440788556e-05
  Route: [1, 36, 39, 40, 9, 19, 41, 8, 31, 18, 3, 17, 21, 37, 25, 12, 26, 27, 28, 34, 44, 46, 16, 29, 47, 51, 33, 43, 10, 24, 48, 38, 42, 7, 2, 30, 23, 20, 50, 13, 14, 52, 11, 4, 6, 15, 5, 45, 35, 49, 32, 22]

Individual 101:
  Route length: 13105
  Contribution to Diversity: 0.0005493080960459196
  Route: [1, 49, 32, 45, 10, 9, 8, 18, 31, 3, 35, 36, 34, 44, 43, 17, 21, 42, 7, 2, 30, 40, 37, 28, 27, 52, 14, 13, 47, 26, 11, 51, 33, 20, 16, 46, 50, 19, 41, 39, 23, 29, 12, 25, 4, 6, 15, 5, 24, 48, 38, 22]

Individual 102:
  Route length: 13158
  Contribution to Diversity: 0.0005873791247736904
  Route: [1, 49, 30, 2, 7, 42, 21, 17, 3, 11, 43, 38, 37, 40, 39, 36, 35, 48, 5, 15, 6, 4, 45, 10, 9, 8, 41, 19, 46, 44, 51, 33, 52, 14, 28, 27, 26, 47, 13, 12, 25, 34, 32, 24, 23, 20, 50, 29, 16, 18, 31, 22]

Individual 103:
  Route length: 13105
  Contribution to Diversity: 0.0013507822169067651
  Route: [30, 37, 38, 16, 29, 20, 50, 23, 40, 39, 35, 36, 34, 44, 18, 17, 3, 9, 10, 43, 33, 51, 28, 12, 25, 4, 42, 7, 2, 21, 8, 41, 19, 45, 32, 49, 13, 47, 26, 14, 52, 11, 27, 1, 6, 15, 5, 24, 48, 46, 31, 22]

Individual 104:
  Route length: 12436
  Contribution to Diversity: 0
  Route: [1, 26, 27, 28, 12, 25, 48, 38, 37, 47, 45, 32, 6, 4, 44, 49, 10, 9, 19, 41, 8, 17, 3, 18, 31, 21, 42, 7, 2, 30, 23, 20, 50, 13, 14, 52, 11, 51, 33, 43, 5, 24, 34, 35, 36, 39, 40, 29, 16, 46, 15, 22]

Individual 105:
  Route length: 12950
  Contribution to Diversity: 0.0004247732829645301
  Route: [1, 25, 43, 33, 24, 5, 15, 6, 31, 20, 16, 49, 32, 45, 50, 37, 40, 39, 41, 19, 38, 48, 51, 11, 52, 27, 26, 47, 13, 14, 28, 12, 10, 9, 8, 36, 35, 34, 44, 46, 4, 18, 3, 17, 21, 42, 7, 2, 30, 23, 29, 22]

Individual 106:
  Route length: 13181
  Contribution to Diversity: 0.0002762997157397251
  Route: [1, 49, 32, 45, 35, 27, 28, 6, 4, 25, 12, 18, 3, 17, 21, 42, 7, 2, 30, 36, 8, 9, 10, 43, 33, 51, 11, 52, 14, 13, 23, 50, 19, 41, 39, 40, 34, 44, 46, 16, 29, 20, 47, 26, 37, 38, 48, 24, 5, 15, 31, 22]

Individual 107:
  Route length: 13167
  Contribution to Diversity: 0.00025380346234626927
  Route: [10, 43, 33, 51, 11, 1, 9, 8, 41, 18, 31, 5, 15, 38, 37, 40, 39, 36, 35, 34, 23, 20, 50, 29, 16, 46, 44, 30, 2, 7, 42, 21, 17, 3, 19, 45, 32, 6, 26, 27, 28, 12, 25, 4, 49, 52, 14, 13, 47, 48, 24, 22]

Individual 108:
  Route length: 12963
  Contribution to Diversity: 0.0006781504510247061
  Route: [1, 14, 47, 26, 27, 28, 12, 25, 4, 42, 7, 2, 21, 3, 17, 18, 44, 34, 36, 35, 39, 40, 23, 50, 20, 29, 16, 38, 32, 49, 13, 52, 11, 51, 33, 10, 43, 9, 8, 41, 19, 45, 37, 30, 6, 15, 5, 24, 48, 46, 31, 22]

Individual 109:
  Route length: 13106
  Contribution to Diversity: 8.747557637267533e-05
  Route: [1, 43, 44, 34, 35, 9, 10, 48, 6, 15, 5, 24, 49, 18, 31, 38, 37, 40, 39, 36, 8, 41, 19, 25, 12, 13, 47, 26, 27, 28, 14, 52, 11, 3, 17, 21, 42, 7, 2, 30, 23, 50, 20, 29, 16, 46, 33, 51, 4, 32, 45, 22]

Individual 110:
  Route length: 13151
  Contribution to Diversity: 0.0006576224675400866
  Route: [1, 49, 36, 35, 34, 44, 46, 32, 25, 12, 28, 24, 26, 27, 48, 40, 39, 3, 17, 23, 20, 50, 29, 45, 19, 41, 8, 9, 10, 43, 33, 51, 11, 52, 14, 13, 47, 37, 42, 7, 21, 30, 2, 38, 5, 15, 6, 4, 16, 18, 31, 22]

Individual 111:
  Route length: 12603
  Contribution to Diversity: 0
  Route: [1, 26, 27, 28, 12, 25, 48, 38, 37, 47, 45, 32, 49, 10, 9, 19, 41, 8, 17, 3, 40, 5, 43, 33, 51, 11, 52, 14, 13, 50, 20, 23, 30, 2, 7, 42, 21, 31, 18, 39, 36, 35, 34, 24, 29, 16, 46, 44, 4, 6, 15, 22]

Individual 112:
  Route length: 13190
  Contribution to Diversity: 0.0010952913590207558
  Route: [4, 6, 15, 48, 38, 37, 19, 41, 8, 51, 35, 10, 9, 33, 43, 26, 27, 28, 12, 25, 45, 32, 16, 29, 50, 20, 23, 30, 2, 7, 42, 21, 17, 3, 18, 31, 39, 40, 1, 49, 5, 24, 46, 44, 34, 11, 52, 14, 13, 47, 36, 22]

Individual 113:
  Route length: 12736
  Contribution to Diversity: 0.0002775539341239863
  Route: [1, 47, 26, 27, 24, 48, 38, 37, 50, 23, 20, 44, 34, 5, 35, 15, 12, 39, 40, 6, 4, 25, 36, 46, 16, 29, 30, 2, 7, 42, 21, 17, 3, 18, 31, 51, 33, 43, 10, 9, 8, 41, 19, 45, 32, 49, 28, 13, 14, 52, 11, 22]

Individual 114:
  Route length: 13098
  Contribution to Diversity: 0.0015640158563936524
  Route: [1, 49, 20, 23, 30, 2, 7, 42, 21, 17, 33, 51, 11, 52, 14, 16, 29, 50, 32, 3, 18, 31, 41, 19, 45, 15, 5, 35, 34, 44, 46, 48, 12, 13, 24, 36, 39, 43, 6, 4, 25, 47, 26, 27, 28, 37, 38, 40, 10, 9, 8, 22]

Individual 115:
  Route length: 13005
  Contribution to Diversity: 0.0009956878814323389
  Route: [18, 3, 17, 21, 42, 7, 2, 4, 25, 12, 28, 8, 9, 44, 34, 35, 48, 24, 27, 26, 47, 13, 14, 52, 11, 51, 33, 43, 10, 46, 16, 29, 50, 6, 15, 5, 36, 38, 37, 40, 39, 41, 19, 20, 23, 1, 49, 32, 45, 30, 31, 22]

Individual 116:
  Route length: 12974
  Contribution to Diversity: 0
  Route: [1, 49, 14, 15, 50, 29, 16, 46, 34, 40, 37, 38, 48, 24, 5, 39, 6, 4, 47, 26, 27, 28, 12, 25, 13, 32, 45, 19, 41, 8, 9, 10, 43, 33, 51, 52, 11, 36, 35, 44, 20, 23, 30, 2, 7, 42, 21, 17, 3, 18, 31, 22]

Individual 117:
  Route length: 12558
  Contribution to Diversity: 0.000887184674760455
  Route: [29, 50, 20, 23, 30, 44, 25, 4, 10, 9, 8, 41, 19, 3, 26, 34, 17, 21, 42, 7, 2, 46, 16, 1, 49, 32, 39, 40, 43, 33, 51, 12, 28, 27, 11, 52, 14, 13, 47, 35, 24, 48, 38, 37, 6, 15, 5, 36, 45, 18, 31, 22]

Individual 118:
  Route length: 12572
  Contribution to Diversity: 0
  Route: [18, 3, 17, 8, 41, 19, 9, 10, 49, 44, 4, 6, 32, 45, 47, 37, 38, 48, 25, 12, 28, 27, 26, 1, 31, 21, 42, 7, 2, 30, 23, 20, 50, 13, 14, 52, 11, 51, 33, 43, 5, 24, 34, 35, 36, 39, 40, 29, 16, 46, 15, 22]

Individual 119:
  Route length: 13147
  Contribution to Diversity: 0.000470987763575792
  Route: [30, 37, 38, 16, 29, 20, 50, 23, 40, 18, 17, 3, 36, 35, 39, 44, 34, 21, 2, 7, 42, 4, 25, 12, 28, 51, 33, 43, 10, 9, 8, 41, 19, 45, 32, 49, 13, 47, 26, 27, 11, 52, 14, 1, 6, 15, 5, 24, 48, 46, 31, 22]

Individual 120:
  Route length: 11899
  Contribution to Diversity: 0
  Route: [1, 26, 27, 28, 12, 25, 48, 38, 37, 47, 45, 32, 49, 10, 9, 19, 41, 8, 17, 3, 18, 31, 21, 42, 7, 2, 30, 23, 20, 50, 13, 14, 52, 11, 51, 33, 43, 5, 24, 34, 35, 36, 39, 40, 29, 16, 44, 46, 4, 6, 15, 22]

Individual 121:
  Route length: 13056
  Contribution to Diversity: 0
  Route: [1, 49, 32, 39, 40, 4, 25, 12, 28, 27, 26, 34, 17, 21, 19, 41, 9, 8, 10, 43, 33, 16, 46, 44, 29, 50, 20, 23, 30, 2, 7, 42, 3, 11, 52, 14, 13, 47, 35, 24, 48, 38, 37, 6, 51, 15, 5, 36, 45, 18, 31, 22]

Individual 122:
  Route length: 12322
  Contribution to Diversity: 0
  Route: [1, 26, 27, 28, 12, 25, 48, 38, 37, 47, 45, 32, 46, 16, 29, 40, 39, 36, 35, 44, 49, 10, 9, 19, 41, 8, 17, 3, 18, 31, 21, 42, 7, 2, 30, 23, 20, 50, 13, 14, 52, 11, 51, 33, 43, 5, 24, 34, 4, 6, 15, 22]

Individual 123:
  Route length: 12632
  Contribution to Diversity: 0.0008659747707895349
  Route: [1, 25, 43, 33, 24, 5, 15, 6, 37, 40, 35, 36, 8, 9, 10, 12, 28, 14, 13, 47, 26, 27, 52, 11, 51, 48, 38, 19, 41, 39, 34, 44, 46, 16, 20, 31, 50, 45, 32, 49, 4, 18, 3, 17, 21, 42, 7, 2, 30, 23, 29, 22]

Individual 124:
  Route length: 12050
  Contribution to Diversity: 0
  Route: [1, 46, 16, 29, 26, 28, 12, 25, 13, 14, 52, 11, 51, 33, 43, 10, 9, 8, 41, 19, 50, 20, 48, 27, 44, 34, 35, 36, 39, 40, 37, 38, 24, 5, 15, 6, 47, 4, 45, 32, 49, 30, 23, 7, 2, 42, 21, 17, 3, 18, 31, 22]

Individual 125:
  Route length: 12573
  Contribution to Diversity: 0.0010783360478425763
  Route: [29, 50, 20, 23, 30, 44, 46, 2, 7, 42, 21, 17, 34, 26, 3, 19, 41, 8, 9, 10, 4, 25, 16, 1, 49, 32, 39, 40, 43, 33, 51, 12, 28, 27, 11, 52, 14, 13, 47, 35, 24, 48, 38, 37, 6, 15, 5, 36, 45, 18, 31, 22]

Individual 126:
  Route length: 13155
  Contribution to Diversity: 0.0003743411946270925
  Route: [30, 37, 38, 16, 29, 20, 50, 23, 40, 42, 7, 2, 21, 34, 44, 39, 35, 36, 3, 17, 18, 4, 25, 12, 28, 51, 33, 43, 10, 9, 8, 41, 19, 45, 32, 49, 13, 47, 26, 27, 11, 52, 14, 1, 6, 15, 5, 24, 48, 46, 31, 22]

Individual 127:
  Route length: 12578
  Contribution to Diversity: 0
  Route: [1, 26, 27, 28, 12, 25, 48, 38, 37, 47, 45, 32, 49, 21, 31, 18, 3, 17, 8, 41, 19, 9, 10, 42, 7, 2, 30, 23, 20, 50, 13, 14, 52, 11, 51, 33, 43, 5, 24, 34, 35, 36, 39, 40, 29, 16, 46, 44, 4, 6, 15, 22]

Individual 128:
  Route length: 12576
  Contribution to Diversity: 0
  Route: [1, 26, 27, 28, 12, 25, 48, 38, 37, 47, 45, 32, 49, 21, 31, 18, 3, 17, 8, 41, 19, 9, 10, 42, 7, 2, 30, 23, 20, 50, 13, 14, 52, 11, 51, 33, 43, 5, 44, 46, 16, 29, 40, 39, 36, 35, 34, 24, 4, 6, 15, 22]

Individual 129:
  Route length: 13129
  Contribution to Diversity: 0
  Route: [18, 3, 17, 8, 41, 19, 9, 10, 49, 44, 4, 6, 32, 45, 47, 37, 38, 48, 25, 12, 28, 27, 26, 1, 31, 21, 42, 7, 2, 30, 36, 35, 34, 24, 5, 43, 33, 51, 11, 52, 14, 13, 50, 20, 23, 39, 40, 29, 16, 46, 15, 22]

Individual 130:
  Route length: 12474
  Contribution to Diversity: 0
  Route: [1, 46, 16, 29, 26, 28, 12, 25, 13, 14, 52, 11, 51, 33, 43, 5, 24, 38, 37, 40, 39, 36, 35, 34, 44, 27, 48, 20, 50, 19, 41, 8, 9, 10, 15, 6, 47, 4, 45, 32, 49, 30, 23, 7, 2, 42, 21, 17, 3, 18, 31, 22]

Individual 131:
  Route length: 13092
  Contribution to Diversity: 0.00016802838600771253
  Route: [1, 49, 32, 39, 40, 4, 25, 12, 28, 27, 33, 43, 10, 8, 9, 41, 19, 21, 17, 34, 26, 6, 37, 38, 48, 24, 35, 44, 46, 16, 29, 50, 20, 23, 42, 7, 2, 30, 3, 11, 52, 14, 13, 47, 51, 15, 5, 36, 45, 18, 31, 22]

Individual 132:
  Route length: 13176
  Contribution to Diversity: 0.0004856513993924949
  Route: [1, 49, 32, 39, 24, 35, 47, 13, 14, 52, 11, 3, 42, 7, 2, 30, 21, 17, 34, 26, 27, 28, 12, 25, 4, 40, 48, 16, 46, 44, 51, 33, 43, 10, 8, 9, 41, 19, 38, 29, 50, 20, 23, 37, 6, 15, 5, 36, 45, 18, 31, 22]

Individual 133:
  Route length: 12891
  Contribution to Diversity: 0.0005699679896284948
  Route: [1, 23, 50, 20, 29, 16, 38, 32, 49, 13, 47, 26, 27, 28, 12, 25, 4, 42, 7, 2, 21, 3, 17, 37, 45, 19, 41, 8, 9, 43, 10, 33, 51, 11, 52, 14, 40, 39, 35, 36, 34, 44, 18, 30, 6, 15, 5, 24, 48, 46, 31, 22]

Individual 134:
  Route length: 12675
  Contribution to Diversity: 0.0007438301585134255
  Route: [1, 23, 50, 20, 29, 16, 38, 32, 49, 13, 47, 14, 52, 11, 51, 33, 10, 43, 9, 8, 41, 19, 45, 37, 17, 3, 21, 2, 7, 42, 4, 25, 12, 28, 27, 26, 40, 39, 35, 36, 34, 44, 18, 30, 6, 15, 5, 24, 48, 46, 31, 22]

Individual 135:
  Route length: 12834
  Contribution to Diversity: 0
  Route: [1, 26, 27, 28, 12, 25, 48, 38, 37, 20, 23, 30, 2, 7, 42, 10, 9, 19, 41, 8, 17, 3, 18, 31, 21, 49, 32, 45, 47, 50, 13, 14, 52, 11, 51, 33, 43, 5, 44, 46, 16, 29, 40, 39, 36, 35, 34, 24, 4, 6, 15, 22]

Individual 136:
  Route length: 12921
  Contribution to Diversity: 0.00018235716924142054
  Route: [1, 11, 52, 14, 28, 27, 26, 47, 13, 12, 25, 19, 41, 8, 36, 39, 40, 37, 38, 31, 18, 49, 24, 5, 15, 6, 48, 10, 9, 35, 34, 44, 43, 3, 17, 21, 42, 7, 2, 30, 23, 20, 50, 29, 16, 46, 33, 51, 4, 32, 45, 22]

Individual 137:
  Route length: 13061
  Contribution to Diversity: 0.00025965548851036857
  Route: [1, 19, 41, 46, 44, 34, 35, 36, 8, 9, 10, 43, 49, 42, 7, 2, 30, 23, 20, 29, 16, 39, 38, 50, 37, 40, 48, 32, 45, 24, 5, 15, 6, 4, 25, 12, 28, 13, 47, 26, 27, 14, 52, 11, 51, 18, 3, 17, 21, 33, 31, 22]

Individual 138:
  Route length: 12648
  Contribution to Diversity: 0.0002850989215179567
  Route: [1, 49, 32, 39, 40, 4, 25, 12, 28, 27, 26, 34, 17, 21, 19, 41, 9, 8, 10, 43, 33, 6, 37, 38, 48, 24, 35, 44, 46, 16, 29, 50, 20, 23, 45, 36, 5, 15, 51, 47, 13, 14, 52, 11, 3, 30, 2, 7, 42, 18, 31, 22]

Individual 139:
  Route length: 12830
  Contribution to Diversity: 0
  Route: [1, 26, 27, 28, 12, 5, 43, 33, 51, 11, 52, 14, 13, 50, 20, 23, 30, 2, 7, 42, 10, 9, 19, 41, 8, 17, 3, 18, 31, 21, 49, 32, 45, 47, 37, 38, 48, 25, 24, 34, 35, 36, 39, 40, 29, 16, 46, 44, 4, 6, 15, 22]

Individual 140:
  Route length: 13017
  Contribution to Diversity: 0.0008967071592325127
  Route: [1, 7, 2, 47, 13, 14, 52, 11, 51, 33, 19, 41, 8, 9, 10, 43, 38, 37, 15, 5, 24, 48, 20, 50, 44, 34, 35, 36, 27, 46, 16, 6, 40, 39, 23, 42, 29, 26, 28, 12, 25, 4, 45, 32, 49, 30, 21, 17, 3, 18, 31, 22]

Individual 141:
  Route length: 13109
  Contribution to Diversity: 0.0018242542507858062
  Route: [50, 20, 49, 1, 29, 16, 46, 24, 5, 48, 44, 34, 35, 36, 39, 40, 10, 11, 52, 14, 13, 47, 51, 8, 41, 19, 45, 32, 23, 30, 2, 7, 42, 21, 17, 15, 38, 37, 25, 12, 28, 27, 26, 43, 33, 9, 4, 6, 3, 18, 31, 22]

Individual 142:
  Route length: 12549
  Contribution to Diversity: 0.0005884987744826375
  Route: [1, 36, 39, 40, 32, 49, 35, 25, 12, 26, 27, 28, 47, 29, 18, 3, 17, 21, 42, 7, 2, 30, 23, 20, 50, 13, 14, 52, 11, 4, 6, 15, 5, 45, 37, 38, 48, 24, 10, 43, 33, 51, 34, 44, 46, 16, 31, 8, 41, 9, 19, 22]

Individual 143:
  Route length: 12515
  Contribution to Diversity: 0
  Route: [1, 26, 27, 28, 12, 25, 48, 38, 37, 47, 45, 32, 49, 10, 9, 19, 41, 8, 44, 46, 16, 29, 40, 39, 36, 35, 34, 24, 5, 43, 33, 51, 11, 52, 14, 13, 50, 20, 23, 30, 2, 7, 42, 21, 31, 18, 3, 17, 4, 6, 15, 22]

Individual 144:
  Route length: 12726
  Contribution to Diversity: 0.00041359753877578953
  Route: [40, 31, 18, 41, 8, 9, 38, 44, 50, 20, 23, 35, 34, 49, 1, 26, 27, 28, 12, 25, 14, 52, 11, 51, 33, 43, 10, 37, 46, 16, 29, 30, 2, 7, 42, 21, 17, 3, 19, 45, 32, 39, 36, 6, 15, 5, 24, 48, 47, 13, 4, 22]

Individual 145:
  Route length: 12718
  Contribution to Diversity: 0
  Route: [1, 26, 27, 28, 48, 25, 12, 38, 37, 47, 45, 32, 49, 10, 9, 19, 41, 8, 17, 3, 18, 31, 21, 42, 7, 2, 30, 23, 20, 50, 13, 14, 52, 11, 51, 33, 43, 5, 40, 39, 36, 35, 34, 24, 29, 16, 46, 44, 4, 6, 15, 22]

Individual 146:
  Route length: 13180
  Contribution to Diversity: 0.0006689891056383956
  Route: [1, 49, 32, 39, 24, 16, 46, 44, 51, 33, 43, 10, 8, 9, 41, 19, 21, 17, 34, 38, 48, 40, 4, 25, 12, 28, 27, 26, 30, 2, 7, 42, 3, 11, 52, 14, 13, 47, 35, 29, 50, 20, 23, 37, 5, 15, 6, 36, 45, 18, 31, 22]

Individual 147:
  Route length: 13014
  Contribution to Diversity: 1.2822975882009757e-05
  Route: [1, 43, 44, 34, 35, 9, 10, 48, 6, 15, 5, 24, 49, 18, 31, 46, 16, 29, 20, 50, 23, 30, 2, 7, 42, 21, 17, 3, 11, 52, 14, 28, 27, 26, 47, 13, 12, 25, 19, 41, 8, 36, 39, 40, 37, 38, 33, 51, 4, 32, 45, 22]

Individual 148:
  Route length: 12961
  Contribution to Diversity: 0.0011367420485148827
  Route: [1, 32, 49, 16, 20, 31, 6, 15, 5, 24, 33, 43, 25, 45, 50, 37, 40, 39, 41, 19, 38, 48, 51, 11, 52, 27, 26, 47, 13, 14, 28, 12, 10, 9, 8, 36, 35, 34, 44, 46, 4, 18, 3, 17, 21, 42, 7, 2, 30, 23, 29, 22]

Individual 149:
  Route length: 12902
  Contribution to Diversity: 0.000286504837487378
  Route: [1, 49, 48, 31, 18, 3, 17, 45, 19, 30, 16, 29, 50, 20, 23, 38, 37, 25, 12, 28, 27, 26, 43, 33, 9, 10, 44, 34, 35, 36, 39, 40, 46, 47, 13, 14, 52, 11, 51, 2, 7, 42, 21, 24, 5, 15, 6, 4, 8, 41, 32, 22]

Total Entropy H: 5.379292648690778
