Individual 0:
  Route length: 22385
  Contribution to Diversity: 0.0012980000206681552
  Route: [40, 33, 51, 12, 43, 14, 34, 21, 3, 41, 29, 4, 20, 23, 30, 36, 45, 8, 1, 17, 48, 38, 35, 2, 27, 52, 39, 42, 7, 25, 11, 50, 47, 13, 28, 26, 15, 6, 16, 46, 10, 9, 18, 44, 5, 24, 37, 32, 49, 19, 31, 22]

Individual 1:
  Route length: 22202
  Contribution to Diversity: 0.002272117798618467
  Route: [1, 49, 40, 16, 27, 24, 26, 29, 20, 44, 12, 38, 37, 46, 4, 25, 10, 30, 34, 28, 14, 52, 11, 13, 45, 42, 32, 47, 43, 48, 35, 5, 17, 18, 3, 41, 19, 9, 23, 21, 39, 36, 15, 51, 33, 2, 7, 6, 50, 8, 31, 22]

Individual 2:
  Route length: 22072
  Contribution to Diversity: 0.0008490632380988572
  Route: [41, 8, 44, 36, 4, 6, 19, 37, 30, 20, 23, 40, 11, 51, 49, 45, 34, 50, 31, 21, 32, 42, 47, 12, 1, 24, 26, 27, 17, 9, 13, 28, 52, 14, 38, 15, 25, 3, 35, 18, 2, 7, 5, 48, 10, 43, 33, 29, 16, 46, 39, 22]

Individual 3:
  Route length: 22332
  Contribution to Diversity: 0.0007205178942637502
  Route: [36, 27, 29, 52, 14, 24, 42, 21, 39, 49, 5, 1, 4, 25, 12, 28, 30, 31, 8, 18, 19, 45, 40, 6, 34, 44, 50, 13, 47, 38, 15, 16, 37, 46, 48, 23, 33, 43, 35, 2, 7, 17, 20, 3, 9, 41, 32, 11, 51, 10, 26, 22]

Individual 4:
  Route length: 22475
  Contribution to Diversity: 0.001079037690915996
  Route: [35, 46, 37, 39, 38, 47, 13, 50, 42, 3, 18, 19, 45, 31, 24, 16, 17, 7, 2, 32, 11, 51, 10, 26, 30, 28, 12, 25, 14, 52, 29, 27, 36, 43, 33, 23, 48, 5, 1, 4, 21, 44, 9, 8, 41, 20, 49, 15, 34, 6, 40, 22]

Individual 5:
  Route length: 22271
  Contribution to Diversity: 0.001450215705062874
  Route: [6, 3, 17, 5, 8, 13, 14, 52, 15, 43, 33, 51, 28, 38, 31, 18, 29, 30, 21, 26, 47, 4, 20, 46, 35, 50, 9, 10, 23, 2, 11, 41, 19, 7, 42, 44, 1, 27, 25, 48, 49, 32, 45, 12, 37, 34, 36, 39, 40, 16, 24, 22]

Individual 6:
  Route length: 22480
  Contribution to Diversity: 0.0007614754086446851
  Route: [24, 39, 3, 21, 17, 7, 2, 30, 44, 43, 11, 47, 13, 50, 33, 27, 37, 38, 28, 12, 25, 23, 20, 45, 49, 32, 1, 4, 40, 52, 34, 16, 36, 14, 51, 8, 9, 10, 15, 35, 29, 26, 42, 5, 41, 19, 18, 6, 46, 48, 31, 22]

Individual 7:
  Route length: 22613
  Contribution to Diversity: 0.00139737534336426
  Route: [23, 50, 49, 8, 16, 13, 11, 15, 18, 27, 38, 6, 25, 34, 43, 33, 51, 26, 44, 36, 47, 12, 28, 31, 4, 35, 30, 42, 32, 21, 17, 3, 37, 46, 39, 40, 29, 52, 14, 9, 24, 48, 10, 45, 1, 20, 41, 19, 5, 7, 2, 22]

Individual 8:
  Route length: 22507
  Contribution to Diversity: 0.0008901009779807012
  Route: [42, 7, 29, 15, 45, 19, 10, 21, 4, 25, 5, 20, 33, 9, 18, 3, 24, 26, 32, 49, 44, 46, 34, 12, 27, 1, 17, 43, 11, 38, 48, 52, 14, 13, 47, 6, 51, 16, 50, 28, 2, 41, 8, 35, 30, 23, 36, 31, 40, 37, 39, 22]

Individual 9:
  Route length: 22203
  Contribution to Diversity: 0.0013084732672288268
  Route: [18, 3, 30, 15, 4, 45, 49, 35, 34, 46, 40, 37, 38, 24, 14, 26, 32, 6, 25, 16, 31, 13, 44, 39, 36, 12, 27, 28, 10, 9, 8, 21, 17, 41, 7, 42, 19, 43, 11, 48, 51, 47, 33, 52, 23, 5, 1, 29, 50, 20, 2, 22]

Individual 10:
  Route length: 22365
  Contribution to Diversity: 0.0008879342166610016
  Route: [19, 43, 52, 51, 47, 1, 30, 21, 11, 48, 26, 5, 29, 3, 18, 46, 40, 39, 44, 13, 14, 33, 24, 27, 28, 32, 37, 36, 6, 38, 12, 25, 16, 31, 10, 9, 8, 23, 50, 20, 7, 42, 34, 35, 49, 45, 4, 15, 17, 41, 2, 22]

Individual 11:
  Route length: 22576
  Contribution to Diversity: 0.0013917478713985076
  Route: [1, 41, 48, 44, 20, 35, 24, 11, 46, 40, 3, 18, 17, 2, 51, 13, 52, 14, 33, 7, 42, 21, 19, 32, 47, 26, 49, 6, 50, 29, 39, 25, 28, 8, 27, 45, 43, 10, 9, 34, 12, 38, 36, 16, 4, 23, 30, 5, 15, 37, 31, 22]

Individual 12:
  Route length: 22289
  Contribution to Diversity: 0.0006825154565586189
  Route: [5, 15, 4, 27, 26, 11, 6, 2, 42, 21, 7, 9, 24, 43, 36, 48, 38, 33, 51, 3, 14, 13, 30, 17, 12, 39, 40, 44, 37, 46, 18, 31, 23, 20, 32, 1, 10, 41, 8, 16, 29, 45, 19, 35, 47, 52, 49, 50, 34, 25, 28, 22]

Individual 13:
  Route length: 22189
  Contribution to Diversity: 0.0010623893091183945
  Route: [32, 19, 48, 17, 1, 37, 38, 49, 45, 24, 47, 13, 5, 16, 35, 36, 15, 6, 34, 29, 50, 44, 7, 42, 25, 11, 4, 20, 2, 27, 52, 28, 21, 31, 8, 9, 10, 43, 14, 39, 46, 12, 51, 33, 40, 18, 26, 23, 30, 41, 3, 22]

Individual 14:
  Route length: 22496
  Contribution to Diversity: 0.0014840489530465462
  Route: [45, 16, 13, 28, 51, 39, 48, 20, 42, 7, 41, 12, 47, 26, 38, 5, 24, 30, 23, 8, 34, 35, 36, 6, 15, 49, 32, 50, 31, 18, 3, 17, 10, 43, 1, 33, 21, 40, 27, 4, 29, 44, 9, 37, 25, 2, 46, 14, 52, 11, 19, 22]

Individual 15:
  Route length: 22555
  Contribution to Diversity: 0.0004196882682618863
  Route: [40, 46, 35, 15, 30, 39, 4, 12, 16, 48, 23, 45, 10, 28, 27, 26, 47, 5, 25, 44, 31, 9, 51, 11, 38, 42, 24, 1, 49, 32, 20, 17, 3, 18, 34, 37, 36, 7, 2, 19, 21, 52, 29, 50, 33, 43, 14, 13, 6, 8, 41, 22]

Individual 16:
  Route length: 22477
  Contribution to Diversity: 0.0005835245790137833
  Route: [7, 30, 39, 38, 34, 32, 5, 12, 15, 6, 4, 44, 11, 21, 24, 33, 8, 43, 52, 14, 2, 26, 27, 28, 1, 25, 13, 47, 46, 10, 41, 19, 9, 51, 16, 29, 20, 17, 3, 50, 18, 42, 31, 48, 49, 45, 35, 36, 23, 40, 37, 22]

Individual 17:
  Route length: 22014
  Contribution to Diversity: 0.0003345299730312945
  Route: [30, 50, 37, 35, 34, 33, 11, 8, 15, 27, 38, 32, 39, 36, 40, 3, 4, 48, 10, 5, 49, 24, 43, 18, 31, 44, 6, 25, 51, 9, 29, 52, 19, 42, 7, 2, 16, 1, 21, 17, 28, 12, 14, 13, 47, 26, 46, 23, 41, 45, 20, 22]

Individual 18:
  Route length: 22014
  Contribution to Diversity: 0.0008469524081053947
  Route: [46, 35, 50, 2, 7, 14, 52, 1, 34, 18, 48, 38, 30, 9, 31, 42, 13, 47, 33, 25, 24, 5, 51, 40, 39, 36, 10, 8, 41, 12, 28, 27, 26, 45, 11, 29, 44, 4, 6, 15, 16, 20, 23, 19, 37, 21, 17, 3, 49, 32, 43, 22]

Individual 19:
  Route length: 21892
  Contribution to Diversity: 0.0016668690801484587
  Route: [12, 14, 52, 32, 24, 19, 15, 49, 1, 37, 38, 9, 10, 40, 27, 26, 34, 44, 46, 5, 6, 33, 11, 41, 8, 47, 4, 29, 50, 20, 23, 35, 18, 13, 25, 45, 3, 39, 51, 43, 31, 28, 36, 30, 2, 7, 42, 17, 21, 16, 48, 22]

Individual 20:
  Route length: 22588
  Contribution to Diversity: 0.001196741591518169
  Route: [19, 43, 52, 51, 47, 1, 29, 5, 26, 48, 11, 21, 30, 3, 18, 39, 44, 13, 14, 40, 37, 32, 28, 27, 24, 33, 46, 36, 6, 38, 12, 25, 16, 31, 10, 9, 8, 23, 50, 20, 7, 42, 34, 35, 49, 45, 4, 15, 17, 41, 2, 22]

Individual 21:
  Route length: 21716
  Contribution to Diversity: 0.0014446053729484376
  Route: [1, 21, 50, 29, 24, 18, 48, 44, 17, 3, 33, 40, 19, 34, 8, 9, 10, 26, 25, 14, 42, 30, 41, 35, 36, 31, 49, 2, 27, 51, 11, 52, 13, 47, 15, 5, 32, 45, 7, 28, 12, 38, 37, 43, 4, 46, 23, 6, 39, 16, 20, 22]

Individual 22:
  Route length: 21936
  Contribution to Diversity: 0.0004205353335953177
  Route: [12, 14, 52, 11, 33, 6, 19, 45, 25, 1, 47, 43, 31, 17, 39, 4, 38, 20, 46, 50, 29, 42, 7, 2, 30, 21, 24, 48, 44, 41, 8, 15, 49, 26, 18, 28, 13, 32, 16, 23, 37, 40, 36, 35, 34, 5, 27, 3, 51, 9, 10, 22]

Individual 23:
  Route length: 22203
  Contribution to Diversity: 0.0011010882703264002
  Route: [16, 29, 50, 20, 30, 2, 15, 46, 28, 44, 32, 6, 4, 17, 23, 1, 49, 21, 7, 41, 19, 36, 35, 43, 5, 51, 27, 14, 40, 47, 38, 37, 48, 45, 18, 3, 24, 26, 13, 34, 9, 8, 25, 10, 33, 39, 42, 11, 52, 12, 31, 22]

Individual 24:
  Route length: 21694
  Contribution to Diversity: 0.00014668517279847748
  Route: [1, 32, 35, 40, 39, 50, 8, 9, 19, 23, 31, 27, 13, 52, 11, 26, 15, 21, 45, 24, 14, 47, 12, 48, 51, 38, 37, 6, 20, 3, 10, 41, 36, 18, 42, 17, 44, 2, 28, 5, 4, 25, 7, 34, 33, 43, 29, 30, 49, 16, 46, 22]

Individual 25:
  Route length: 22617
  Contribution to Diversity: 0.0005493329746641962
  Route: [1, 4, 34, 35, 48, 50, 42, 7, 33, 24, 9, 45, 21, 16, 10, 36, 28, 20, 17, 47, 46, 12, 8, 13, 14, 52, 11, 51, 40, 39, 49, 38, 44, 23, 30, 6, 15, 31, 18, 3, 25, 5, 27, 26, 29, 37, 32, 41, 19, 2, 43, 22]

Individual 26:
  Route length: 22599
  Contribution to Diversity: 0.0015262184966147174
  Route: [9, 39, 29, 50, 20, 47, 26, 28, 14, 52, 11, 18, 16, 42, 6, 48, 25, 44, 34, 4, 24, 7, 31, 17, 8, 30, 23, 13, 15, 5, 35, 36, 12, 46, 3, 21, 49, 32, 2, 43, 10, 40, 37, 38, 19, 41, 33, 51, 1, 27, 45, 22]

Individual 27:
  Route length: 22384
  Contribution to Diversity: 0.0016177071828300527
  Route: [35, 7, 2, 48, 4, 12, 16, 46, 44, 40, 39, 37, 34, 52, 6, 29, 13, 14, 38, 25, 42, 20, 32, 36, 8, 41, 43, 49, 23, 19, 21, 50, 1, 45, 51, 33, 26, 27, 28, 10, 9, 11, 30, 15, 47, 5, 24, 17, 3, 18, 31, 22]

Individual 28:
  Route length: 22576
  Contribution to Diversity: 0.0007434849092771145
  Route: [24, 39, 3, 21, 17, 7, 2, 30, 44, 43, 11, 29, 35, 46, 6, 18, 19, 41, 5, 42, 26, 47, 13, 50, 33, 27, 37, 38, 28, 12, 25, 23, 20, 45, 4, 1, 32, 49, 40, 52, 34, 16, 36, 14, 51, 8, 9, 10, 15, 48, 31, 22]

Individual 29:
  Route length: 22464
  Contribution to Diversity: 0.00014813261112056608
  Route: [1, 52, 11, 13, 20, 46, 16, 49, 17, 34, 48, 24, 14, 51, 23, 31, 32, 21, 7, 3, 18, 38, 50, 25, 5, 15, 10, 45, 26, 47, 27, 30, 29, 33, 12, 44, 37, 41, 19, 39, 4, 43, 42, 2, 36, 28, 40, 35, 9, 8, 6, 22]

Individual 30:
  Route length: 22378
  Contribution to Diversity: 0.0012784228288120758
  Route: [1, 45, 48, 24, 51, 46, 25, 16, 29, 50, 20, 30, 42, 11, 52, 12, 15, 5, 40, 7, 8, 9, 34, 4, 36, 28, 27, 14, 6, 10, 23, 17, 35, 38, 47, 44, 19, 41, 21, 49, 18, 33, 43, 13, 26, 2, 39, 3, 37, 32, 31, 22]

Individual 31:
  Route length: 22605
  Contribution to Diversity: 0.0002377274922773509
  Route: [21, 31, 48, 9, 43, 20, 46, 16, 1, 49, 25, 4, 37, 27, 47, 26, 51, 33, 19, 12, 13, 11, 40, 44, 34, 38, 10, 45, 42, 23, 39, 24, 41, 6, 8, 50, 15, 5, 35, 36, 7, 2, 18, 3, 28, 52, 17, 14, 29, 30, 32, 22]

Individual 32:
  Route length: 22350
  Contribution to Diversity: 0.0008075035248067408
  Route: [12, 3, 45, 35, 37, 17, 27, 28, 1, 25, 5, 15, 6, 51, 11, 33, 24, 21, 19, 41, 42, 38, 46, 44, 9, 39, 40, 34, 31, 30, 14, 52, 43, 8, 18, 50, 13, 47, 26, 48, 10, 29, 16, 7, 2, 20, 23, 4, 49, 36, 32, 22]

Individual 33:
  Route length: 22283
  Contribution to Diversity: 0.0013039197954212156
  Route: [33, 30, 48, 39, 11, 51, 25, 41, 2, 44, 46, 16, 50, 36, 42, 28, 12, 29, 19, 5, 4, 7, 18, 40, 1, 27, 26, 47, 13, 14, 52, 32, 23, 17, 31, 24, 20, 34, 35, 49, 21, 43, 10, 45, 8, 9, 15, 37, 6, 38, 3, 22]

Individual 34:
  Route length: 22394
  Contribution to Diversity: 0.0008641710568584315
  Route: [27, 35, 17, 33, 14, 13, 26, 11, 43, 39, 34, 38, 37, 50, 20, 25, 48, 23, 49, 1, 9, 3, 18, 16, 4, 15, 5, 44, 8, 41, 42, 7, 2, 6, 21, 31, 36, 46, 40, 47, 51, 10, 12, 28, 29, 52, 24, 19, 30, 45, 32, 22]

Individual 35:
  Route length: 22164
  Contribution to Diversity: 0.00034803690765805584
  Route: [1, 42, 46, 12, 24, 35, 38, 40, 4, 19, 41, 39, 8, 2, 16, 6, 5, 17, 21, 44, 34, 23, 30, 10, 36, 50, 26, 27, 20, 7, 49, 47, 43, 48, 15, 13, 14, 52, 11, 51, 33, 28, 45, 29, 37, 9, 32, 25, 3, 18, 31, 22]

Individual 36:
  Route length: 22377
  Contribution to Diversity: 0.0004310439817931666
  Route: [18, 25, 21, 43, 33, 51, 14, 32, 46, 17, 45, 10, 12, 28, 23, 24, 47, 26, 27, 6, 3, 42, 37, 5, 39, 36, 13, 52, 11, 34, 20, 50, 15, 19, 4, 48, 40, 35, 1, 49, 38, 2, 16, 44, 30, 31, 29, 7, 9, 8, 41, 22]

Individual 37:
  Route length: 22156
  Contribution to Diversity: 0.0014442664116547377
  Route: [32, 35, 25, 4, 20, 44, 12, 15, 42, 45, 13, 11, 52, 14, 51, 33, 37, 29, 31, 41, 18, 3, 39, 40, 36, 17, 21, 50, 6, 23, 5, 48, 28, 10, 30, 2, 7, 9, 43, 27, 26, 8, 38, 24, 46, 16, 34, 49, 47, 1, 19, 22]

Individual 38:
  Route length: 21173
  Contribution to Diversity: 0.0002487724792850088
  Route: [5, 11, 26, 27, 4, 15, 6, 31, 23, 20, 32, 1, 10, 41, 8, 16, 9, 24, 43, 36, 48, 38, 33, 51, 12, 39, 40, 44, 37, 46, 45, 14, 13, 30, 17, 3, 29, 7, 21, 42, 2, 18, 19, 34, 25, 28, 47, 35, 50, 49, 52, 22]

Individual 39:
  Route length: 22269
  Contribution to Diversity: 0.0007857619097650925
  Route: [1, 15, 26, 52, 11, 14, 2, 5, 10, 43, 33, 51, 47, 13, 7, 49, 40, 44, 48, 38, 20, 16, 30, 25, 12, 3, 17, 37, 32, 19, 27, 28, 41, 50, 8, 45, 18, 29, 31, 9, 24, 46, 6, 4, 35, 34, 36, 39, 42, 21, 23, 22]

Individual 40:
  Route length: 22514
  Contribution to Diversity: 0.0005413055961822621
  Route: [1, 52, 11, 13, 27, 47, 26, 23, 7, 3, 42, 30, 25, 50, 38, 18, 43, 4, 39, 9, 28, 5, 15, 10, 45, 51, 33, 16, 49, 37, 44, 12, 17, 40, 35, 36, 2, 29, 14, 24, 48, 34, 46, 20, 41, 19, 8, 6, 31, 21, 32, 22]

Individual 41:
  Route length: 22398
  Contribution to Diversity: 0.0007238700490583838
  Route: [43, 10, 9, 39, 29, 20, 41, 49, 3, 21, 1, 40, 46, 25, 15, 5, 24, 48, 42, 33, 13, 14, 6, 36, 47, 28, 11, 51, 19, 18, 16, 50, 52, 23, 45, 12, 38, 32, 44, 7, 2, 30, 37, 26, 27, 35, 4, 31, 17, 8, 34, 22]

Individual 42:
  Route length: 22616
  Contribution to Diversity: 0.0015476388250261763
  Route: [6, 14, 20, 28, 27, 12, 7, 32, 31, 16, 37, 3, 36, 40, 17, 9, 10, 30, 41, 24, 8, 19, 50, 23, 29, 26, 52, 11, 51, 25, 48, 38, 5, 33, 4, 43, 21, 42, 49, 1, 44, 35, 45, 2, 34, 39, 18, 47, 13, 15, 46, 22]

Individual 43:
  Route length: 22425
  Contribution to Diversity: 0.00179160531516942
  Route: [6, 3, 17, 33, 51, 24, 52, 14, 49, 32, 30, 43, 5, 34, 15, 40, 37, 42, 7, 2, 28, 12, 25, 4, 50, 29, 1, 46, 16, 26, 44, 45, 41, 47, 38, 31, 21, 36, 35, 10, 9, 8, 39, 18, 23, 20, 27, 13, 19, 11, 48, 22]

Individual 44:
  Route length: 21115
  Contribution to Diversity: 0.0003568055311671259
  Route: [24, 43, 36, 48, 38, 33, 51, 12, 39, 40, 44, 1, 10, 41, 8, 16, 29, 3, 17, 30, 13, 14, 45, 46, 37, 32, 20, 23, 31, 6, 15, 4, 27, 26, 11, 5, 9, 7, 21, 42, 2, 18, 19, 34, 25, 28, 47, 35, 50, 49, 52, 22]

Individual 45:
  Route length: 22551
  Contribution to Diversity: 0.0002298610719186911
  Route: [41, 8, 16, 29, 31, 35, 30, 2, 24, 48, 27, 26, 25, 40, 12, 33, 28, 37, 44, 21, 42, 7, 14, 52, 5, 18, 9, 43, 10, 23, 32, 50, 15, 4, 36, 20, 34, 39, 47, 11, 1, 49, 3, 17, 45, 19, 51, 38, 13, 46, 6, 22]

Individual 46:
  Route length: 21936
  Contribution to Diversity: 0.0004205353335953177
  Route: [10, 9, 51, 3, 27, 5, 34, 35, 36, 40, 37, 23, 16, 32, 13, 28, 18, 26, 49, 15, 8, 41, 44, 48, 24, 21, 30, 2, 7, 42, 29, 50, 46, 20, 38, 4, 39, 17, 31, 43, 47, 1, 25, 45, 19, 6, 33, 11, 52, 14, 12, 22]

Individual 47:
  Route length: 22468
  Contribution to Diversity: 0.0012377798746667779
  Route: [41, 8, 44, 36, 4, 6, 19, 20, 30, 37, 23, 40, 11, 51, 49, 45, 34, 50, 31, 21, 32, 42, 47, 12, 1, 24, 26, 27, 17, 9, 13, 28, 52, 14, 38, 15, 25, 3, 35, 18, 2, 7, 5, 48, 10, 43, 33, 29, 16, 46, 39, 22]

Individual 48:
  Route length: 22336
  Contribution to Diversity: 0.000532192524744346
  Route: [24, 39, 37, 51, 5, 28, 35, 11, 15, 19, 31, 30, 50, 13, 47, 29, 38, 43, 33, 23, 44, 1, 32, 49, 45, 20, 18, 3, 36, 2, 7, 17, 21, 27, 12, 25, 4, 34, 8, 9, 10, 41, 14, 6, 46, 48, 40, 42, 52, 26, 16, 22]

Individual 49:
  Route length: 22537
  Contribution to Diversity: 0.0007350127151308783
  Route: [7, 30, 39, 38, 34, 32, 5, 12, 15, 6, 4, 44, 16, 51, 9, 19, 41, 10, 46, 47, 13, 25, 1, 28, 27, 26, 2, 14, 52, 43, 8, 33, 24, 21, 11, 29, 20, 17, 3, 50, 18, 42, 31, 48, 49, 45, 35, 36, 23, 40, 37, 22]

Individual 50:
  Route length: 22574
  Contribution to Diversity: 0.0016182429687203737
  Route: [19, 41, 52, 14, 29, 43, 37, 21, 44, 39, 18, 3, 17, 11, 34, 20, 23, 12, 40, 38, 33, 51, 10, 16, 48, 31, 35, 36, 24, 4, 32, 49, 13, 15, 45, 6, 25, 46, 9, 28, 27, 26, 47, 1, 8, 5, 30, 42, 7, 2, 50, 22]

Individual 51:
  Route length: 22321
  Contribution to Diversity: 0.0004842733455552306
  Route: [48, 38, 50, 31, 17, 3, 29, 16, 25, 28, 15, 39, 34, 18, 4, 52, 49, 33, 51, 12, 36, 35, 27, 26, 11, 6, 14, 47, 23, 46, 37, 2, 42, 21, 7, 9, 13, 30, 41, 10, 24, 43, 45, 19, 8, 44, 40, 5, 1, 32, 20, 22]

Individual 52:
  Route length: 22552
  Contribution to Diversity: 0.0006495135618962422
  Route: [1, 32, 35, 40, 39, 50, 8, 9, 16, 49, 30, 29, 43, 33, 34, 7, 25, 4, 5, 28, 2, 44, 17, 42, 18, 36, 41, 10, 3, 20, 6, 37, 38, 51, 48, 12, 47, 14, 24, 45, 21, 15, 26, 11, 52, 13, 27, 31, 23, 19, 46, 22]

Individual 53:
  Route length: 22367
  Contribution to Diversity: 0.0006126731188178525
  Route: [33, 30, 48, 39, 51, 25, 20, 36, 17, 31, 24, 1, 11, 7, 18, 40, 29, 34, 4, 5, 15, 6, 37, 52, 14, 13, 47, 26, 27, 44, 28, 12, 42, 46, 16, 50, 35, 49, 21, 45, 8, 9, 19, 10, 41, 43, 2, 23, 32, 38, 3, 22]

Individual 54:
  Route length: 22273
  Contribution to Diversity: 9.844661444358138e-05
  Route: [6, 45, 41, 19, 30, 18, 31, 11, 9, 10, 34, 16, 4, 37, 49, 32, 36, 52, 14, 23, 39, 35, 21, 38, 43, 33, 51, 28, 2, 26, 47, 29, 46, 42, 7, 3, 17, 50, 13, 27, 44, 1, 5, 40, 20, 24, 12, 25, 15, 8, 48, 22]

Individual 55:
  Route length: 22064
  Contribution to Diversity: 0.0001975470889901132
  Route: [1, 52, 11, 13, 20, 46, 16, 49, 17, 19, 41, 37, 44, 12, 33, 29, 30, 27, 47, 26, 45, 10, 15, 5, 25, 50, 38, 18, 3, 7, 21, 32, 31, 23, 51, 14, 24, 48, 34, 39, 4, 43, 42, 2, 36, 28, 40, 35, 9, 8, 6, 22]

Individual 56:
  Route length: 22584
  Contribution to Diversity: 0.0005206104709580828
  Route: [18, 48, 44, 17, 3, 33, 38, 29, 24, 26, 25, 14, 52, 11, 51, 27, 19, 40, 37, 43, 4, 45, 21, 50, 12, 28, 7, 46, 23, 6, 1, 10, 9, 8, 34, 41, 36, 35, 31, 49, 2, 5, 15, 47, 13, 42, 30, 32, 39, 16, 20, 22]

Individual 57:
  Route length: 21468
  Contribution to Diversity: 0.00022671273639129907
  Route: [1, 42, 30, 23, 34, 44, 21, 17, 5, 6, 16, 2, 8, 39, 41, 19, 4, 40, 38, 35, 24, 12, 46, 10, 36, 50, 26, 27, 20, 7, 49, 47, 43, 48, 15, 13, 14, 52, 11, 51, 33, 28, 45, 29, 37, 9, 32, 25, 3, 18, 31, 22]

Individual 58:
  Route length: 22451
  Contribution to Diversity: 0.0013251491599692855
  Route: [1, 38, 48, 45, 49, 34, 24, 25, 8, 40, 2, 30, 23, 20, 50, 9, 6, 26, 13, 47, 37, 21, 12, 28, 14, 52, 11, 51, 33, 31, 44, 19, 4, 36, 10, 43, 42, 32, 39, 41, 27, 46, 7, 35, 17, 5, 15, 18, 16, 29, 3, 22]

Individual 59:
  Route length: 21934
  Contribution to Diversity: 5.249230805581817e-05
  Route: [1, 17, 15, 34, 44, 37, 48, 36, 46, 26, 20, 35, 49, 10, 11, 27, 28, 47, 30, 23, 50, 29, 51, 33, 41, 42, 3, 12, 13, 14, 18, 4, 25, 19, 9, 8, 52, 32, 45, 6, 16, 24, 38, 21, 7, 2, 5, 39, 40, 43, 31, 22]

Individual 60:
  Route length: 22432
  Contribution to Diversity: 0.00032395384917549563
  Route: [6, 45, 41, 19, 30, 18, 29, 46, 42, 7, 3, 17, 50, 13, 27, 44, 1, 5, 40, 20, 34, 10, 9, 11, 39, 23, 14, 52, 15, 25, 12, 24, 16, 4, 47, 26, 37, 49, 32, 28, 51, 33, 43, 38, 21, 35, 31, 2, 36, 8, 48, 22]

Individual 61:
  Route length: 22159
  Contribution to Diversity: 0.00017781546408368598
  Route: [1, 46, 42, 21, 45, 41, 31, 7, 27, 44, 15, 17, 10, 49, 16, 34, 35, 30, 38, 4, 25, 11, 52, 13, 14, 47, 51, 33, 43, 37, 23, 6, 24, 32, 20, 12, 5, 48, 9, 19, 18, 8, 39, 50, 28, 3, 2, 29, 36, 26, 40, 22]

Individual 62:
  Route length: 22608
  Contribution to Diversity: 0.0010019874719242594
  Route: [1, 28, 5, 38, 17, 21, 42, 36, 25, 35, 49, 32, 27, 26, 47, 2, 30, 7, 39, 40, 46, 3, 18, 48, 44, 41, 31, 51, 23, 20, 6, 52, 14, 13, 16, 11, 37, 15, 45, 33, 8, 34, 19, 24, 12, 4, 50, 29, 43, 10, 9, 22]

Individual 63:
  Route length: 22077
  Contribution to Diversity: 0.0015429643432876006
  Route: [38, 17, 1, 21, 7, 2, 34, 44, 46, 36, 11, 10, 33, 26, 20, 23, 30, 47, 28, 27, 48, 37, 40, 39, 51, 4, 25, 19, 3, 42, 32, 45, 6, 24, 16, 15, 5, 49, 35, 50, 29, 18, 14, 13, 12, 9, 8, 52, 41, 43, 31, 22]

Individual 64:
  Route length: 22357
  Contribution to Diversity: 0.0012064461098315604
  Route: [32, 19, 48, 17, 1, 18, 40, 33, 51, 12, 46, 24, 45, 36, 15, 6, 34, 44, 50, 29, 7, 42, 25, 11, 4, 20, 2, 27, 52, 28, 21, 31, 8, 23, 26, 37, 38, 49, 35, 16, 47, 13, 5, 39, 14, 43, 10, 9, 30, 41, 3, 22]

Individual 65:
  Route length: 21794
  Contribution to Diversity: 0.00048764999062544945
  Route: [50, 47, 13, 28, 26, 34, 16, 46, 10, 9, 14, 43, 12, 51, 33, 30, 38, 48, 3, 41, 40, 11, 25, 36, 45, 32, 49, 19, 8, 39, 42, 7, 29, 15, 18, 44, 4, 20, 23, 35, 2, 52, 27, 6, 5, 24, 37, 1, 17, 21, 31, 22]

Individual 66:
  Route length: 22492
  Contribution to Diversity: 0.0005581352058454669
  Route: [27, 38, 49, 4, 46, 23, 16, 2, 5, 28, 25, 33, 47, 43, 26, 50, 20, 31, 13, 14, 51, 11, 12, 39, 36, 10, 37, 24, 48, 40, 15, 6, 44, 9, 8, 52, 35, 34, 41, 19, 18, 29, 1, 3, 17, 21, 42, 7, 32, 45, 30, 22]

Individual 67:
  Route length: 22510
  Contribution to Diversity: 0.0002316180653236799
  Route: [20, 44, 28, 12, 8, 41, 18, 37, 14, 52, 38, 26, 13, 39, 49, 32, 33, 45, 17, 3, 11, 47, 9, 27, 29, 16, 23, 1, 5, 51, 19, 31, 40, 15, 36, 48, 43, 10, 25, 4, 24, 42, 21, 50, 7, 2, 30, 35, 6, 46, 34, 22]

Individual 68:
  Route length: 22312
  Contribution to Diversity: 0.0006423190173778792
  Route: [1, 17, 49, 27, 45, 32, 50, 4, 6, 40, 16, 31, 44, 3, 18, 13, 43, 37, 15, 47, 29, 25, 12, 38, 24, 5, 41, 21, 14, 52, 26, 46, 10, 9, 8, 20, 39, 51, 33, 11, 28, 48, 2, 19, 35, 36, 30, 42, 7, 23, 34, 22]

Individual 69:
  Route length: 22483
  Contribution to Diversity: 0.0008539150062070178
  Route: [23, 50, 44, 12, 29, 14, 52, 9, 24, 48, 37, 10, 13, 11, 8, 36, 30, 42, 32, 21, 17, 3, 49, 46, 4, 35, 5, 45, 1, 20, 31, 28, 26, 51, 33, 34, 25, 6, 43, 15, 40, 38, 18, 27, 39, 19, 41, 16, 47, 7, 2, 22]

Individual 70:
  Route length: 22457
  Contribution to Diversity: 0.0008260050172816946
  Route: [50, 46, 37, 26, 10, 39, 11, 15, 6, 43, 36, 40, 30, 32, 21, 17, 23, 13, 35, 14, 52, 47, 20, 28, 4, 3, 2, 7, 18, 51, 33, 9, 19, 8, 41, 44, 29, 16, 48, 38, 24, 27, 25, 12, 5, 42, 34, 1, 49, 45, 31, 22]

Individual 71:
  Route length: 22446
  Contribution to Diversity: 0.000631733754909547
  Route: [1, 4, 34, 35, 48, 50, 42, 7, 33, 24, 9, 45, 21, 16, 10, 36, 28, 20, 17, 47, 46, 12, 8, 13, 14, 52, 11, 51, 40, 39, 49, 38, 44, 23, 19, 41, 32, 37, 29, 26, 27, 5, 25, 3, 18, 31, 15, 6, 30, 2, 43, 22]

Individual 72:
  Route length: 22431
  Contribution to Diversity: 0.00037590375743334903
  Route: [52, 14, 44, 33, 19, 46, 16, 3, 20, 47, 26, 17, 15, 37, 48, 36, 45, 31, 49, 23, 2, 7, 18, 51, 13, 40, 11, 35, 25, 29, 50, 30, 32, 21, 41, 8, 9, 10, 27, 28, 12, 24, 42, 38, 5, 4, 39, 43, 6, 34, 1, 22]

Individual 73:
  Route length: 22575
  Contribution to Diversity: 0.0010078949989162922
  Route: [6, 49, 27, 11, 30, 39, 25, 28, 41, 10, 9, 26, 47, 32, 43, 4, 12, 38, 36, 16, 45, 29, 50, 13, 51, 44, 52, 14, 33, 37, 34, 23, 3, 18, 17, 8, 20, 5, 15, 35, 19, 1, 48, 24, 21, 40, 46, 2, 7, 42, 31, 22]

Individual 74:
  Route length: 22411
  Contribution to Diversity: 0.0001045992561996556
  Route: [5, 4, 14, 12, 34, 35, 8, 9, 52, 13, 27, 28, 46, 25, 15, 30, 23, 42, 6, 51, 33, 19, 18, 45, 21, 3, 20, 50, 39, 11, 29, 48, 38, 24, 36, 41, 37, 43, 10, 1, 40, 17, 44, 2, 49, 26, 47, 16, 7, 32, 31, 22]

Individual 75:
  Route length: 22471
  Contribution to Diversity: 0.0013249935286321346
  Route: [45, 16, 13, 28, 51, 39, 9, 44, 4, 29, 27, 34, 35, 36, 6, 15, 49, 32, 50, 31, 18, 3, 17, 10, 43, 33, 1, 24, 30, 23, 8, 40, 21, 5, 38, 2, 46, 14, 52, 11, 19, 25, 37, 48, 20, 42, 7, 41, 12, 47, 26, 22]

Individual 76:
  Route length: 21600
  Contribution to Diversity: 0.0002928901232683856
  Route: [18, 32, 19, 2, 7, 44, 3, 8, 9, 10, 20, 42, 52, 12, 38, 34, 31, 41, 36, 28, 37, 5, 48, 25, 51, 24, 33, 6, 11, 26, 47, 13, 14, 50, 43, 40, 16, 45, 15, 4, 35, 27, 30, 49, 46, 29, 1, 39, 23, 17, 21, 22]

Individual 77:
  Route length: 21836
  Contribution to Diversity: 0.0006020102315140718
  Route: [35, 2, 7, 8, 26, 10, 49, 28, 42, 21, 39, 29, 52, 14, 27, 48, 23, 16, 24, 30, 31, 17, 1, 15, 12, 46, 41, 9, 3, 32, 18, 19, 45, 40, 6, 34, 44, 50, 13, 47, 25, 4, 33, 43, 36, 38, 5, 51, 11, 37, 20, 22]

Individual 78:
  Route length: 22232
  Contribution to Diversity: 0.0003505825103564675
  Route: [18, 25, 21, 43, 33, 51, 14, 32, 46, 17, 45, 10, 12, 28, 23, 24, 47, 26, 27, 6, 3, 42, 37, 5, 38, 49, 1, 35, 40, 48, 4, 19, 15, 50, 20, 34, 11, 52, 13, 36, 39, 2, 16, 44, 30, 31, 29, 7, 9, 8, 41, 22]

Individual 79:
  Route length: 21895
  Contribution to Diversity: 0.0005718736275097669
  Route: [30, 50, 27, 38, 32, 36, 39, 46, 23, 41, 40, 11, 15, 8, 43, 49, 24, 5, 10, 9, 35, 34, 33, 26, 47, 25, 29, 42, 7, 2, 16, 1, 19, 52, 6, 44, 31, 18, 37, 21, 17, 28, 12, 14, 13, 51, 48, 4, 3, 45, 20, 22]

Individual 80:
  Route length: 22226
  Contribution to Diversity: 0.0011383131678091019
  Route: [6, 14, 20, 28, 27, 12, 7, 32, 31, 16, 37, 3, 36, 40, 17, 9, 10, 30, 41, 24, 8, 19, 50, 23, 29, 26, 52, 11, 51, 25, 48, 38, 5, 33, 4, 43, 21, 42, 49, 1, 44, 35, 45, 18, 39, 34, 2, 47, 13, 15, 46, 22]

Individual 81:
  Route length: 22524
  Contribution to Diversity: 0.0012737528204658233
  Route: [1, 25, 48, 5, 17, 21, 44, 23, 38, 6, 4, 39, 10, 15, 19, 41, 45, 50, 46, 3, 31, 20, 27, 26, 29, 47, 49, 14, 13, 18, 42, 7, 36, 40, 52, 11, 51, 33, 16, 2, 8, 34, 35, 9, 37, 43, 28, 12, 30, 32, 24, 22]

Individual 82:
  Route length: 22367
  Contribution to Diversity: 0.0004167848021596754
  Route: [1, 46, 42, 21, 45, 17, 15, 44, 27, 7, 31, 41, 10, 49, 16, 34, 35, 30, 38, 4, 25, 50, 28, 3, 2, 29, 48, 5, 12, 20, 32, 24, 6, 23, 37, 43, 33, 51, 47, 14, 13, 52, 11, 39, 8, 18, 19, 9, 36, 26, 40, 22]

Individual 83:
  Route length: 22448
  Contribution to Diversity: 0.00044223271894683336
  Route: [49, 35, 7, 32, 8, 23, 30, 41, 19, 16, 29, 14, 31, 33, 15, 5, 24, 44, 45, 12, 34, 47, 26, 9, 10, 37, 25, 4, 6, 18, 13, 27, 28, 52, 38, 43, 51, 11, 36, 1, 17, 3, 46, 39, 20, 42, 21, 2, 50, 48, 40, 22]

Individual 84:
  Route length: 22127
  Contribution to Diversity: 0.0002920737216713931
  Route: [21, 31, 48, 9, 43, 20, 46, 16, 28, 11, 13, 12, 19, 33, 51, 26, 47, 27, 37, 4, 25, 49, 1, 3, 18, 7, 2, 36, 35, 5, 15, 24, 41, 6, 8, 50, 39, 23, 42, 45, 10, 38, 34, 44, 40, 52, 17, 14, 29, 30, 32, 22]

Individual 85:
  Route length: 22377
  Contribution to Diversity: 0.00041043637376247943
  Route: [24, 45, 20, 18, 3, 36, 2, 7, 17, 21, 27, 12, 25, 4, 34, 8, 9, 10, 41, 39, 49, 32, 1, 44, 23, 33, 43, 38, 29, 47, 13, 50, 30, 31, 19, 15, 11, 35, 28, 5, 51, 37, 14, 6, 46, 48, 40, 42, 52, 26, 16, 22]

Individual 86:
  Route length: 22283
  Contribution to Diversity: 0.0009665684034851907
  Route: [42, 7, 29, 15, 45, 19, 10, 21, 4, 25, 5, 20, 33, 9, 18, 3, 24, 26, 32, 49, 44, 46, 34, 12, 27, 36, 23, 30, 35, 8, 41, 2, 28, 50, 16, 51, 6, 47, 13, 14, 52, 48, 38, 11, 43, 17, 1, 31, 40, 37, 39, 22]

Individual 87:
  Route length: 21839
  Contribution to Diversity: 0.0009378344188757382
  Route: [35, 42, 28, 49, 10, 26, 8, 7, 2, 21, 39, 29, 52, 14, 27, 48, 23, 16, 24, 30, 31, 17, 1, 15, 12, 46, 41, 9, 3, 32, 18, 19, 45, 40, 6, 34, 44, 50, 13, 47, 25, 4, 33, 43, 36, 38, 5, 51, 11, 37, 20, 22]

Individual 88:
  Route length: 21995
  Contribution to Diversity: 0
  Route: [10, 36, 39, 5, 37, 40, 35, 42, 13, 1, 49, 38, 32, 9, 8, 41, 15, 6, 47, 31, 7, 46, 20, 50, 3, 43, 33, 51, 11, 52, 14, 19, 2, 16, 23, 30, 29, 45, 18, 25, 21, 27, 26, 28, 12, 17, 44, 24, 48, 4, 34, 22]

Individual 89:
  Route length: 21861
  Contribution to Diversity: 0.0006318737821553455
  Route: [50, 47, 13, 28, 26, 34, 16, 46, 10, 9, 32, 45, 36, 25, 11, 40, 41, 3, 48, 38, 30, 33, 51, 12, 43, 14, 49, 19, 8, 39, 42, 7, 29, 15, 18, 44, 4, 20, 23, 35, 2, 52, 27, 6, 5, 24, 37, 1, 17, 21, 31, 22]

Individual 90:
  Route length: 22429
  Contribution to Diversity: 0.000717153004831772
  Route: [52, 11, 25, 38, 29, 44, 14, 32, 49, 15, 1, 34, 41, 51, 33, 43, 10, 9, 7, 3, 18, 4, 45, 8, 39, 26, 12, 37, 36, 6, 31, 21, 17, 24, 46, 16, 47, 13, 50, 20, 5, 35, 40, 48, 19, 28, 27, 2, 30, 23, 42, 22]

Individual 91:
  Route length: 22533
  Contribution to Diversity: 0.000977665614732004
  Route: [1, 38, 4, 49, 44, 31, 33, 36, 48, 51, 11, 52, 14, 13, 47, 41, 26, 46, 27, 25, 24, 34, 45, 35, 9, 6, 21, 12, 28, 8, 40, 2, 30, 23, 20, 50, 17, 5, 15, 16, 39, 37, 7, 19, 10, 43, 42, 32, 29, 3, 18, 22]

Individual 92:
  Route length: 22245
  Contribution to Diversity: 0
  Route: [39, 42, 38, 13, 50, 24, 48, 9, 11, 52, 6, 4, 14, 31, 18, 2, 36, 15, 25, 20, 16, 32, 45, 23, 8, 41, 19, 21, 17, 3, 7, 30, 1, 29, 34, 49, 10, 51, 44, 46, 43, 33, 35, 12, 28, 27, 26, 47, 5, 37, 40, 22]

Individual 93:
  Route length: 22426
  Contribution to Diversity: 0.0006862607860655956
  Route: [33, 30, 48, 39, 51, 25, 20, 36, 17, 31, 24, 34, 29, 40, 18, 7, 11, 1, 27, 26, 47, 13, 14, 52, 37, 6, 15, 5, 4, 44, 28, 12, 42, 46, 16, 50, 35, 49, 21, 45, 8, 9, 19, 10, 41, 43, 2, 23, 32, 38, 3, 22]

Individual 94:
  Route length: 22279
  Contribution to Diversity: 0.0007235725747438693
  Route: [1, 32, 35, 3, 20, 6, 40, 39, 50, 8, 9, 19, 38, 51, 48, 28, 49, 16, 2, 44, 17, 42, 18, 36, 41, 10, 37, 23, 31, 27, 13, 52, 11, 26, 15, 21, 45, 24, 14, 47, 12, 5, 4, 25, 7, 34, 33, 43, 29, 30, 46, 22]

Individual 95:
  Route length: 22271
  Contribution to Diversity: 0.0007544650667714592
  Route: [12, 3, 6, 51, 52, 14, 30, 31, 34, 40, 39, 25, 5, 15, 45, 35, 37, 16, 29, 10, 48, 26, 47, 13, 50, 18, 8, 43, 11, 33, 24, 21, 19, 41, 42, 38, 46, 44, 9, 1, 28, 27, 17, 7, 2, 20, 23, 4, 49, 32, 36, 22]

Individual 96:
  Route length: 21526
  Contribution to Diversity: 0.00025510301080622355
  Route: [18, 32, 19, 2, 7, 44, 3, 8, 9, 10, 20, 39, 1, 29, 46, 49, 30, 27, 35, 4, 15, 45, 16, 40, 43, 50, 14, 13, 47, 26, 11, 6, 33, 24, 51, 25, 48, 5, 37, 28, 36, 41, 31, 34, 38, 12, 52, 42, 23, 17, 21, 22]

Individual 97:
  Route length: 22361
  Contribution to Diversity: 0.0016166340474539354
  Route: [6, 24, 48, 38, 5, 33, 4, 43, 21, 42, 49, 1, 37, 25, 52, 26, 29, 23, 16, 9, 10, 45, 2, 7, 32, 39, 34, 3, 44, 35, 30, 8, 14, 20, 28, 27, 12, 36, 40, 17, 51, 11, 41, 19, 50, 46, 15, 13, 47, 18, 31, 22]

Individual 98:
  Route length: 22031
  Contribution to Diversity: 0
  Route: [10, 36, 39, 5, 37, 40, 35, 42, 13, 24, 44, 17, 12, 28, 26, 27, 21, 25, 18, 45, 29, 30, 23, 16, 2, 19, 14, 52, 11, 51, 33, 43, 3, 50, 20, 46, 7, 31, 47, 6, 15, 41, 8, 9, 32, 38, 49, 1, 48, 4, 34, 22]

Individual 99:
  Route length: 22265
  Contribution to Diversity: 0.0007360968083593988
  Route: [1, 15, 26, 52, 11, 14, 2, 5, 10, 43, 33, 51, 47, 13, 7, 49, 12, 25, 30, 16, 20, 38, 48, 44, 40, 3, 17, 37, 32, 19, 27, 28, 41, 50, 8, 45, 18, 29, 31, 9, 24, 46, 6, 4, 35, 34, 36, 39, 42, 21, 23, 22]

Individual 100:
  Route length: 22041
  Contribution to Diversity: 0.0008421292636100475
  Route: [50, 47, 13, 28, 26, 3, 18, 1, 17, 38, 48, 30, 21, 34, 41, 11, 27, 6, 14, 43, 12, 36, 19, 45, 51, 52, 25, 49, 32, 8, 2, 42, 7, 24, 5, 29, 37, 15, 9, 10, 46, 4, 20, 23, 35, 39, 33, 40, 44, 16, 31, 22]

Individual 101:
  Route length: 22238
  Contribution to Diversity: 0.0008437112292956073
  Route: [36, 46, 35, 30, 2, 7, 17, 8, 9, 41, 4, 25, 12, 37, 20, 1, 43, 33, 23, 40, 6, 28, 45, 49, 15, 39, 16, 18, 19, 38, 51, 11, 3, 32, 48, 27, 29, 52, 14, 5, 31, 50, 42, 21, 44, 34, 47, 13, 24, 26, 10, 22]

Individual 102:
  Route length: 22403
  Contribution to Diversity: 0.0011639258922357953
  Route: [8, 23, 30, 41, 19, 16, 29, 35, 49, 5, 24, 48, 47, 26, 9, 10, 37, 25, 7, 32, 15, 33, 21, 42, 2, 50, 36, 1, 17, 3, 38, 43, 6, 11, 52, 28, 27, 13, 18, 51, 4, 14, 31, 20, 39, 46, 34, 12, 45, 44, 40, 22]

Individual 103:
  Route length: 22434
  Contribution to Diversity: 0.0008926975498120271
  Route: [45, 49, 15, 13, 38, 40, 31, 51, 11, 25, 9, 19, 6, 4, 35, 23, 17, 21, 32, 20, 30, 37, 41, 10, 43, 33, 52, 42, 8, 48, 1, 24, 26, 27, 28, 14, 29, 16, 46, 39, 12, 47, 44, 3, 34, 50, 36, 18, 2, 7, 5, 22]

Individual 104:
  Route length: 22535
  Contribution to Diversity: 0.0010472150724396556
  Route: [1, 49, 21, 41, 10, 36, 28, 27, 14, 34, 13, 26, 2, 39, 3, 23, 17, 33, 18, 45, 48, 24, 51, 46, 4, 6, 25, 19, 44, 47, 38, 35, 43, 37, 32, 11, 52, 12, 40, 5, 15, 7, 8, 9, 16, 29, 50, 20, 30, 42, 31, 22]

Individual 105:
  Route length: 21742
  Contribution to Diversity: 0.0007491030269743959
  Route: [43, 10, 9, 39, 29, 20, 41, 49, 3, 21, 1, 40, 46, 37, 30, 2, 7, 44, 32, 35, 27, 26, 25, 15, 5, 24, 48, 42, 33, 13, 14, 6, 36, 47, 52, 50, 16, 18, 19, 51, 11, 28, 23, 45, 12, 38, 4, 31, 17, 8, 34, 22]

Individual 106:
  Route length: 22619
  Contribution to Diversity: 0.00022310165131500526
  Route: [39, 19, 41, 16, 47, 37, 48, 24, 9, 52, 14, 23, 50, 44, 12, 29, 27, 38, 18, 40, 15, 43, 6, 25, 34, 33, 51, 26, 28, 31, 20, 1, 45, 10, 13, 11, 8, 36, 30, 42, 32, 21, 17, 3, 49, 46, 4, 35, 5, 2, 7, 22]

Individual 107:
  Route length: 21520
  Contribution to Diversity: 0.00010128972743661535
  Route: [18, 32, 19, 2, 7, 44, 3, 8, 9, 10, 20, 42, 52, 12, 38, 34, 50, 14, 13, 47, 26, 11, 6, 33, 24, 51, 25, 48, 5, 37, 28, 36, 41, 31, 43, 40, 16, 45, 15, 4, 35, 27, 30, 49, 46, 29, 1, 39, 23, 17, 21, 22]

Individual 108:
  Route length: 22161
  Contribution to Diversity: 0.00020897939589126224
  Route: [1, 46, 42, 21, 45, 41, 31, 7, 27, 14, 13, 52, 11, 25, 4, 38, 30, 35, 34, 16, 49, 10, 17, 15, 44, 47, 51, 33, 43, 37, 23, 6, 24, 32, 20, 12, 5, 48, 9, 19, 18, 8, 39, 50, 28, 3, 2, 29, 36, 26, 40, 22]

Individual 109:
  Route length: 22218
  Contribution to Diversity: 0.0005874508570045123
  Route: [44, 41, 8, 19, 9, 33, 51, 45, 43, 6, 27, 24, 38, 48, 16, 29, 50, 46, 37, 26, 10, 39, 11, 15, 25, 12, 5, 42, 34, 1, 49, 36, 40, 30, 32, 21, 17, 23, 13, 35, 14, 52, 47, 20, 4, 28, 3, 2, 7, 18, 31, 22]

Individual 110:
  Route length: 21588
  Contribution to Diversity: 0
  Route: [44, 46, 16, 14, 21, 15, 6, 4, 39, 40, 49, 32, 28, 27, 12, 25, 17, 34, 1, 18, 20, 47, 35, 13, 36, 50, 5, 24, 29, 26, 38, 37, 19, 41, 8, 9, 10, 48, 43, 33, 45, 42, 23, 30, 11, 51, 52, 2, 7, 3, 31, 22]

Individual 111:
  Route length: 22434
  Contribution to Diversity: 0.0009662792223847916
  Route: [1, 49, 38, 32, 40, 37, 23, 16, 44, 12, 25, 29, 30, 2, 15, 33, 5, 35, 13, 14, 21, 27, 51, 4, 9, 36, 39, 52, 11, 46, 20, 50, 48, 24, 10, 26, 47, 43, 45, 7, 28, 34, 6, 42, 17, 19, 41, 8, 3, 18, 31, 22]

Individual 112:
  Route length: 22251
  Contribution to Diversity: 0.0010333940308457912
  Route: [38, 17, 1, 18, 3, 26, 28, 13, 47, 50, 48, 30, 2, 42, 7, 24, 5, 29, 37, 15, 9, 10, 46, 4, 20, 23, 35, 39, 33, 40, 19, 45, 51, 52, 25, 49, 32, 8, 36, 12, 43, 14, 6, 27, 11, 41, 34, 21, 44, 16, 31, 22]

Individual 113:
  Route length: 22399
  Contribution to Diversity: 0
  Route: [27, 20, 50, 24, 14, 19, 39, 15, 10, 9, 6, 12, 5, 26, 7, 31, 1, 17, 2, 30, 23, 37, 36, 28, 52, 11, 25, 44, 32, 49, 21, 34, 35, 40, 48, 45, 13, 47, 46, 16, 29, 3, 18, 43, 33, 51, 41, 8, 4, 38, 42, 22]

Individual 114:
  Route length: 22513
  Contribution to Diversity: 4.699037148725438e-05
  Route: [13, 5, 24, 3, 49, 26, 30, 23, 20, 50, 29, 16, 46, 48, 17, 33, 51, 39, 43, 10, 9, 8, 47, 7, 42, 6, 4, 45, 38, 12, 25, 36, 11, 41, 19, 35, 34, 1, 40, 44, 28, 21, 2, 27, 14, 52, 15, 37, 32, 18, 31, 22]

Individual 115:
  Route length: 22417
  Contribution to Diversity: 0.0004008731379148145
  Route: [5, 40, 44, 8, 13, 30, 41, 10, 24, 43, 45, 19, 9, 7, 21, 42, 2, 37, 46, 23, 47, 14, 6, 11, 26, 27, 35, 36, 12, 51, 33, 49, 52, 4, 18, 34, 39, 15, 28, 25, 16, 29, 3, 17, 31, 50, 38, 48, 1, 32, 20, 22]

Individual 116:
  Route length: 22301
  Contribution to Diversity: 0.0016666259874673628
  Route: [6, 27, 20, 39, 18, 35, 32, 4, 3, 34, 2, 7, 31, 17, 8, 9, 10, 19, 23, 50, 40, 15, 46, 29, 42, 5, 49, 37, 26, 47, 45, 48, 11, 44, 1, 52, 14, 13, 21, 38, 16, 24, 51, 33, 43, 12, 28, 25, 41, 36, 30, 22]

Individual 117:
  Route length: 22555
  Contribution to Diversity: 0
  Route: [30, 2, 1, 16, 39, 18, 48, 49, 19, 36, 32, 38, 27, 14, 13, 51, 24, 5, 10, 9, 29, 25, 47, 26, 43, 15, 35, 31, 44, 6, 52, 33, 34, 11, 8, 46, 23, 41, 45, 7, 42, 21, 17, 50, 12, 28, 3, 40, 37, 4, 20, 22]

Individual 118:
  Route length: 22502
  Contribution to Diversity: 0.00019506055601237193
  Route: [1, 17, 15, 34, 44, 37, 48, 36, 46, 26, 20, 35, 49, 10, 11, 27, 28, 47, 30, 23, 50, 29, 51, 33, 41, 42, 3, 12, 16, 6, 45, 32, 52, 8, 9, 19, 25, 4, 18, 14, 13, 24, 38, 21, 7, 2, 5, 39, 40, 43, 31, 22]

Individual 119:
  Route length: 22473
  Contribution to Diversity: 0.00013523174342378042
  Route: [20, 44, 28, 12, 45, 33, 32, 49, 39, 13, 26, 38, 52, 14, 37, 18, 41, 8, 17, 3, 11, 47, 9, 27, 29, 16, 23, 1, 5, 51, 19, 31, 40, 15, 36, 48, 43, 10, 25, 4, 24, 42, 21, 50, 7, 2, 30, 35, 6, 46, 34, 22]

Individual 120:
  Route length: 22242
  Contribution to Diversity: 2.468120728771339e-05
  Route: [52, 14, 44, 33, 19, 46, 16, 3, 20, 47, 26, 17, 15, 37, 48, 36, 45, 49, 31, 23, 2, 7, 18, 51, 13, 40, 11, 35, 25, 29, 50, 30, 32, 21, 41, 8, 9, 10, 27, 28, 12, 24, 42, 38, 5, 4, 39, 43, 6, 34, 1, 22]

Individual 121:
  Route length: 22183
  Contribution to Diversity: 0.00043377773551167564
  Route: [1, 38, 4, 49, 44, 31, 33, 47, 13, 14, 52, 11, 51, 48, 36, 41, 26, 46, 27, 25, 24, 34, 45, 35, 9, 6, 21, 12, 28, 8, 40, 2, 30, 23, 20, 50, 17, 5, 15, 16, 39, 37, 7, 19, 10, 43, 42, 32, 29, 3, 18, 22]

Individual 122:
  Route length: 21207
  Contribution to Diversity: 0.00038969199095451046
  Route: [6, 49, 27, 11, 28, 25, 39, 30, 41, 10, 9, 26, 47, 32, 43, 4, 12, 38, 36, 16, 45, 29, 50, 13, 51, 44, 52, 14, 33, 37, 34, 23, 3, 18, 17, 8, 20, 5, 15, 35, 19, 1, 48, 24, 21, 42, 7, 2, 46, 40, 31, 22]

Individual 123:
  Route length: 21522
  Contribution to Diversity: 0.00035733869383314243
  Route: [45, 18, 3, 24, 5, 43, 35, 36, 19, 41, 7, 21, 49, 1, 23, 17, 4, 6, 40, 47, 38, 37, 48, 16, 29, 50, 20, 30, 2, 15, 46, 28, 44, 32, 14, 51, 27, 26, 13, 34, 9, 8, 25, 10, 33, 39, 42, 11, 52, 12, 31, 22]

Individual 124:
  Route length: 22607
  Contribution to Diversity: 0
  Route: [30, 2, 1, 16, 39, 18, 48, 49, 19, 36, 32, 38, 27, 14, 13, 51, 24, 5, 10, 9, 29, 25, 47, 26, 43, 15, 35, 31, 44, 6, 52, 33, 34, 11, 45, 41, 23, 46, 8, 7, 42, 21, 17, 50, 12, 28, 3, 40, 37, 4, 20, 22]

Individual 125:
  Route length: 22579
  Contribution to Diversity: 0
  Route: [27, 20, 50, 24, 14, 19, 39, 15, 10, 9, 6, 12, 5, 26, 7, 31, 1, 17, 2, 30, 23, 37, 36, 28, 52, 11, 25, 44, 32, 49, 21, 34, 35, 40, 48, 45, 13, 47, 46, 16, 29, 3, 8, 41, 51, 33, 43, 18, 4, 38, 42, 22]

Individual 126:
  Route length: 22585
  Contribution to Diversity: 0.0010331881276899324
  Route: [37, 42, 24, 5, 19, 1, 33, 28, 12, 38, 39, 20, 50, 16, 46, 9, 10, 27, 26, 47, 51, 44, 43, 35, 36, 15, 25, 40, 7, 21, 8, 13, 29, 6, 48, 45, 4, 32, 49, 2, 14, 52, 11, 23, 30, 41, 34, 17, 3, 18, 31, 22]

Individual 127:
  Route length: 22486
  Contribution to Diversity: 0.0005463543910213531
  Route: [30, 50, 33, 34, 35, 37, 26, 47, 25, 6, 20, 15, 27, 44, 31, 18, 43, 49, 24, 5, 10, 9, 29, 52, 19, 42, 7, 2, 16, 1, 21, 17, 28, 12, 14, 13, 51, 48, 4, 3, 40, 39, 36, 32, 38, 45, 41, 23, 46, 11, 8, 22]

Individual 128:
  Route length: 22422
  Contribution to Diversity: 0.0010532676385892614
  Route: [23, 50, 44, 12, 29, 14, 52, 9, 24, 48, 37, 47, 16, 32, 21, 17, 3, 49, 46, 4, 35, 5, 45, 1, 20, 31, 28, 26, 51, 33, 34, 25, 6, 43, 15, 40, 38, 18, 27, 39, 19, 41, 42, 30, 36, 8, 11, 13, 10, 7, 2, 22]

Individual 129:
  Route length: 21704
  Contribution to Diversity: 0.0008247898341764426
  Route: [49, 35, 7, 32, 8, 23, 30, 41, 19, 16, 29, 14, 46, 3, 17, 1, 36, 11, 51, 9, 10, 37, 25, 4, 6, 18, 13, 27, 28, 52, 38, 43, 26, 47, 34, 12, 45, 44, 24, 5, 15, 33, 31, 39, 20, 21, 42, 2, 50, 48, 40, 22]

Individual 130:
  Route length: 22580
  Contribution to Diversity: 0.0005984126723754812
  Route: [20, 44, 28, 12, 8, 41, 18, 37, 14, 52, 5, 1, 23, 38, 51, 19, 31, 11, 47, 9, 27, 29, 16, 26, 13, 39, 49, 32, 33, 45, 17, 3, 40, 15, 36, 48, 43, 10, 25, 4, 24, 42, 21, 50, 7, 2, 30, 35, 6, 46, 34, 22]

Individual 131:
  Route length: 22057
  Contribution to Diversity: 0.0004807860326572211
  Route: [5, 4, 14, 12, 34, 35, 8, 9, 52, 13, 27, 28, 46, 25, 15, 30, 23, 42, 6, 51, 33, 43, 37, 41, 36, 24, 38, 48, 29, 17, 40, 1, 10, 19, 18, 45, 21, 3, 20, 50, 39, 11, 44, 2, 49, 26, 47, 16, 7, 32, 31, 22]

Individual 132:
  Route length: 22559
  Contribution to Diversity: 0
  Route: [10, 36, 39, 5, 37, 40, 35, 42, 13, 24, 44, 17, 12, 28, 26, 27, 21, 25, 18, 45, 29, 30, 23, 16, 2, 19, 14, 52, 11, 51, 33, 43, 3, 50, 20, 46, 7, 4, 48, 1, 49, 38, 32, 9, 8, 41, 15, 6, 47, 31, 34, 22]

Individual 133:
  Route length: 22595
  Contribution to Diversity: 0.0004645488874777115
  Route: [7, 39, 5, 46, 52, 14, 30, 31, 49, 9, 17, 3, 20, 18, 42, 47, 40, 37, 4, 44, 21, 50, 8, 43, 10, 41, 19, 45, 35, 36, 29, 32, 38, 34, 48, 12, 2, 13, 25, 1, 28, 27, 26, 23, 16, 51, 11, 33, 24, 15, 6, 22]

Individual 134:
  Route length: 22533
  Contribution to Diversity: 0.00028183710070273094
  Route: [41, 8, 16, 29, 31, 35, 30, 2, 24, 48, 26, 27, 25, 40, 12, 33, 28, 37, 44, 21, 42, 7, 14, 52, 5, 18, 9, 43, 10, 23, 32, 50, 15, 4, 36, 20, 34, 39, 47, 11, 1, 49, 3, 17, 45, 19, 51, 38, 13, 46, 6, 22]

Individual 135:
  Route length: 21851
  Contribution to Diversity: 0.0005111064699967471
  Route: [43, 36, 18, 3, 30, 50, 16, 28, 27, 5, 23, 25, 29, 51, 26, 31, 35, 1, 41, 19, 45, 32, 17, 21, 34, 11, 40, 44, 46, 39, 37, 49, 12, 33, 10, 6, 9, 8, 4, 52, 14, 13, 38, 48, 7, 20, 15, 24, 47, 2, 42, 22]

Individual 136:
  Route length: 22242
  Contribution to Diversity: 0.0006609468573266497
  Route: [9, 43, 10, 23, 1, 11, 47, 36, 20, 34, 39, 4, 30, 2, 24, 48, 27, 26, 25, 35, 31, 29, 16, 44, 21, 42, 7, 14, 52, 5, 18, 41, 8, 37, 33, 28, 12, 40, 15, 50, 32, 49, 3, 17, 45, 19, 51, 38, 13, 46, 6, 22]

Individual 137:
  Route length: 22602
  Contribution to Diversity: 0.0004556309615173504
  Route: [7, 39, 5, 46, 52, 14, 30, 31, 49, 9, 17, 3, 20, 18, 42, 47, 40, 37, 4, 44, 21, 50, 8, 43, 10, 41, 19, 45, 35, 36, 29, 32, 38, 34, 6, 15, 24, 33, 11, 51, 16, 23, 26, 27, 28, 1, 25, 13, 2, 12, 48, 22]

Individual 138:
  Route length: 22618
  Contribution to Diversity: 0
  Route: [27, 20, 50, 24, 14, 19, 39, 15, 10, 9, 6, 12, 5, 26, 7, 31, 1, 17, 2, 30, 23, 37, 36, 28, 52, 11, 13, 45, 48, 40, 35, 34, 21, 49, 32, 44, 25, 47, 46, 16, 29, 3, 8, 41, 51, 33, 43, 18, 4, 38, 42, 22]

Individual 139:
  Route length: 21139
  Contribution to Diversity: 0.0005111064699976353
  Route: [43, 36, 18, 3, 30, 50, 16, 28, 27, 5, 23, 25, 29, 51, 26, 31, 35, 1, 41, 19, 45, 32, 17, 21, 34, 24, 15, 20, 7, 48, 38, 13, 14, 52, 4, 8, 9, 6, 10, 33, 12, 49, 37, 39, 46, 44, 40, 11, 47, 2, 42, 22]

Individual 140:
  Route length: 22164
  Contribution to Diversity: 0
  Route: [36, 2, 18, 31, 14, 4, 6, 52, 11, 9, 48, 24, 50, 13, 38, 42, 39, 15, 25, 20, 16, 32, 45, 23, 8, 41, 19, 21, 17, 3, 7, 30, 1, 29, 34, 49, 10, 51, 44, 46, 43, 33, 35, 12, 28, 27, 26, 47, 5, 37, 40, 22]

Individual 141:
  Route length: 21307
  Contribution to Diversity: 0.0006737964902994165
  Route: [36, 46, 35, 30, 2, 7, 17, 8, 9, 41, 4, 10, 28, 6, 40, 23, 33, 43, 1, 20, 37, 12, 25, 26, 27, 29, 52, 14, 5, 31, 50, 13, 47, 34, 44, 21, 42, 24, 48, 32, 3, 11, 51, 38, 19, 18, 16, 39, 15, 49, 45, 22]

Individual 142:
  Route length: 22029
  Contribution to Diversity: 0.0007327257325044911
  Route: [43, 36, 18, 3, 30, 50, 16, 7, 20, 15, 33, 10, 6, 9, 40, 44, 4, 52, 14, 13, 39, 46, 8, 11, 34, 21, 17, 32, 45, 19, 41, 1, 35, 31, 5, 23, 25, 29, 51, 26, 27, 28, 48, 38, 37, 49, 12, 24, 47, 2, 42, 22]

Individual 143:
  Route length: 22521
  Contribution to Diversity: 0.0012628440973969646
  Route: [7, 42, 21, 19, 8, 28, 25, 39, 29, 24, 11, 48, 41, 1, 33, 14, 52, 13, 51, 2, 17, 18, 3, 40, 46, 44, 20, 35, 50, 6, 49, 26, 47, 32, 27, 45, 43, 10, 9, 34, 12, 38, 36, 16, 4, 23, 30, 5, 15, 37, 31, 22]

Individual 144:
  Route length: 22468
  Contribution to Diversity: 0.0007349132928631263
  Route: [27, 35, 17, 33, 14, 13, 26, 11, 43, 18, 3, 9, 1, 49, 23, 48, 25, 20, 50, 37, 38, 34, 39, 16, 4, 15, 5, 44, 8, 41, 42, 7, 2, 6, 21, 31, 36, 46, 40, 47, 51, 10, 12, 28, 29, 52, 24, 19, 30, 45, 32, 22]

Individual 145:
  Route length: 22144
  Contribution to Diversity: 0
  Route: [10, 36, 39, 5, 37, 40, 35, 42, 13, 24, 44, 17, 12, 28, 26, 27, 21, 25, 18, 45, 29, 30, 23, 16, 2, 19, 14, 52, 11, 51, 33, 43, 3, 50, 20, 46, 7, 31, 47, 6, 15, 49, 38, 32, 9, 8, 41, 1, 48, 4, 34, 22]

Individual 146:
  Route length: 21965
  Contribution to Diversity: 0
  Route: [30, 2, 1, 16, 39, 18, 48, 49, 19, 36, 32, 38, 27, 14, 13, 51, 28, 12, 50, 17, 21, 42, 7, 8, 46, 23, 41, 45, 11, 34, 33, 52, 6, 44, 31, 35, 15, 43, 26, 47, 25, 29, 9, 10, 5, 24, 3, 40, 37, 4, 20, 22]

Individual 147:
  Route length: 22328
  Contribution to Diversity: 0.0005719060897240169
  Route: [44, 46, 16, 14, 21, 15, 6, 4, 39, 48, 43, 33, 45, 42, 23, 30, 11, 51, 10, 9, 8, 41, 19, 37, 38, 26, 29, 24, 28, 27, 12, 25, 17, 34, 1, 18, 20, 47, 35, 13, 36, 50, 5, 32, 49, 40, 52, 2, 7, 3, 31, 22]

Individual 148:
  Route length: 22170
  Contribution to Diversity: 0.00024316365674170726
  Route: [21, 31, 48, 9, 43, 20, 46, 16, 28, 11, 13, 12, 19, 33, 51, 26, 47, 27, 37, 4, 25, 49, 1, 3, 18, 7, 2, 36, 35, 5, 15, 24, 41, 6, 8, 50, 39, 23, 42, 32, 30, 29, 14, 17, 52, 40, 44, 34, 38, 10, 45, 22]

Individual 149:
  Route length: 22539
  Contribution to Diversity: 0.0004083704078059469
  Route: [6, 45, 41, 19, 30, 18, 31, 3, 7, 42, 46, 29, 47, 26, 2, 28, 51, 33, 43, 38, 21, 35, 39, 23, 14, 52, 36, 32, 49, 37, 4, 16, 34, 10, 9, 11, 17, 50, 13, 27, 44, 1, 5, 40, 20, 24, 12, 25, 15, 8, 48, 22]

Total Entropy H: 6.75120626349688
