Individual 0:
  Route length: 9421
  Contribution to Diversity: 0.011973764032716439
  Route: [1, 49, 32, 45, 19, 41, 8, 9, 10, 43, 33, 51, 11, 47, 14, 13, 52, 26, 27, 12, 28, 25, 4, 6, 39, 35, 34, 15, 5, 24, 48, 38, 40, 37, 44, 36, 20, 50, 46, 16, 23, 29, 30, 7, 2, 42, 21, 17, 3, 18, 31, 22]

Individual 1:
  Route length: 9377
  Contribution to Diversity: 0.012538117354766065
  Route: [31, 18, 3, 17, 21, 42, 7, 2, 30, 20, 50, 46, 16, 37, 36, 35, 39, 34, 44, 48, 24, 5, 15, 38, 40, 6, 4, 25, 12, 28, 27, 26, 52, 13, 47, 14, 11, 51, 33, 43, 10, 9, 41, 8, 19, 45, 32, 49, 1, 23, 29, 22]

Individual 2:
  Route length: 9421
  Contribution to Diversity: 0.007876659465833491
  Route: [1, 38, 37, 43, 4, 6, 25, 33, 51, 11, 52, 14, 13, 47, 26, 27, 28, 12, 5, 15, 48, 24, 46, 16, 29, 20, 50, 23, 30, 2, 7, 42, 21, 17, 3, 8, 9, 10, 41, 19, 45, 40, 44, 34, 35, 36, 49, 32, 39, 18, 31, 22]

Individual 3:
  Route length: 9371
  Contribution to Diversity: 0.012944752652181535
  Route: [1, 45, 19, 41, 8, 9, 10, 43, 33, 51, 11, 52, 14, 13, 47, 27, 26, 28, 12, 25, 6, 5, 15, 24, 48, 40, 39, 36, 35, 44, 34, 32, 3, 17, 37, 38, 4, 46, 16, 29, 50, 30, 21, 42, 7, 2, 23, 20, 31, 18, 49, 22]

Individual 4:
  Route length: 9402
  Contribution to Diversity: 0.00950163922186853
  Route: [1, 49, 37, 24, 15, 38, 36, 35, 32, 45, 19, 41, 10, 8, 9, 33, 51, 11, 52, 14, 13, 47, 26, 27, 28, 12, 43, 4, 6, 39, 48, 46, 25, 5, 44, 40, 34, 16, 29, 50, 20, 23, 30, 2, 7, 42, 21, 17, 3, 31, 18, 22]

Individual 5:
  Route length: 9404
  Contribution to Diversity: 0.005061968789716431
  Route: [1, 49, 39, 5, 4, 33, 51, 11, 52, 14, 13, 47, 26, 27, 28, 12, 43, 10, 8, 9, 41, 19, 45, 32, 31, 18, 3, 17, 21, 2, 7, 42, 30, 23, 20, 50, 29, 16, 48, 46, 44, 37, 34, 24, 40, 15, 25, 6, 38, 36, 35, 22]

Individual 6:
  Route length: 9416
  Contribution to Diversity: 0.006055218111142402
  Route: [35, 44, 29, 50, 20, 23, 30, 2, 7, 42, 21, 17, 3, 18, 31, 49, 1, 32, 45, 19, 41, 9, 8, 10, 43, 12, 28, 27, 26, 47, 13, 14, 52, 11, 51, 33, 15, 39, 36, 37, 48, 5, 40, 38, 25, 4, 6, 24, 46, 16, 34, 22]

Individual 7:
  Route length: 9363
  Contribution to Diversity: 0.002363666821435295
  Route: [1, 35, 49, 32, 45, 19, 41, 8, 9, 10, 43, 33, 51, 11, 52, 14, 13, 47, 26, 27, 28, 37, 38, 39, 46, 44, 50, 20, 29, 16, 34, 48, 24, 4, 25, 12, 15, 5, 6, 40, 36, 23, 30, 2, 7, 42, 21, 17, 18, 3, 31, 22]

Individual 8:
  Route length: 9399
  Contribution to Diversity: 0.005371217521877192
  Route: [1, 49, 32, 45, 19, 41, 8, 9, 10, 43, 33, 28, 27, 26, 47, 13, 14, 52, 11, 51, 12, 6, 25, 4, 15, 40, 37, 48, 24, 5, 21, 2, 7, 42, 30, 23, 20, 50, 29, 46, 44, 16, 39, 38, 34, 35, 36, 17, 3, 18, 31, 22]

Individual 9:
  Route length: 9400
  Contribution to Diversity: 0.010312586877410546
  Route: [3, 45, 19, 41, 8, 10, 9, 43, 33, 51, 11, 52, 14, 13, 27, 26, 47, 28, 12, 25, 15, 4, 48, 37, 49, 40, 38, 24, 6, 5, 46, 16, 50, 20, 23, 21, 17, 42, 7, 2, 29, 30, 31, 1, 18, 44, 34, 35, 36, 39, 32, 22]

Individual 10:
  Route length: 9371
  Contribution to Diversity: 0.010989323026667108
  Route: [1, 44, 35, 34, 6, 15, 48, 24, 38, 5, 25, 46, 37, 40, 39, 4, 12, 28, 47, 26, 27, 13, 14, 52, 11, 51, 33, 43, 10, 9, 8, 41, 3, 17, 42, 7, 2, 23, 21, 30, 50, 20, 29, 16, 49, 32, 36, 19, 45, 18, 31, 22]

Individual 11:
  Route length: 9399
  Contribution to Diversity: 0.00919850732912142
  Route: [1, 49, 48, 40, 5, 46, 39, 15, 6, 4, 25, 12, 28, 27, 26, 47, 14, 13, 52, 11, 51, 33, 43, 10, 9, 8, 45, 41, 19, 32, 31, 3, 18, 17, 21, 42, 7, 2, 30, 23, 38, 24, 37, 35, 36, 44, 34, 16, 29, 20, 50, 22]

Individual 12:
  Route length: 9301
  Contribution to Diversity: 0.01000398530060842
  Route: [40, 5, 43, 15, 4, 25, 12, 28, 47, 26, 27, 13, 14, 52, 11, 51, 33, 10, 9, 8, 41, 19, 45, 35, 34, 48, 6, 38, 24, 37, 46, 16, 29, 50, 20, 23, 30, 42, 7, 2, 21, 17, 3, 18, 39, 32, 1, 44, 36, 49, 31, 22]

Individual 13:
  Route length: 9335
  Contribution to Diversity: 0.005615833035980344
  Route: [1, 44, 35, 34, 6, 15, 5, 25, 46, 37, 40, 24, 48, 38, 39, 36, 32, 45, 19, 4, 12, 28, 27, 26, 47, 13, 14, 52, 11, 51, 33, 43, 10, 9, 8, 41, 3, 17, 42, 2, 7, 23, 21, 30, 50, 20, 29, 16, 49, 18, 31, 22]

Individual 14:
  Route length: 9397
  Contribution to Diversity: 0.00738429888559633
  Route: [1, 49, 39, 5, 6, 38, 44, 46, 48, 4, 33, 51, 11, 52, 14, 13, 47, 26, 27, 28, 12, 43, 10, 8, 9, 41, 19, 45, 32, 31, 18, 3, 17, 42, 2, 7, 21, 30, 23, 20, 50, 29, 16, 25, 24, 40, 15, 37, 34, 36, 35, 22]

Individual 15:
  Route length: 9401
  Contribution to Diversity: 0.009290648880854846
  Route: [1, 18, 31, 19, 41, 45, 32, 40, 37, 24, 4, 25, 12, 28, 26, 27, 47, 14, 13, 52, 11, 51, 33, 43, 10, 9, 8, 3, 17, 21, 42, 7, 2, 30, 29, 23, 20, 50, 44, 34, 36, 35, 46, 39, 48, 5, 6, 15, 38, 16, 49, 22]

Individual 16:
  Route length: 9412
  Contribution to Diversity: 0.013219352993011135
  Route: [1, 49, 32, 19, 45, 41, 8, 9, 10, 43, 25, 12, 51, 33, 11, 52, 14, 13, 47, 26, 27, 28, 4, 15, 6, 24, 48, 5, 37, 38, 34, 35, 46, 39, 40, 36, 16, 29, 50, 20, 44, 23, 30, 7, 2, 42, 21, 17, 18, 3, 31, 22]

Individual 17:
  Route length: 9302
  Contribution to Diversity: 0
  Route: [32, 39, 49, 38, 46, 16, 50, 20, 30, 29, 2, 7, 42, 17, 21, 31, 3, 45, 19, 41, 8, 9, 10, 43, 33, 51, 11, 52, 14, 13, 27, 26, 47, 28, 12, 25, 24, 4, 48, 6, 37, 5, 15, 40, 36, 35, 34, 44, 23, 1, 18, 22]

Individual 18:
  Route length: 9290
  Contribution to Diversity: 0
  Route: [32, 39, 49, 38, 46, 44, 34, 35, 36, 40, 15, 5, 37, 6, 48, 4, 24, 25, 12, 28, 47, 26, 27, 13, 14, 52, 11, 51, 33, 43, 10, 9, 8, 41, 19, 45, 3, 31, 21, 17, 42, 7, 2, 29, 30, 20, 50, 16, 23, 1, 18, 22]

Individual 19:
  Route length: 9175
  Contribution to Diversity: 0.004905602408039833
  Route: [30, 29, 2, 7, 42, 17, 21, 50, 20, 23, 1, 31, 18, 3, 45, 19, 41, 8, 9, 10, 43, 33, 51, 11, 52, 14, 13, 27, 47, 26, 28, 12, 25, 15, 4, 48, 37, 40, 35, 34, 44, 16, 46, 6, 5, 24, 38, 49, 36, 39, 32, 22]

Total Entropy H: 5.068352141131902
