Individual 0:
  Route length: 13179
  Contribution to Diversity: 0.04737120614205104
  Route: [34, 41, 8, 32, 49, 39, 48, 26, 12, 35, 46, 31, 23, 44, 45, 9, 10, 43, 33, 51, 11, 14, 28, 27, 52, 13, 47, 29, 37, 4, 5, 6, 15, 24, 38, 25, 16, 20, 50, 1, 40, 36, 19, 3, 17, 21, 30, 2, 7, 42, 18, 22]

Individual 1:
  Route length: 13046
  Contribution to Diversity: 0.07635275094955762
  Route: [21, 23, 29, 30, 50, 20, 31, 7, 2, 42, 17, 45, 19, 1, 3, 18, 48, 27, 13, 47, 14, 52, 28, 11, 51, 12, 25, 4, 9, 8, 41, 10, 33, 43, 6, 40, 15, 37, 32, 34, 35, 49, 36, 26, 46, 5, 38, 24, 16, 39, 44, 22]

Individual 2:
  Route length: 13182
  Contribution to Diversity: 0.07771488074634458
  Route: [18, 31, 2, 7, 42, 21, 19, 8, 41, 17, 23, 30, 29, 50, 1, 40, 4, 25, 46, 43, 10, 33, 11, 28, 12, 27, 26, 52, 13, 14, 47, 51, 24, 15, 36, 48, 35, 39, 37, 38, 6, 5, 9, 34, 44, 20, 16, 32, 49, 45, 3, 22]

Individual 3:
  Route length: 13142
  Contribution to Diversity: 0.06123155257859203
  Route: [31, 21, 17, 2, 7, 42, 30, 29, 35, 49, 37, 46, 6, 12, 14, 26, 47, 34, 3, 41, 8, 9, 10, 33, 4, 15, 24, 44, 25, 51, 11, 52, 27, 13, 28, 43, 23, 20, 50, 32, 1, 16, 48, 36, 40, 38, 39, 5, 45, 19, 18, 22]

Individual 4:
  Route length: 12858
  Contribution to Diversity: 0.04325272842791339
  Route: [10, 41, 8, 19, 45, 3, 31, 21, 18, 9, 33, 51, 12, 28, 27, 26, 47, 13, 14, 52, 11, 6, 15, 25, 4, 49, 46, 35, 16, 20, 50, 36, 39, 48, 5, 40, 34, 43, 24, 38, 30, 23, 29, 1, 32, 42, 7, 2, 17, 37, 44, 22]

Individual 5:
  Route length: 13113
  Contribution to Diversity: 0.001944836349483836
  Route: [34, 5, 24, 40, 48, 46, 29, 16, 23, 1, 18, 17, 3, 36, 32, 38, 49, 41, 19, 9, 10, 8, 37, 44, 28, 27, 14, 52, 11, 13, 47, 26, 12, 4, 51, 25, 33, 43, 6, 15, 39, 50, 20, 35, 31, 30, 2, 42, 7, 21, 45, 22]

Individual 6:
  Route length: 13110
  Contribution to Diversity: 0.00010072050043419267
  Route: [34, 5, 24, 40, 48, 15, 39, 50, 20, 36, 3, 17, 18, 1, 23, 16, 29, 46, 6, 43, 33, 28, 27, 14, 52, 11, 13, 47, 26, 12, 4, 51, 25, 44, 37, 8, 10, 9, 19, 41, 49, 38, 32, 35, 31, 30, 2, 42, 7, 21, 45, 22]

Individual 7:
  Route length: 13045
  Contribution to Diversity: 0.05081129559418773
  Route: [23, 20, 3, 45, 41, 36, 6, 4, 33, 43, 34, 46, 50, 29, 16, 1, 30, 2, 7, 42, 21, 31, 49, 19, 40, 48, 44, 32, 5, 15, 25, 37, 39, 24, 35, 51, 12, 11, 52, 14, 47, 13, 27, 26, 28, 38, 9, 10, 8, 17, 18, 22]

Individual 8:
  Route length: 13193
  Contribution to Diversity: 0.06391244470885837
  Route: [6, 5, 15, 46, 20, 50, 29, 16, 37, 24, 9, 33, 12, 47, 27, 26, 28, 14, 13, 52, 11, 51, 25, 4, 39, 31, 7, 2, 23, 18, 49, 38, 34, 48, 40, 43, 32, 44, 35, 1, 21, 30, 42, 17, 3, 45, 19, 41, 10, 8, 36, 22]

Individual 9:
  Route length: 12805
  Contribution to Diversity: 0.05357787791278934
  Route: [45, 31, 17, 3, 19, 36, 5, 15, 24, 35, 18, 32, 39, 46, 47, 26, 27, 28, 52, 14, 13, 43, 4, 25, 6, 48, 38, 44, 12, 51, 11, 40, 41, 8, 9, 10, 33, 37, 49, 1, 34, 20, 50, 16, 29, 21, 42, 7, 2, 30, 23, 22]

Total Entropy H: 5.488497097890606
