Individual 0:
  Route length: 8276
  Contribution to Diversity: 0.01759538968493235
  Route: [1, 49, 32, 45, 19, 41, 8, 9, 10, 43, 33, 51, 11, 52, 14, 13, 26, 47, 27, 28, 12, 25, 4, 44, 34, 35, 36, 39, 24, 48, 6, 15, 5, 38, 37, 40, 46, 50, 29, 16, 20, 23, 30, 2, 7, 42, 21, 17, 3, 18, 31, 22]

Individual 1:
  Route length: 8239
  Contribution to Diversity: 0.006429661224348848
  Route: [1, 49, 36, 39, 40, 38, 37, 48, 24, 5, 15, 6, 4, 25, 12, 28, 27, 26, 47, 13, 14, 52, 11, 51, 33, 43, 10, 9, 8, 41, 18, 17, 21, 42, 7, 2, 30, 23, 50, 20, 29, 16, 46, 44, 34, 35, 32, 45, 19, 3, 31, 22]

Individual 2:
  Route length: 8292
  Contribution to Diversity: 0.011837815400476792
  Route: [1, 49, 36, 39, 40, 37, 38, 48, 24, 5, 15, 6, 4, 25, 12, 28, 27, 26, 47, 13, 14, 52, 11, 51, 33, 43, 10, 9, 8, 41, 32, 35, 34, 44, 46, 16, 29, 20, 50, 23, 30, 2, 7, 42, 21, 17, 18, 45, 19, 3, 31, 22]

Individual 3:
  Route length: 8274
  Contribution to Diversity: 0.013209118012381005
  Route: [32, 45, 19, 41, 8, 9, 10, 43, 33, 51, 11, 52, 14, 13, 47, 26, 27, 28, 12, 4, 25, 5, 15, 6, 24, 48, 40, 37, 38, 36, 35, 39, 34, 44, 46, 16, 29, 50, 20, 23, 49, 1, 30, 2, 7, 42, 21, 17, 3, 18, 31, 22]

Individual 4:
  Route length: 8201
  Contribution to Diversity: 0.010705220875490085
  Route: [32, 45, 19, 41, 8, 9, 10, 43, 33, 51, 11, 52, 14, 13, 47, 26, 27, 28, 12, 25, 4, 6, 15, 5, 38, 37, 48, 39, 34, 44, 35, 36, 40, 24, 46, 16, 29, 50, 20, 49, 1, 23, 30, 2, 7, 42, 21, 17, 3, 18, 31, 22]

Individual 5:
  Route length: 8290
  Contribution to Diversity: 0.023399839724986826
  Route: [1, 44, 35, 36, 37, 39, 40, 38, 48, 24, 15, 6, 4, 25, 5, 12, 28, 27, 26, 47, 14, 13, 52, 11, 51, 33, 43, 10, 9, 8, 41, 19, 45, 32, 49, 31, 18, 3, 17, 21, 42, 2, 7, 30, 23, 20, 50, 29, 16, 46, 34, 22]

Individual 6:
  Route length: 8235
  Contribution to Diversity: 0.01409763432982114
  Route: [31, 18, 3, 17, 21, 42, 2, 7, 30, 23, 20, 50, 29, 16, 46, 34, 35, 44, 36, 39, 48, 25, 4, 6, 37, 24, 5, 15, 40, 38, 12, 28, 27, 26, 47, 14, 13, 52, 11, 51, 33, 43, 10, 9, 8, 41, 19, 45, 32, 49, 1, 22]

Individual 7:
  Route length: 8289
  Contribution to Diversity: 0.018235519260327848
  Route: [1, 16, 44, 34, 35, 36, 39, 40, 37, 38, 49, 32, 45, 19, 41, 10, 9, 8, 43, 33, 51, 11, 52, 13, 14, 47, 26, 27, 28, 12, 25, 4, 5, 15, 6, 24, 48, 46, 29, 50, 20, 23, 30, 2, 7, 42, 21, 17, 3, 18, 31, 22]

Individual 8:
  Route length: 8275
  Contribution to Diversity: 0.0016126545436074835
  Route: [1, 32, 49, 45, 19, 41, 8, 10, 9, 43, 33, 51, 11, 52, 13, 14, 47, 26, 27, 28, 12, 5, 37, 38, 15, 6, 4, 25, 48, 24, 39, 35, 36, 40, 34, 46, 44, 16, 29, 50, 20, 23, 30, 2, 7, 42, 21, 17, 3, 18, 31, 22]

Individual 9:
  Route length: 8260
  Contribution to Diversity: 0.0077468729795455715
  Route: [1, 32, 49, 45, 19, 41, 8, 10, 9, 43, 33, 51, 11, 52, 13, 14, 47, 26, 27, 28, 12, 5, 37, 24, 48, 25, 4, 6, 15, 38, 39, 35, 36, 40, 34, 46, 44, 16, 29, 50, 20, 23, 30, 2, 7, 42, 21, 17, 3, 18, 31, 22]

Total Entropy H: 4.5107218994193605
