Individual 0:
  Route length: 7916
  Contribution to Diversity: 0.005466707823707395
  Route: [1, 49, 32, 3, 17, 21, 2, 7, 42, 30, 23, 20, 50, 29, 16, 46, 40, 39, 35, 36, 34, 44, 37, 38, 48, 24, 5, 15, 6, 4, 25, 12, 28, 27, 26, 47, 13, 14, 52, 11, 51, 33, 43, 10, 9, 8, 41, 19, 45, 18, 31, 22]

Individual 1:
  Route length: 7885
  Contribution to Diversity: 0.006306035406947075
  Route: [1, 49, 32, 45, 19, 41, 8, 10, 9, 43, 33, 51, 11, 52, 14, 13, 47, 26, 27, 28, 12, 25, 4, 6, 15, 5, 38, 46, 44, 34, 35, 36, 39, 40, 37, 24, 48, 16, 29, 50, 20, 23, 30, 2, 7, 42, 21, 17, 3, 18, 31, 22]

Individual 2:
  Route length: 7910
  Contribution to Diversity: 0.002163276869837638
  Route: [1, 49, 32, 45, 19, 8, 41, 9, 10, 43, 33, 51, 11, 52, 14, 13, 47, 26, 27, 28, 12, 25, 4, 6, 15, 5, 24, 48, 38, 37, 40, 36, 44, 34, 35, 39, 46, 16, 29, 20, 50, 23, 30, 7, 2, 42, 21, 17, 3, 18, 31, 22]

Individual 3:
  Route length: 7909
  Contribution to Diversity: 0.004112541983694484
  Route: [1, 49, 32, 45, 19, 41, 8, 9, 10, 43, 33, 51, 11, 52, 14, 13, 47, 26, 27, 28, 12, 25, 6, 4, 15, 24, 5, 48, 37, 40, 39, 34, 44, 35, 36, 38, 46, 16, 29, 50, 20, 23, 30, 7, 2, 42, 21, 17, 3, 18, 31, 22]

Individual 4:
  Route length: 7900
  Contribution to Diversity: 0.0020843614092802554
  Route: [1, 49, 32, 45, 19, 41, 8, 9, 10, 43, 33, 51, 11, 52, 13, 14, 47, 26, 27, 28, 12, 25, 4, 15, 5, 6, 24, 48, 38, 34, 35, 44, 36, 39, 40, 37, 46, 16, 50, 20, 23, 29, 30, 2, 7, 42, 21, 17, 3, 18, 31, 22]

Individual 5:
  Route length: 7914
  Contribution to Diversity: 0.0035441484918576904
  Route: [1, 49, 32, 45, 19, 8, 41, 9, 10, 43, 33, 51, 11, 52, 14, 13, 47, 26, 27, 28, 12, 25, 4, 6, 15, 5, 24, 38, 40, 39, 36, 37, 48, 35, 34, 44, 46, 16, 29, 20, 50, 23, 30, 7, 2, 42, 21, 17, 3, 18, 31, 22]

Individual 6:
  Route length: 7904
  Contribution to Diversity: 0.00020839925733984188
  Route: [1, 49, 32, 45, 19, 41, 8, 9, 10, 43, 33, 51, 11, 52, 14, 13, 47, 26, 27, 28, 12, 25, 5, 4, 15, 24, 6, 48, 38, 40, 39, 36, 35, 34, 44, 37, 46, 16, 29, 50, 20, 23, 30, 42, 7, 2, 21, 17, 3, 18, 31, 22]

Individual 7:
  Route length: 7917
  Contribution to Diversity: 0.003999279624133045
  Route: [1, 49, 32, 45, 19, 41, 8, 9, 10, 43, 33, 51, 11, 52, 14, 13, 47, 26, 27, 28, 12, 25, 24, 4, 6, 38, 34, 35, 36, 39, 37, 40, 5, 15, 48, 46, 44, 16, 29, 50, 20, 23, 30, 2, 7, 42, 21, 17, 3, 18, 31, 22]

Individual 8:
  Route length: 7885
  Contribution to Diversity: 0.002890363514514327
  Route: [1, 49, 32, 45, 19, 41, 8, 9, 10, 43, 33, 51, 11, 52, 13, 14, 47, 26, 27, 28, 12, 25, 4, 6, 5, 15, 24, 48, 38, 36, 44, 35, 34, 39, 40, 37, 46, 16, 50, 20, 23, 29, 30, 2, 7, 42, 21, 17, 3, 18, 31, 22]

Individual 9:
  Route length: 7898
  Contribution to Diversity: 0.005678235360549344
  Route: [1, 49, 32, 45, 19, 41, 8, 9, 10, 43, 33, 51, 11, 52, 13, 14, 47, 26, 27, 28, 12, 25, 4, 6, 15, 5, 24, 48, 40, 39, 36, 34, 35, 44, 38, 37, 46, 16, 29, 23, 50, 20, 30, 2, 7, 42, 21, 17, 3, 18, 31, 22]

Individual 10:
  Route length: 7885
  Contribution to Diversity: 0.00018533446093460526
  Route: [1, 49, 32, 45, 19, 8, 41, 9, 10, 43, 33, 51, 11, 52, 14, 13, 47, 26, 27, 28, 12, 25, 4, 6, 15, 5, 24, 48, 38, 37, 40, 44, 34, 35, 36, 39, 46, 16, 29, 20, 50, 23, 30, 42, 7, 2, 21, 17, 3, 18, 31, 22]

Individual 11:
  Route length: 7908
  Contribution to Diversity: 0.0037057948304726196
  Route: [1, 36, 44, 34, 35, 38, 48, 24, 6, 5, 15, 4, 25, 12, 28, 27, 26, 47, 14, 13, 52, 11, 51, 33, 43, 10, 9, 8, 41, 19, 45, 32, 49, 39, 40, 37, 46, 16, 29, 50, 20, 23, 30, 2, 7, 42, 21, 17, 3, 18, 31, 22]

Individual 12:
  Route length: 7902
  Contribution to Diversity: 0.0028070774325446024
  Route: [1, 49, 32, 45, 19, 41, 8, 9, 10, 43, 33, 51, 11, 52, 14, 13, 47, 26, 27, 28, 12, 25, 24, 4, 6, 5, 40, 37, 39, 36, 35, 34, 38, 15, 48, 46, 44, 16, 29, 50, 20, 23, 30, 2, 7, 42, 21, 17, 3, 18, 31, 22]

Individual 13:
  Route length: 7908
  Contribution to Diversity: 0.00609170260220715
  Route: [1, 49, 32, 45, 19, 41, 8, 9, 10, 43, 33, 51, 11, 52, 14, 47, 13, 27, 26, 28, 12, 25, 4, 6, 5, 24, 48, 38, 15, 40, 37, 35, 36, 39, 34, 44, 46, 16, 29, 50, 20, 23, 30, 2, 7, 42, 21, 17, 3, 18, 31, 22]

Individual 14:
  Route length: 7909
  Contribution to Diversity: 0.007286937405099003
  Route: [1, 49, 32, 45, 19, 41, 8, 9, 10, 43, 33, 51, 11, 52, 14, 13, 47, 26, 27, 28, 12, 4, 6, 37, 38, 40, 39, 36, 35, 34, 24, 48, 15, 5, 25, 46, 44, 16, 29, 50, 20, 23, 30, 2, 7, 42, 21, 17, 3, 18, 31, 22]

Individual 15:
  Route length: 7910
  Contribution to Diversity: 0.0007535625183807682
  Route: [1, 49, 32, 45, 19, 41, 8, 9, 10, 43, 33, 51, 11, 52, 14, 13, 47, 26, 27, 28, 12, 25, 4, 6, 15, 5, 24, 48, 38, 44, 46, 34, 40, 37, 39, 36, 35, 16, 29, 50, 20, 23, 30, 2, 7, 42, 21, 17, 3, 18, 31, 22]

Individual 16:
  Route length: 7894
  Contribution to Diversity: 0.0008536186347649632
  Route: [1, 49, 32, 45, 19, 41, 8, 9, 10, 43, 33, 51, 11, 52, 14, 13, 47, 26, 27, 28, 12, 25, 15, 4, 5, 24, 6, 48, 38, 40, 39, 36, 35, 34, 44, 37, 46, 16, 29, 50, 20, 23, 30, 42, 7, 2, 21, 17, 3, 18, 31, 22]

Individual 17:
  Route length: 7893
  Contribution to Diversity: 0
  Route: [1, 32, 45, 19, 41, 8, 9, 10, 43, 33, 51, 11, 52, 14, 13, 47, 26, 27, 28, 12, 25, 4, 6, 5, 15, 24, 48, 38, 40, 37, 44, 34, 35, 39, 36, 49, 46, 16, 29, 50, 20, 23, 30, 7, 2, 42, 21, 17, 3, 18, 31, 22]

Individual 18:
  Route length: 7909
  Contribution to Diversity: 0.00659069844611615
  Route: [1, 49, 32, 45, 19, 8, 41, 9, 10, 43, 33, 51, 11, 52, 14, 13, 47, 26, 27, 28, 12, 25, 4, 6, 15, 38, 24, 5, 48, 37, 36, 39, 40, 35, 34, 44, 46, 16, 29, 20, 50, 23, 30, 7, 2, 42, 21, 17, 3, 18, 31, 22]

Individual 19:
  Route length: 7870
  Contribution to Diversity: 0
  Route: [1, 32, 45, 19, 41, 8, 9, 10, 43, 33, 51, 11, 52, 14, 13, 47, 26, 27, 28, 12, 25, 4, 6, 5, 15, 24, 48, 38, 40, 37, 44, 34, 35, 39, 36, 49, 46, 16, 29, 50, 20, 23, 30, 2, 7, 42, 21, 17, 3, 18, 31, 22]

Total Entropy H: 4.4422612498820415
