Individual 0:
  Route length: 8717
  Contribution to Diversity: 0.0002911407791996723
  Route: [1, 49, 32, 45, 19, 41, 8, 9, 10, 43, 33, 51, 11, 52, 14, 13, 47, 26, 27, 28, 12, 25, 4, 6, 30, 23, 20, 50, 29, 16, 46, 44, 34, 36, 35, 39, 40, 37, 38, 48, 24, 5, 15, 2, 7, 42, 21, 17, 3, 18, 31, 22]

Individual 1:
  Route length: 9154
  Contribution to Diversity: 0.0002682913041258672
  Route: [1, 49, 32, 45, 19, 41, 8, 9, 10, 43, 33, 52, 11, 51, 14, 13, 47, 26, 27, 28, 12, 25, 4, 6, 15, 5, 24, 48, 38, 37, 40, 39, 36, 35, 34, 44, 46, 16, 18, 3, 17, 21, 42, 7, 2, 30, 23, 20, 50, 29, 31, 22]

Individual 2:
  Route length: 9118
  Contribution to Diversity: 0.0003527395933247135
  Route: [1, 49, 32, 45, 19, 41, 8, 9, 4, 25, 12, 11, 52, 14, 13, 47, 26, 27, 28, 51, 33, 43, 10, 6, 15, 5, 24, 48, 40, 37, 38, 39, 36, 35, 34, 44, 46, 16, 29, 50, 20, 23, 30, 2, 7, 42, 18, 3, 17, 21, 31, 22]

Individual 3:
  Route length: 9315
  Contribution to Diversity: 0.00024165458880975876
  Route: [1, 49, 32, 45, 19, 41, 8, 9, 10, 43, 33, 23, 30, 2, 7, 42, 21, 17, 3, 18, 31, 16, 46, 44, 34, 35, 36, 39, 40, 37, 38, 48, 24, 5, 15, 6, 4, 25, 12, 28, 27, 26, 47, 13, 14, 52, 11, 51, 20, 50, 29, 22]

Individual 4:
  Route length: 9243
  Contribution to Diversity: 0.0007525665221086442
  Route: [1, 9, 8, 41, 19, 45, 32, 49, 10, 43, 33, 51, 11, 52, 14, 13, 47, 26, 27, 28, 12, 25, 4, 6, 15, 5, 24, 48, 38, 37, 50, 29, 20, 40, 39, 36, 35, 34, 44, 46, 16, 23, 30, 2, 7, 42, 21, 17, 3, 18, 31, 22]

Individual 5:
  Route length: 9207
  Contribution to Diversity: 0.0011214072002534436
  Route: [1, 49, 32, 45, 19, 41, 16, 46, 44, 4, 6, 15, 5, 24, 48, 40, 37, 38, 39, 36, 35, 34, 25, 12, 28, 27, 26, 47, 13, 14, 52, 11, 51, 33, 43, 10, 9, 8, 29, 50, 20, 23, 30, 2, 7, 42, 21, 17, 3, 18, 31, 22]

Individual 6:
  Route length: 9327
  Contribution to Diversity: 0.00028081184228856415
  Route: [1, 49, 32, 45, 19, 41, 8, 9, 10, 43, 37, 38, 48, 24, 5, 15, 6, 4, 25, 12, 28, 27, 26, 47, 13, 14, 52, 11, 39, 40, 33, 51, 36, 35, 34, 44, 46, 16, 29, 50, 20, 23, 30, 2, 7, 42, 21, 17, 3, 18, 31, 22]

Individual 7:
  Route length: 9089
  Contribution to Diversity: 0.0010786107138915924
  Route: [1, 49, 32, 45, 19, 41, 8, 9, 4, 25, 12, 11, 52, 14, 13, 47, 26, 27, 28, 51, 33, 43, 10, 6, 15, 5, 24, 48, 37, 40, 38, 39, 36, 35, 34, 44, 46, 16, 29, 50, 20, 23, 30, 2, 7, 42, 18, 3, 17, 21, 31, 22]

Individual 8:
  Route length: 8502
  Contribution to Diversity: 2.373234618779918e-05
  Route: [1, 49, 32, 6, 4, 25, 12, 28, 27, 26, 47, 13, 14, 52, 11, 51, 33, 43, 10, 9, 8, 41, 19, 45, 15, 5, 24, 48, 38, 37, 40, 39, 36, 35, 34, 44, 46, 16, 29, 50, 20, 23, 17, 21, 42, 7, 2, 30, 3, 18, 31, 22]

Individual 9:
  Route length: 9333
  Contribution to Diversity: 0.0005821817472391189
  Route: [1, 49, 32, 45, 19, 41, 48, 24, 5, 15, 6, 4, 25, 12, 16, 46, 39, 36, 35, 34, 44, 40, 37, 38, 8, 9, 10, 43, 33, 51, 11, 52, 14, 13, 47, 26, 27, 28, 29, 50, 20, 23, 30, 2, 7, 42, 21, 17, 3, 18, 31, 22]

Individual 10:
  Route length: 9415
  Contribution to Diversity: 0.0013690804241832666
  Route: [1, 49, 32, 45, 19, 41, 36, 35, 34, 44, 46, 42, 7, 2, 30, 23, 20, 50, 29, 16, 5, 15, 6, 4, 25, 12, 28, 27, 26, 47, 13, 14, 52, 11, 51, 33, 43, 10, 9, 8, 39, 40, 37, 38, 48, 24, 21, 17, 3, 18, 31, 22]

Individual 11:
  Route length: 8554
  Contribution to Diversity: 0.00016558623439788533
  Route: [1, 49, 48, 20, 50, 29, 16, 46, 44, 34, 35, 36, 39, 38, 37, 40, 32, 45, 19, 41, 8, 9, 10, 43, 33, 51, 11, 52, 14, 13, 47, 26, 27, 28, 12, 25, 4, 6, 15, 5, 24, 23, 30, 2, 7, 42, 21, 17, 3, 18, 31, 22]

Individual 12:
  Route length: 9159
  Contribution to Diversity: 0
  Route: [1, 9, 8, 41, 19, 45, 32, 49, 10, 43, 33, 51, 11, 52, 14, 13, 47, 26, 27, 28, 12, 25, 4, 6, 15, 5, 24, 48, 38, 37, 23, 20, 40, 39, 36, 35, 34, 44, 46, 16, 29, 50, 30, 2, 7, 42, 21, 17, 3, 18, 31, 22]

Individual 13:
  Route length: 8490
  Contribution to Diversity: 0
  Route: [1, 49, 32, 45, 36, 39, 43, 33, 51, 11, 52, 14, 13, 47, 26, 27, 28, 12, 25, 4, 6, 15, 5, 24, 48, 38, 37, 40, 10, 9, 8, 41, 19, 35, 34, 44, 46, 16, 29, 50, 20, 23, 30, 2, 7, 42, 21, 17, 3, 18, 31, 22]

Individual 14:
  Route length: 8995
  Contribution to Diversity: 0.0012252591364729781
  Route: [1, 31, 20, 50, 29, 16, 46, 44, 34, 35, 36, 49, 32, 45, 19, 25, 12, 28, 27, 26, 47, 13, 14, 52, 11, 51, 33, 43, 10, 9, 8, 41, 4, 6, 15, 5, 24, 48, 38, 37, 40, 39, 18, 3, 17, 21, 42, 7, 2, 30, 23, 22]

Individual 15:
  Route length: 9103
  Contribution to Diversity: 0.0006985059150341755
  Route: [1, 39, 40, 37, 38, 48, 50, 20, 23, 46, 16, 29, 24, 5, 15, 6, 4, 25, 12, 28, 27, 26, 47, 13, 14, 52, 11, 51, 33, 43, 10, 41, 8, 9, 19, 45, 32, 49, 36, 35, 34, 44, 30, 2, 7, 42, 21, 17, 3, 18, 31, 22]

Individual 16:
  Route length: 9135
  Contribution to Diversity: 0
  Route: [1, 7, 2, 30, 23, 20, 50, 29, 16, 46, 44, 34, 35, 36, 39, 43, 33, 51, 11, 52, 14, 13, 47, 26, 27, 28, 12, 25, 4, 6, 15, 5, 24, 48, 38, 37, 40, 10, 9, 8, 41, 19, 45, 32, 49, 42, 21, 17, 3, 18, 31, 22]

Individual 17:
  Route length: 9243
  Contribution to Diversity: 0
  Route: [1, 7, 42, 21, 17, 3, 20, 50, 29, 16, 46, 44, 34, 35, 36, 39, 40, 37, 38, 48, 24, 5, 15, 6, 4, 25, 12, 28, 27, 26, 47, 13, 14, 52, 11, 51, 33, 43, 10, 9, 8, 41, 19, 45, 32, 49, 2, 30, 23, 18, 31, 22]

Individual 18:
  Route length: 9129
  Contribution to Diversity: 0
  Route: [1, 49, 32, 9, 8, 41, 19, 45, 10, 43, 33, 51, 11, 52, 14, 13, 47, 24, 5, 15, 6, 4, 25, 12, 28, 27, 26, 48, 38, 37, 40, 39, 36, 35, 34, 44, 46, 16, 29, 50, 20, 23, 30, 2, 7, 42, 21, 17, 3, 18, 31, 22]

Individual 19:
  Route length: 8496
  Contribution to Diversity: 0
  Route: [1, 49, 32, 45, 19, 41, 8, 9, 10, 43, 33, 51, 11, 52, 14, 13, 47, 26, 27, 28, 12, 25, 4, 6, 15, 5, 24, 48, 38, 37, 40, 18, 3, 17, 21, 42, 7, 2, 30, 23, 34, 44, 46, 16, 29, 50, 20, 35, 36, 39, 31, 22]

Individual 20:
  Route length: 8819
  Contribution to Diversity: 0
  Route: [1, 49, 32, 45, 19, 41, 8, 9, 10, 43, 33, 51, 11, 52, 14, 13, 47, 26, 27, 28, 12, 25, 4, 6, 15, 5, 24, 48, 38, 37, 40, 39, 36, 35, 34, 44, 46, 16, 3, 17, 50, 20, 23, 30, 2, 7, 42, 21, 29, 18, 31, 22]

Individual 21:
  Route length: 9210
  Contribution to Diversity: 0
  Route: [1, 49, 32, 45, 19, 41, 8, 9, 10, 43, 33, 51, 11, 52, 14, 13, 47, 26, 27, 28, 38, 48, 24, 5, 15, 6, 4, 25, 12, 37, 42, 7, 2, 30, 23, 20, 50, 29, 16, 46, 44, 34, 35, 36, 39, 40, 21, 17, 3, 18, 31, 22]

Individual 22:
  Route length: 9327
  Contribution to Diversity: 0.0013651060517778646
  Route: [1, 49, 32, 45, 19, 41, 8, 9, 10, 43, 33, 51, 11, 52, 14, 13, 47, 26, 44, 46, 16, 29, 5, 24, 48, 38, 37, 40, 39, 34, 35, 36, 27, 28, 12, 25, 4, 6, 15, 50, 20, 23, 30, 2, 7, 42, 21, 17, 3, 18, 31, 22]

Individual 23:
  Route length: 9246
  Contribution to Diversity: 0
  Route: [1, 49, 32, 9, 8, 41, 19, 45, 10, 43, 33, 51, 11, 52, 14, 13, 47, 24, 5, 15, 6, 4, 25, 12, 28, 27, 26, 48, 38, 37, 34, 35, 36, 39, 40, 44, 46, 16, 29, 50, 20, 23, 30, 2, 7, 42, 21, 17, 3, 18, 31, 22]

Individual 24:
  Route length: 8124
  Contribution to Diversity: 0
  Route: [1, 49, 32, 45, 36, 35, 34, 44, 38, 48, 24, 5, 15, 6, 4, 25, 12, 28, 27, 26, 47, 13, 14, 52, 11, 51, 33, 43, 10, 9, 8, 41, 19, 39, 40, 37, 46, 16, 29, 50, 20, 23, 30, 2, 7, 42, 21, 17, 3, 18, 31, 22]

Individual 25:
  Route length: 8834
  Contribution to Diversity: 0
  Route: [1, 49, 32, 45, 19, 41, 8, 33, 43, 10, 9, 51, 11, 52, 14, 13, 47, 26, 27, 28, 12, 25, 4, 6, 15, 5, 24, 48, 38, 37, 40, 39, 36, 35, 20, 50, 29, 16, 46, 44, 34, 23, 30, 2, 7, 42, 21, 17, 3, 18, 31, 22]

Individual 26:
  Route length: 9289
  Contribution to Diversity: 0.0010098035777197367
  Route: [1, 9, 8, 41, 19, 45, 32, 49, 10, 43, 33, 51, 11, 52, 14, 13, 47, 26, 27, 28, 12, 25, 4, 6, 15, 5, 24, 48, 38, 37, 23, 20, 40, 39, 36, 35, 34, 44, 46, 16, 29, 50, 30, 2, 42, 7, 21, 17, 3, 18, 31, 22]

Individual 27:
  Route length: 9379
  Contribution to Diversity: 0.0003141452226795849
  Route: [1, 49, 32, 45, 19, 41, 8, 9, 10, 43, 27, 33, 26, 47, 13, 14, 52, 11, 51, 28, 12, 25, 4, 6, 15, 5, 24, 38, 48, 37, 40, 39, 36, 35, 34, 44, 46, 16, 29, 50, 20, 23, 30, 2, 7, 42, 21, 17, 3, 18, 31, 22]

Individual 28:
  Route length: 9162
  Contribution to Diversity: 0
  Route: [40, 37, 38, 48, 24, 5, 15, 6, 4, 25, 12, 28, 51, 11, 52, 14, 13, 47, 26, 27, 49, 32, 45, 19, 41, 8, 9, 10, 43, 33, 1, 39, 36, 35, 34, 44, 46, 16, 29, 50, 20, 23, 30, 2, 7, 42, 21, 17, 3, 18, 31, 22]

Individual 29:
  Route length: 9412
  Contribution to Diversity: 0.00025752776405330025
  Route: [1, 49, 32, 45, 19, 41, 8, 9, 10, 43, 33, 27, 26, 47, 40, 37, 48, 38, 24, 5, 15, 6, 4, 25, 12, 28, 51, 11, 52, 14, 13, 39, 36, 35, 34, 44, 46, 16, 29, 50, 20, 23, 30, 2, 7, 42, 21, 17, 3, 18, 31, 22]

Individual 30:
  Route length: 8916
  Contribution to Diversity: 0.0006205706840693992
  Route: [1, 38, 48, 24, 5, 15, 6, 4, 25, 12, 28, 27, 14, 13, 47, 26, 52, 11, 51, 33, 43, 10, 9, 8, 41, 19, 45, 32, 42, 7, 2, 30, 23, 20, 50, 29, 16, 46, 44, 37, 40, 39, 36, 35, 34, 49, 21, 17, 3, 18, 31, 22]

Individual 31:
  Route length: 8719
  Contribution to Diversity: 0.00027263231640883845
  Route: [1, 49, 32, 45, 18, 3, 17, 21, 42, 7, 2, 30, 23, 20, 50, 29, 16, 46, 44, 34, 35, 36, 39, 40, 37, 38, 48, 24, 5, 15, 6, 4, 26, 27, 28, 12, 25, 47, 13, 14, 52, 11, 51, 33, 43, 10, 9, 8, 41, 19, 31, 22]

Individual 32:
  Route length: 9239
  Contribution to Diversity: 0.0025693219093447794
  Route: [1, 49, 32, 45, 9, 8, 41, 19, 4, 25, 12, 11, 52, 14, 13, 47, 26, 27, 28, 51, 33, 43, 10, 6, 15, 5, 24, 48, 37, 40, 38, 39, 36, 35, 34, 44, 46, 16, 29, 50, 20, 23, 30, 2, 7, 42, 18, 3, 17, 21, 31, 22]

Individual 33:
  Route length: 9163
  Contribution to Diversity: 0.002231420126014072
  Route: [8, 41, 19, 45, 32, 49, 1, 9, 10, 43, 33, 51, 11, 52, 14, 13, 47, 26, 27, 28, 12, 46, 16, 29, 50, 23, 34, 44, 25, 4, 6, 15, 5, 24, 48, 38, 37, 40, 39, 36, 35, 20, 30, 2, 7, 42, 21, 17, 3, 18, 31, 22]

Individual 34:
  Route length: 9385
  Contribution to Diversity: 0.0008278105953873904
  Route: [1, 49, 35, 34, 44, 46, 16, 29, 50, 20, 23, 30, 12, 28, 27, 26, 47, 13, 14, 52, 11, 51, 33, 43, 10, 9, 8, 41, 19, 45, 32, 4, 6, 15, 5, 24, 48, 38, 37, 40, 39, 36, 25, 2, 7, 42, 21, 17, 3, 18, 31, 22]

Individual 35:
  Route length: 8994
  Contribution to Diversity: 0.0003115608814558968
  Route: [1, 49, 32, 45, 19, 41, 8, 9, 10, 43, 33, 51, 27, 28, 12, 25, 4, 6, 15, 5, 24, 48, 38, 37, 40, 39, 36, 35, 34, 11, 52, 14, 13, 47, 26, 16, 46, 44, 29, 50, 20, 23, 30, 2, 7, 42, 21, 17, 3, 18, 31, 22]

Individual 36:
  Route length: 8857
  Contribution to Diversity: 0
  Route: [1, 37, 38, 48, 24, 5, 15, 6, 4, 25, 12, 28, 51, 11, 52, 14, 13, 47, 26, 27, 33, 43, 10, 9, 8, 41, 19, 45, 32, 49, 40, 39, 36, 35, 34, 44, 46, 16, 29, 50, 20, 3, 17, 21, 42, 7, 2, 30, 23, 18, 31, 22]

Individual 37:
  Route length: 9262
  Contribution to Diversity: 0
  Route: [1, 49, 32, 45, 19, 41, 8, 40, 37, 38, 48, 24, 5, 15, 27, 28, 12, 25, 4, 6, 26, 47, 13, 14, 52, 11, 51, 33, 43, 10, 9, 39, 36, 35, 34, 44, 46, 16, 29, 50, 20, 23, 30, 2, 7, 42, 21, 17, 3, 18, 31, 22]

Individual 38:
  Route length: 8571
  Contribution to Diversity: 0
  Route: [1, 49, 32, 45, 19, 41, 8, 9, 10, 43, 33, 51, 11, 52, 14, 13, 47, 26, 27, 28, 12, 25, 4, 6, 15, 5, 24, 29, 16, 46, 44, 34, 20, 50, 48, 38, 37, 40, 39, 36, 35, 23, 30, 2, 7, 42, 21, 17, 3, 18, 31, 22]

Individual 39:
  Route length: 9006
  Contribution to Diversity: 0
  Route: [1, 28, 12, 25, 4, 6, 15, 5, 24, 48, 38, 37, 40, 39, 27, 26, 47, 13, 14, 52, 11, 51, 33, 43, 10, 9, 8, 41, 19, 45, 32, 49, 36, 35, 34, 44, 46, 16, 29, 50, 20, 31, 18, 3, 17, 21, 42, 7, 2, 30, 23, 22]

Individual 40:
  Route length: 9320
  Contribution to Diversity: 0.0009041773823419419
  Route: [1, 49, 32, 40, 39, 36, 35, 34, 44, 46, 16, 29, 50, 20, 23, 30, 2, 7, 42, 21, 17, 3, 18, 4, 25, 12, 28, 27, 26, 47, 13, 14, 52, 11, 51, 33, 43, 10, 9, 8, 41, 19, 15, 5, 24, 48, 38, 37, 45, 6, 31, 22]

Individual 41:
  Route length: 8969
  Contribution to Diversity: 0
  Route: [1, 49, 32, 45, 19, 41, 8, 9, 10, 43, 33, 51, 11, 52, 14, 13, 47, 26, 27, 28, 12, 25, 4, 6, 15, 5, 24, 48, 38, 37, 40, 39, 36, 35, 34, 44, 46, 16, 29, 21, 42, 31, 18, 3, 17, 50, 20, 23, 30, 2, 7, 22]

Individual 42:
  Route length: 9154
  Contribution to Diversity: 0.0017635927931181072
  Route: [1, 49, 32, 45, 19, 9, 8, 41, 10, 43, 33, 51, 11, 52, 14, 13, 47, 26, 27, 28, 12, 25, 4, 6, 15, 5, 24, 29, 16, 46, 23, 20, 50, 48, 35, 36, 39, 40, 37, 38, 34, 44, 30, 2, 7, 42, 21, 17, 3, 18, 31, 22]

Individual 43:
  Route length: 8794
  Contribution to Diversity: 0
  Route: [1, 20, 50, 29, 16, 46, 44, 34, 35, 36, 39, 40, 37, 38, 48, 24, 5, 15, 6, 4, 25, 12, 28, 27, 26, 47, 13, 14, 52, 11, 51, 33, 43, 10, 32, 49, 45, 19, 41, 8, 9, 23, 30, 2, 7, 42, 21, 17, 3, 18, 31, 22]

Individual 44:
  Route length: 9036
  Contribution to Diversity: 0.0013270008521324428
  Route: [1, 49, 32, 45, 19, 41, 8, 9, 10, 43, 33, 51, 11, 52, 14, 13, 47, 26, 27, 28, 12, 25, 39, 40, 37, 38, 48, 24, 30, 2, 7, 42, 21, 17, 3, 18, 31, 34, 44, 46, 16, 29, 50, 20, 23, 5, 15, 6, 4, 36, 35, 22]

Individual 45:
  Route length: 8834
  Contribution to Diversity: 0
  Route: [1, 20, 50, 29, 16, 46, 44, 34, 35, 36, 39, 40, 37, 38, 48, 24, 5, 6, 15, 4, 25, 12, 28, 27, 26, 47, 13, 14, 52, 11, 51, 33, 43, 10, 32, 49, 45, 19, 41, 8, 9, 23, 30, 2, 7, 42, 21, 17, 3, 18, 31, 22]

Individual 46:
  Route length: 9374
  Contribution to Diversity: 0.0011168397032870203
  Route: [1, 49, 32, 45, 19, 36, 39, 40, 37, 21, 42, 7, 2, 20, 23, 30, 50, 29, 16, 46, 44, 34, 35, 41, 8, 9, 10, 43, 33, 51, 11, 52, 14, 13, 47, 26, 27, 28, 12, 25, 4, 6, 15, 5, 24, 48, 38, 17, 3, 18, 31, 22]

Individual 47:
  Route length: 9331
  Contribution to Diversity: 0.0024460471256126937
  Route: [1, 49, 32, 36, 39, 38, 37, 40, 48, 24, 5, 15, 6, 10, 43, 33, 51, 28, 27, 26, 47, 13, 14, 52, 11, 12, 25, 4, 9, 8, 41, 19, 45, 35, 34, 44, 46, 16, 29, 50, 20, 23, 30, 2, 7, 42, 18, 3, 17, 21, 31, 22]

Individual 48:
  Route length: 8770
  Contribution to Diversity: 0.0014117002272264756
  Route: [1, 49, 32, 45, 10, 9, 38, 37, 24, 48, 8, 41, 19, 43, 33, 51, 11, 52, 14, 13, 47, 26, 27, 28, 12, 25, 4, 6, 15, 5, 40, 39, 36, 35, 34, 44, 46, 16, 29, 50, 20, 23, 30, 2, 7, 42, 21, 17, 3, 18, 31, 22]

Individual 49:
  Route length: 8450
  Contribution to Diversity: 0
  Route: [1, 49, 32, 45, 36, 15, 5, 24, 48, 38, 44, 34, 35, 6, 4, 25, 12, 28, 27, 26, 47, 13, 14, 52, 11, 51, 33, 43, 10, 9, 8, 41, 19, 39, 40, 37, 46, 16, 29, 50, 20, 23, 30, 2, 7, 42, 21, 17, 3, 18, 31, 22]

Individual 50:
  Route length: 9236
  Contribution to Diversity: 0.0008438386984748192
  Route: [1, 49, 32, 40, 29, 16, 46, 44, 34, 35, 36, 39, 50, 20, 23, 30, 2, 7, 42, 21, 17, 3, 18, 4, 25, 12, 28, 27, 26, 47, 13, 14, 52, 11, 51, 33, 43, 10, 9, 8, 41, 19, 45, 37, 38, 48, 24, 5, 15, 6, 31, 22]

Individual 51:
  Route length: 8918
  Contribution to Diversity: 0
  Route: [1, 20, 50, 29, 16, 46, 44, 34, 37, 40, 39, 36, 35, 38, 48, 24, 5, 15, 6, 4, 25, 12, 28, 27, 26, 47, 13, 14, 52, 11, 51, 33, 43, 10, 49, 32, 45, 19, 41, 8, 9, 23, 30, 2, 7, 42, 21, 17, 3, 18, 31, 22]

Individual 52:
  Route length: 9331
  Contribution to Diversity: 0
  Route: [1, 33, 43, 10, 9, 8, 41, 19, 45, 4, 25, 12, 28, 51, 11, 52, 14, 13, 47, 26, 27, 49, 32, 6, 15, 5, 24, 48, 38, 37, 40, 39, 36, 35, 34, 44, 46, 16, 29, 50, 20, 23, 30, 2, 7, 42, 21, 17, 3, 18, 31, 22]

Individual 53:
  Route length: 8706
  Contribution to Diversity: 0.00045882513683270787
  Route: [3, 18, 44, 34, 35, 36, 39, 45, 19, 41, 8, 9, 10, 43, 33, 51, 11, 52, 14, 13, 47, 26, 27, 28, 12, 25, 4, 6, 15, 5, 24, 48, 38, 37, 40, 32, 49, 1, 17, 21, 42, 7, 2, 30, 23, 20, 50, 29, 16, 46, 31, 22]

Individual 54:
  Route length: 8526
  Contribution to Diversity: 0
  Route: [1, 5, 15, 6, 4, 25, 12, 28, 27, 26, 47, 13, 14, 52, 11, 51, 33, 43, 10, 9, 8, 41, 19, 45, 32, 49, 24, 48, 38, 37, 40, 39, 36, 35, 34, 44, 46, 16, 29, 21, 42, 7, 2, 30, 23, 20, 50, 17, 3, 18, 31, 22]

Individual 55:
  Route length: 9297
  Contribution to Diversity: 0.0008077756768560818
  Route: [40, 39, 36, 35, 34, 44, 46, 16, 29, 50, 20, 23, 30, 2, 7, 42, 32, 45, 19, 41, 8, 9, 10, 43, 33, 51, 11, 52, 26, 47, 13, 14, 27, 28, 12, 25, 4, 6, 15, 5, 24, 48, 38, 1, 37, 49, 21, 17, 3, 18, 31, 22]

Individual 56:
  Route length: 8966
  Contribution to Diversity: 0.0016069837533505549
  Route: [1, 20, 50, 16, 29, 46, 44, 34, 35, 36, 39, 40, 37, 38, 48, 24, 5, 6, 15, 4, 25, 12, 28, 27, 26, 47, 13, 14, 52, 11, 51, 33, 43, 10, 32, 49, 45, 19, 41, 8, 9, 23, 30, 2, 7, 42, 21, 17, 3, 18, 31, 22]

Individual 57:
  Route length: 9363
  Contribution to Diversity: 0.0017378446804405812
  Route: [1, 49, 23, 46, 16, 29, 24, 5, 15, 6, 4, 25, 12, 28, 27, 26, 47, 13, 14, 52, 11, 51, 33, 43, 10, 41, 8, 9, 19, 45, 32, 20, 50, 48, 38, 37, 40, 39, 36, 35, 34, 44, 30, 2, 7, 42, 21, 17, 3, 18, 31, 22]

Individual 58:
  Route length: 9164
  Contribution to Diversity: 0.001082566007845287
  Route: [1, 37, 38, 48, 24, 5, 15, 6, 4, 25, 12, 28, 11, 51, 52, 14, 13, 47, 26, 27, 33, 43, 10, 9, 8, 41, 19, 45, 32, 49, 40, 39, 36, 35, 34, 44, 46, 16, 29, 50, 20, 3, 17, 21, 42, 7, 2, 30, 23, 18, 31, 22]

Individual 59:
  Route length: 8933
  Contribution to Diversity: 0
  Route: [1, 49, 32, 45, 19, 41, 8, 9, 10, 43, 33, 4, 25, 12, 28, 27, 26, 47, 13, 14, 52, 11, 51, 6, 15, 5, 24, 48, 38, 37, 40, 18, 3, 17, 21, 42, 7, 2, 30, 23, 34, 44, 46, 16, 29, 50, 20, 35, 36, 39, 31, 22]

Individual 60:
  Route length: 8878
  Contribution to Diversity: 0
  Route: [1, 20, 50, 29, 16, 46, 44, 34, 35, 36, 39, 40, 24, 48, 38, 37, 5, 15, 6, 4, 25, 12, 28, 27, 26, 47, 13, 14, 52, 11, 51, 33, 43, 10, 49, 32, 45, 19, 41, 8, 9, 23, 30, 2, 7, 42, 21, 17, 3, 18, 31, 22]

Individual 61:
  Route length: 9277
  Contribution to Diversity: 0.0008815332719409597
  Route: [1, 37, 38, 48, 24, 5, 15, 6, 4, 35, 36, 39, 40, 49, 32, 45, 19, 41, 8, 9, 10, 43, 33, 27, 26, 47, 13, 14, 52, 11, 51, 28, 12, 25, 34, 44, 46, 16, 29, 50, 20, 3, 17, 21, 42, 7, 2, 30, 23, 18, 31, 22]

Individual 62:
  Route length: 9064
  Contribution to Diversity: 0.0022790354876232044
  Route: [1, 31, 20, 50, 29, 16, 46, 44, 34, 19, 45, 32, 49, 36, 35, 25, 12, 28, 27, 26, 47, 13, 14, 52, 11, 51, 33, 43, 10, 9, 8, 41, 4, 6, 15, 5, 24, 48, 38, 37, 40, 39, 18, 3, 17, 21, 42, 7, 2, 30, 23, 22]

Individual 63:
  Route length: 9289
  Contribution to Diversity: 0.0008159281969275511
  Route: [1, 49, 32, 10, 45, 19, 41, 8, 9, 43, 33, 51, 11, 52, 14, 13, 47, 24, 5, 15, 6, 4, 25, 12, 28, 27, 26, 48, 38, 37, 34, 35, 36, 39, 40, 44, 46, 16, 29, 50, 20, 23, 30, 2, 7, 42, 21, 17, 3, 18, 31, 22]

Individual 64:
  Route length: 9120
  Contribution to Diversity: 0.001179098610520235
  Route: [17, 21, 42, 7, 2, 30, 23, 34, 44, 25, 4, 6, 15, 5, 24, 48, 38, 37, 40, 39, 36, 35, 20, 50, 29, 16, 46, 12, 28, 27, 26, 47, 13, 14, 52, 11, 51, 33, 43, 10, 9, 1, 49, 32, 45, 19, 41, 8, 3, 18, 31, 22]

Individual 65:
  Route length: 9389
  Contribution to Diversity: 0.0024185442168151994
  Route: [1, 49, 32, 45, 19, 41, 8, 9, 10, 43, 4, 25, 12, 28, 24, 5, 15, 6, 33, 51, 11, 52, 14, 13, 47, 26, 27, 48, 38, 37, 40, 39, 36, 35, 34, 44, 46, 16, 29, 50, 20, 23, 7, 2, 30, 42, 21, 17, 3, 18, 31, 22]

Individual 66:
  Route length: 9241
  Contribution to Diversity: 0.0005355073017447864
  Route: [1, 49, 32, 45, 19, 41, 8, 9, 10, 43, 33, 51, 11, 52, 14, 13, 47, 26, 27, 28, 12, 30, 23, 20, 50, 29, 16, 46, 44, 34, 35, 4, 6, 15, 5, 24, 48, 38, 36, 39, 40, 37, 25, 2, 7, 42, 21, 17, 3, 18, 31, 22]

Individual 67:
  Route length: 9073
  Contribution to Diversity: 5.740068361248518e-05
  Route: [1, 49, 32, 45, 19, 41, 8, 9, 10, 43, 33, 51, 11, 52, 14, 13, 47, 24, 5, 15, 6, 4, 25, 44, 34, 35, 36, 39, 12, 28, 27, 26, 48, 38, 37, 40, 46, 16, 29, 50, 20, 23, 30, 2, 7, 42, 21, 17, 3, 18, 31, 22]

Individual 68:
  Route length: 8882
  Contribution to Diversity: 0
  Route: [1, 49, 32, 45, 36, 39, 43, 33, 51, 11, 52, 14, 13, 47, 26, 27, 28, 12, 25, 4, 6, 15, 5, 24, 48, 38, 37, 40, 18, 3, 17, 21, 42, 7, 2, 30, 23, 20, 50, 29, 16, 46, 44, 34, 35, 19, 41, 8, 9, 10, 31, 22]

Individual 69:
  Route length: 9131
  Contribution to Diversity: 0
  Route: [1, 49, 32, 45, 36, 39, 43, 33, 51, 11, 52, 14, 13, 47, 26, 27, 28, 12, 25, 4, 16, 46, 44, 34, 35, 19, 41, 8, 9, 10, 40, 37, 38, 48, 24, 5, 15, 6, 29, 50, 20, 23, 30, 2, 7, 42, 21, 17, 3, 18, 31, 22]

Individual 70:
  Route length: 8880
  Contribution to Diversity: 0
  Route: [1, 49, 46, 44, 34, 35, 19, 41, 8, 9, 10, 40, 37, 38, 48, 24, 5, 15, 6, 4, 25, 12, 28, 27, 26, 47, 13, 14, 52, 11, 51, 33, 43, 39, 36, 45, 32, 16, 29, 50, 20, 23, 30, 2, 7, 42, 21, 17, 3, 18, 31, 22]

Individual 71:
  Route length: 8935
  Contribution to Diversity: 0.002572479991596488
  Route: [3, 18, 44, 34, 35, 36, 39, 45, 19, 41, 8, 9, 10, 43, 33, 51, 11, 52, 14, 13, 47, 26, 27, 28, 12, 25, 38, 48, 24, 5, 15, 6, 4, 37, 40, 32, 49, 1, 17, 21, 42, 7, 2, 30, 23, 20, 50, 29, 16, 46, 31, 22]

Individual 72:
  Route length: 9308
  Contribution to Diversity: 0.0003335426623198856
  Route: [40, 37, 38, 48, 24, 5, 15, 6, 4, 25, 12, 28, 51, 11, 52, 14, 13, 47, 26, 27, 49, 36, 39, 1, 33, 43, 10, 9, 8, 41, 19, 45, 32, 35, 34, 44, 46, 16, 29, 50, 20, 23, 30, 2, 7, 42, 21, 17, 3, 18, 31, 22]

Individual 73:
  Route length: 9189
  Contribution to Diversity: 0.0011043535635941737
  Route: [1, 20, 50, 29, 16, 46, 44, 34, 35, 36, 39, 40, 24, 48, 38, 37, 5, 15, 6, 4, 25, 12, 26, 27, 28, 47, 13, 14, 52, 11, 51, 33, 43, 10, 49, 32, 45, 19, 41, 8, 9, 23, 30, 2, 7, 42, 21, 17, 3, 18, 31, 22]

Individual 74:
  Route length: 9376
  Contribution to Diversity: 0.0024222076407847126
  Route: [1, 49, 32, 45, 19, 41, 48, 24, 37, 40, 44, 34, 35, 36, 39, 46, 16, 12, 25, 4, 6, 15, 5, 38, 8, 9, 10, 43, 33, 51, 11, 52, 14, 13, 47, 26, 27, 28, 29, 50, 20, 23, 30, 2, 7, 42, 21, 17, 3, 18, 31, 22]

Individual 75:
  Route length: 9157
  Contribution to Diversity: 0
  Route: [1, 49, 32, 45, 36, 39, 43, 33, 51, 11, 52, 14, 13, 47, 26, 27, 28, 12, 25, 4, 6, 15, 5, 24, 48, 38, 37, 40, 10, 9, 8, 31, 18, 3, 17, 21, 42, 7, 2, 30, 23, 20, 50, 29, 16, 46, 44, 34, 35, 19, 41, 22]

Individual 76:
  Route length: 9294
  Contribution to Diversity: 0.0011261451213648854
  Route: [49, 37, 1, 38, 48, 24, 5, 15, 6, 4, 25, 12, 28, 27, 14, 13, 47, 26, 52, 11, 51, 33, 43, 10, 9, 8, 41, 19, 45, 32, 42, 7, 2, 30, 23, 20, 50, 29, 16, 46, 44, 34, 35, 36, 39, 40, 21, 17, 3, 18, 31, 22]

Individual 77:
  Route length: 9409
  Contribution to Diversity: 0.0015450391248270634
  Route: [1, 49, 32, 40, 48, 24, 5, 15, 6, 10, 43, 33, 51, 28, 27, 26, 47, 13, 14, 52, 11, 12, 25, 4, 9, 8, 41, 19, 45, 37, 38, 39, 36, 35, 34, 44, 46, 16, 29, 50, 20, 23, 30, 2, 7, 42, 18, 3, 17, 21, 31, 22]

Individual 78:
  Route length: 9163
  Contribution to Diversity: 0
  Route: [1, 49, 32, 45, 36, 39, 43, 33, 51, 11, 52, 14, 13, 47, 26, 27, 28, 12, 25, 4, 6, 15, 5, 24, 48, 38, 37, 40, 18, 3, 17, 21, 10, 9, 8, 41, 19, 35, 34, 44, 46, 16, 29, 50, 20, 23, 30, 2, 7, 42, 31, 22]

Individual 79:
  Route length: 9202
  Contribution to Diversity: 0.0023565496841762013
  Route: [1, 49, 32, 45, 19, 41, 8, 9, 10, 43, 36, 39, 40, 37, 48, 38, 24, 5, 15, 6, 4, 25, 12, 28, 51, 11, 52, 14, 13, 47, 26, 27, 33, 35, 34, 44, 46, 16, 29, 50, 20, 18, 3, 17, 21, 42, 7, 2, 30, 23, 31, 22]

Individual 80:
  Route length: 9404
  Contribution to Diversity: 0
  Route: [23, 37, 38, 48, 24, 5, 15, 6, 4, 25, 12, 28, 27, 26, 47, 13, 14, 52, 11, 51, 33, 43, 10, 49, 32, 45, 19, 41, 8, 9, 1, 20, 40, 39, 36, 35, 34, 44, 46, 16, 29, 50, 30, 2, 7, 42, 21, 17, 3, 18, 31, 22]

Individual 81:
  Route length: 8922
  Contribution to Diversity: 0
  Route: [1, 49, 32, 45, 36, 39, 43, 33, 51, 11, 52, 14, 13, 47, 26, 27, 28, 12, 25, 4, 6, 15, 5, 24, 48, 38, 37, 40, 10, 9, 8, 41, 19, 35, 34, 44, 46, 16, 29, 50, 20, 23, 3, 17, 21, 42, 7, 2, 30, 18, 31, 22]

Individual 82:
  Route length: 8979
  Contribution to Diversity: 0
  Route: [1, 21, 42, 49, 32, 45, 19, 41, 8, 9, 10, 40, 37, 38, 48, 24, 5, 15, 6, 4, 25, 12, 28, 27, 26, 47, 13, 14, 52, 11, 51, 33, 43, 39, 36, 35, 34, 44, 46, 16, 29, 50, 20, 23, 30, 2, 7, 17, 3, 18, 31, 22]

Individual 83:
  Route length: 9152
  Contribution to Diversity: 0.0013294367730836143
  Route: [1, 49, 32, 45, 19, 41, 8, 9, 10, 43, 33, 51, 11, 52, 14, 13, 47, 26, 27, 28, 12, 25, 4, 6, 15, 5, 23, 20, 50, 29, 48, 24, 30, 2, 7, 42, 21, 17, 3, 18, 31, 34, 44, 46, 16, 38, 37, 40, 39, 36, 35, 22]

Individual 84:
  Route length: 9365
  Contribution to Diversity: 0.0013010218014777308
  Route: [1, 49, 32, 45, 19, 41, 8, 40, 37, 38, 48, 24, 5, 15, 27, 28, 12, 4, 25, 6, 26, 47, 13, 14, 52, 11, 51, 33, 43, 10, 9, 39, 36, 35, 34, 44, 46, 16, 29, 50, 20, 23, 30, 2, 7, 42, 21, 17, 3, 18, 31, 22]

Individual 85:
  Route length: 8587
  Contribution to Diversity: 0.002385845671475373
  Route: [1, 49, 32, 18, 3, 17, 21, 42, 7, 2, 30, 23, 20, 50, 29, 16, 46, 44, 34, 35, 36, 39, 40, 37, 38, 48, 24, 5, 15, 6, 4, 25, 12, 13, 47, 26, 27, 28, 14, 52, 11, 51, 33, 43, 10, 8, 9, 41, 19, 45, 31, 22]

Individual 86:
  Route length: 9228
  Contribution to Diversity: 0.0025009036037451082
  Route: [1, 39, 24, 29, 16, 46, 23, 20, 50, 48, 38, 37, 40, 5, 15, 6, 4, 25, 12, 28, 27, 26, 47, 13, 14, 52, 11, 51, 33, 43, 10, 41, 8, 9, 19, 45, 32, 49, 36, 35, 34, 44, 30, 2, 7, 42, 21, 17, 3, 18, 31, 22]

Individual 87:
  Route length: 9150
  Contribution to Diversity: 0.0013089340799661286
  Route: [1, 20, 50, 29, 16, 46, 44, 34, 35, 31, 18, 3, 17, 21, 42, 7, 2, 30, 23, 9, 8, 41, 19, 45, 49, 32, 10, 43, 33, 51, 11, 52, 14, 13, 47, 26, 27, 28, 12, 25, 4, 15, 6, 5, 24, 48, 38, 37, 40, 39, 36, 22]

Individual 88:
  Route length: 9423
  Contribution to Diversity: 0.0008335120981479704
  Route: [1, 21, 42, 49, 32, 45, 19, 41, 8, 9, 10, 40, 37, 38, 48, 24, 5, 15, 6, 4, 25, 12, 28, 27, 26, 47, 13, 14, 52, 11, 51, 33, 43, 39, 36, 18, 3, 17, 7, 2, 30, 23, 20, 50, 29, 16, 46, 44, 34, 35, 31, 22]

Individual 89:
  Route length: 9057
  Contribution to Diversity: 0.0018100643113001524
  Route: [1, 49, 32, 29, 16, 46, 37, 40, 39, 19, 41, 8, 9, 10, 43, 33, 51, 11, 52, 14, 13, 47, 26, 27, 28, 12, 25, 4, 6, 35, 34, 44, 38, 48, 24, 5, 15, 36, 45, 50, 20, 23, 30, 2, 7, 42, 21, 17, 3, 18, 31, 22]

Individual 90:
  Route length: 9292
  Contribution to Diversity: 0.0011787046793587663
  Route: [40, 39, 36, 35, 34, 44, 46, 16, 29, 50, 20, 23, 30, 2, 7, 42, 49, 37, 1, 38, 48, 24, 5, 15, 6, 4, 25, 12, 28, 27, 14, 13, 47, 26, 52, 11, 51, 33, 43, 10, 9, 8, 41, 19, 45, 32, 21, 17, 3, 18, 31, 22]

Individual 91:
  Route length: 8587
  Contribution to Diversity: 0.0011175593961834096
  Route: [1, 49, 32, 45, 19, 36, 39, 40, 37, 38, 48, 24, 6, 15, 5, 4, 25, 12, 28, 27, 26, 47, 13, 14, 52, 11, 51, 33, 43, 10, 9, 8, 41, 35, 34, 44, 46, 16, 29, 50, 30, 23, 20, 2, 7, 42, 21, 17, 3, 18, 31, 22]

Individual 92:
  Route length: 9054
  Contribution to Diversity: 0.0011429663790671896
  Route: [1, 49, 32, 45, 36, 15, 5, 24, 48, 38, 41, 8, 9, 10, 43, 33, 51, 11, 52, 14, 13, 47, 26, 27, 28, 12, 25, 4, 6, 35, 34, 44, 19, 39, 40, 37, 46, 16, 29, 50, 20, 23, 30, 2, 7, 42, 21, 17, 3, 18, 31, 22]

Individual 93:
  Route length: 9358
  Contribution to Diversity: 0.0018662382414094125
  Route: [1, 49, 32, 5, 15, 6, 51, 11, 52, 14, 13, 47, 26, 27, 28, 12, 25, 4, 33, 43, 10, 9, 8, 41, 19, 45, 24, 48, 38, 37, 40, 18, 3, 17, 21, 42, 7, 2, 30, 23, 34, 44, 46, 16, 29, 50, 20, 35, 36, 39, 31, 22]

Individual 94:
  Route length: 9031
  Contribution to Diversity: 0
  Route: [1, 7, 2, 30, 23, 20, 50, 17, 3, 18, 31, 42, 21, 29, 16, 46, 44, 34, 35, 36, 39, 40, 37, 38, 48, 24, 5, 15, 6, 4, 25, 12, 28, 27, 26, 47, 13, 14, 52, 11, 51, 33, 43, 10, 9, 8, 41, 19, 45, 32, 49, 22]

Individual 95:
  Route length: 9040
  Contribution to Diversity: 0.0002019913609192514
  Route: [40, 37, 38, 48, 24, 5, 15, 6, 4, 25, 12, 28, 51, 11, 52, 14, 13, 27, 26, 47, 49, 32, 45, 19, 41, 8, 9, 10, 43, 33, 1, 39, 36, 35, 34, 44, 46, 16, 29, 50, 20, 23, 30, 2, 7, 42, 21, 17, 3, 18, 31, 22]

Individual 96:
  Route length: 9195
  Contribution to Diversity: 4.59787663213973e-05
  Route: [1, 49, 32, 45, 19, 41, 8, 9, 10, 43, 33, 51, 11, 52, 14, 13, 47, 26, 27, 28, 12, 25, 4, 6, 15, 5, 24, 48, 38, 37, 17, 3, 16, 46, 44, 34, 35, 36, 39, 40, 50, 20, 23, 30, 2, 7, 42, 21, 29, 18, 31, 22]

Individual 97:
  Route length: 9217
  Contribution to Diversity: 0.0027521627245494784
  Route: [1, 38, 48, 24, 5, 35, 36, 39, 40, 37, 44, 46, 16, 29, 50, 20, 23, 30, 2, 7, 42, 32, 45, 19, 41, 8, 9, 10, 43, 33, 51, 11, 52, 26, 47, 13, 14, 27, 28, 12, 25, 4, 6, 15, 34, 49, 21, 17, 3, 18, 31, 22]

Individual 98:
  Route length: 9415
  Contribution to Diversity: 0.0004244260009977907
  Route: [1, 49, 32, 45, 19, 41, 8, 33, 43, 10, 9, 51, 11, 52, 14, 13, 47, 26, 27, 28, 12, 25, 4, 6, 15, 5, 24, 48, 38, 37, 20, 35, 36, 39, 40, 50, 29, 16, 46, 44, 34, 23, 30, 2, 7, 42, 21, 17, 3, 18, 31, 22]

Individual 99:
  Route length: 8695
  Contribution to Diversity: 0
  Route: [1, 49, 32, 45, 36, 24, 5, 15, 6, 4, 25, 12, 28, 27, 26, 47, 13, 14, 52, 11, 51, 33, 43, 39, 48, 38, 37, 40, 10, 9, 8, 41, 19, 35, 34, 44, 46, 16, 29, 50, 20, 23, 30, 2, 7, 42, 21, 17, 3, 18, 31, 22]

Total Entropy H: 4.473267572408081
