Individual 0:
  Route length: 15055
  Contribution to Diversity: 0.0011564641671473197
  Route: [32, 6, 15, 5, 24, 48, 38, 37, 9, 10, 43, 36, 34, 44, 49, 35, 8, 40, 18, 27, 26, 47, 13, 14, 52, 11, 51, 33, 41, 1, 46, 16, 2, 7, 42, 21, 45, 19, 39, 17, 4, 25, 12, 28, 31, 20, 50, 29, 3, 23, 30, 22]

Individual 1:
  Route length: 15022
  Contribution to Diversity: 0.0005429503734921681
  Route: [18, 19, 41, 8, 9, 10, 45, 1, 31, 24, 5, 47, 26, 50, 29, 16, 40, 37, 39, 36, 38, 44, 46, 20, 23, 30, 3, 17, 21, 42, 7, 33, 43, 51, 11, 52, 14, 13, 15, 35, 48, 32, 2, 6, 4, 25, 27, 28, 12, 49, 34, 22]

Individual 2:
  Route length: 14883
  Contribution to Diversity: 0.001483458097935042
  Route: [44, 46, 16, 50, 7, 2, 30, 18, 3, 17, 21, 42, 29, 20, 28, 12, 24, 41, 19, 45, 14, 52, 11, 51, 33, 43, 31, 40, 39, 36, 35, 34, 25, 5, 4, 6, 48, 38, 37, 27, 26, 47, 13, 32, 49, 1, 15, 8, 10, 9, 23, 22]

Individual 3:
  Route length: 15057
  Contribution to Diversity: 0.0006074919870684425
  Route: [1, 21, 50, 29, 45, 4, 15, 17, 3, 8, 41, 19, 37, 38, 30, 2, 7, 42, 49, 31, 46, 16, 48, 11, 28, 12, 25, 27, 26, 52, 14, 13, 47, 6, 5, 24, 20, 34, 44, 9, 10, 43, 33, 51, 39, 36, 35, 40, 23, 18, 32, 22]

Individual 4:
  Route length: 14976
  Contribution to Diversity: 0.0013767333748324617
  Route: [1, 49, 32, 45, 33, 51, 11, 52, 14, 13, 47, 26, 27, 4, 6, 20, 21, 42, 40, 39, 9, 8, 46, 15, 5, 48, 38, 37, 50, 29, 16, 23, 30, 36, 35, 44, 34, 41, 19, 43, 25, 12, 28, 10, 2, 7, 17, 24, 3, 18, 31, 22]

Individual 5:
  Route length: 15083
  Contribution to Diversity: 0.00032795238821758943
  Route: [1, 3, 51, 33, 43, 10, 4, 2, 7, 6, 15, 24, 46, 16, 29, 50, 44, 34, 35, 36, 39, 17, 40, 5, 37, 45, 19, 41, 8, 9, 42, 21, 48, 38, 11, 52, 14, 13, 47, 26, 27, 28, 12, 25, 32, 18, 23, 30, 49, 20, 31, 22]

Individual 6:
  Route length: 15047
  Contribution to Diversity: 0.0012380650094092616
  Route: [1, 17, 3, 42, 7, 2, 29, 50, 20, 37, 21, 41, 45, 40, 19, 35, 34, 44, 46, 16, 30, 14, 13, 47, 11, 52, 12, 15, 5, 24, 48, 49, 32, 39, 36, 28, 26, 27, 51, 33, 43, 10, 9, 8, 23, 38, 18, 31, 25, 6, 4, 22]

Individual 7:
  Route length: 14973
  Contribution to Diversity: 0.0010091358609809475
  Route: [1, 9, 49, 34, 18, 3, 8, 25, 44, 32, 10, 35, 36, 31, 43, 33, 51, 11, 52, 5, 15, 6, 19, 41, 17, 21, 42, 7, 2, 30, 23, 39, 40, 37, 38, 48, 46, 16, 26, 27, 28, 12, 4, 45, 24, 14, 13, 47, 29, 50, 20, 22]

Individual 8:
  Route length: 15033
  Contribution to Diversity: 0.0001982683648007466
  Route: [12, 25, 37, 19, 31, 18, 3, 17, 50, 20, 21, 42, 7, 2, 30, 4, 6, 15, 34, 43, 10, 9, 16, 29, 39, 36, 35, 33, 51, 23, 46, 44, 5, 24, 48, 38, 41, 8, 40, 26, 27, 11, 52, 14, 13, 47, 28, 1, 49, 32, 45, 22]

Individual 9:
  Route length: 15084
  Contribution to Diversity: 0.00011904314570632124
  Route: [23, 20, 50, 29, 32, 37, 4, 6, 15, 5, 8, 9, 10, 43, 33, 14, 13, 47, 12, 28, 17, 21, 42, 7, 2, 35, 34, 44, 46, 16, 30, 1, 45, 36, 39, 25, 51, 24, 48, 38, 40, 49, 41, 19, 52, 11, 27, 26, 3, 18, 31, 22]

Individual 10:
  Route length: 15047
  Contribution to Diversity: 0.0003304934029575435
  Route: [18, 19, 41, 8, 9, 10, 45, 1, 23, 30, 3, 17, 21, 42, 7, 43, 33, 51, 11, 52, 14, 13, 15, 35, 31, 37, 40, 39, 36, 28, 27, 25, 4, 6, 12, 5, 47, 26, 50, 29, 16, 20, 46, 44, 38, 2, 32, 48, 24, 49, 34, 22]

Individual 11:
  Route length: 15003
  Contribution to Diversity: 0.0005984682039184008
  Route: [1, 32, 45, 19, 41, 8, 9, 10, 43, 33, 51, 11, 52, 23, 30, 2, 12, 28, 27, 26, 47, 3, 17, 21, 18, 49, 38, 48, 46, 16, 29, 50, 35, 24, 20, 14, 13, 34, 44, 36, 39, 37, 40, 5, 15, 31, 7, 42, 25, 4, 6, 22]

Individual 12:
  Route length: 14884
  Contribution to Diversity: 0.000448777363648567
  Route: [1, 49, 32, 18, 9, 10, 31, 6, 43, 16, 29, 35, 45, 34, 39, 38, 48, 24, 47, 26, 27, 28, 13, 4, 5, 15, 14, 52, 11, 51, 44, 50, 30, 42, 7, 2, 20, 23, 21, 17, 3, 8, 41, 19, 40, 33, 46, 37, 36, 25, 12, 22]

Individual 13:
  Route length: 15082
  Contribution to Diversity: 0.0003861120580754829
  Route: [1, 49, 6, 4, 25, 19, 45, 9, 18, 36, 35, 34, 44, 46, 37, 40, 39, 15, 21, 30, 7, 42, 17, 8, 41, 32, 3, 2, 23, 28, 27, 26, 24, 5, 50, 29, 16, 31, 10, 43, 33, 51, 11, 52, 14, 13, 47, 20, 12, 48, 38, 22]

Individual 14:
  Route length: 15073
  Contribution to Diversity: 0.0004489430232714753
  Route: [1, 49, 32, 30, 23, 45, 2, 7, 14, 13, 5, 37, 24, 40, 35, 36, 39, 34, 44, 46, 15, 38, 48, 47, 28, 27, 26, 12, 33, 43, 52, 51, 11, 10, 9, 8, 41, 19, 20, 50, 29, 16, 6, 4, 25, 3, 17, 21, 42, 18, 31, 22]

Individual 15:
  Route length: 15015
  Contribution to Diversity: 0.0007125406233141618
  Route: [33, 43, 12, 25, 51, 11, 52, 14, 13, 26, 46, 16, 39, 8, 9, 10, 28, 27, 50, 40, 36, 41, 21, 42, 7, 2, 30, 23, 34, 35, 31, 18, 3, 48, 6, 37, 38, 17, 19, 45, 32, 49, 1, 15, 5, 24, 4, 47, 44, 20, 29, 22]

Individual 16:
  Route length: 14987
  Contribution to Diversity: 0.0008582669341290483
  Route: [3, 17, 35, 49, 32, 25, 12, 20, 5, 39, 38, 6, 15, 16, 1, 36, 30, 23, 28, 27, 52, 47, 13, 14, 26, 11, 51, 4, 37, 42, 7, 2, 21, 18, 9, 45, 19, 41, 8, 33, 43, 10, 31, 29, 50, 46, 44, 34, 24, 48, 40, 22]

Individual 17:
  Route length: 15045
  Contribution to Diversity: 0.0001675518279178334
  Route: [33, 43, 12, 25, 13, 26, 27, 28, 24, 48, 15, 5, 10, 9, 8, 49, 1, 20, 37, 38, 16, 47, 46, 14, 52, 11, 51, 35, 34, 23, 30, 2, 7, 42, 21, 41, 32, 3, 18, 31, 50, 17, 19, 45, 6, 4, 44, 36, 39, 40, 29, 22]

Individual 18:
  Route length: 14995
  Contribution to Diversity: 0.0004252782381035658
  Route: [1, 49, 32, 18, 9, 10, 35, 29, 16, 43, 6, 31, 45, 34, 39, 38, 48, 24, 27, 26, 47, 28, 13, 4, 5, 15, 14, 52, 11, 51, 44, 50, 30, 42, 7, 2, 20, 23, 21, 17, 3, 8, 41, 19, 40, 33, 46, 37, 36, 25, 12, 22]

Individual 19:
  Route length: 14920
  Contribution to Diversity: 0.00044839753489700485
  Route: [1, 9, 52, 11, 51, 28, 12, 25, 34, 20, 50, 29, 16, 46, 45, 4, 44, 49, 36, 35, 10, 32, 39, 40, 31, 38, 48, 24, 14, 13, 47, 26, 27, 33, 43, 37, 5, 15, 6, 19, 41, 17, 21, 42, 7, 2, 30, 23, 8, 3, 18, 22]

Individual 20:
  Route length: 15037
  Contribution to Diversity: 0.0002886893122839851
  Route: [35, 28, 31, 20, 50, 29, 30, 23, 18, 36, 48, 24, 8, 41, 33, 51, 11, 52, 14, 13, 47, 26, 27, 49, 32, 6, 15, 5, 40, 21, 42, 7, 2, 16, 44, 46, 34, 1, 17, 4, 37, 38, 12, 25, 9, 10, 43, 3, 39, 19, 45, 22]

Individual 21:
  Route length: 14991
  Contribution to Diversity: 0.0007449395791594426
  Route: [1, 39, 25, 12, 26, 47, 13, 14, 52, 11, 51, 33, 43, 6, 46, 16, 30, 23, 42, 21, 17, 28, 24, 48, 44, 3, 18, 19, 31, 49, 35, 36, 45, 32, 40, 38, 34, 37, 4, 27, 5, 15, 10, 9, 29, 2, 7, 20, 50, 8, 41, 22]

Individual 22:
  Route length: 15063
  Contribution to Diversity: 0.0006656272737624036
  Route: [1, 49, 32, 30, 23, 45, 2, 7, 14, 13, 5, 37, 24, 40, 35, 36, 39, 34, 44, 46, 15, 38, 48, 27, 28, 47, 26, 12, 33, 43, 52, 51, 11, 10, 9, 8, 41, 19, 20, 50, 29, 16, 6, 4, 25, 3, 17, 21, 42, 18, 31, 22]

Individual 23:
  Route length: 15041
  Contribution to Diversity: 0.0006478093161597087
  Route: [28, 5, 15, 6, 4, 25, 46, 16, 40, 23, 18, 32, 49, 44, 1, 3, 17, 39, 36, 35, 34, 24, 20, 31, 48, 45, 12, 19, 41, 8, 9, 10, 43, 33, 51, 11, 52, 14, 29, 38, 27, 13, 47, 26, 37, 30, 2, 7, 42, 21, 50, 22]

Individual 24:
  Route length: 14800
  Contribution to Diversity: 0.0004777966785756149
  Route: [1, 21, 34, 36, 39, 5, 24, 20, 42, 7, 2, 30, 51, 33, 19, 41, 8, 9, 10, 43, 38, 37, 17, 15, 6, 4, 47, 12, 28, 11, 13, 14, 52, 26, 27, 25, 48, 16, 46, 45, 29, 50, 3, 31, 49, 44, 35, 40, 23, 18, 32, 22]

Individual 25:
  Route length: 15056
  Contribution to Diversity: 0.00021012927373043055
  Route: [12, 40, 8, 41, 38, 48, 24, 5, 44, 46, 23, 51, 33, 35, 36, 39, 29, 16, 9, 10, 43, 34, 15, 6, 4, 30, 2, 7, 42, 21, 20, 50, 17, 3, 18, 31, 19, 37, 25, 26, 27, 11, 52, 14, 13, 47, 28, 1, 49, 32, 45, 22]

Individual 26:
  Route length: 15083
  Contribution to Diversity: 0.00070151667968954
  Route: [36, 39, 34, 40, 12, 28, 27, 26, 33, 15, 5, 6, 4, 2, 7, 42, 37, 45, 19, 41, 51, 35, 29, 11, 52, 14, 13, 47, 24, 48, 38, 8, 3, 17, 21, 30, 23, 20, 50, 44, 25, 46, 1, 49, 32, 16, 43, 10, 9, 18, 31, 22]

Individual 27:
  Route length: 14656
  Contribution to Diversity: 0.0003383501984073334
  Route: [28, 34, 35, 16, 14, 52, 11, 51, 33, 43, 10, 9, 8, 41, 19, 1, 45, 4, 25, 12, 40, 31, 23, 18, 39, 36, 3, 17, 46, 38, 24, 5, 44, 49, 32, 20, 50, 29, 27, 13, 47, 26, 37, 30, 42, 7, 2, 21, 48, 6, 15, 22]

Individual 28:
  Route length: 14953
  Contribution to Diversity: 0.0002398267712990787
  Route: [33, 43, 12, 47, 16, 37, 38, 20, 1, 49, 8, 9, 10, 5, 15, 48, 24, 28, 27, 26, 13, 25, 46, 14, 52, 11, 51, 35, 34, 23, 30, 2, 7, 42, 21, 41, 32, 3, 18, 31, 50, 17, 19, 45, 6, 4, 44, 36, 39, 40, 29, 22]

Individual 29:
  Route length: 14976
  Contribution to Diversity: 0.0006634715582451989
  Route: [1, 9, 49, 8, 3, 18, 34, 25, 44, 32, 10, 35, 36, 31, 16, 46, 5, 15, 6, 19, 41, 17, 21, 42, 7, 2, 30, 23, 39, 40, 37, 38, 48, 52, 11, 51, 33, 43, 26, 27, 28, 12, 4, 45, 24, 14, 13, 47, 29, 50, 20, 22]

Individual 30:
  Route length: 14775
  Contribution to Diversity: 0.0006676671649259447
  Route: [18, 23, 40, 35, 44, 49, 31, 51, 33, 43, 10, 9, 8, 41, 1, 21, 34, 36, 50, 29, 45, 46, 16, 48, 25, 27, 26, 52, 14, 13, 11, 47, 12, 28, 4, 6, 3, 42, 7, 2, 30, 20, 24, 5, 39, 15, 38, 37, 17, 19, 32, 22]

Individual 31:
  Route length: 14999
  Contribution to Diversity: 0.0003008251786731364
  Route: [1, 45, 39, 25, 12, 46, 16, 30, 23, 42, 21, 17, 28, 6, 15, 5, 27, 4, 37, 34, 9, 10, 43, 33, 51, 11, 52, 14, 13, 47, 26, 24, 48, 44, 3, 18, 41, 8, 50, 20, 7, 2, 29, 38, 40, 32, 36, 35, 49, 31, 19, 22]

Individual 32:
  Route length: 14986
  Contribution to Diversity: 0.001190646277480667
  Route: [6, 32, 35, 34, 38, 2, 18, 3, 17, 21, 42, 7, 30, 23, 50, 29, 16, 46, 44, 48, 37, 1, 49, 20, 33, 51, 11, 52, 40, 28, 12, 25, 4, 26, 27, 47, 14, 13, 36, 5, 24, 43, 15, 45, 39, 41, 8, 9, 10, 19, 31, 22]

Individual 33:
  Route length: 14815
  Contribution to Diversity: 0.0007192909406334991
  Route: [21, 2, 7, 42, 30, 23, 49, 1, 38, 44, 50, 39, 16, 29, 27, 26, 47, 24, 46, 28, 12, 9, 48, 37, 18, 33, 51, 11, 52, 14, 13, 5, 25, 6, 4, 15, 17, 3, 41, 45, 19, 32, 20, 34, 40, 35, 36, 43, 10, 8, 31, 22]

Individual 34:
  Route length: 15071
  Contribution to Diversity: 0.0008408069562673148
  Route: [18, 3, 17, 2, 49, 10, 9, 8, 41, 19, 6, 25, 35, 36, 39, 40, 4, 44, 38, 46, 20, 23, 30, 21, 45, 12, 28, 27, 15, 13, 14, 52, 11, 51, 33, 43, 7, 42, 1, 31, 37, 16, 29, 50, 26, 47, 5, 24, 48, 32, 34, 22]

Individual 35:
  Route length: 14868
  Contribution to Diversity: 0.0006781184020185904
  Route: [26, 37, 4, 25, 12, 34, 28, 47, 13, 27, 29, 50, 20, 32, 16, 14, 52, 11, 51, 33, 43, 10, 9, 46, 45, 21, 42, 7, 2, 30, 40, 39, 18, 23, 31, 36, 35, 48, 6, 15, 5, 24, 38, 1, 19, 41, 8, 17, 3, 49, 44, 22]

Individual 36:
  Route length: 15057
  Contribution to Diversity: 9.435108894706445e-05
  Route: [44, 46, 40, 37, 35, 34, 50, 29, 16, 45, 19, 12, 25, 4, 38, 41, 21, 17, 3, 39, 36, 6, 15, 5, 24, 48, 10, 9, 43, 33, 51, 11, 13, 52, 14, 47, 26, 49, 1, 20, 23, 7, 2, 32, 30, 42, 28, 27, 8, 18, 31, 22]

Individual 37:
  Route length: 14917
  Contribution to Diversity: 0.0010967030004227496
  Route: [36, 14, 13, 47, 27, 26, 52, 11, 51, 33, 20, 48, 6, 24, 5, 38, 2, 19, 10, 9, 8, 41, 43, 4, 28, 25, 12, 37, 40, 1, 17, 31, 46, 44, 18, 3, 45, 15, 35, 34, 39, 32, 49, 21, 42, 7, 30, 23, 50, 29, 16, 22]

Individual 38:
  Route length: 15026
  Contribution to Diversity: 9.435108894617628e-05
  Route: [16, 29, 50, 34, 35, 37, 40, 46, 44, 45, 19, 12, 25, 4, 38, 41, 21, 17, 3, 39, 36, 6, 15, 5, 24, 48, 10, 9, 43, 33, 51, 11, 13, 52, 14, 47, 26, 49, 1, 20, 23, 7, 2, 32, 30, 42, 28, 27, 8, 18, 31, 22]

Individual 39:
  Route length: 14953
  Contribution to Diversity: 0.00016666872419612844
  Route: [30, 2, 7, 42, 21, 49, 1, 38, 13, 14, 52, 11, 51, 33, 15, 4, 6, 41, 8, 19, 45, 32, 46, 47, 26, 27, 24, 48, 37, 17, 9, 18, 23, 20, 50, 40, 25, 10, 43, 16, 29, 35, 36, 39, 34, 44, 5, 28, 12, 3, 31, 22]

Individual 40:
  Route length: 14646
  Contribution to Diversity: 0.00023002287988127534
  Route: [18, 3, 17, 7, 2, 51, 11, 52, 14, 13, 47, 26, 27, 43, 19, 41, 8, 9, 38, 15, 5, 24, 48, 30, 42, 21, 40, 37, 10, 28, 12, 23, 25, 4, 6, 20, 50, 29, 16, 46, 44, 34, 35, 36, 1, 49, 32, 45, 33, 39, 31, 22]

Individual 41:
  Route length: 15041
  Contribution to Diversity: 0.0005760488666668451
  Route: [3, 17, 49, 19, 45, 33, 43, 10, 31, 16, 32, 41, 8, 9, 12, 25, 46, 44, 40, 6, 15, 50, 29, 37, 39, 5, 20, 18, 21, 2, 7, 42, 1, 36, 4, 51, 11, 26, 14, 13, 47, 52, 27, 28, 23, 30, 34, 35, 24, 48, 38, 22]

Individual 42:
  Route length: 14887
  Contribution to Diversity: 0.00021598630881758396
  Route: [33, 43, 12, 25, 51, 11, 52, 14, 13, 26, 46, 16, 39, 8, 9, 10, 28, 27, 50, 34, 23, 30, 2, 7, 42, 21, 41, 36, 40, 35, 31, 18, 3, 48, 24, 5, 15, 1, 49, 32, 45, 19, 17, 38, 37, 6, 4, 47, 44, 20, 29, 22]

Individual 43:
  Route length: 15080
  Contribution to Diversity: 0.0008964678942975368
  Route: [17, 20, 23, 30, 2, 7, 42, 21, 46, 44, 28, 12, 43, 45, 32, 49, 1, 9, 10, 18, 33, 51, 11, 52, 14, 13, 50, 36, 6, 4, 25, 48, 37, 38, 34, 8, 41, 19, 16, 29, 35, 5, 15, 40, 24, 27, 26, 47, 3, 39, 31, 22]

Individual 44:
  Route length: 14956
  Contribution to Diversity: 0.0007792498283381022
  Route: [11, 52, 14, 13, 47, 26, 39, 46, 16, 37, 40, 34, 35, 1, 10, 43, 33, 23, 30, 2, 7, 42, 3, 17, 49, 20, 45, 19, 41, 18, 21, 8, 9, 51, 28, 27, 12, 25, 4, 6, 15, 5, 31, 29, 44, 24, 50, 38, 48, 36, 32, 22]

Individual 45:
  Route length: 14783
  Contribution to Diversity: 0.0003025731390913222
  Route: [35, 32, 31, 20, 49, 19, 45, 39, 17, 4, 25, 12, 43, 36, 10, 9, 28, 48, 24, 5, 15, 6, 38, 37, 50, 29, 30, 23, 18, 3, 1, 34, 44, 46, 16, 2, 7, 42, 21, 40, 8, 41, 33, 51, 11, 52, 14, 47, 13, 26, 27, 22]

Individual 46:
  Route length: 15010
  Contribution to Diversity: 0.000315911866970886
  Route: [1, 39, 25, 12, 26, 47, 13, 14, 52, 11, 51, 33, 43, 6, 46, 16, 30, 23, 42, 21, 17, 15, 5, 27, 4, 37, 34, 38, 40, 32, 45, 36, 35, 49, 31, 19, 18, 3, 44, 48, 24, 28, 10, 9, 29, 2, 7, 20, 50, 8, 41, 22]

Individual 47:
  Route length: 15005
  Contribution to Diversity: 0.000546089262706495
  Route: [21, 42, 7, 2, 30, 23, 49, 1, 38, 44, 20, 32, 19, 45, 41, 3, 17, 15, 4, 16, 29, 27, 26, 47, 24, 46, 28, 12, 9, 48, 37, 18, 33, 51, 11, 52, 14, 13, 5, 25, 6, 39, 50, 34, 40, 35, 36, 43, 10, 8, 31, 22]

Individual 48:
  Route length: 14883
  Contribution to Diversity: 0.001900307608842411
  Route: [21, 17, 51, 52, 11, 14, 13, 47, 28, 27, 6, 4, 25, 43, 33, 42, 32, 8, 9, 10, 12, 26, 49, 1, 16, 29, 50, 20, 23, 30, 2, 7, 18, 3, 15, 46, 44, 48, 38, 37, 40, 39, 36, 35, 34, 24, 5, 41, 19, 45, 31, 22]

Individual 49:
  Route length: 14917
  Contribution to Diversity: 0.00039455980766334164
  Route: [1, 37, 4, 28, 12, 51, 33, 43, 38, 19, 32, 34, 16, 46, 45, 3, 17, 39, 35, 49, 5, 24, 23, 50, 29, 20, 18, 36, 40, 10, 9, 8, 41, 27, 26, 52, 14, 13, 47, 11, 25, 21, 30, 2, 7, 42, 6, 15, 44, 48, 31, 22]

Individual 50:
  Route length: 14726
  Contribution to Diversity: 0.0009152402166714424
  Route: [1, 21, 34, 36, 39, 5, 24, 20, 42, 7, 2, 30, 51, 33, 19, 41, 8, 9, 10, 43, 38, 37, 17, 15, 6, 4, 47, 12, 28, 11, 13, 14, 52, 26, 27, 25, 48, 16, 46, 23, 40, 35, 44, 49, 31, 3, 50, 29, 45, 18, 32, 22]

Individual 51:
  Route length: 14920
  Contribution to Diversity: 0.0012082103168449265
  Route: [1, 49, 32, 18, 9, 10, 33, 46, 5, 2, 7, 42, 21, 17, 3, 8, 41, 19, 44, 34, 45, 15, 47, 26, 27, 28, 13, 4, 36, 25, 12, 40, 37, 50, 30, 23, 20, 31, 14, 52, 11, 51, 39, 38, 48, 24, 6, 43, 16, 29, 35, 22]

Individual 52:
  Route length: 14942
  Contribution to Diversity: 0.0003918752613882859
  Route: [3, 17, 35, 34, 44, 46, 16, 1, 36, 30, 23, 6, 15, 50, 20, 5, 39, 40, 48, 24, 49, 32, 25, 12, 29, 31, 10, 43, 33, 8, 41, 19, 45, 9, 18, 21, 2, 7, 42, 37, 4, 51, 11, 26, 14, 13, 47, 52, 27, 28, 38, 22]

Individual 53:
  Route length: 15072
  Contribution to Diversity: 0.00023578790536138428
  Route: [19, 31, 34, 23, 30, 29, 50, 45, 38, 24, 49, 40, 44, 15, 5, 16, 46, 43, 10, 9, 8, 41, 32, 1, 33, 51, 11, 47, 13, 14, 52, 26, 27, 25, 18, 21, 48, 6, 4, 28, 12, 35, 36, 39, 20, 2, 7, 42, 37, 17, 3, 22]

Individual 54:
  Route length: 15023
  Contribution to Diversity: 0.001136439428624847
  Route: [33, 43, 12, 6, 45, 19, 17, 50, 31, 18, 3, 32, 35, 47, 16, 37, 38, 20, 1, 49, 34, 51, 11, 52, 14, 46, 23, 30, 2, 7, 42, 21, 41, 8, 9, 10, 5, 15, 48, 24, 28, 27, 26, 13, 25, 4, 44, 36, 39, 40, 29, 22]

Individual 55:
  Route length: 14936
  Contribution to Diversity: 0.0011057633600159988
  Route: [1, 32, 35, 37, 2, 16, 46, 49, 34, 44, 3, 42, 7, 30, 29, 31, 17, 21, 48, 6, 4, 25, 12, 20, 23, 40, 38, 15, 51, 11, 52, 14, 13, 47, 50, 39, 28, 27, 26, 24, 5, 33, 43, 10, 8, 41, 19, 45, 9, 18, 36, 22]

Individual 56:
  Route length: 14888
  Contribution to Diversity: 0.0005692094367999445
  Route: [6, 1, 31, 34, 44, 16, 29, 17, 21, 42, 7, 49, 27, 28, 50, 48, 10, 9, 43, 33, 8, 41, 19, 45, 25, 38, 37, 40, 24, 5, 15, 39, 18, 3, 32, 23, 30, 2, 35, 36, 46, 12, 4, 51, 11, 52, 14, 13, 26, 47, 20, 22]

Individual 57:
  Route length: 15058
  Contribution to Diversity: 4.186421633889381e-05
  Route: [35, 36, 18, 9, 45, 19, 41, 8, 17, 21, 3, 42, 7, 30, 29, 31, 32, 46, 16, 2, 23, 40, 38, 15, 1, 34, 44, 24, 5, 49, 28, 27, 26, 48, 6, 4, 25, 12, 20, 47, 13, 14, 52, 11, 51, 33, 43, 10, 39, 50, 37, 22]

Individual 58:
  Route length: 15014
  Contribution to Diversity: 0.00032115869354498727
  Route: [1, 49, 32, 18, 9, 10, 35, 29, 16, 43, 6, 31, 45, 34, 46, 33, 40, 19, 41, 8, 3, 17, 21, 23, 20, 2, 7, 42, 30, 50, 44, 51, 11, 52, 14, 15, 5, 4, 13, 28, 47, 26, 27, 24, 48, 38, 39, 37, 36, 25, 12, 22]

Individual 59:
  Route length: 14976
  Contribution to Diversity: 0.0020470099670122366
  Route: [1, 49, 32, 45, 19, 41, 8, 3, 50, 40, 24, 48, 38, 37, 47, 6, 33, 46, 15, 5, 30, 23, 20, 35, 4, 13, 51, 11, 52, 26, 14, 27, 12, 28, 25, 36, 39, 18, 9, 10, 43, 16, 29, 2, 42, 7, 21, 17, 44, 34, 31, 22]

Individual 60:
  Route length: 15017
  Contribution to Diversity: 0.00035930043840259884
  Route: [1, 49, 26, 47, 14, 52, 13, 11, 51, 33, 3, 17, 21, 41, 38, 4, 25, 12, 19, 45, 16, 29, 50, 34, 35, 37, 40, 46, 44, 20, 23, 7, 2, 32, 30, 42, 28, 27, 8, 10, 9, 43, 39, 36, 48, 24, 5, 15, 6, 18, 31, 22]

Individual 61:
  Route length: 14775
  Contribution to Diversity: 0.0006121561426546407
  Route: [35, 28, 31, 20, 50, 29, 30, 23, 37, 4, 39, 19, 45, 49, 32, 6, 15, 5, 24, 48, 36, 18, 17, 38, 12, 25, 9, 10, 43, 3, 1, 34, 46, 44, 16, 2, 7, 42, 21, 27, 26, 47, 13, 14, 52, 11, 51, 33, 41, 8, 40, 22]

Individual 62:
  Route length: 15039
  Contribution to Diversity: 0.0009173068458627753
  Route: [19, 31, 34, 23, 30, 29, 50, 45, 3, 17, 37, 42, 7, 2, 20, 39, 36, 35, 12, 28, 4, 6, 48, 21, 18, 25, 27, 26, 52, 13, 14, 47, 11, 51, 33, 1, 32, 41, 8, 9, 10, 43, 46, 16, 5, 15, 44, 40, 49, 24, 38, 22]

Individual 63:
  Route length: 15060
  Contribution to Diversity: 0.0005088930385017676
  Route: [17, 20, 23, 30, 2, 7, 42, 21, 46, 44, 29, 16, 19, 41, 8, 48, 37, 38, 34, 43, 45, 32, 49, 1, 9, 10, 18, 33, 51, 11, 52, 14, 13, 50, 36, 6, 4, 25, 12, 28, 35, 5, 15, 40, 24, 27, 26, 47, 3, 39, 31, 22]

Individual 64:
  Route length: 14939
  Contribution to Diversity: 0.0003100838773839598
  Route: [10, 38, 48, 37, 6, 4, 25, 24, 1, 49, 32, 39, 34, 35, 15, 45, 44, 46, 28, 12, 43, 41, 8, 9, 19, 2, 40, 16, 29, 36, 5, 20, 33, 51, 11, 52, 26, 27, 47, 13, 14, 50, 23, 30, 7, 42, 21, 17, 3, 18, 31, 22]

Individual 65:
  Route length: 15065
  Contribution to Diversity: 0.0005536089360207441
  Route: [33, 43, 12, 47, 16, 37, 38, 20, 1, 49, 8, 9, 10, 5, 15, 48, 24, 28, 27, 26, 13, 25, 46, 14, 52, 11, 51, 35, 34, 23, 30, 2, 7, 42, 21, 41, 32, 3, 18, 29, 40, 39, 36, 44, 4, 6, 45, 19, 17, 50, 31, 22]

Individual 66:
  Route length: 14854
  Contribution to Diversity: 7.618098427375486e-05
  Route: [1, 6, 31, 34, 44, 50, 28, 27, 49, 7, 42, 21, 17, 29, 16, 48, 10, 9, 43, 33, 8, 41, 19, 45, 25, 38, 37, 40, 24, 5, 15, 39, 18, 3, 32, 23, 30, 2, 35, 36, 46, 12, 4, 51, 11, 52, 14, 13, 26, 47, 20, 22]

Individual 67:
  Route length: 15076
  Contribution to Diversity: 0.0006795734136453291
  Route: [3, 17, 49, 32, 16, 31, 10, 43, 33, 41, 19, 45, 8, 9, 12, 25, 46, 44, 40, 6, 15, 50, 1, 42, 7, 2, 21, 18, 20, 5, 39, 37, 29, 36, 4, 51, 11, 26, 14, 13, 47, 52, 27, 28, 23, 30, 34, 35, 24, 48, 38, 22]

Individual 68:
  Route length: 14682
  Contribution to Diversity: 0.0007980403697551708
  Route: [14, 52, 21, 46, 16, 25, 28, 27, 26, 47, 13, 35, 38, 15, 6, 4, 43, 33, 51, 11, 36, 39, 5, 24, 29, 12, 48, 37, 40, 44, 34, 10, 9, 8, 41, 19, 45, 32, 49, 1, 7, 42, 2, 30, 23, 20, 50, 17, 18, 3, 31, 22]

Individual 69:
  Route length: 15043
  Contribution to Diversity: 0.0007029424226594472
  Route: [30, 16, 44, 34, 35, 46, 17, 18, 31, 25, 36, 38, 1, 19, 45, 10, 9, 8, 41, 21, 14, 13, 47, 26, 27, 28, 12, 33, 43, 48, 49, 32, 24, 5, 15, 51, 52, 11, 6, 23, 29, 2, 7, 42, 3, 20, 50, 39, 40, 37, 4, 22]

Individual 70:
  Route length: 14407
  Contribution to Diversity: 0.00011244593696613236
  Route: [1, 49, 32, 16, 2, 30, 23, 37, 48, 38, 51, 11, 52, 14, 13, 27, 26, 47, 6, 8, 19, 45, 7, 42, 21, 17, 20, 50, 46, 29, 15, 9, 10, 43, 35, 34, 4, 25, 39, 12, 28, 33, 24, 5, 40, 36, 44, 41, 3, 18, 31, 22]

Individual 71:
  Route length: 14965
  Contribution to Diversity: 0.0006846503924551328
  Route: [18, 39, 36, 34, 21, 23, 40, 35, 44, 49, 31, 51, 33, 43, 10, 9, 8, 41, 1, 5, 24, 20, 30, 2, 7, 42, 3, 6, 4, 28, 12, 47, 11, 13, 14, 52, 26, 27, 25, 48, 16, 46, 45, 29, 50, 15, 38, 37, 17, 19, 32, 22]

Individual 72:
  Route length: 14959
  Contribution to Diversity: 0.0002386293442002696
  Route: [7, 2, 30, 1, 45, 16, 20, 23, 42, 21, 17, 28, 51, 33, 12, 48, 38, 15, 5, 46, 50, 34, 32, 29, 44, 52, 11, 27, 26, 47, 13, 14, 24, 6, 4, 37, 35, 41, 19, 8, 9, 10, 43, 25, 39, 36, 49, 40, 3, 18, 31, 22]

Individual 73:
  Route length: 14822
  Contribution to Diversity: 0.0007849599369880167
  Route: [1, 37, 44, 15, 6, 42, 7, 2, 30, 21, 25, 11, 47, 13, 14, 52, 26, 27, 41, 8, 9, 10, 40, 35, 49, 5, 24, 23, 50, 29, 20, 18, 36, 39, 17, 3, 45, 46, 16, 34, 32, 19, 38, 43, 33, 51, 12, 28, 4, 48, 31, 22]

Individual 74:
  Route length: 14941
  Contribution to Diversity: 0.0013632309049746993
  Route: [1, 37, 38, 48, 24, 5, 34, 31, 27, 28, 12, 25, 26, 47, 29, 2, 18, 3, 21, 17, 42, 7, 44, 15, 43, 33, 51, 11, 52, 14, 13, 46, 40, 32, 9, 10, 41, 4, 20, 50, 16, 30, 6, 49, 39, 36, 35, 19, 45, 8, 23, 22]

Individual 75:
  Route length: 14971
  Contribution to Diversity: 0.0005554536992073977
  Route: [26, 27, 28, 7, 42, 2, 41, 19, 35, 36, 16, 46, 13, 14, 52, 11, 51, 37, 40, 4, 12, 25, 39, 49, 32, 38, 5, 24, 34, 29, 50, 44, 47, 1, 20, 23, 30, 48, 45, 8, 9, 10, 43, 33, 6, 15, 21, 17, 3, 18, 31, 22]

Individual 76:
  Route length: 15040
  Contribution to Diversity: 2.6026464026607243e-05
  Route: [11, 52, 14, 13, 47, 26, 39, 46, 16, 36, 48, 38, 50, 24, 44, 29, 31, 5, 15, 6, 4, 25, 12, 27, 28, 51, 9, 8, 21, 18, 41, 19, 45, 20, 49, 32, 1, 35, 34, 40, 37, 17, 3, 42, 7, 2, 30, 23, 33, 43, 10, 22]

Individual 77:
  Route length: 14983
  Contribution to Diversity: 0.0008612482918373132
  Route: [21, 42, 7, 2, 30, 23, 49, 1, 38, 44, 50, 39, 6, 25, 5, 13, 14, 52, 11, 51, 33, 18, 37, 48, 9, 12, 28, 46, 24, 47, 26, 27, 29, 16, 4, 15, 17, 3, 19, 32, 8, 10, 43, 41, 45, 36, 35, 40, 34, 20, 31, 22]

Individual 78:
  Route length: 15034
  Contribution to Diversity: 0.000600562856197584
  Route: [40, 34, 20, 27, 26, 47, 24, 46, 28, 12, 9, 39, 50, 44, 38, 1, 49, 23, 30, 2, 7, 42, 21, 18, 33, 51, 11, 52, 14, 13, 5, 25, 6, 4, 15, 17, 3, 41, 19, 45, 32, 37, 48, 16, 29, 35, 36, 31, 8, 10, 43, 22]

Individual 79:
  Route length: 14993
  Contribution to Diversity: 0
  Route: [7, 2, 30, 1, 12, 33, 51, 28, 17, 21, 42, 23, 50, 29, 32, 34, 44, 16, 20, 46, 5, 15, 38, 48, 45, 52, 11, 27, 26, 47, 13, 14, 24, 6, 4, 37, 35, 41, 19, 8, 9, 10, 43, 25, 39, 36, 49, 40, 3, 18, 31, 22]

Individual 80:
  Route length: 14927
  Contribution to Diversity: 0.0008440044775888111
  Route: [37, 16, 46, 39, 26, 47, 13, 14, 52, 11, 40, 34, 35, 1, 32, 49, 20, 45, 19, 41, 18, 21, 8, 9, 51, 28, 27, 12, 25, 4, 6, 15, 5, 31, 29, 44, 24, 50, 38, 48, 36, 17, 3, 42, 7, 2, 30, 23, 33, 43, 10, 22]

Individual 81:
  Route length: 14932
  Contribution to Diversity: 0.0006022029618408808
  Route: [6, 1, 31, 34, 44, 16, 29, 17, 21, 42, 7, 49, 27, 28, 50, 48, 10, 9, 43, 33, 8, 41, 19, 45, 25, 38, 37, 40, 24, 5, 15, 39, 18, 3, 32, 23, 30, 2, 35, 36, 46, 12, 47, 26, 13, 14, 52, 11, 51, 4, 20, 22]

Individual 82:
  Route length: 15081
  Contribution to Diversity: 0.0008061162703567604
  Route: [3, 17, 35, 5, 32, 49, 24, 48, 39, 40, 45, 19, 41, 8, 9, 18, 21, 2, 7, 42, 44, 34, 20, 12, 25, 38, 23, 30, 36, 1, 46, 16, 31, 10, 43, 33, 6, 15, 50, 29, 37, 4, 51, 11, 26, 14, 13, 47, 52, 27, 28, 22]

Individual 83:
  Route length: 14882
  Contribution to Diversity: 0.000987979471147149
  Route: [1, 48, 34, 45, 32, 49, 24, 5, 11, 52, 14, 13, 47, 26, 27, 43, 10, 9, 8, 7, 2, 42, 29, 35, 23, 30, 21, 20, 50, 46, 16, 38, 37, 40, 6, 19, 51, 33, 4, 15, 39, 36, 28, 12, 25, 17, 3, 44, 41, 18, 31, 22]

Individual 84:
  Route length: 14973
  Contribution to Diversity: 0.000598560569612161
  Route: [1, 49, 4, 34, 48, 24, 45, 32, 40, 37, 38, 35, 23, 30, 21, 10, 44, 39, 36, 43, 33, 6, 5, 11, 52, 14, 13, 47, 26, 27, 51, 19, 15, 41, 8, 9, 7, 2, 42, 29, 16, 46, 50, 20, 28, 12, 25, 17, 3, 18, 31, 22]

Individual 85:
  Route length: 14949
  Contribution to Diversity: 0.0007635277674147289
  Route: [1, 39, 40, 37, 38, 9, 10, 43, 35, 34, 50, 30, 2, 36, 16, 46, 44, 49, 25, 12, 28, 27, 26, 11, 52, 14, 13, 4, 32, 45, 3, 17, 21, 42, 7, 20, 23, 5, 15, 6, 8, 41, 19, 18, 31, 24, 48, 47, 29, 33, 51, 22]

Individual 86:
  Route length: 14915
  Contribution to Diversity: 0.00025332343468864593
  Route: [20, 5, 39, 37, 29, 50, 15, 6, 43, 33, 45, 12, 25, 32, 49, 17, 3, 19, 41, 8, 9, 18, 21, 2, 42, 7, 1, 36, 35, 34, 30, 23, 28, 27, 52, 47, 13, 14, 26, 11, 51, 4, 24, 40, 44, 46, 16, 38, 48, 10, 31, 22]

Individual 87:
  Route length: 14982
  Contribution to Diversity: 0.0008280661408539558
  Route: [30, 16, 46, 35, 34, 44, 21, 41, 8, 9, 10, 45, 19, 1, 38, 36, 25, 31, 18, 17, 14, 13, 47, 26, 27, 28, 12, 33, 43, 48, 49, 32, 24, 5, 15, 51, 52, 11, 6, 23, 29, 2, 7, 42, 3, 20, 50, 39, 40, 37, 4, 22]

Individual 88:
  Route length: 14996
  Contribution to Diversity: 0.000503579502511009
  Route: [1, 49, 32, 18, 9, 10, 35, 29, 16, 43, 44, 50, 30, 42, 7, 2, 20, 23, 21, 17, 3, 8, 41, 19, 40, 33, 46, 34, 45, 31, 6, 51, 11, 52, 14, 15, 5, 4, 13, 28, 47, 26, 27, 24, 48, 38, 39, 37, 36, 25, 12, 22]

Individual 89:
  Route length: 15020
  Contribution to Diversity: 0.0008780524560378922
  Route: [2, 7, 45, 6, 36, 35, 39, 4, 25, 12, 26, 47, 13, 14, 44, 18, 3, 19, 41, 8, 9, 10, 43, 24, 48, 50, 29, 16, 52, 11, 51, 33, 5, 15, 1, 32, 31, 46, 34, 27, 28, 40, 38, 37, 20, 23, 30, 42, 49, 21, 17, 22]

Individual 90:
  Route length: 15026
  Contribution to Diversity: 0.0008302174740997259
  Route: [45, 16, 49, 6, 23, 48, 24, 38, 25, 12, 28, 27, 26, 47, 7, 13, 14, 52, 11, 51, 33, 46, 32, 30, 1, 19, 41, 8, 9, 10, 43, 44, 34, 29, 2, 42, 21, 17, 3, 18, 35, 36, 39, 40, 37, 31, 50, 20, 5, 15, 4, 22]

Individual 91:
  Route length: 15060
  Contribution to Diversity: 0.0008343287220204942
  Route: [18, 3, 17, 2, 32, 48, 15, 13, 14, 52, 11, 51, 33, 43, 7, 42, 1, 31, 37, 16, 29, 50, 26, 47, 5, 24, 27, 28, 12, 45, 21, 30, 23, 20, 46, 38, 44, 4, 40, 39, 36, 35, 25, 6, 19, 41, 8, 9, 10, 49, 34, 22]

Individual 92:
  Route length: 15026
  Contribution to Diversity: 0.0005891225176473114
  Route: [8, 10, 43, 39, 45, 32, 40, 50, 20, 27, 26, 47, 24, 48, 37, 36, 38, 44, 34, 1, 49, 23, 30, 2, 7, 42, 21, 35, 29, 16, 28, 12, 9, 18, 33, 51, 11, 52, 14, 13, 5, 19, 41, 3, 17, 15, 4, 6, 25, 46, 31, 22]

Individual 93:
  Route length: 14936
  Contribution to Diversity: 0.0007783359584720984
  Route: [10, 38, 48, 37, 6, 4, 25, 24, 1, 49, 32, 39, 34, 5, 36, 29, 16, 40, 2, 19, 9, 8, 41, 43, 12, 28, 46, 44, 45, 15, 35, 20, 33, 51, 11, 52, 26, 27, 47, 13, 14, 50, 23, 30, 7, 42, 21, 17, 3, 18, 31, 22]

Individual 94:
  Route length: 14436
  Contribution to Diversity: 0.00039845046977315945
  Route: [1, 49, 32, 16, 2, 30, 45, 19, 8, 6, 47, 26, 27, 13, 14, 52, 11, 51, 38, 48, 37, 23, 7, 42, 21, 17, 20, 50, 46, 29, 15, 9, 10, 43, 35, 34, 4, 25, 40, 5, 24, 33, 28, 12, 39, 36, 44, 41, 3, 18, 31, 22]

Individual 95:
  Route length: 15058
  Contribution to Diversity: 0.0002924639595116574
  Route: [1, 37, 4, 28, 12, 51, 33, 43, 38, 19, 32, 34, 16, 46, 45, 18, 36, 39, 17, 3, 20, 29, 50, 23, 24, 5, 49, 35, 40, 10, 9, 8, 41, 27, 26, 52, 14, 13, 47, 11, 25, 21, 30, 2, 7, 42, 6, 15, 44, 48, 31, 22]

Individual 96:
  Route length: 14985
  Contribution to Diversity: 0.0009020083605362217
  Route: [1, 43, 33, 11, 52, 49, 48, 38, 23, 6, 25, 31, 18, 17, 35, 34, 44, 46, 16, 30, 14, 47, 13, 26, 27, 28, 12, 51, 15, 5, 24, 3, 42, 7, 2, 29, 50, 20, 37, 40, 39, 36, 32, 45, 19, 21, 41, 8, 9, 10, 4, 22]

Individual 97:
  Route length: 15066
  Contribution to Diversity: 0.0015471784992140414
  Route: [1, 3, 20, 21, 38, 29, 31, 49, 28, 12, 25, 50, 30, 2, 7, 42, 19, 41, 17, 37, 45, 32, 23, 40, 35, 44, 6, 4, 15, 8, 9, 10, 43, 33, 51, 27, 26, 52, 14, 47, 13, 11, 48, 16, 46, 34, 36, 39, 5, 24, 18, 22]

Individual 98:
  Route length: 14974
  Contribution to Diversity: 0.0009237984320158432
  Route: [26, 37, 4, 25, 12, 40, 30, 2, 7, 42, 21, 45, 46, 9, 10, 43, 33, 51, 11, 52, 14, 16, 32, 20, 50, 29, 27, 13, 47, 28, 34, 39, 24, 5, 15, 6, 48, 35, 36, 31, 23, 18, 38, 1, 19, 41, 8, 17, 3, 49, 44, 22]

Individual 99:
  Route length: 14987
  Contribution to Diversity: 0.0009992497019881696
  Route: [3, 17, 49, 32, 16, 31, 10, 43, 33, 41, 19, 45, 8, 9, 20, 18, 21, 2, 7, 42, 1, 50, 15, 6, 40, 44, 46, 25, 12, 5, 39, 37, 29, 36, 4, 51, 11, 26, 14, 13, 47, 52, 27, 28, 23, 30, 34, 35, 24, 48, 38, 22]

Individual 100:
  Route length: 14672
  Contribution to Diversity: 0
  Route: [1, 49, 32, 45, 17, 21, 42, 7, 2, 47, 13, 30, 23, 20, 16, 29, 36, 12, 9, 40, 37, 38, 25, 4, 50, 28, 27, 26, 14, 52, 11, 51, 33, 43, 8, 10, 44, 34, 35, 41, 48, 39, 46, 6, 24, 5, 15, 19, 3, 18, 31, 22]

Individual 101:
  Route length: 14916
  Contribution to Diversity: 0
  Route: [3, 2, 7, 42, 29, 16, 46, 51, 11, 52, 14, 13, 47, 26, 38, 48, 24, 44, 25, 39, 35, 36, 10, 9, 8, 30, 23, 20, 12, 27, 28, 45, 19, 32, 4, 34, 1, 18, 31, 17, 41, 49, 37, 6, 50, 15, 5, 33, 43, 40, 21, 22]

Individual 102:
  Route length: 15074
  Contribution to Diversity: 0.000834896409950936
  Route: [1, 44, 46, 16, 29, 50, 20, 32, 49, 34, 30, 2, 17, 21, 42, 7, 33, 43, 15, 13, 47, 52, 11, 51, 3, 25, 12, 28, 14, 26, 27, 40, 37, 38, 48, 45, 24, 5, 39, 6, 4, 18, 31, 23, 35, 36, 8, 9, 10, 41, 19, 22]

Individual 103:
  Route length: 14859
  Contribution to Diversity: 0
  Route: [19, 38, 37, 42, 7, 2, 30, 23, 34, 16, 46, 48, 6, 4, 28, 12, 44, 40, 33, 51, 11, 47, 13, 14, 52, 26, 27, 25, 18, 21, 5, 15, 17, 24, 50, 29, 20, 39, 36, 35, 3, 45, 49, 1, 32, 41, 8, 9, 10, 43, 31, 22]

Individual 104:
  Route length: 14895
  Contribution to Diversity: 0.00035001734602069234
  Route: [35, 36, 18, 21, 17, 8, 41, 19, 45, 9, 3, 42, 7, 30, 29, 31, 32, 46, 16, 2, 23, 40, 38, 15, 1, 34, 44, 24, 5, 49, 28, 27, 26, 48, 6, 4, 25, 12, 20, 47, 13, 14, 52, 11, 51, 33, 43, 10, 39, 50, 37, 22]

Individual 105:
  Route length: 14103
  Contribution to Diversity: 0
  Route: [3, 2, 7, 42, 29, 16, 36, 35, 39, 25, 12, 27, 28, 45, 19, 32, 4, 34, 1, 18, 31, 17, 41, 49, 37, 6, 50, 15, 5, 46, 10, 9, 8, 30, 23, 20, 44, 24, 48, 38, 26, 47, 13, 14, 52, 11, 51, 33, 43, 40, 21, 22]

Individual 106:
  Route length: 14863
  Contribution to Diversity: 0.0007261797391917568
  Route: [36, 14, 13, 47, 27, 26, 52, 11, 51, 33, 20, 34, 35, 15, 45, 3, 18, 44, 46, 31, 17, 1, 40, 37, 12, 25, 28, 4, 43, 41, 8, 9, 10, 19, 2, 38, 5, 24, 6, 48, 39, 32, 49, 21, 42, 7, 30, 23, 50, 29, 16, 22]

Individual 107:
  Route length: 14026
  Contribution to Diversity: 0
  Route: [3, 2, 7, 42, 29, 16, 46, 5, 15, 50, 6, 37, 49, 41, 17, 31, 18, 1, 34, 4, 32, 21, 40, 43, 33, 51, 11, 52, 14, 13, 47, 26, 38, 48, 24, 44, 20, 23, 30, 8, 9, 10, 36, 35, 39, 25, 12, 27, 28, 45, 19, 22]

Individual 108:
  Route length: 14962
  Contribution to Diversity: 0.000818030710623141
  Route: [35, 32, 49, 19, 45, 27, 26, 13, 47, 14, 52, 11, 51, 33, 41, 8, 40, 21, 42, 7, 2, 16, 46, 44, 34, 1, 3, 18, 4, 25, 12, 43, 36, 10, 9, 20, 31, 28, 48, 24, 5, 15, 6, 38, 37, 50, 29, 30, 23, 17, 39, 22]

Individual 109:
  Route length: 14918
  Contribution to Diversity: 0.0005838175906331955
  Route: [1, 49, 4, 10, 44, 39, 36, 21, 30, 23, 35, 38, 37, 40, 32, 45, 24, 48, 34, 43, 33, 6, 5, 11, 52, 14, 13, 47, 26, 27, 51, 19, 15, 41, 8, 9, 7, 2, 42, 29, 16, 46, 50, 20, 28, 12, 25, 17, 3, 18, 31, 22]

Individual 110:
  Route length: 14753
  Contribution to Diversity: 0.0005605013002112358
  Route: [46, 34, 27, 26, 47, 13, 14, 25, 12, 28, 48, 24, 43, 10, 9, 8, 41, 19, 3, 18, 49, 31, 45, 32, 1, 40, 4, 44, 5, 33, 51, 11, 52, 16, 42, 30, 23, 20, 50, 15, 37, 38, 29, 39, 35, 36, 6, 7, 2, 21, 17, 22]

Individual 111:
  Route length: 14883
  Contribution to Diversity: 0
  Route: [16, 46, 51, 11, 52, 14, 13, 47, 9, 8, 41, 19, 10, 26, 27, 15, 4, 23, 20, 50, 29, 43, 33, 44, 34, 1, 45, 32, 40, 36, 37, 38, 48, 49, 35, 24, 5, 39, 6, 12, 25, 28, 30, 3, 17, 21, 42, 7, 2, 18, 31, 22]

Individual 112:
  Route length: 14896
  Contribution to Diversity: 0.0005449017279053336
  Route: [1, 38, 37, 44, 35, 21, 20, 3, 42, 7, 2, 30, 50, 25, 6, 15, 8, 9, 10, 43, 33, 51, 27, 26, 52, 14, 47, 13, 11, 48, 16, 46, 34, 36, 39, 5, 24, 45, 29, 31, 49, 28, 12, 4, 17, 41, 19, 40, 23, 32, 18, 22]

Individual 113:
  Route length: 14904
  Contribution to Diversity: 0
  Route: [32, 45, 1, 34, 44, 33, 43, 29, 50, 20, 23, 4, 15, 27, 26, 10, 19, 41, 8, 9, 47, 13, 14, 52, 11, 51, 46, 16, 40, 36, 37, 38, 48, 49, 35, 24, 5, 39, 6, 28, 25, 12, 30, 3, 17, 21, 42, 7, 2, 18, 31, 22]

Individual 114:
  Route length: 14722
  Contribution to Diversity: 0.00019815177487725322
  Route: [1, 25, 6, 18, 3, 17, 50, 4, 11, 51, 33, 43, 39, 48, 44, 49, 32, 45, 19, 21, 42, 7, 2, 30, 23, 26, 27, 15, 9, 8, 10, 41, 29, 16, 46, 12, 47, 13, 14, 52, 28, 34, 24, 5, 40, 37, 38, 36, 20, 35, 31, 22]

Individual 115:
  Route length: 15038
  Contribution to Diversity: 0.0006124367574740219
  Route: [26, 27, 28, 7, 42, 2, 41, 19, 40, 4, 12, 25, 39, 49, 32, 38, 5, 24, 34, 29, 50, 44, 47, 1, 20, 23, 30, 37, 51, 11, 52, 14, 13, 46, 16, 36, 35, 48, 45, 8, 9, 10, 43, 33, 6, 15, 21, 17, 3, 18, 31, 22]

Individual 116:
  Route length: 14678
  Contribution to Diversity: 0
  Route: [16, 46, 51, 11, 52, 14, 13, 47, 9, 8, 41, 19, 10, 26, 27, 15, 4, 23, 20, 50, 29, 43, 33, 44, 34, 1, 45, 32, 40, 36, 37, 38, 48, 49, 35, 39, 5, 24, 6, 12, 25, 28, 30, 3, 17, 21, 42, 7, 2, 18, 31, 22]

Individual 117:
  Route length: 15023
  Contribution to Diversity: 0.0006400307513478865
  Route: [28, 34, 35, 16, 6, 48, 21, 2, 7, 42, 30, 37, 26, 47, 13, 27, 29, 50, 20, 32, 49, 44, 5, 24, 38, 46, 17, 3, 36, 39, 18, 23, 31, 40, 12, 25, 4, 45, 1, 19, 41, 8, 9, 10, 43, 33, 51, 11, 52, 14, 15, 22]

Individual 118:
  Route length: 15047
  Contribution to Diversity: 0.0007589398046228268
  Route: [1, 25, 6, 18, 3, 17, 50, 4, 11, 51, 33, 43, 32, 45, 19, 21, 42, 7, 2, 30, 23, 26, 27, 15, 9, 8, 10, 41, 29, 16, 46, 44, 48, 39, 49, 12, 47, 13, 14, 52, 28, 34, 24, 5, 40, 37, 38, 36, 20, 35, 31, 22]

Individual 119:
  Route length: 15074
  Contribution to Diversity: 0
  Route: [37, 40, 9, 12, 36, 29, 16, 20, 23, 30, 13, 47, 2, 7, 42, 21, 17, 45, 32, 49, 1, 38, 25, 4, 50, 28, 27, 26, 14, 52, 11, 51, 33, 43, 8, 10, 44, 34, 35, 41, 48, 39, 46, 6, 24, 5, 15, 19, 3, 18, 31, 22]

Individual 120:
  Route length: 14981
  Contribution to Diversity: 0.00024278577412495395
  Route: [1, 39, 48, 12, 25, 28, 51, 33, 43, 10, 9, 8, 41, 3, 13, 47, 26, 6, 15, 29, 50, 20, 46, 5, 36, 35, 44, 24, 40, 37, 38, 34, 16, 4, 30, 23, 2, 7, 42, 45, 19, 17, 21, 32, 49, 27, 11, 52, 14, 18, 31, 22]

Individual 121:
  Route length: 15023
  Contribution to Diversity: 0.0009067688988313449
  Route: [1, 40, 37, 38, 35, 36, 39, 2, 29, 47, 26, 25, 13, 14, 52, 11, 51, 33, 43, 15, 44, 3, 21, 17, 42, 7, 18, 49, 16, 30, 6, 50, 20, 23, 5, 24, 48, 34, 31, 27, 28, 12, 46, 32, 45, 10, 9, 8, 19, 41, 4, 22]

Individual 122:
  Route length: 14953
  Contribution to Diversity: 0.0009184594971909377
  Route: [1, 25, 6, 18, 3, 17, 50, 4, 11, 51, 33, 43, 49, 32, 45, 19, 21, 42, 7, 2, 30, 23, 20, 36, 38, 37, 40, 5, 24, 29, 41, 10, 8, 9, 15, 44, 48, 39, 12, 47, 13, 14, 52, 28, 34, 16, 46, 27, 26, 35, 31, 22]

Individual 123:
  Route length: 14628
  Contribution to Diversity: 0
  Route: [3, 30, 23, 20, 44, 40, 36, 35, 34, 4, 17, 41, 49, 16, 46, 5, 15, 50, 6, 37, 29, 38, 24, 48, 45, 19, 32, 31, 18, 1, 39, 25, 12, 27, 28, 42, 7, 2, 8, 9, 10, 43, 33, 51, 11, 52, 14, 13, 47, 26, 21, 22]

Individual 124:
  Route length: 15006
  Contribution to Diversity: 0.0006762703153198046
  Route: [36, 14, 13, 47, 27, 26, 52, 11, 51, 33, 20, 2, 6, 24, 5, 38, 48, 23, 50, 29, 16, 30, 7, 42, 21, 17, 44, 46, 31, 18, 3, 45, 43, 15, 25, 12, 37, 40, 1, 49, 32, 39, 34, 4, 28, 35, 41, 8, 9, 10, 19, 22]

Individual 125:
  Route length: 14991
  Contribution to Diversity: 0.0003703640451346857
  Route: [49, 18, 17, 21, 4, 39, 35, 36, 6, 7, 2, 31, 29, 16, 52, 11, 51, 33, 5, 12, 28, 40, 15, 37, 38, 45, 32, 1, 44, 46, 34, 27, 26, 47, 13, 14, 25, 42, 30, 23, 20, 50, 48, 24, 43, 10, 9, 8, 41, 19, 3, 22]

Individual 126:
  Route length: 14892
  Contribution to Diversity: 0.001174947790014258
  Route: [19, 2, 24, 1, 49, 5, 36, 29, 16, 40, 32, 39, 34, 35, 15, 45, 44, 46, 28, 12, 25, 4, 6, 37, 48, 38, 10, 9, 8, 41, 43, 20, 33, 51, 11, 52, 26, 27, 47, 14, 13, 50, 23, 21, 42, 7, 30, 17, 3, 18, 31, 22]

Individual 127:
  Route length: 14754
  Contribution to Diversity: 0
  Route: [1, 49, 32, 45, 17, 21, 42, 7, 2, 47, 13, 46, 39, 48, 41, 35, 34, 44, 10, 8, 43, 33, 51, 11, 52, 14, 26, 27, 28, 50, 4, 25, 38, 37, 40, 9, 12, 36, 29, 16, 20, 23, 30, 6, 24, 5, 15, 19, 3, 18, 31, 22]

Individual 128:
  Route length: 14934
  Contribution to Diversity: 0.00011304217730234711
  Route: [7, 2, 30, 1, 12, 33, 51, 28, 17, 21, 42, 23, 50, 29, 32, 34, 44, 16, 20, 46, 5, 15, 38, 48, 45, 52, 11, 27, 26, 47, 13, 14, 24, 6, 4, 37, 35, 41, 19, 8, 9, 10, 43, 25, 39, 40, 49, 36, 3, 18, 31, 22]

Individual 129:
  Route length: 14740
  Contribution to Diversity: 0
  Route: [3, 2, 7, 42, 29, 16, 46, 5, 15, 50, 6, 37, 49, 41, 17, 31, 18, 1, 34, 27, 12, 25, 39, 35, 36, 10, 9, 8, 30, 23, 20, 44, 24, 48, 38, 26, 47, 13, 14, 52, 11, 51, 33, 43, 40, 21, 32, 4, 28, 45, 19, 22]

Individual 130:
  Route length: 14936
  Contribution to Diversity: 0.00012162547754979158
  Route: [30, 2, 7, 42, 21, 49, 1, 38, 13, 14, 52, 11, 51, 33, 15, 4, 6, 41, 8, 19, 45, 32, 46, 47, 26, 27, 24, 48, 25, 40, 50, 20, 23, 18, 9, 17, 37, 10, 43, 16, 29, 35, 36, 39, 34, 44, 5, 28, 12, 3, 31, 22]

Individual 131:
  Route length: 14939
  Contribution to Diversity: 0.0006277923829296483
  Route: [1, 49, 5, 32, 34, 44, 46, 45, 43, 33, 51, 27, 26, 52, 14, 13, 47, 11, 25, 18, 23, 50, 29, 20, 24, 19, 38, 3, 17, 31, 35, 40, 10, 9, 8, 41, 12, 28, 4, 6, 15, 16, 48, 39, 36, 21, 30, 2, 7, 42, 37, 22]

Individual 132:
  Route length: 14574
  Contribution to Diversity: 0.00025319167024928646
  Route: [1, 48, 24, 5, 23, 20, 50, 6, 30, 16, 49, 39, 36, 35, 38, 37, 40, 34, 31, 27, 28, 12, 25, 26, 47, 29, 2, 18, 7, 42, 17, 21, 3, 44, 15, 41, 19, 8, 9, 10, 45, 32, 46, 13, 14, 52, 11, 51, 33, 43, 4, 22]

Individual 133:
  Route length: 14980
  Contribution to Diversity: 0.0005875409669666709
  Route: [7, 2, 30, 1, 45, 16, 20, 23, 42, 21, 17, 12, 33, 51, 28, 48, 38, 15, 5, 46, 50, 34, 32, 29, 44, 52, 11, 27, 26, 47, 13, 14, 24, 6, 4, 37, 35, 41, 19, 8, 9, 10, 43, 25, 39, 36, 49, 40, 3, 18, 31, 22]

Individual 134:
  Route length: 14913
  Contribution to Diversity: 0
  Route: [1, 49, 32, 48, 41, 35, 34, 44, 10, 8, 43, 33, 51, 11, 52, 14, 26, 27, 28, 50, 4, 25, 38, 37, 40, 9, 12, 36, 29, 16, 20, 23, 30, 13, 47, 2, 7, 42, 21, 17, 45, 39, 46, 6, 24, 5, 15, 19, 3, 18, 31, 22]

Individual 135:
  Route length: 15077
  Contribution to Diversity: 0
  Route: [19, 38, 37, 42, 7, 2, 30, 23, 34, 16, 46, 48, 6, 4, 28, 12, 44, 40, 33, 51, 11, 47, 13, 14, 52, 26, 27, 25, 18, 21, 5, 15, 17, 24, 50, 29, 20, 39, 36, 32, 1, 49, 45, 3, 35, 41, 8, 9, 10, 43, 31, 22]

Individual 136:
  Route length: 15002
  Contribution to Diversity: 0
  Route: [19, 38, 36, 39, 20, 29, 50, 24, 17, 15, 5, 21, 18, 25, 27, 26, 52, 14, 13, 47, 11, 51, 33, 40, 44, 12, 28, 4, 6, 48, 46, 16, 34, 23, 30, 2, 7, 42, 37, 35, 3, 45, 49, 1, 32, 41, 8, 9, 10, 43, 31, 22]

Individual 137:
  Route length: 15001
  Contribution to Diversity: 0.0008503261074013224
  Route: [1, 37, 38, 48, 24, 5, 34, 31, 27, 28, 12, 25, 26, 47, 29, 2, 18, 3, 21, 19, 45, 32, 40, 46, 13, 14, 52, 11, 51, 33, 43, 15, 44, 7, 42, 17, 35, 36, 39, 49, 6, 30, 16, 50, 20, 4, 41, 10, 9, 8, 23, 22]

Individual 138:
  Route length: 14592
  Contribution to Diversity: 0.0006812142387575548
  Route: [35, 49, 5, 24, 20, 29, 50, 23, 18, 25, 11, 47, 13, 14, 52, 26, 27, 51, 33, 43, 6, 4, 28, 12, 41, 8, 9, 10, 40, 1, 31, 17, 3, 38, 19, 32, 34, 44, 46, 45, 42, 7, 2, 30, 21, 36, 39, 48, 16, 15, 37, 22]

Individual 139:
  Route length: 14920
  Contribution to Diversity: 0.0002880268672260655
  Route: [49, 18, 17, 21, 4, 39, 35, 36, 6, 7, 2, 31, 29, 16, 52, 11, 51, 33, 5, 12, 28, 40, 25, 14, 13, 47, 26, 27, 34, 46, 44, 1, 32, 45, 50, 20, 23, 30, 42, 15, 37, 38, 48, 24, 43, 10, 9, 8, 41, 19, 3, 22]

Individual 140:
  Route length: 14771
  Contribution to Diversity: 0.0003080020644690151
  Route: [23, 2, 7, 42, 21, 17, 19, 45, 32, 33, 51, 6, 15, 5, 28, 25, 12, 36, 34, 16, 4, 30, 1, 39, 48, 35, 44, 3, 41, 8, 9, 10, 43, 49, 24, 50, 20, 29, 40, 37, 38, 46, 14, 52, 11, 27, 26, 47, 13, 18, 31, 22]

Individual 141:
  Route length: 14762
  Contribution to Diversity: 8.147954621229303e-05
  Route: [23, 2, 7, 42, 21, 17, 19, 45, 32, 33, 51, 6, 15, 5, 28, 25, 12, 36, 34, 16, 4, 30, 1, 39, 48, 35, 44, 3, 41, 8, 9, 10, 43, 49, 24, 50, 20, 29, 40, 37, 38, 46, 13, 47, 26, 27, 11, 52, 14, 18, 31, 22]

Individual 142:
  Route length: 14709
  Contribution to Diversity: 0.0011805513424025804
  Route: [34, 25, 12, 28, 8, 15, 1, 49, 32, 9, 10, 43, 33, 51, 11, 52, 14, 39, 27, 26, 47, 13, 16, 50, 7, 2, 30, 18, 3, 17, 21, 42, 29, 46, 40, 31, 20, 44, 35, 36, 45, 19, 41, 6, 4, 5, 24, 48, 38, 37, 23, 22]

Individual 143:
  Route length: 15037
  Contribution to Diversity: 0.000993122750427844
  Route: [49, 18, 17, 21, 4, 39, 35, 36, 6, 7, 2, 31, 29, 16, 52, 11, 51, 33, 5, 12, 28, 40, 15, 37, 38, 45, 32, 1, 44, 46, 34, 26, 27, 47, 13, 14, 25, 42, 30, 23, 20, 50, 48, 24, 43, 10, 9, 8, 41, 19, 3, 22]

Individual 144:
  Route length: 14835
  Contribution to Diversity: 0
  Route: [3, 2, 7, 42, 29, 16, 46, 37, 49, 41, 17, 31, 18, 1, 34, 4, 32, 19, 45, 28, 27, 12, 20, 23, 30, 8, 9, 10, 36, 35, 39, 25, 44, 24, 48, 38, 26, 47, 13, 14, 52, 11, 51, 6, 50, 15, 5, 33, 43, 40, 21, 22]

Individual 145:
  Route length: 15002
  Contribution to Diversity: 0.0009541739864689092
  Route: [20, 5, 39, 37, 29, 50, 15, 6, 43, 33, 45, 12, 25, 32, 49, 17, 3, 19, 41, 8, 9, 31, 10, 48, 38, 16, 46, 44, 40, 24, 4, 51, 11, 26, 14, 13, 47, 52, 27, 28, 23, 30, 34, 35, 36, 1, 7, 42, 2, 21, 18, 22]

Individual 146:
  Route length: 14851
  Contribution to Diversity: 0.0006095862290065313
  Route: [1, 35, 5, 24, 45, 29, 31, 49, 28, 12, 4, 17, 15, 6, 25, 50, 30, 2, 7, 42, 3, 20, 21, 38, 37, 44, 39, 36, 34, 46, 16, 48, 11, 13, 47, 14, 52, 26, 27, 51, 33, 43, 10, 9, 8, 41, 19, 40, 23, 32, 18, 22]

Individual 147:
  Route length: 15057
  Contribution to Diversity: 0.0009248469436933249
  Route: [1, 49, 32, 16, 2, 30, 45, 19, 8, 6, 47, 26, 27, 13, 14, 52, 11, 51, 20, 17, 21, 42, 7, 23, 37, 48, 38, 50, 46, 29, 15, 9, 10, 43, 35, 34, 4, 25, 40, 5, 24, 33, 28, 12, 39, 36, 44, 41, 3, 18, 31, 22]

Individual 148:
  Route length: 15047
  Contribution to Diversity: 0.0011936744958482848
  Route: [1, 21, 37, 36, 35, 19, 41, 8, 9, 10, 6, 15, 11, 51, 33, 43, 23, 30, 7, 20, 46, 39, 40, 17, 3, 2, 42, 26, 47, 13, 14, 52, 24, 5, 48, 50, 29, 16, 4, 25, 12, 28, 27, 49, 32, 45, 34, 44, 38, 18, 31, 22]

Individual 149:
  Route length: 15068
  Contribution to Diversity: 0.0010258813328807292
  Route: [42, 7, 2, 29, 23, 6, 52, 11, 51, 15, 5, 24, 32, 49, 48, 43, 33, 12, 28, 27, 26, 47, 13, 14, 21, 41, 8, 9, 10, 45, 19, 1, 38, 36, 25, 31, 18, 17, 44, 39, 50, 20, 3, 30, 16, 46, 35, 34, 40, 37, 4, 22]

Total Entropy H: 5.973988881598569
