Individual 0:
  Route length: 13168
  Contribution to Diversity: 0.06346442264614716
  Route: [16, 30, 20, 29, 50, 44, 34, 49, 1, 15, 5, 37, 38, 6, 39, 46, 25, 4, 12, 51, 24, 48, 40, 35, 36, 45, 32, 3, 28, 47, 14, 52, 13, 26, 27, 11, 33, 10, 43, 9, 23, 17, 31, 2, 7, 42, 21, 19, 8, 41, 18, 22]

Individual 1:
  Route length: 13179
  Contribution to Diversity: 0.048814975926194215
  Route: [50, 20, 23, 34, 48, 43, 10, 41, 8, 9, 44, 39, 1, 49, 12, 14, 47, 26, 46, 24, 6, 4, 31, 21, 17, 42, 7, 2, 30, 29, 16, 33, 51, 11, 52, 27, 13, 28, 25, 38, 5, 40, 15, 3, 18, 32, 45, 19, 37, 35, 36, 22]

Individual 2:
  Route length: 13149
  Contribution to Diversity: 0.07843665030909719
  Route: [37, 24, 36, 40, 16, 38, 44, 34, 26, 12, 46, 6, 48, 25, 5, 4, 45, 41, 31, 42, 7, 2, 30, 15, 35, 20, 50, 29, 47, 13, 52, 27, 28, 14, 11, 51, 33, 43, 10, 9, 8, 32, 49, 39, 1, 23, 21, 17, 3, 19, 18, 22]

Individual 3:
  Route length: 13182
  Contribution to Diversity: 0.07238405802307657
  Route: [45, 10, 36, 39, 49, 38, 12, 14, 52, 11, 13, 47, 26, 27, 28, 25, 51, 4, 33, 43, 40, 48, 46, 32, 35, 34, 1, 23, 20, 50, 17, 18, 41, 9, 19, 8, 3, 31, 16, 29, 21, 7, 42, 2, 30, 44, 37, 5, 24, 6, 15, 22]

Individual 4:
  Route length: 13178
  Contribution to Diversity: 0.058930241851713916
  Route: [50, 29, 20, 34, 31, 45, 1, 19, 37, 38, 48, 12, 51, 11, 43, 40, 36, 16, 46, 5, 24, 6, 33, 9, 10, 8, 41, 35, 49, 15, 25, 4, 13, 14, 52, 47, 26, 27, 28, 39, 32, 18, 44, 3, 17, 21, 42, 7, 2, 30, 23, 22]

Individual 5:
  Route length: 12948
  Contribution to Diversity: 0.04437696421742299
  Route: [23, 1, 40, 5, 24, 38, 49, 43, 45, 3, 36, 39, 34, 31, 17, 16, 50, 20, 29, 2, 7, 42, 32, 6, 4, 35, 46, 25, 37, 48, 44, 11, 52, 13, 14, 47, 26, 27, 28, 12, 51, 33, 15, 9, 10, 8, 41, 19, 30, 21, 18, 22]

Individual 6:
  Route length: 13179
  Contribution to Diversity: 0.052929389601915844
  Route: [17, 3, 8, 10, 9, 5, 43, 33, 4, 12, 51, 11, 52, 14, 47, 13, 27, 26, 28, 38, 39, 25, 29, 16, 31, 49, 18, 45, 41, 50, 20, 19, 36, 32, 34, 15, 40, 48, 44, 6, 37, 46, 24, 35, 23, 1, 30, 2, 7, 42, 21, 22]

Individual 7:
  Route length: 12911
  Contribution to Diversity: 0
  Route: [24, 38, 40, 23, 16, 20, 42, 17, 7, 2, 31, 32, 18, 49, 50, 30, 21, 3, 43, 33, 12, 28, 27, 26, 47, 14, 13, 52, 11, 51, 8, 10, 9, 34, 36, 35, 45, 19, 41, 44, 6, 5, 15, 4, 25, 46, 39, 37, 48, 29, 1, 22]

Individual 8:
  Route length: 13074
  Contribution to Diversity: 0.05211739065769372
  Route: [19, 3, 18, 49, 32, 40, 48, 37, 23, 17, 45, 1, 21, 42, 2, 7, 31, 44, 5, 36, 52, 14, 47, 13, 27, 28, 11, 51, 12, 25, 4, 43, 33, 10, 41, 8, 9, 38, 24, 15, 34, 35, 39, 46, 6, 26, 16, 29, 30, 50, 20, 22]

Individual 9:
  Route length: 12690
  Contribution to Diversity: 0
  Route: [24, 38, 40, 41, 19, 45, 35, 36, 34, 9, 10, 8, 51, 11, 52, 13, 14, 47, 26, 27, 28, 12, 33, 43, 3, 21, 30, 50, 49, 18, 32, 31, 2, 7, 17, 42, 20, 16, 23, 44, 6, 5, 15, 4, 25, 46, 39, 37, 48, 29, 1, 22]

Total Entropy H: 5.434447725044516
