Individual 0:
  Route length: 8279
  Contribution to Diversity: 0.00026345654042359
  Route: [1, 49, 32, 45, 10, 9, 8, 41, 19, 43, 33, 51, 11, 13, 14, 52, 47, 26, 27, 28, 12, 25, 4, 6, 48, 24, 5, 15, 40, 37, 38, 39, 36, 35, 34, 44, 46, 16, 29, 50, 20, 23, 30, 2, 7, 42, 21, 17, 3, 18, 31, 22]

Individual 1:
  Route length: 8278
  Contribution to Diversity: -5.2362523667248695e-05
  Route: [1, 49, 32, 45, 19, 41, 8, 9, 10, 43, 33, 51, 11, 52, 14, 13, 47, 26, 27, 28, 12, 4, 25, 6, 15, 5, 24, 37, 48, 38, 40, 39, 36, 35, 34, 44, 46, 16, 30, 23, 20, 50, 29, 2, 7, 42, 17, 21, 3, 18, 31, 22]

Individual 2:
  Route length: 8288
  Contribution to Diversity: -9.308236876570675e-05
  Route: [1, 45, 32, 49, 19, 41, 8, 9, 10, 43, 33, 51, 11, 52, 14, 13, 47, 26, 28, 27, 12, 4, 25, 6, 15, 5, 24, 48, 38, 37, 34, 35, 36, 39, 40, 44, 46, 16, 29, 50, 20, 23, 30, 42, 2, 7, 21, 17, 3, 18, 31, 22]

Individual 3:
  Route length: 8290
  Contribution to Diversity: -4.366248454168442e-05
  Route: [1, 49, 32, 45, 19, 41, 8, 9, 10, 43, 33, 51, 11, 26, 47, 13, 52, 14, 27, 28, 12, 25, 5, 15, 6, 4, 24, 38, 48, 37, 40, 39, 36, 35, 44, 34, 46, 16, 29, 50, 20, 23, 30, 2, 7, 42, 21, 17, 3, 18, 31, 22]

Individual 4:
  Route length: 8239
  Contribution to Diversity: -1.6336390268989476e-05
  Route: [1, 49, 32, 45, 19, 41, 8, 9, 10, 43, 33, 51, 11, 52, 14, 13, 47, 26, 27, 28, 12, 25, 4, 6, 38, 37, 36, 5, 15, 48, 24, 39, 40, 35, 34, 44, 46, 29, 16, 50, 20, 23, 30, 2, 7, 42, 21, 18, 3, 17, 31, 22]

Individual 5:
  Route length: 8250
  Contribution to Diversity: -0.00011770665142218917
  Route: [1, 32, 49, 45, 19, 41, 8, 9, 10, 43, 33, 51, 11, 13, 14, 52, 27, 26, 47, 28, 12, 25, 4, 6, 24, 48, 5, 15, 40, 37, 38, 39, 36, 35, 34, 44, 46, 16, 50, 20, 29, 23, 30, 2, 7, 42, 21, 17, 3, 18, 31, 22]

Individual 6:
  Route length: 8285
  Contribution to Diversity: 0.00028410739054152145
  Route: [1, 49, 32, 45, 19, 41, 8, 9, 10, 43, 33, 51, 11, 52, 14, 13, 47, 26, 28, 27, 12, 25, 4, 5, 15, 24, 6, 48, 38, 37, 40, 39, 36, 35, 34, 44, 46, 16, 29, 50, 30, 23, 20, 2, 7, 42, 21, 31, 17, 3, 18, 22]

Individual 7:
  Route length: 8285
  Contribution to Diversity: -7.593154482155029e-05
  Route: [1, 49, 32, 45, 19, 41, 8, 9, 10, 43, 33, 51, 11, 52, 14, 13, 47, 26, 27, 28, 12, 25, 4, 6, 15, 5, 39, 38, 48, 24, 40, 37, 36, 34, 35, 44, 20, 50, 29, 16, 46, 23, 30, 2, 7, 42, 21, 31, 18, 3, 17, 22]

Individual 8:
  Route length: 8271
  Contribution to Diversity: -3.486924006779191e-05
  Route: [1, 49, 32, 45, 19, 8, 41, 9, 10, 43, 33, 51, 11, 52, 27, 26, 47, 13, 14, 28, 12, 25, 4, 15, 6, 5, 48, 24, 38, 37, 40, 36, 39, 35, 34, 44, 46, 16, 29, 50, 20, 23, 30, 42, 7, 2, 21, 17, 3, 18, 31, 22]

Individual 9:
  Route length: 8287
  Contribution to Diversity: 0.00014961280457370663
  Route: [1, 32, 49, 45, 19, 41, 8, 9, 10, 43, 33, 51, 11, 52, 13, 14, 47, 26, 27, 28, 12, 5, 15, 6, 4, 25, 24, 48, 38, 37, 40, 39, 36, 35, 34, 44, 46, 16, 29, 20, 23, 50, 30, 2, 7, 42, 18, 3, 17, 21, 31, 22]

Individual 10:
  Route length: 8293
  Contribution to Diversity: 0.0001036421976188251
  Route: [1, 49, 32, 45, 19, 41, 8, 9, 10, 33, 43, 51, 11, 52, 14, 13, 47, 26, 27, 28, 12, 25, 4, 6, 24, 15, 48, 5, 38, 37, 40, 39, 36, 35, 34, 44, 46, 16, 23, 20, 50, 29, 30, 2, 7, 42, 17, 18, 3, 21, 31, 22]

Individual 11:
  Route length: 8282
  Contribution to Diversity: 0.0001465766861104001
  Route: [1, 32, 49, 45, 19, 41, 8, 9, 10, 43, 33, 51, 11, 13, 14, 52, 47, 26, 27, 28, 12, 25, 4, 6, 24, 48, 37, 39, 38, 5, 15, 40, 36, 35, 34, 44, 46, 16, 20, 50, 29, 23, 30, 2, 7, 42, 21, 17, 3, 18, 31, 22]

Individual 12:
  Route length: 8290
  Contribution to Diversity: -9.09623675022786e-05
  Route: [1, 49, 32, 19, 45, 41, 8, 9, 10, 43, 33, 51, 11, 52, 14, 13, 47, 26, 27, 28, 12, 25, 4, 6, 15, 5, 48, 24, 38, 37, 40, 39, 36, 35, 34, 44, 29, 50, 20, 16, 46, 23, 30, 2, 7, 42, 21, 31, 18, 3, 17, 22]

Individual 13:
  Route length: 8264
  Contribution to Diversity: -3.826572975285103e-05
  Route: [1, 49, 32, 45, 19, 10, 9, 8, 41, 43, 33, 51, 11, 52, 14, 13, 47, 26, 27, 28, 12, 25, 4, 6, 15, 38, 37, 24, 5, 48, 40, 34, 36, 35, 39, 44, 46, 16, 29, 50, 20, 23, 30, 2, 7, 42, 21, 31, 18, 3, 17, 22]

Individual 14:
  Route length: 8294
  Contribution to Diversity: 0.0007889368473792402
  Route: [1, 49, 32, 45, 19, 41, 8, 9, 10, 43, 33, 51, 11, 52, 14, 13, 47, 26, 27, 28, 12, 25, 4, 6, 15, 5, 36, 37, 38, 48, 24, 44, 34, 35, 40, 39, 46, 29, 16, 50, 20, 23, 30, 2, 7, 42, 21, 18, 3, 17, 31, 22]

Individual 15:
  Route length: 8295
  Contribution to Diversity: 0.0003362017758794522
  Route: [1, 49, 32, 45, 19, 41, 8, 9, 10, 43, 33, 51, 11, 52, 14, 13, 47, 26, 27, 28, 12, 25, 4, 6, 15, 24, 5, 48, 38, 37, 40, 39, 36, 35, 34, 44, 50, 29, 16, 46, 20, 23, 42, 2, 7, 30, 21, 31, 18, 3, 17, 22]

Individual 16:
  Route length: 8270
  Contribution to Diversity: 8.296501697468983e-05
  Route: [1, 49, 32, 45, 19, 41, 8, 9, 10, 33, 43, 51, 11, 52, 14, 13, 47, 26, 28, 27, 12, 25, 4, 6, 5, 48, 24, 15, 38, 37, 40, 39, 36, 35, 34, 44, 46, 16, 23, 20, 50, 29, 30, 2, 7, 42, 17, 21, 3, 18, 31, 22]

Individual 17:
  Route length: 8273
  Contribution to Diversity: -5.993750466437575e-05
  Route: [1, 49, 32, 45, 19, 41, 8, 9, 10, 43, 33, 51, 11, 52, 14, 13, 47, 26, 27, 28, 12, 25, 4, 6, 15, 5, 39, 38, 48, 24, 40, 37, 36, 35, 34, 44, 20, 50, 29, 16, 46, 23, 30, 7, 2, 42, 21, 31, 18, 3, 17, 22]

Individual 18:
  Route length: 8292
  Contribution to Diversity: 0.0004343235939527901
  Route: [1, 49, 32, 45, 19, 41, 8, 10, 9, 43, 33, 51, 11, 52, 14, 13, 47, 26, 27, 28, 12, 15, 25, 4, 6, 5, 24, 48, 38, 37, 40, 34, 39, 36, 35, 44, 46, 16, 29, 30, 23, 20, 50, 42, 7, 2, 21, 17, 3, 18, 31, 22]

Individual 19:
  Route length: 8275
  Contribution to Diversity: 3.23386369043277e-05
  Route: [1, 49, 32, 45, 19, 41, 8, 9, 10, 43, 33, 51, 11, 13, 14, 52, 47, 26, 27, 28, 12, 25, 4, 6, 24, 48, 37, 40, 15, 5, 38, 34, 35, 36, 39, 44, 46, 16, 20, 50, 29, 23, 30, 42, 7, 2, 21, 17, 3, 18, 31, 22]

Individual 20:
  Route length: 8248
  Contribution to Diversity: 0.00023165384410450685
  Route: [1, 49, 32, 45, 19, 41, 8, 9, 10, 43, 33, 51, 11, 52, 14, 26, 47, 13, 27, 12, 28, 25, 4, 6, 15, 5, 24, 48, 38, 35, 36, 39, 34, 40, 37, 46, 44, 16, 29, 50, 20, 23, 30, 2, 7, 42, 21, 17, 3, 18, 31, 22]

Individual 21:
  Route length: 8291
  Contribution to Diversity: 2.1434683167065316e-05
  Route: [1, 49, 32, 45, 19, 41, 8, 9, 10, 43, 33, 51, 11, 52, 27, 26, 47, 13, 14, 28, 12, 25, 4, 15, 6, 24, 48, 38, 37, 5, 40, 36, 39, 35, 34, 44, 46, 16, 29, 50, 20, 23, 30, 42, 7, 2, 21, 17, 3, 18, 31, 22]

Individual 22:
  Route length: 8266
  Contribution to Diversity: 6.14659643298765e-05
  Route: [1, 32, 49, 45, 19, 41, 8, 9, 10, 43, 33, 51, 11, 13, 14, 52, 47, 26, 27, 28, 12, 25, 4, 6, 24, 48, 37, 39, 38, 5, 15, 40, 36, 35, 34, 44, 46, 16, 50, 20, 29, 23, 30, 2, 7, 42, 21, 17, 3, 18, 31, 22]

Individual 23:
  Route length: 8259
  Contribution to Diversity: 0.0006122397220122977
  Route: [1, 49, 32, 45, 19, 41, 8, 43, 10, 9, 33, 51, 11, 52, 14, 13, 47, 26, 27, 28, 12, 25, 4, 6, 15, 24, 5, 48, 39, 37, 40, 38, 34, 35, 36, 44, 46, 16, 29, 50, 23, 20, 30, 2, 7, 42, 21, 17, 3, 18, 31, 22]

Individual 24:
  Route length: 8240
  Contribution to Diversity: 2.201969037241014e-05
  Route: [1, 49, 32, 45, 19, 41, 8, 9, 10, 43, 33, 51, 11, 52, 14, 13, 27, 26, 47, 28, 25, 12, 4, 48, 24, 5, 15, 6, 38, 37, 40, 35, 36, 39, 34, 44, 46, 16, 29, 20, 50, 23, 30, 42, 7, 2, 21, 17, 3, 18, 31, 22]

Individual 25:
  Route length: 8250
  Contribution to Diversity: 5.091206266172321e-05
  Route: [1, 49, 32, 45, 19, 8, 41, 9, 10, 43, 33, 51, 11, 52, 13, 14, 47, 26, 27, 28, 12, 4, 25, 6, 15, 5, 24, 35, 34, 37, 38, 48, 36, 39, 40, 44, 46, 16, 29, 50, 20, 23, 30, 2, 42, 7, 21, 17, 3, 18, 31, 22]

Individual 26:
  Route length: 8284
  Contribution to Diversity: 0.00015796942202239705
  Route: [1, 32, 49, 45, 19, 41, 8, 9, 10, 43, 33, 51, 11, 52, 14, 13, 12, 28, 27, 26, 47, 25, 4, 6, 24, 5, 48, 15, 38, 37, 40, 39, 36, 35, 34, 44, 46, 16, 23, 20, 50, 29, 30, 2, 7, 42, 21, 17, 3, 18, 31, 22]

Individual 27:
  Route length: 8270
  Contribution to Diversity: 6.93076640390089e-05
  Route: [1, 49, 32, 19, 45, 41, 8, 9, 10, 43, 33, 51, 11, 52, 14, 13, 47, 26, 27, 28, 12, 25, 4, 15, 38, 24, 6, 48, 5, 37, 39, 40, 36, 44, 34, 35, 46, 16, 29, 50, 20, 23, 42, 7, 2, 30, 21, 17, 3, 18, 31, 22]

Individual 28:
  Route length: 8292
  Contribution to Diversity: 0.0002540300598727896
  Route: [1, 45, 32, 49, 19, 41, 8, 9, 10, 43, 33, 51, 11, 52, 14, 13, 27, 26, 47, 28, 12, 4, 25, 6, 15, 5, 38, 48, 24, 37, 34, 35, 36, 39, 40, 44, 46, 16, 29, 50, 20, 23, 30, 42, 2, 7, 21, 17, 3, 18, 31, 22]

Individual 29:
  Route length: 8293
  Contribution to Diversity: 0.0009091052947676204
  Route: [1, 49, 32, 41, 8, 19, 45, 9, 10, 43, 33, 51, 11, 52, 14, 13, 47, 26, 27, 28, 12, 25, 6, 4, 38, 5, 24, 48, 37, 15, 40, 36, 39, 35, 34, 44, 46, 16, 29, 50, 20, 23, 30, 7, 2, 42, 21, 17, 3, 18, 31, 22]

Individual 30:
  Route length: 8277
  Contribution to Diversity: 0.0002609326173024229
  Route: [1, 49, 32, 45, 19, 41, 8, 9, 10, 33, 43, 51, 11, 52, 14, 13, 47, 26, 27, 28, 12, 25, 4, 6, 48, 37, 24, 5, 38, 15, 40, 39, 36, 35, 34, 44, 46, 16, 20, 23, 50, 29, 30, 2, 7, 42, 17, 21, 3, 18, 31, 22]

Individual 31:
  Route length: 8296
  Contribution to Diversity: 0.0003199597212661942
  Route: [1, 49, 32, 45, 19, 41, 8, 9, 10, 43, 33, 51, 11, 52, 14, 13, 47, 27, 26, 28, 12, 25, 4, 6, 37, 40, 24, 5, 48, 38, 15, 39, 34, 36, 35, 44, 46, 16, 29, 50, 20, 42, 7, 2, 30, 23, 21, 17, 3, 18, 31, 22]

Individual 32:
  Route length: 8294
  Contribution to Diversity: 0.0005251933522627539
  Route: [1, 49, 32, 19, 45, 41, 8, 9, 10, 43, 33, 51, 11, 52, 14, 13, 47, 26, 27, 28, 12, 25, 4, 15, 5, 48, 6, 24, 40, 39, 37, 34, 44, 35, 36, 38, 46, 29, 16, 50, 23, 20, 30, 2, 7, 42, 21, 17, 3, 18, 31, 22]

Individual 33:
  Route length: 8292
  Contribution to Diversity: 0.0002533768502406275
  Route: [1, 49, 32, 45, 19, 41, 8, 9, 10, 33, 43, 51, 11, 52, 14, 13, 27, 26, 47, 28, 12, 25, 4, 6, 15, 5, 40, 37, 38, 48, 24, 39, 46, 36, 35, 34, 44, 16, 23, 20, 50, 29, 30, 2, 7, 42, 21, 17, 3, 18, 31, 22]

Individual 34:
  Route length: 8272
  Contribution to Diversity: -2.882889286581758e-05
  Route: [1, 49, 32, 45, 19, 8, 41, 9, 10, 43, 33, 51, 11, 52, 14, 13, 47, 26, 27, 28, 12, 4, 6, 25, 15, 5, 24, 48, 37, 38, 34, 39, 40, 36, 35, 44, 46, 16, 29, 23, 20, 50, 30, 2, 42, 7, 21, 17, 3, 18, 31, 22]

Individual 35:
  Route length: 8269
  Contribution to Diversity: -1.2263239217880084e-05
  Route: [1, 49, 32, 19, 45, 8, 41, 9, 10, 43, 33, 51, 11, 52, 14, 13, 47, 26, 27, 28, 12, 25, 4, 6, 5, 24, 15, 48, 39, 40, 37, 38, 44, 34, 35, 36, 46, 16, 29, 50, 20, 23, 30, 2, 7, 42, 21, 31, 18, 17, 3, 22]

Individual 36:
  Route length: 8285
  Contribution to Diversity: -9.902742350220706e-05
  Route: [1, 49, 32, 19, 45, 41, 8, 9, 10, 43, 33, 51, 11, 52, 14, 13, 47, 26, 27, 28, 12, 25, 4, 15, 5, 24, 6, 48, 40, 34, 37, 39, 38, 44, 36, 35, 46, 16, 29, 50, 23, 20, 30, 2, 7, 42, 21, 17, 3, 18, 31, 22]

Individual 37:
  Route length: 8282
  Contribution to Diversity: 9.050188145476312e-05
  Route: [1, 49, 32, 45, 19, 10, 9, 8, 41, 43, 33, 51, 11, 52, 13, 14, 47, 26, 27, 28, 12, 25, 4, 6, 15, 5, 24, 40, 38, 48, 37, 44, 39, 35, 36, 34, 46, 16, 29, 50, 20, 23, 30, 2, 7, 42, 21, 31, 18, 3, 17, 22]

Individual 38:
  Route length: 8284
  Contribution to Diversity: 0.00026196055642468963
  Route: [1, 32, 49, 45, 19, 41, 8, 9, 10, 43, 33, 51, 11, 52, 13, 14, 47, 26, 27, 28, 12, 5, 15, 6, 4, 25, 48, 24, 38, 37, 40, 39, 36, 35, 34, 44, 46, 16, 29, 20, 23, 50, 30, 2, 7, 42, 18, 3, 17, 21, 31, 22]

Individual 39:
  Route length: 8269
  Contribution to Diversity: 0.00021603954284099558
  Route: [1, 49, 32, 45, 19, 41, 8, 9, 10, 43, 33, 51, 11, 52, 14, 13, 27, 26, 47, 28, 25, 12, 4, 48, 24, 5, 15, 6, 37, 38, 40, 35, 36, 39, 34, 44, 46, 16, 29, 20, 50, 23, 30, 42, 7, 2, 21, 17, 3, 18, 31, 22]

Individual 40:
  Route length: 8294
  Contribution to Diversity: 0.00025556925942904485
  Route: [1, 49, 32, 19, 45, 8, 41, 9, 10, 43, 33, 51, 11, 52, 14, 13, 47, 26, 27, 28, 12, 25, 4, 6, 5, 24, 15, 48, 39, 40, 37, 38, 44, 34, 35, 36, 46, 16, 29, 50, 20, 23, 30, 7, 2, 42, 21, 3, 17, 18, 31, 22]

Individual 41:
  Route length: 8277
  Contribution to Diversity: 0.00020040918711394795
  Route: [1, 49, 32, 45, 19, 8, 41, 10, 9, 43, 33, 51, 11, 52, 13, 14, 47, 26, 27, 28, 12, 6, 4, 25, 48, 24, 5, 15, 38, 37, 40, 35, 36, 39, 34, 44, 46, 16, 29, 30, 23, 50, 20, 21, 7, 2, 42, 17, 3, 18, 31, 22]

Individual 42:
  Route length: 8233
  Contribution to Diversity: -3.907589567386793e-05
  Route: [1, 49, 32, 45, 19, 41, 8, 9, 10, 43, 33, 51, 11, 52, 14, 13, 47, 26, 28, 27, 12, 25, 4, 6, 15, 5, 24, 48, 38, 40, 37, 39, 36, 44, 34, 35, 46, 16, 29, 50, 20, 23, 30, 7, 2, 42, 21, 22, 31, 18, 3, 17]

Individual 43:
  Route length: 8292
  Contribution to Diversity: 2.8942979222179588e-06
  Route: [1, 49, 32, 45, 19, 8, 41, 10, 9, 43, 33, 51, 11, 52, 13, 14, 47, 26, 27, 28, 12, 6, 4, 25, 48, 24, 15, 5, 38, 37, 40, 35, 36, 39, 34, 44, 46, 16, 29, 30, 23, 20, 50, 21, 7, 2, 42, 17, 3, 18, 31, 22]

Individual 44:
  Route length: 8296
  Contribution to Diversity: 0.00042049288992718203
  Route: [1, 49, 32, 19, 45, 41, 8, 9, 10, 43, 33, 51, 11, 52, 14, 13, 47, 26, 28, 27, 12, 25, 4, 15, 5, 48, 6, 24, 40, 39, 37, 34, 44, 35, 36, 38, 46, 16, 29, 50, 23, 20, 30, 2, 7, 42, 21, 17, 3, 18, 31, 22]

Individual 45:
  Route length: 8226
  Contribution to Diversity: 8.550007444352303e-05
  Route: [1, 49, 32, 45, 19, 41, 8, 10, 9, 43, 33, 51, 11, 52, 13, 14, 47, 26, 27, 28, 12, 6, 4, 25, 15, 5, 24, 48, 38, 40, 37, 35, 36, 39, 34, 46, 44, 16, 29, 30, 23, 20, 50, 21, 7, 2, 42, 17, 3, 18, 31, 22]

Individual 46:
  Route length: 8285
  Contribution to Diversity: 0.0006157508469035733
  Route: [1, 45, 32, 49, 19, 41, 8, 9, 10, 43, 33, 51, 11, 52, 14, 13, 27, 26, 47, 28, 12, 4, 25, 6, 15, 5, 38, 48, 24, 37, 34, 35, 36, 39, 40, 46, 44, 16, 29, 50, 20, 23, 30, 42, 2, 7, 21, 17, 3, 18, 31, 22]

Individual 47:
  Route length: 8291
  Contribution to Diversity: 0.0008496761367178252
  Route: [1, 49, 32, 45, 19, 41, 8, 9, 10, 33, 43, 51, 11, 52, 14, 13, 27, 26, 47, 28, 12, 25, 4, 6, 15, 5, 40, 37, 38, 48, 24, 39, 46, 16, 44, 34, 35, 36, 23, 20, 50, 29, 30, 2, 7, 42, 21, 17, 3, 18, 31, 22]

Individual 48:
  Route length: 8268
  Contribution to Diversity: 0.0001116334032165156
  Route: [1, 49, 32, 19, 45, 41, 8, 9, 10, 43, 33, 51, 11, 52, 13, 14, 47, 26, 27, 28, 12, 25, 4, 5, 15, 24, 48, 6, 40, 39, 37, 38, 36, 44, 34, 35, 46, 16, 29, 50, 20, 23, 42, 7, 2, 30, 21, 17, 3, 18, 31, 22]

Individual 49:
  Route length: 8283
  Contribution to Diversity: -8.728828467141625e-06
  Route: [1, 49, 32, 45, 19, 9, 10, 8, 41, 43, 33, 51, 11, 52, 13, 14, 47, 26, 27, 28, 12, 25, 4, 15, 6, 5, 24, 48, 40, 37, 38, 39, 44, 35, 36, 34, 46, 16, 29, 50, 20, 23, 30, 2, 7, 42, 21, 31, 18, 3, 17, 22]

Individual 50:
  Route length: 8290
  Contribution to Diversity: 0.00030674677185515975
  Route: [1, 49, 32, 45, 41, 19, 8, 9, 10, 43, 33, 51, 11, 52, 14, 13, 47, 26, 27, 28, 12, 25, 4, 24, 5, 15, 6, 36, 35, 38, 48, 34, 44, 37, 40, 39, 46, 16, 29, 50, 20, 23, 30, 7, 2, 42, 21, 17, 3, 18, 31, 22]

Individual 51:
  Route length: 8255
  Contribution to Diversity: 0.00016734424627440347
  Route: [1, 49, 32, 41, 19, 45, 8, 9, 10, 43, 33, 51, 11, 52, 14, 13, 47, 26, 27, 28, 12, 25, 4, 6, 15, 5, 24, 48, 37, 38, 40, 39, 34, 36, 35, 44, 46, 50, 29, 16, 20, 23, 30, 2, 7, 42, 17, 3, 18, 21, 31, 22]

Individual 52:
  Route length: 8291
  Contribution to Diversity: -8.687556010311681e-05
  Route: [1, 45, 32, 49, 19, 41, 8, 9, 10, 43, 33, 51, 11, 52, 14, 13, 27, 26, 47, 28, 12, 4, 15, 6, 25, 5, 38, 48, 24, 37, 40, 39, 36, 35, 34, 44, 46, 16, 29, 50, 20, 23, 30, 42, 2, 7, 21, 17, 3, 18, 31, 22]

Individual 53:
  Route length: 8290
  Contribution to Diversity: 0.0007962034738620005
  Route: [1, 45, 32, 49, 19, 41, 8, 9, 10, 43, 33, 51, 11, 52, 14, 13, 27, 26, 47, 28, 12, 4, 25, 6, 5, 15, 38, 48, 24, 37, 34, 35, 36, 39, 40, 46, 44, 16, 29, 50, 20, 23, 30, 42, 2, 7, 21, 17, 3, 18, 31, 22]

Individual 54:
  Route length: 8257
  Contribution to Diversity: 0.00012223999630123217
  Route: [1, 49, 32, 45, 19, 9, 10, 8, 41, 43, 33, 51, 11, 52, 13, 14, 47, 26, 27, 28, 12, 25, 4, 15, 6, 5, 24, 48, 40, 38, 37, 39, 44, 35, 36, 34, 46, 16, 29, 50, 20, 23, 30, 2, 7, 42, 21, 31, 18, 3, 17, 22]

Individual 55:
  Route length: 8267
  Contribution to Diversity: 0.00011377038743276557
  Route: [1, 32, 49, 45, 19, 41, 8, 9, 10, 43, 33, 51, 11, 52, 13, 14, 47, 26, 27, 28, 12, 5, 25, 6, 15, 4, 37, 38, 48, 24, 40, 35, 34, 39, 36, 44, 46, 16, 29, 50, 20, 23, 30, 42, 2, 7, 21, 17, 3, 18, 31, 22]

Individual 56:
  Route length: 8295
  Contribution to Diversity: -2.0559291586508266e-05
  Route: [1, 49, 32, 45, 19, 41, 8, 9, 10, 33, 43, 51, 11, 52, 14, 13, 47, 26, 27, 28, 12, 25, 4, 5, 15, 6, 40, 37, 38, 48, 24, 39, 44, 36, 35, 34, 46, 16, 20, 50, 23, 29, 30, 2, 7, 42, 21, 17, 3, 18, 31, 22]

Individual 57:
  Route length: 8233
  Contribution to Diversity: -2.5396176323688735e-05
  Route: [1, 49, 32, 45, 19, 10, 9, 8, 41, 43, 33, 51, 11, 52, 14, 13, 47, 26, 27, 28, 12, 25, 24, 5, 4, 6, 15, 37, 48, 40, 38, 34, 36, 35, 39, 44, 46, 16, 29, 50, 20, 23, 30, 2, 7, 42, 21, 17, 3, 18, 31, 22]

Individual 58:
  Route length: 8269
  Contribution to Diversity: -0.0001004473003005657
  Route: [1, 49, 32, 45, 19, 10, 9, 8, 41, 43, 33, 51, 11, 52, 14, 13, 47, 27, 26, 28, 12, 25, 6, 4, 15, 5, 24, 48, 38, 40, 37, 39, 36, 35, 34, 44, 46, 16, 29, 50, 20, 23, 30, 7, 2, 42, 21, 31, 18, 3, 17, 22]

Individual 59:
  Route length: 8270
  Contribution to Diversity: 0.00020151165071258248
  Route: [1, 49, 32, 45, 19, 9, 10, 8, 41, 43, 33, 51, 11, 52, 13, 14, 47, 26, 27, 28, 12, 25, 4, 15, 6, 5, 48, 24, 40, 38, 37, 39, 44, 35, 36, 34, 46, 16, 29, 50, 20, 23, 30, 2, 7, 42, 21, 31, 18, 3, 17, 22]

Individual 60:
  Route length: 8273
  Contribution to Diversity: 0.00013953526262699967
  Route: [1, 32, 49, 45, 19, 41, 8, 9, 10, 43, 33, 51, 11, 13, 14, 52, 27, 26, 47, 28, 12, 25, 4, 6, 24, 48, 5, 15, 40, 37, 38, 39, 35, 36, 34, 44, 46, 16, 50, 20, 29, 23, 30, 2, 7, 42, 21, 17, 3, 18, 31, 22]

Individual 61:
  Route length: 8265
  Contribution to Diversity: -0.00011995390834496078
  Route: [1, 49, 32, 45, 19, 41, 8, 10, 9, 43, 33, 51, 11, 52, 14, 47, 13, 26, 27, 28, 12, 25, 4, 6, 5, 15, 24, 48, 37, 38, 40, 39, 36, 35, 34, 44, 46, 16, 29, 50, 2, 7, 42, 30, 20, 23, 21, 17, 3, 18, 31, 22]

Individual 62:
  Route length: 8286
  Contribution to Diversity: 0.00022944059676444084
  Route: [1, 49, 32, 45, 19, 41, 8, 9, 10, 43, 33, 51, 11, 52, 14, 13, 47, 26, 28, 27, 12, 25, 4, 6, 15, 5, 24, 48, 38, 40, 37, 44, 36, 39, 34, 35, 46, 16, 29, 50, 20, 23, 30, 7, 2, 42, 21, 22, 31, 18, 3, 17]

Individual 63:
  Route length: 8294
  Contribution to Diversity: 1.712164541611827e-05
  Route: [1, 49, 32, 45, 19, 41, 8, 9, 10, 33, 43, 51, 11, 52, 14, 13, 47, 26, 27, 28, 12, 25, 4, 5, 15, 6, 40, 37, 38, 48, 24, 44, 39, 36, 35, 34, 46, 16, 23, 50, 20, 29, 30, 2, 7, 42, 21, 17, 3, 18, 31, 22]

Individual 64:
  Route length: 8290
  Contribution to Diversity: -9.092469500160405e-05
  Route: [1, 49, 32, 45, 19, 41, 8, 9, 10, 43, 33, 51, 11, 52, 14, 13, 47, 26, 28, 27, 12, 25, 4, 6, 15, 5, 24, 48, 38, 39, 40, 37, 35, 34, 36, 44, 20, 50, 29, 16, 46, 23, 30, 2, 7, 42, 17, 3, 18, 31, 21, 22]

Individual 65:
  Route length: 8291
  Contribution to Diversity: 0.00026043150587806707
  Route: [1, 49, 32, 45, 19, 8, 41, 10, 9, 43, 33, 51, 11, 52, 13, 14, 47, 26, 27, 28, 12, 6, 4, 25, 24, 48, 5, 15, 38, 37, 40, 35, 36, 39, 34, 44, 46, 16, 29, 30, 23, 50, 20, 21, 7, 2, 42, 17, 3, 18, 31, 22]

Individual 66:
  Route length: 8276
  Contribution to Diversity: -6.061052514372278e-05
  Route: [1, 49, 32, 45, 8, 41, 19, 9, 10, 43, 33, 51, 11, 52, 14, 13, 47, 26, 27, 28, 12, 25, 4, 6, 15, 5, 38, 48, 35, 36, 24, 40, 34, 39, 37, 44, 46, 16, 29, 20, 50, 23, 30, 2, 7, 42, 21, 17, 3, 18, 31, 22]

Individual 67:
  Route length: 8232
  Contribution to Diversity: -8.87632473158817e-05
  Route: [1, 49, 32, 45, 19, 10, 9, 8, 41, 43, 33, 51, 11, 52, 14, 13, 47, 26, 27, 28, 12, 25, 24, 4, 6, 15, 5, 37, 38, 40, 48, 34, 36, 35, 39, 44, 46, 16, 29, 50, 20, 23, 30, 2, 7, 42, 21, 17, 3, 18, 31, 22]

Individual 68:
  Route length: 8286
  Contribution to Diversity: -3.59135062399929e-06
  Route: [1, 49, 32, 19, 45, 8, 41, 9, 10, 43, 33, 51, 11, 52, 14, 13, 47, 26, 27, 28, 12, 25, 4, 6, 5, 48, 15, 24, 39, 40, 37, 38, 44, 34, 35, 36, 46, 16, 29, 50, 20, 23, 30, 2, 7, 42, 21, 31, 18, 17, 3, 22]

Individual 69:
  Route length: 8269
  Contribution to Diversity: 0.00010250608912976134
  Route: [1, 49, 32, 45, 19, 8, 41, 9, 10, 43, 33, 51, 11, 52, 13, 14, 47, 26, 27, 28, 12, 4, 15, 6, 25, 5, 24, 48, 37, 38, 34, 40, 39, 36, 35, 44, 46, 16, 50, 20, 23, 29, 30, 2, 42, 7, 21, 17, 3, 18, 31, 22]

Individual 70:
  Route length: 8283
  Contribution to Diversity: 0.000442270345002882
  Route: [1, 49, 32, 41, 19, 45, 8, 9, 10, 43, 33, 51, 11, 52, 14, 13, 47, 26, 27, 28, 12, 25, 4, 6, 15, 5, 24, 48, 37, 38, 40, 39, 34, 36, 35, 44, 46, 50, 29, 16, 20, 23, 30, 2, 7, 42, 21, 18, 3, 17, 31, 22]

Individual 71:
  Route length: 8273
  Contribution to Diversity: 0.0002652146657675658
  Route: [1, 49, 32, 45, 19, 41, 8, 9, 10, 43, 33, 51, 11, 52, 14, 26, 47, 13, 27, 12, 28, 25, 4, 6, 15, 5, 38, 24, 48, 35, 37, 40, 39, 36, 34, 44, 46, 16, 29, 50, 20, 23, 30, 7, 2, 42, 21, 17, 3, 18, 31, 22]

Individual 72:
  Route length: 8231
  Contribution to Diversity: -9.531134676254993e-05
  Route: [1, 49, 32, 45, 41, 19, 8, 9, 10, 43, 33, 51, 11, 52, 14, 13, 26, 47, 27, 28, 12, 25, 4, 6, 15, 5, 24, 37, 38, 35, 36, 40, 39, 48, 44, 34, 46, 16, 29, 50, 20, 23, 30, 42, 2, 7, 21, 17, 3, 18, 31, 22]

Individual 73:
  Route length: 8242
  Contribution to Diversity: 0.0003819087858234482
  Route: [1, 49, 32, 45, 19, 41, 8, 9, 10, 43, 33, 11, 51, 52, 14, 13, 47, 26, 27, 28, 12, 25, 4, 6, 5, 48, 24, 37, 15, 38, 40, 36, 34, 39, 35, 44, 46, 16, 29, 50, 20, 23, 30, 2, 7, 42, 21, 17, 3, 18, 31, 22]

Individual 74:
  Route length: 8277
  Contribution to Diversity: 0.00017950364153485054
  Route: [1, 49, 32, 19, 45, 41, 8, 9, 10, 43, 33, 51, 11, 52, 14, 13, 47, 26, 27, 28, 12, 25, 4, 15, 38, 24, 6, 48, 5, 37, 39, 35, 34, 44, 36, 40, 46, 16, 29, 50, 20, 23, 42, 7, 2, 30, 21, 17, 3, 18, 31, 22]

Individual 75:
  Route length: 8218
  Contribution to Diversity: 7.742237017005493e-05
  Route: [1, 32, 49, 45, 19, 41, 8, 9, 10, 43, 33, 51, 11, 52, 13, 14, 47, 26, 27, 28, 12, 15, 5, 6, 25, 4, 24, 48, 38, 37, 40, 39, 34, 36, 35, 44, 46, 16, 29, 50, 20, 23, 30, 2, 7, 42, 18, 3, 17, 21, 31, 22]

Individual 76:
  Route length: 8269
  Contribution to Diversity: 0.00016333355422926132
  Route: [1, 49, 32, 45, 19, 41, 8, 9, 10, 33, 43, 51, 11, 52, 14, 13, 47, 26, 27, 28, 12, 25, 4, 6, 15, 5, 38, 39, 48, 24, 40, 37, 44, 34, 35, 36, 46, 16, 20, 50, 23, 29, 30, 7, 2, 42, 21, 17, 3, 18, 31, 22]

Individual 77:
  Route length: 8252
  Contribution to Diversity: -4.637956378950037e-06
  Route: [1, 32, 49, 45, 19, 41, 8, 9, 10, 43, 33, 51, 11, 52, 14, 13, 12, 28, 27, 26, 47, 25, 4, 6, 38, 15, 5, 24, 48, 37, 40, 39, 36, 35, 34, 44, 46, 16, 23, 20, 50, 29, 30, 2, 7, 42, 21, 17, 3, 18, 31, 22]

Individual 78:
  Route length: 8220
  Contribution to Diversity: 2.128762479980395e-05
  Route: [1, 49, 32, 45, 19, 41, 8, 10, 9, 43, 33, 51, 11, 52, 13, 14, 47, 26, 27, 28, 12, 6, 4, 25, 5, 15, 24, 48, 38, 37, 40, 35, 39, 34, 36, 46, 44, 16, 29, 30, 50, 20, 23, 21, 7, 2, 42, 17, 3, 18, 31, 22]

Individual 79:
  Route length: 8234
  Contribution to Diversity: -5.949586504705451e-05
  Route: [1, 49, 32, 45, 19, 41, 8, 9, 10, 43, 33, 51, 11, 52, 14, 13, 47, 26, 28, 27, 12, 25, 4, 6, 15, 5, 24, 48, 38, 40, 37, 39, 36, 44, 34, 35, 46, 16, 29, 50, 20, 23, 30, 42, 2, 7, 21, 22, 31, 18, 3, 17]

Individual 80:
  Route length: 8288
  Contribution to Diversity: 0.00034336480351360166
  Route: [1, 32, 49, 45, 19, 41, 8, 9, 10, 43, 33, 51, 11, 52, 14, 13, 12, 28, 27, 26, 47, 25, 4, 6, 48, 5, 15, 38, 24, 37, 40, 39, 36, 35, 34, 44, 46, 16, 23, 20, 50, 29, 30, 2, 7, 42, 21, 17, 3, 18, 31, 22]

Individual 81:
  Route length: 8292
  Contribution to Diversity: 0.00023990681736218988
  Route: [1, 49, 32, 45, 19, 41, 8, 9, 10, 43, 33, 51, 11, 52, 14, 13, 47, 26, 27, 28, 12, 25, 4, 6, 48, 5, 15, 24, 38, 37, 40, 39, 36, 35, 34, 44, 50, 29, 16, 46, 20, 23, 42, 7, 2, 30, 21, 31, 18, 3, 17, 22]

Individual 82:
  Route length: 8277
  Contribution to Diversity: 4.371004421077629e-05
  Route: [1, 49, 32, 45, 19, 41, 8, 10, 9, 43, 33, 51, 11, 52, 13, 14, 47, 26, 27, 28, 12, 6, 4, 25, 5, 15, 24, 40, 37, 38, 48, 35, 36, 39, 34, 46, 44, 16, 29, 30, 50, 20, 23, 21, 7, 2, 42, 17, 3, 18, 31, 22]

Individual 83:
  Route length: 8137
  Contribution to Diversity: 5.289608252478928e-05
  Route: [1, 49, 32, 45, 19, 41, 8, 10, 9, 43, 33, 51, 11, 52, 13, 14, 47, 26, 27, 28, 12, 4, 6, 25, 5, 15, 24, 48, 38, 37, 40, 35, 36, 34, 39, 46, 44, 16, 29, 30, 50, 20, 23, 21, 7, 2, 42, 17, 3, 18, 31, 22]

Individual 84:
  Route length: 8295
  Contribution to Diversity: 0.0003135114439771769
  Route: [1, 49, 32, 45, 19, 41, 8, 9, 10, 43, 33, 51, 11, 52, 14, 27, 26, 47, 13, 28, 12, 25, 4, 6, 15, 5, 37, 48, 24, 38, 40, 39, 36, 34, 35, 29, 16, 46, 44, 50, 20, 23, 30, 2, 7, 42, 21, 17, 3, 18, 31, 22]

Individual 85:
  Route length: 8273
  Contribution to Diversity: 0.00021077886317311112
  Route: [1, 49, 32, 19, 45, 41, 8, 9, 10, 43, 33, 51, 11, 52, 14, 13, 47, 26, 27, 28, 12, 25, 4, 15, 48, 5, 6, 24, 38, 36, 44, 40, 39, 37, 34, 35, 46, 16, 29, 50, 20, 23, 21, 30, 2, 7, 42, 17, 3, 18, 31, 22]

Individual 86:
  Route length: 8288
  Contribution to Diversity: 0.0002978254348811049
  Route: [1, 49, 32, 45, 19, 41, 8, 9, 10, 43, 33, 51, 11, 52, 14, 13, 47, 27, 26, 28, 12, 25, 4, 6, 37, 24, 5, 48, 40, 38, 15, 39, 35, 36, 34, 44, 46, 16, 29, 50, 20, 42, 7, 2, 30, 23, 21, 17, 3, 18, 31, 22]

Individual 87:
  Route length: 8270
  Contribution to Diversity: -0.00012086726967375228
  Route: [1, 49, 32, 45, 19, 10, 9, 8, 41, 43, 33, 51, 11, 52, 14, 13, 47, 27, 26, 28, 12, 25, 6, 4, 15, 5, 24, 48, 38, 40, 37, 39, 36, 35, 34, 44, 46, 16, 29, 50, 20, 23, 30, 42, 2, 7, 21, 31, 18, 3, 17, 22]

Individual 88:
  Route length: 8278
  Contribution to Diversity: 0.00019770164870180906
  Route: [1, 32, 49, 45, 19, 41, 8, 9, 10, 43, 33, 51, 11, 52, 13, 14, 47, 26, 27, 28, 12, 5, 15, 6, 4, 25, 48, 24, 38, 37, 40, 39, 36, 35, 34, 44, 46, 16, 29, 23, 20, 50, 30, 2, 7, 42, 18, 3, 17, 21, 31, 22]

Individual 89:
  Route length: 8292
  Contribution to Diversity: 5.41357181722546e-05
  Route: [1, 49, 32, 45, 19, 41, 8, 9, 10, 43, 33, 51, 11, 52, 13, 14, 47, 26, 27, 28, 12, 25, 4, 6, 38, 37, 40, 15, 24, 48, 5, 39, 36, 35, 34, 44, 46, 23, 20, 50, 29, 16, 30, 2, 7, 42, 21, 3, 17, 18, 31, 22]

Individual 90:
  Route length: 8209
  Contribution to Diversity: -3.468944774986937e-05
  Route: [1, 49, 32, 45, 19, 41, 8, 10, 9, 43, 33, 51, 11, 52, 13, 14, 47, 26, 27, 28, 12, 6, 4, 25, 5, 24, 15, 48, 38, 40, 37, 35, 36, 39, 34, 46, 44, 16, 29, 30, 50, 20, 23, 21, 7, 2, 42, 17, 3, 18, 31, 22]

Individual 91:
  Route length: 8295
  Contribution to Diversity: 0.0003200755043453185
  Route: [1, 49, 32, 45, 19, 41, 8, 10, 9, 43, 33, 51, 11, 52, 13, 14, 47, 26, 27, 28, 12, 6, 4, 25, 5, 15, 24, 48, 38, 37, 40, 35, 36, 34, 39, 46, 44, 16, 29, 30, 50, 20, 23, 21, 7, 42, 2, 17, 3, 18, 31, 22]

Individual 92:
  Route length: 8268
  Contribution to Diversity: -4.728095618133921e-06
  Route: [1, 49, 32, 45, 19, 41, 8, 9, 10, 43, 33, 51, 11, 52, 14, 13, 47, 26, 27, 28, 12, 25, 4, 6, 15, 5, 39, 24, 48, 38, 40, 37, 36, 35, 34, 44, 20, 50, 29, 16, 46, 23, 30, 7, 2, 42, 21, 31, 18, 3, 17, 22]

Individual 93:
  Route length: 8275
  Contribution to Diversity: 0.00044641582944127123
  Route: [1, 49, 32, 19, 45, 41, 8, 9, 10, 43, 33, 51, 11, 52, 14, 13, 47, 26, 28, 27, 12, 25, 4, 15, 5, 48, 6, 24, 40, 39, 37, 44, 34, 35, 36, 38, 46, 16, 29, 50, 23, 20, 30, 2, 7, 42, 21, 17, 3, 18, 31, 22]

Individual 94:
  Route length: 8287
  Contribution to Diversity: 0.00021664138074939387
  Route: [1, 49, 32, 19, 45, 8, 41, 9, 10, 43, 33, 51, 11, 52, 13, 14, 47, 26, 27, 28, 12, 25, 4, 6, 5, 48, 15, 24, 39, 40, 37, 38, 44, 34, 35, 36, 46, 16, 29, 50, 20, 23, 30, 2, 7, 42, 21, 31, 18, 17, 3, 22]

Individual 95:
  Route length: 8224
  Contribution to Diversity: -2.28985001449189e-06
  Route: [1, 49, 32, 45, 19, 10, 9, 8, 41, 43, 33, 51, 11, 52, 14, 13, 47, 26, 27, 28, 12, 25, 24, 5, 6, 4, 15, 37, 48, 40, 38, 34, 36, 35, 39, 44, 46, 16, 29, 50, 20, 23, 30, 2, 7, 42, 21, 17, 3, 18, 31, 22]

Individual 96:
  Route length: 8282
  Contribution to Diversity: 0.00043896289240752395
  Route: [1, 49, 32, 45, 19, 10, 9, 41, 8, 43, 33, 51, 11, 52, 14, 13, 47, 27, 26, 28, 12, 25, 6, 4, 15, 5, 24, 48, 38, 40, 37, 39, 36, 35, 34, 44, 46, 16, 29, 50, 20, 23, 30, 7, 2, 42, 21, 31, 18, 3, 17, 22]

Individual 97:
  Route length: 8291
  Contribution to Diversity: 0.0002444881309218161
  Route: [1, 49, 32, 19, 45, 8, 41, 9, 10, 43, 33, 51, 11, 52, 13, 14, 47, 26, 27, 28, 12, 25, 4, 6, 5, 48, 15, 24, 39, 40, 37, 38, 44, 34, 36, 35, 46, 16, 29, 50, 20, 23, 30, 2, 7, 42, 21, 31, 18, 17, 3, 22]

Individual 98:
  Route length: 8293
  Contribution to Diversity: 0.00026291379969300976
  Route: [1, 32, 49, 45, 19, 41, 8, 9, 10, 43, 33, 51, 11, 13, 14, 52, 27, 26, 47, 28, 12, 25, 4, 6, 24, 48, 15, 5, 40, 37, 38, 39, 35, 36, 34, 44, 46, 16, 50, 20, 29, 23, 30, 2, 7, 42, 21, 17, 3, 18, 31, 22]

Individual 99:
  Route length: 8287
  Contribution to Diversity: 0.00014572079626251622
  Route: [1, 45, 32, 49, 19, 41, 8, 9, 10, 43, 33, 51, 11, 52, 14, 13, 47, 26, 27, 28, 12, 4, 25, 6, 15, 5, 38, 48, 24, 36, 35, 34, 37, 39, 40, 46, 44, 16, 29, 50, 20, 23, 30, 42, 2, 7, 21, 17, 3, 18, 31, 22]

Individual 100:
  Route length: 8265
  Contribution to Diversity: 8.013257527217377e-05
  Route: [1, 32, 49, 45, 19, 41, 8, 9, 10, 43, 33, 51, 11, 13, 14, 52, 27, 26, 47, 28, 12, 25, 4, 6, 5, 15, 48, 24, 40, 37, 38, 39, 35, 36, 34, 44, 46, 16, 50, 20, 29, 23, 30, 2, 7, 42, 21, 17, 3, 18, 31, 22]

Individual 101:
  Route length: 8293
  Contribution to Diversity: 0.000285883187667757
  Route: [1, 49, 32, 45, 19, 41, 8, 9, 10, 33, 43, 51, 11, 52, 13, 14, 47, 26, 27, 28, 12, 25, 4, 6, 48, 15, 24, 5, 38, 37, 40, 39, 36, 35, 34, 44, 46, 16, 23, 20, 50, 29, 30, 2, 7, 42, 17, 18, 3, 21, 31, 22]

Individual 102:
  Route length: 8290
  Contribution to Diversity: 0.00043030708897973113
  Route: [1, 49, 32, 45, 19, 41, 8, 9, 10, 43, 33, 51, 11, 52, 14, 13, 27, 26, 47, 28, 25, 12, 4, 48, 24, 5, 15, 6, 38, 39, 36, 35, 40, 37, 34, 44, 46, 16, 29, 20, 50, 23, 30, 42, 7, 2, 21, 17, 3, 18, 31, 22]

Individual 103:
  Route length: 8286
  Contribution to Diversity: 0.00027404571685707424
  Route: [1, 32, 49, 45, 19, 41, 8, 9, 10, 43, 33, 51, 11, 13, 52, 14, 27, 26, 47, 28, 12, 25, 4, 6, 5, 15, 48, 24, 40, 37, 38, 39, 35, 36, 34, 44, 46, 16, 50, 20, 29, 23, 30, 2, 7, 42, 21, 17, 3, 18, 31, 22]

Individual 104:
  Route length: 8175
  Contribution to Diversity: 0.00015221970276346752
  Route: [1, 49, 32, 45, 19, 8, 41, 10, 9, 43, 33, 51, 11, 52, 13, 14, 47, 26, 27, 28, 12, 6, 4, 25, 48, 24, 15, 5, 38, 37, 40, 35, 36, 39, 34, 44, 46, 16, 29, 20, 50, 23, 30, 21, 42, 2, 7, 17, 3, 18, 31, 22]

Individual 105:
  Route length: 8292
  Contribution to Diversity: -5.329298529499482e-05
  Route: [1, 49, 32, 45, 19, 41, 8, 9, 10, 43, 33, 51, 11, 52, 13, 14, 47, 26, 27, 28, 25, 12, 4, 6, 15, 5, 48, 24, 38, 40, 37, 35, 36, 39, 34, 29, 16, 46, 44, 50, 20, 23, 30, 42, 7, 2, 21, 17, 3, 18, 31, 22]

Individual 106:
  Route length: 8244
  Contribution to Diversity: 0.00038669716453654246
  Route: [1, 49, 32, 45, 19, 41, 8, 10, 9, 43, 33, 51, 11, 52, 13, 14, 47, 26, 27, 28, 12, 4, 6, 25, 5, 15, 24, 48, 38, 37, 40, 35, 36, 34, 46, 39, 44, 16, 29, 30, 50, 20, 23, 21, 7, 2, 42, 17, 3, 18, 31, 22]

Individual 107:
  Route length: 8272
  Contribution to Diversity: 0.0001275888577323414
  Route: [1, 49, 32, 45, 19, 41, 8, 10, 9, 43, 33, 51, 11, 52, 13, 14, 47, 26, 27, 28, 12, 6, 4, 25, 5, 38, 48, 15, 24, 40, 37, 35, 36, 39, 34, 46, 44, 16, 29, 30, 50, 20, 23, 21, 7, 2, 42, 17, 3, 18, 31, 22]

Individual 108:
  Route length: 8263
  Contribution to Diversity: 8.559507439809266e-05
  Route: [1, 49, 32, 45, 19, 8, 41, 10, 9, 43, 33, 51, 11, 52, 13, 14, 47, 26, 27, 28, 12, 6, 4, 25, 48, 24, 5, 15, 38, 40, 37, 35, 36, 39, 34, 44, 46, 16, 29, 30, 23, 20, 50, 21, 7, 2, 42, 17, 3, 18, 31, 22]

Individual 109:
  Route length: 8294
  Contribution to Diversity: -5.227337891700046e-05
  Route: [1, 49, 32, 45, 19, 41, 8, 9, 10, 43, 33, 51, 11, 52, 13, 14, 47, 26, 27, 28, 25, 12, 4, 6, 15, 5, 24, 48, 38, 40, 37, 35, 39, 36, 34, 29, 16, 46, 44, 50, 20, 23, 30, 42, 7, 2, 21, 17, 3, 18, 31, 22]

Individual 110:
  Route length: 8246
  Contribution to Diversity: 0.00016081531198963717
  Route: [1, 49, 32, 45, 19, 41, 8, 10, 9, 43, 33, 51, 11, 52, 13, 14, 47, 26, 27, 28, 12, 6, 4, 25, 15, 5, 24, 48, 37, 38, 40, 35, 36, 39, 34, 46, 44, 16, 29, 30, 23, 20, 50, 21, 7, 2, 42, 17, 3, 18, 31, 22]

Individual 111:
  Route length: 8272
  Contribution to Diversity: 0.00015050235600533313
  Route: [1, 49, 32, 45, 19, 8, 41, 10, 9, 43, 33, 51, 11, 52, 14, 13, 47, 26, 27, 28, 12, 6, 4, 25, 48, 24, 15, 5, 38, 37, 40, 35, 36, 39, 34, 44, 46, 16, 50, 20, 29, 23, 30, 21, 42, 2, 7, 17, 3, 18, 31, 22]

Individual 112:
  Route length: 8247
  Contribution to Diversity: 0.0004065064101483884
  Route: [1, 49, 32, 45, 19, 41, 8, 9, 10, 43, 33, 51, 11, 52, 14, 13, 47, 26, 27, 28, 12, 25, 4, 5, 15, 37, 38, 6, 48, 24, 40, 39, 36, 35, 34, 44, 46, 16, 29, 50, 30, 23, 20, 42, 7, 2, 21, 31, 17, 3, 18, 22]

Individual 113:
  Route length: 8286
  Contribution to Diversity: 0.0002242629504340954
  Route: [1, 49, 32, 45, 19, 8, 41, 10, 9, 43, 33, 51, 11, 52, 13, 14, 47, 26, 27, 28, 12, 6, 4, 25, 48, 37, 38, 5, 15, 24, 40, 35, 36, 39, 34, 44, 46, 16, 29, 20, 50, 23, 30, 21, 7, 2, 42, 17, 3, 18, 31, 22]

Individual 114:
  Route length: 8291
  Contribution to Diversity: 0.00027776408832469457
  Route: [1, 49, 32, 45, 19, 8, 41, 9, 10, 43, 33, 51, 11, 52, 13, 14, 47, 26, 27, 28, 12, 4, 15, 6, 25, 5, 24, 48, 34, 38, 37, 40, 39, 36, 35, 44, 46, 16, 50, 20, 23, 29, 30, 2, 42, 7, 21, 17, 3, 18, 31, 22]

Individual 115:
  Route length: 8270
  Contribution to Diversity: 8.859914118186651e-05
  Route: [1, 49, 32, 19, 45, 41, 8, 9, 10, 43, 33, 51, 11, 52, 13, 14, 47, 26, 27, 28, 12, 25, 4, 5, 15, 24, 6, 48, 40, 39, 37, 38, 36, 44, 34, 35, 46, 16, 29, 50, 20, 23, 42, 7, 2, 30, 21, 17, 3, 18, 31, 22]

Individual 116:
  Route length: 8233
  Contribution to Diversity: -1.646505382169039e-05
  Route: [1, 49, 32, 45, 19, 10, 9, 8, 41, 43, 33, 51, 11, 52, 14, 13, 47, 26, 27, 28, 12, 25, 24, 5, 4, 6, 15, 37, 48, 40, 38, 34, 39, 35, 36, 44, 46, 16, 29, 50, 20, 23, 30, 2, 7, 42, 21, 17, 3, 18, 31, 22]

Individual 117:
  Route length: 8255
  Contribution to Diversity: 0.00012623761532726263
  Route: [1, 49, 32, 45, 19, 41, 8, 10, 9, 43, 33, 51, 11, 52, 13, 14, 47, 26, 27, 28, 12, 6, 4, 25, 5, 15, 24, 48, 38, 37, 35, 40, 39, 34, 36, 46, 44, 16, 29, 30, 50, 20, 23, 21, 7, 2, 42, 17, 3, 18, 31, 22]

Individual 118:
  Route length: 8290
  Contribution to Diversity: 0.0002415056241078517
  Route: [1, 32, 49, 45, 19, 41, 8, 9, 10, 43, 33, 51, 11, 52, 14, 27, 13, 47, 26, 28, 12, 25, 4, 6, 39, 38, 48, 15, 5, 24, 37, 36, 35, 40, 34, 44, 46, 16, 29, 50, 20, 23, 30, 2, 7, 42, 21, 17, 3, 18, 31, 22]

Individual 119:
  Route length: 8249
  Contribution to Diversity: 0.00011079585263473746
  Route: [1, 49, 32, 8, 41, 45, 19, 9, 10, 43, 33, 51, 11, 52, 14, 13, 47, 26, 27, 28, 12, 25, 6, 4, 38, 5, 24, 48, 15, 40, 37, 35, 39, 36, 34, 44, 46, 16, 29, 50, 20, 23, 30, 2, 7, 42, 21, 17, 3, 18, 31, 22]

Individual 120:
  Route length: 8204
  Contribution to Diversity: -5.386786232097762e-05
  Route: [1, 49, 32, 19, 45, 41, 8, 9, 10, 43, 33, 51, 11, 52, 14, 13, 47, 26, 27, 28, 12, 25, 4, 15, 38, 24, 6, 48, 5, 37, 39, 35, 34, 44, 36, 40, 46, 16, 29, 50, 20, 23, 21, 30, 2, 7, 42, 17, 3, 18, 31, 22]

Individual 121:
  Route length: 8202
  Contribution to Diversity: -0.00011219903395875974
  Route: [1, 49, 32, 19, 45, 41, 8, 9, 10, 43, 33, 51, 11, 52, 14, 13, 47, 26, 27, 28, 12, 25, 4, 15, 38, 24, 6, 48, 5, 37, 39, 36, 44, 34, 35, 40, 46, 16, 29, 50, 20, 23, 21, 30, 2, 7, 42, 17, 3, 18, 31, 22]

Individual 122:
  Route length: 8285
  Contribution to Diversity: 0.00047819089469403053
  Route: [1, 49, 32, 45, 19, 41, 8, 10, 9, 43, 33, 51, 11, 52, 13, 14, 47, 26, 27, 28, 12, 6, 4, 25, 5, 24, 15, 48, 38, 40, 37, 35, 36, 39, 46, 34, 44, 16, 29, 30, 50, 20, 23, 21, 7, 2, 42, 17, 3, 18, 31, 22]

Individual 123:
  Route length: 8286
  Contribution to Diversity: 0.00035555440886891887
  Route: [1, 49, 32, 45, 19, 41, 8, 9, 10, 33, 43, 51, 11, 52, 14, 13, 27, 26, 47, 28, 12, 25, 4, 6, 15, 5, 37, 40, 38, 48, 24, 39, 46, 36, 35, 34, 44, 16, 23, 20, 50, 29, 30, 2, 7, 42, 21, 17, 3, 18, 31, 22]

Individual 124:
  Route length: 8274
  Contribution to Diversity: -0.0001313618791218829
  Route: [1, 32, 49, 45, 19, 41, 8, 9, 10, 43, 33, 51, 11, 52, 14, 13, 28, 12, 27, 26, 47, 25, 4, 6, 24, 5, 15, 38, 48, 37, 40, 39, 36, 35, 34, 44, 46, 29, 16, 50, 20, 23, 30, 2, 7, 42, 21, 17, 3, 18, 31, 22]

Individual 125:
  Route length: 8246
  Contribution to Diversity: -0.00010297712215745491
  Route: [1, 49, 32, 19, 45, 41, 8, 9, 10, 43, 33, 51, 11, 52, 14, 13, 47, 26, 27, 28, 12, 25, 4, 15, 48, 5, 6, 24, 38, 37, 39, 40, 44, 35, 34, 36, 46, 16, 29, 50, 20, 23, 2, 7, 42, 30, 21, 17, 3, 18, 31, 22]

Individual 126:
  Route length: 8159
  Contribution to Diversity: 1.5713212733636794e-05
  Route: [1, 49, 32, 45, 19, 8, 41, 10, 9, 43, 33, 51, 11, 52, 14, 13, 47, 26, 27, 28, 12, 6, 4, 25, 48, 24, 15, 5, 38, 40, 37, 35, 36, 39, 34, 44, 46, 16, 29, 20, 50, 23, 30, 21, 42, 2, 7, 17, 3, 18, 31, 22]

Individual 127:
  Route length: 8295
  Contribution to Diversity: 0.0010313312158327648
  Route: [1, 49, 32, 45, 41, 19, 8, 9, 10, 43, 33, 51, 11, 52, 14, 13, 27, 47, 26, 28, 12, 25, 15, 6, 4, 5, 24, 36, 35, 38, 37, 40, 39, 34, 44, 48, 46, 16, 29, 50, 20, 23, 30, 42, 2, 7, 21, 17, 3, 18, 31, 22]

Individual 128:
  Route length: 8271
  Contribution to Diversity: 8.17584898955559e-05
  Route: [1, 49, 32, 45, 19, 41, 8, 9, 10, 43, 33, 51, 11, 52, 14, 13, 47, 27, 26, 28, 12, 25, 4, 6, 37, 40, 5, 24, 48, 38, 15, 39, 34, 36, 35, 44, 46, 16, 29, 50, 20, 42, 7, 2, 30, 23, 21, 17, 3, 18, 31, 22]

Individual 129:
  Route length: 8277
  Contribution to Diversity: 7.658625800210928e-06
  Route: [1, 49, 32, 19, 45, 41, 8, 9, 10, 43, 33, 51, 11, 52, 14, 13, 47, 26, 27, 28, 12, 25, 4, 15, 48, 5, 6, 24, 38, 37, 44, 40, 39, 35, 34, 36, 46, 16, 29, 50, 20, 23, 2, 7, 42, 30, 21, 17, 3, 18, 31, 22]

Individual 130:
  Route length: 8263
  Contribution to Diversity: 0.00011147649390430558
  Route: [1, 49, 32, 19, 45, 41, 8, 9, 10, 43, 33, 51, 11, 52, 13, 14, 47, 26, 27, 28, 12, 25, 4, 5, 15, 24, 48, 6, 40, 39, 37, 38, 36, 44, 35, 34, 46, 16, 29, 50, 20, 23, 42, 7, 2, 30, 21, 17, 3, 18, 31, 22]

Individual 131:
  Route length: 8283
  Contribution to Diversity: 6.249343309416844e-05
  Route: [1, 49, 32, 45, 41, 19, 8, 9, 10, 43, 33, 51, 11, 52, 14, 13, 26, 47, 27, 28, 12, 25, 4, 6, 15, 5, 24, 37, 38, 35, 36, 48, 39, 40, 44, 34, 46, 16, 29, 50, 20, 23, 30, 42, 2, 7, 21, 17, 3, 18, 31, 22]

Individual 132:
  Route length: 8243
  Contribution to Diversity: 7.312593663932887e-06
  Route: [1, 49, 32, 45, 19, 10, 9, 8, 41, 43, 33, 51, 11, 52, 13, 14, 47, 26, 27, 28, 12, 25, 4, 15, 6, 5, 24, 48, 40, 38, 37, 39, 44, 35, 36, 34, 46, 16, 29, 50, 20, 23, 30, 2, 7, 42, 21, 31, 18, 3, 17, 22]

Individual 133:
  Route length: 8235
  Contribution to Diversity: -3.032100835298479e-06
  Route: [1, 49, 32, 45, 41, 19, 8, 9, 10, 43, 33, 51, 11, 52, 14, 13, 26, 47, 27, 28, 12, 25, 4, 6, 15, 5, 24, 37, 38, 35, 36, 40, 48, 39, 44, 34, 46, 16, 29, 50, 20, 23, 30, 42, 2, 7, 21, 17, 3, 18, 31, 22]

Individual 134:
  Route length: 8294
  Contribution to Diversity: -0.00014394426312769326
  Route: [1, 49, 32, 45, 19, 41, 8, 9, 10, 43, 33, 51, 11, 52, 14, 13, 47, 26, 28, 27, 12, 25, 4, 6, 15, 5, 24, 48, 38, 40, 37, 39, 36, 44, 34, 35, 46, 16, 29, 50, 20, 23, 30, 42, 2, 7, 21, 18, 31, 22, 3, 17]

Individual 135:
  Route length: 8282
  Contribution to Diversity: 0.0006722748093155317
  Route: [1, 49, 32, 19, 45, 8, 41, 9, 10, 43, 33, 51, 11, 52, 14, 13, 47, 26, 27, 28, 12, 25, 4, 6, 5, 24, 15, 38, 37, 40, 39, 48, 44, 34, 35, 36, 46, 16, 29, 50, 20, 23, 30, 42, 7, 2, 21, 31, 18, 17, 3, 22]

Individual 136:
  Route length: 8275
  Contribution to Diversity: 0.00011614192160180892
  Route: [1, 49, 32, 45, 19, 41, 8, 9, 10, 33, 43, 51, 11, 52, 14, 13, 47, 26, 27, 28, 12, 25, 4, 6, 15, 5, 38, 39, 24, 48, 40, 37, 44, 34, 36, 35, 46, 16, 23, 50, 20, 29, 30, 7, 2, 42, 21, 17, 3, 18, 31, 22]

Individual 137:
  Route length: 8270
  Contribution to Diversity: 0.0007054341424765909
  Route: [1, 49, 32, 45, 19, 8, 41, 10, 9, 43, 33, 51, 11, 52, 14, 13, 26, 47, 27, 28, 12, 6, 4, 25, 48, 24, 15, 5, 38, 37, 40, 35, 36, 39, 34, 44, 46, 16, 29, 20, 50, 23, 30, 21, 42, 2, 7, 17, 3, 18, 31, 22]

Individual 138:
  Route length: 8258
  Contribution to Diversity: 0.00029278244881858484
  Route: [1, 32, 49, 45, 19, 41, 8, 9, 10, 43, 33, 51, 11, 52, 13, 14, 47, 26, 27, 28, 12, 5, 25, 6, 15, 4, 37, 38, 48, 24, 40, 34, 36, 39, 35, 44, 46, 16, 29, 50, 20, 23, 30, 42, 2, 7, 21, 17, 3, 18, 31, 22]

Individual 139:
  Route length: 8229
  Contribution to Diversity: 0.00015612256915620293
  Route: [1, 49, 32, 45, 41, 19, 8, 9, 10, 43, 33, 51, 11, 52, 14, 13, 26, 47, 27, 28, 12, 25, 4, 6, 5, 15, 38, 35, 36, 24, 37, 40, 39, 34, 44, 48, 46, 16, 29, 50, 20, 23, 30, 42, 2, 7, 21, 17, 3, 18, 31, 22]

Individual 140:
  Route length: 8270
  Contribution to Diversity: -0.00015290877702067718
  Route: [1, 32, 49, 45, 19, 41, 8, 9, 10, 43, 33, 51, 11, 52, 14, 13, 28, 12, 27, 26, 47, 25, 4, 6, 38, 15, 5, 24, 48, 37, 40, 39, 36, 35, 34, 44, 46, 29, 16, 50, 20, 23, 30, 2, 7, 42, 21, 17, 3, 18, 31, 22]

Individual 141:
  Route length: 8266
  Contribution to Diversity: -4.273501507334743e-06
  Route: [1, 49, 32, 45, 19, 41, 8, 9, 10, 43, 33, 51, 11, 52, 13, 14, 47, 26, 27, 28, 12, 5, 15, 6, 38, 4, 25, 24, 48, 37, 40, 35, 39, 36, 34, 44, 46, 16, 29, 50, 20, 23, 30, 2, 7, 42, 31, 21, 17, 3, 18, 22]

Individual 142:
  Route length: 8285
  Contribution to Diversity: 0.0003757213101742707
  Route: [1, 49, 32, 45, 19, 41, 8, 9, 10, 43, 33, 51, 11, 52, 14, 13, 27, 26, 47, 28, 25, 12, 4, 48, 24, 5, 15, 6, 38, 35, 36, 39, 40, 37, 34, 44, 46, 16, 29, 20, 50, 23, 30, 42, 7, 2, 21, 17, 3, 18, 31, 22]

Individual 143:
  Route length: 8285
  Contribution to Diversity: 0.00010281968365255523
  Route: [1, 45, 49, 32, 19, 41, 8, 9, 10, 43, 33, 51, 11, 52, 14, 13, 47, 26, 27, 28, 12, 4, 25, 6, 15, 5, 38, 48, 24, 36, 35, 34, 37, 39, 40, 46, 44, 16, 29, 50, 20, 23, 30, 42, 2, 7, 21, 17, 3, 18, 31, 22]

Individual 144:
  Route length: 8271
  Contribution to Diversity: 0.000627469228259514
  Route: [1, 49, 32, 45, 19, 41, 8, 9, 10, 43, 33, 51, 11, 52, 14, 13, 47, 26, 28, 27, 12, 25, 4, 6, 15, 5, 24, 48, 38, 39, 40, 37, 34, 36, 35, 44, 20, 50, 29, 16, 46, 23, 30, 42, 7, 2, 17, 3, 18, 31, 21, 22]

Individual 145:
  Route length: 8291
  Contribution to Diversity: 0.00012930803637178911
  Route: [1, 49, 32, 45, 19, 41, 8, 9, 10, 43, 33, 51, 11, 52, 13, 14, 47, 26, 28, 27, 12, 25, 4, 6, 15, 5, 24, 48, 38, 39, 40, 37, 35, 34, 36, 44, 20, 50, 29, 16, 46, 23, 30, 2, 7, 42, 17, 3, 18, 31, 21, 22]

Individual 146:
  Route length: 8253
  Contribution to Diversity: 1.6383601684211158e-06
  Route: [1, 49, 32, 19, 45, 41, 8, 9, 10, 43, 33, 51, 11, 52, 14, 13, 47, 26, 27, 28, 12, 25, 4, 15, 48, 5, 6, 24, 38, 37, 39, 40, 34, 35, 44, 36, 46, 16, 29, 50, 20, 23, 2, 7, 42, 30, 21, 17, 3, 18, 31, 22]

Individual 147:
  Route length: 8197
  Contribution to Diversity: 0.000415706321599707
  Route: [1, 49, 32, 45, 19, 41, 8, 10, 9, 43, 33, 51, 11, 52, 13, 14, 47, 26, 27, 28, 12, 6, 4, 25, 15, 5, 24, 48, 38, 40, 37, 35, 36, 39, 34, 46, 44, 16, 29, 30, 23, 20, 50, 21, 42, 2, 7, 17, 3, 18, 31, 22]

Individual 148:
  Route length: 8293
  Contribution to Diversity: 0.0002732265605933648
  Route: [1, 49, 32, 45, 19, 41, 8, 9, 10, 43, 33, 51, 11, 52, 14, 13, 47, 26, 27, 28, 12, 24, 6, 15, 4, 25, 5, 48, 38, 40, 37, 39, 36, 35, 46, 44, 34, 16, 29, 50, 20, 23, 30, 2, 7, 42, 21, 31, 18, 3, 17, 22]

Individual 149:
  Route length: 8267
  Contribution to Diversity: 0.0001598454598603638
  Route: [1, 49, 32, 45, 19, 41, 8, 9, 10, 43, 33, 51, 11, 52, 13, 14, 47, 26, 27, 28, 12, 5, 15, 6, 38, 48, 24, 25, 4, 40, 37, 36, 39, 35, 34, 44, 46, 16, 29, 50, 20, 23, 30, 2, 7, 42, 31, 21, 17, 3, 18, 22]

Total Entropy H: 5.109761576547687
