Individual 0:
  Route length: 22538
  Contribution to Diversity: 0.0338007753367604
  Route: [27, 10, 18, 33, 43, 3, 17, 23, 13, 14, 52, 21, 35, 44, 40, 28, 16, 46, 39, 36, 11, 9, 41, 37, 19, 45, 49, 42, 7, 2, 31, 32, 29, 25, 4, 5, 15, 6, 12, 48, 24, 38, 26, 8, 1, 51, 50, 20, 30, 47, 34, 22]

Individual 1:
  Route length: 22215
  Contribution to Diversity: 0.041696233707619434
  Route: [17, 14, 52, 11, 12, 28, 43, 24, 39, 23, 36, 35, 34, 16, 47, 13, 15, 49, 48, 45, 51, 26, 1, 9, 31, 46, 44, 38, 5, 20, 42, 29, 18, 3, 37, 27, 33, 41, 7, 2, 40, 10, 8, 32, 21, 50, 6, 19, 4, 25, 30, 22]

Individual 2:
  Route length: 22067
  Contribution to Diversity: 0.028572762823854347
  Route: [1, 38, 48, 16, 39, 17, 3, 51, 33, 41, 28, 37, 7, 21, 5, 40, 29, 50, 42, 44, 24, 6, 35, 34, 2, 30, 23, 20, 14, 52, 11, 8, 9, 10, 43, 46, 49, 32, 45, 27, 13, 15, 4, 26, 19, 12, 36, 47, 25, 18, 31, 22]

Individual 3:
  Route length: 22475
  Contribution to Diversity: 0.039720867404817284
  Route: [1, 39, 35, 40, 15, 8, 28, 11, 52, 9, 7, 20, 12, 13, 30, 29, 36, 31, 21, 41, 5, 19, 18, 3, 42, 2, 25, 26, 23, 34, 37, 27, 6, 4, 10, 45, 32, 44, 50, 43, 33, 51, 49, 38, 48, 24, 16, 46, 47, 14, 17, 22]

Individual 4:
  Route length: 22619
  Contribution to Diversity: 0.04079334883505492
  Route: [37, 48, 46, 4, 35, 47, 20, 23, 38, 45, 8, 33, 51, 2, 39, 9, 43, 10, 40, 26, 27, 28, 16, 13, 14, 11, 30, 50, 5, 41, 52, 25, 32, 49, 44, 31, 34, 36, 17, 7, 42, 3, 18, 15, 24, 1, 29, 21, 6, 12, 19, 22]

Individual 5:
  Route length: 22280
  Contribution to Diversity: 0
  Route: [44, 20, 34, 43, 3, 31, 32, 37, 26, 29, 2, 7, 50, 18, 33, 1, 30, 27, 47, 11, 36, 39, 40, 41, 13, 14, 52, 21, 17, 25, 12, 48, 24, 35, 6, 4, 38, 28, 9, 45, 19, 15, 5, 51, 8, 10, 23, 42, 46, 16, 49, 22]

Individual 6:
  Route length: 22489
  Contribution to Diversity: 0.025318191542925916
  Route: [1, 27, 15, 8, 20, 13, 26, 49, 28, 44, 3, 2, 17, 7, 23, 42, 30, 52, 11, 16, 29, 32, 43, 33, 51, 46, 10, 45, 4, 6, 25, 24, 48, 37, 34, 35, 50, 36, 21, 41, 19, 40, 39, 38, 9, 47, 14, 5, 12, 18, 31, 22]

Individual 7:
  Route length: 22569
  Contribution to Diversity: 0.03120650735163988
  Route: [46, 43, 33, 9, 30, 35, 19, 12, 52, 15, 6, 45, 16, 48, 38, 49, 1, 8, 2, 7, 27, 28, 10, 25, 4, 23, 40, 36, 14, 13, 47, 44, 20, 29, 39, 26, 41, 34, 31, 50, 32, 18, 3, 17, 21, 42, 37, 51, 11, 5, 24, 22]

Individual 8:
  Route length: 22069
  Contribution to Diversity: 0.027624208359939395
  Route: [1, 34, 36, 12, 33, 4, 6, 14, 19, 8, 41, 5, 35, 40, 29, 37, 24, 47, 21, 42, 10, 9, 17, 44, 39, 49, 15, 52, 3, 38, 43, 50, 45, 32, 13, 11, 51, 26, 20, 23, 30, 31, 2, 7, 48, 25, 28, 27, 46, 16, 18, 22]

Individual 9:
  Route length: 22517
  Contribution to Diversity: 0.021923495830735718
  Route: [9, 10, 43, 33, 51, 11, 28, 26, 27, 15, 5, 12, 49, 39, 48, 21, 34, 40, 3, 1, 17, 25, 4, 6, 14, 19, 24, 36, 35, 47, 32, 7, 23, 46, 44, 45, 42, 31, 18, 30, 2, 20, 29, 16, 13, 41, 8, 50, 52, 37, 38, 22]

Individual 10:
  Route length: 22435
  Contribution to Diversity: 0.02665634077388379
  Route: [38, 35, 20, 34, 9, 13, 26, 47, 44, 48, 24, 5, 15, 6, 27, 28, 40, 49, 1, 50, 52, 23, 37, 19, 45, 21, 3, 32, 33, 36, 51, 11, 29, 16, 30, 2, 8, 41, 7, 42, 43, 10, 46, 17, 39, 14, 12, 25, 4, 18, 31, 22]

Individual 11:
  Route length: 22472
  Contribution to Diversity: 0.026226040103692227
  Route: [1, 20, 34, 50, 45, 15, 6, 47, 10, 9, 18, 36, 40, 12, 28, 4, 26, 21, 17, 7, 42, 23, 32, 49, 44, 3, 16, 43, 24, 5, 35, 38, 2, 46, 51, 33, 25, 30, 14, 29, 27, 8, 41, 19, 48, 39, 13, 11, 52, 37, 31, 22]

Individual 12:
  Route length: 22281
  Contribution to Diversity: 0.035384621801674676
  Route: [45, 48, 51, 26, 1, 30, 24, 31, 40, 18, 3, 32, 29, 50, 21, 39, 23, 5, 38, 37, 16, 34, 35, 36, 13, 47, 15, 6, 42, 20, 17, 19, 27, 14, 7, 2, 44, 52, 11, 49, 28, 12, 25, 4, 33, 46, 43, 9, 8, 41, 10, 22]

Individual 13:
  Route length: 22012
  Contribution to Diversity: 0
  Route: [21, 47, 13, 16, 46, 39, 38, 37, 5, 14, 15, 52, 40, 50, 20, 32, 49, 30, 23, 11, 7, 17, 2, 31, 18, 34, 41, 8, 9, 10, 43, 33, 48, 19, 45, 35, 12, 51, 24, 1, 42, 25, 44, 29, 3, 36, 28, 27, 26, 4, 6, 22]

Individual 14:
  Route length: 22371
  Contribution to Diversity: 0
  Route: [21, 47, 13, 16, 46, 50, 40, 52, 15, 14, 5, 37, 38, 39, 20, 32, 49, 30, 23, 11, 7, 17, 2, 31, 18, 34, 41, 8, 9, 10, 43, 33, 48, 19, 45, 35, 12, 51, 24, 1, 42, 25, 44, 29, 3, 36, 28, 27, 26, 4, 6, 22]

Individual 15:
  Route length: 22200
  Contribution to Diversity: 0.03152399901829028
  Route: [2, 7, 42, 21, 17, 8, 1, 49, 32, 45, 19, 5, 34, 40, 35, 52, 36, 24, 15, 10, 28, 12, 44, 18, 4, 27, 26, 47, 14, 46, 29, 50, 3, 11, 41, 25, 6, 38, 23, 20, 9, 30, 37, 43, 33, 13, 48, 39, 51, 16, 31, 22]

Individual 16:
  Route length: 21997
  Contribution to Diversity: 0.005470543576154618
  Route: [6, 44, 24, 47, 26, 29, 33, 51, 14, 13, 52, 7, 3, 45, 18, 17, 16, 5, 15, 38, 34, 39, 40, 46, 35, 12, 28, 4, 43, 49, 37, 8, 36, 25, 9, 10, 32, 27, 1, 48, 41, 11, 50, 42, 21, 30, 23, 31, 19, 2, 20, 22]

Individual 17:
  Route length: 22102
  Contribution to Diversity: 0
  Route: [44, 20, 34, 43, 3, 31, 32, 37, 26, 29, 50, 7, 2, 18, 33, 1, 30, 27, 47, 11, 36, 39, 40, 41, 13, 14, 52, 21, 17, 25, 12, 48, 24, 35, 6, 4, 38, 28, 9, 45, 19, 15, 5, 51, 8, 10, 23, 42, 46, 16, 49, 22]

Individual 18:
  Route length: 21862
  Contribution to Diversity: 0.004067411631701212
  Route: [6, 44, 24, 47, 26, 29, 33, 51, 14, 13, 52, 7, 3, 45, 18, 17, 16, 5, 15, 38, 34, 39, 40, 46, 48, 1, 27, 32, 10, 9, 25, 36, 8, 37, 49, 43, 4, 28, 12, 35, 41, 11, 50, 42, 21, 30, 23, 31, 19, 2, 20, 22]

Individual 19:
  Route length: 22558
  Contribution to Diversity: 0.03285233668677279
  Route: [46, 2, 15, 13, 26, 28, 52, 11, 51, 24, 48, 39, 40, 27, 4, 33, 25, 6, 1, 16, 44, 21, 31, 18, 3, 23, 14, 47, 29, 37, 17, 7, 36, 34, 19, 20, 12, 9, 8, 30, 43, 49, 32, 35, 5, 10, 45, 50, 41, 42, 38, 22]

Total Entropy H: 6.120596755630268
