Individual 0:
  Route length: 9404
  Contribution to Diversity: 0.014313086035071976
  Route: [16, 29, 20, 50, 30, 21, 23, 2, 7, 42, 17, 3, 41, 8, 9, 10, 43, 33, 51, 11, 52, 14, 13, 27, 26, 47, 28, 12, 4, 39, 40, 37, 46, 25, 5, 38, 24, 48, 15, 6, 34, 35, 44, 1, 49, 32, 36, 19, 45, 18, 31, 22]

Individual 1:
  Route length: 9394
  Contribution to Diversity: 0.006348112050001298
  Route: [1, 38, 37, 43, 4, 6, 25, 33, 51, 11, 52, 14, 13, 47, 26, 27, 28, 12, 5, 15, 48, 24, 46, 16, 29, 20, 50, 23, 30, 2, 7, 42, 21, 17, 3, 41, 10, 9, 8, 19, 45, 40, 44, 34, 35, 36, 49, 32, 39, 18, 31, 22]

Individual 2:
  Route length: 9415
  Contribution to Diversity: 0.006651083643332889
  Route: [1, 49, 32, 45, 19, 41, 8, 9, 10, 43, 33, 28, 27, 26, 47, 13, 14, 52, 11, 51, 12, 6, 25, 4, 15, 24, 48, 37, 40, 5, 21, 2, 7, 42, 30, 23, 20, 50, 29, 44, 46, 16, 39, 38, 34, 35, 36, 17, 3, 18, 31, 22]

Individual 3:
  Route length: 9350
  Contribution to Diversity: 0.014698711346143867
  Route: [3, 18, 1, 31, 30, 29, 2, 7, 42, 17, 21, 23, 20, 50, 16, 46, 38, 24, 6, 5, 39, 36, 35, 34, 44, 45, 19, 41, 8, 10, 9, 43, 33, 51, 11, 52, 14, 13, 27, 26, 47, 28, 12, 25, 4, 15, 48, 37, 49, 40, 32, 22]

Individual 4:
  Route length: 9427
  Contribution to Diversity: 0.0068495971038951
  Route: [1, 49, 32, 19, 45, 41, 8, 9, 10, 43, 6, 15, 4, 28, 27, 26, 47, 13, 14, 52, 11, 33, 51, 12, 25, 24, 48, 5, 37, 38, 36, 46, 35, 40, 39, 34, 16, 29, 50, 20, 44, 23, 30, 7, 2, 42, 21, 17, 18, 3, 31, 22]

Individual 5:
  Route length: 9391
  Contribution to Diversity: 0.00938746668246715
  Route: [40, 38, 15, 4, 25, 12, 28, 47, 26, 27, 13, 14, 52, 11, 51, 33, 10, 9, 8, 41, 19, 45, 35, 34, 48, 6, 43, 32, 1, 46, 16, 44, 36, 49, 39, 5, 24, 37, 29, 50, 20, 23, 30, 42, 7, 2, 21, 17, 3, 18, 31, 22]

Individual 6:
  Route length: 9340
  Contribution to Diversity: 0.00434245018531243
  Route: [1, 49, 44, 38, 6, 37, 34, 46, 16, 29, 50, 20, 23, 30, 21, 7, 2, 42, 17, 3, 18, 31, 32, 45, 19, 41, 9, 8, 10, 43, 12, 28, 27, 26, 47, 14, 13, 52, 11, 51, 33, 4, 48, 25, 24, 40, 15, 5, 39, 36, 35, 22]

Individual 7:
  Route length: 9388
  Contribution to Diversity: 0.021050157042785678
  Route: [1, 45, 19, 41, 8, 9, 10, 43, 33, 51, 11, 52, 14, 13, 27, 47, 26, 28, 12, 25, 6, 5, 15, 24, 48, 40, 36, 35, 39, 44, 37, 38, 4, 46, 16, 29, 50, 30, 21, 42, 7, 2, 23, 17, 3, 32, 34, 20, 31, 18, 49, 22]

Individual 8:
  Route length: 9392
  Contribution to Diversity: 0.009372516214416926
  Route: [1, 49, 32, 45, 19, 41, 8, 9, 10, 43, 33, 51, 11, 47, 14, 13, 52, 26, 27, 28, 12, 24, 39, 35, 50, 20, 36, 44, 37, 40, 38, 48, 25, 4, 6, 5, 15, 34, 46, 16, 29, 23, 30, 7, 2, 42, 21, 17, 3, 18, 31, 22]

Individual 9:
  Route length: 9404
  Contribution to Diversity: 0.004707253453383409
  Route: [31, 18, 32, 45, 19, 41, 3, 17, 42, 2, 7, 23, 21, 30, 29, 50, 20, 16, 48, 15, 6, 8, 9, 10, 43, 33, 51, 11, 52, 14, 13, 47, 26, 27, 28, 12, 4, 25, 24, 5, 40, 37, 46, 35, 36, 49, 38, 39, 34, 44, 1, 22]

Individual 10:
  Route length: 9415
  Contribution to Diversity: 0.0028326074947635504
  Route: [32, 34, 44, 35, 40, 15, 5, 46, 38, 49, 39, 36, 37, 6, 48, 4, 24, 25, 12, 28, 47, 26, 27, 13, 14, 52, 11, 51, 33, 43, 10, 9, 8, 41, 19, 45, 3, 31, 21, 17, 42, 7, 2, 20, 30, 29, 16, 50, 23, 1, 18, 22]

Individual 11:
  Route length: 9264
  Contribution to Diversity: 0.006561811736733425
  Route: [1, 23, 18, 31, 21, 17, 42, 7, 2, 29, 20, 50, 30, 3, 45, 19, 41, 8, 9, 10, 43, 33, 51, 11, 52, 14, 13, 27, 47, 26, 28, 12, 25, 15, 6, 46, 16, 44, 34, 35, 40, 37, 48, 4, 24, 5, 38, 49, 36, 39, 32, 22]

Individual 12:
  Route length: 9412
  Contribution to Diversity: 0.011968886420063107
  Route: [1, 49, 35, 32, 45, 19, 41, 10, 8, 9, 33, 51, 11, 52, 14, 13, 47, 26, 27, 28, 12, 43, 4, 6, 39, 48, 36, 37, 38, 15, 24, 46, 25, 5, 44, 40, 34, 16, 29, 50, 20, 23, 30, 2, 7, 42, 21, 17, 3, 31, 18, 22]

Individual 13:
  Route length: 9366
  Contribution to Diversity: 0.006423033227500596
  Route: [35, 39, 15, 40, 24, 5, 4, 33, 51, 11, 52, 14, 13, 47, 26, 27, 28, 12, 43, 8, 10, 9, 41, 19, 45, 32, 31, 18, 3, 17, 21, 2, 7, 42, 30, 23, 20, 50, 29, 16, 48, 46, 44, 37, 34, 25, 6, 38, 36, 49, 1, 22]

Individual 14:
  Route length: 9286
  Contribution to Diversity: 0.006670564938802137
  Route: [1, 49, 35, 48, 40, 5, 36, 46, 44, 34, 39, 15, 6, 4, 25, 12, 28, 27, 26, 47, 14, 13, 52, 11, 51, 33, 43, 10, 9, 8, 19, 41, 45, 32, 31, 3, 18, 17, 21, 42, 7, 2, 30, 23, 38, 24, 37, 16, 29, 20, 50, 22]

Individual 15:
  Route length: 9395
  Contribution to Diversity: 0.0017266649837361925
  Route: [32, 34, 44, 35, 39, 49, 38, 46, 5, 15, 40, 36, 37, 6, 48, 4, 24, 25, 12, 28, 47, 26, 27, 13, 14, 52, 11, 51, 33, 43, 10, 9, 8, 41, 19, 45, 3, 31, 21, 17, 42, 7, 2, 20, 30, 29, 16, 50, 23, 18, 1, 22]

Individual 16:
  Route length: 9339
  Contribution to Diversity: 0.0066468894524396305
  Route: [18, 31, 19, 41, 45, 32, 39, 35, 36, 34, 44, 49, 1, 46, 40, 5, 24, 6, 15, 37, 38, 16, 50, 20, 23, 29, 30, 2, 7, 42, 21, 17, 3, 8, 9, 10, 43, 33, 51, 11, 52, 13, 14, 47, 26, 27, 28, 12, 25, 4, 48, 22]

Individual 17:
  Route length: 9420
  Contribution to Diversity: 0.004301835699251022
  Route: [35, 44, 20, 50, 46, 24, 5, 25, 4, 6, 48, 37, 40, 38, 36, 39, 15, 43, 12, 28, 27, 26, 47, 13, 14, 52, 11, 51, 33, 10, 8, 9, 41, 19, 45, 32, 1, 49, 31, 18, 3, 17, 21, 42, 7, 2, 30, 23, 29, 16, 34, 22]

Individual 18:
  Route length: 9304
  Contribution to Diversity: 0.0044356835386496485
  Route: [1, 49, 32, 19, 45, 41, 8, 9, 10, 43, 25, 12, 28, 27, 26, 47, 13, 14, 52, 11, 33, 51, 4, 15, 6, 5, 48, 24, 37, 38, 36, 35, 46, 39, 40, 34, 16, 44, 20, 50, 29, 23, 30, 7, 2, 42, 21, 17, 18, 3, 31, 22]

Individual 19:
  Route length: 9418
  Contribution to Diversity: 0.011673872646830397
  Route: [31, 18, 3, 17, 21, 42, 7, 2, 30, 23, 1, 49, 32, 45, 19, 8, 41, 10, 9, 43, 33, 51, 11, 28, 27, 26, 52, 13, 14, 47, 12, 25, 4, 6, 35, 36, 40, 38, 16, 46, 48, 24, 5, 15, 37, 39, 34, 44, 50, 20, 29, 22]

Total Entropy H: 5.100019447614303
