Individual 0:
  Route length: 9418
  Contribution to Diversity: 0.051712845435559984
  Route: [49, 48, 15, 24, 38, 37, 4, 6, 25, 51, 11, 52, 14, 26, 47, 13, 27, 28, 12, 33, 43, 10, 9, 8, 41, 19, 45, 5, 40, 39, 36, 35, 44, 20, 30, 42, 7, 2, 21, 17, 3, 32, 34, 46, 16, 29, 50, 23, 31, 18, 1, 22]

Individual 1:
  Route length: 9384
  Contribution to Diversity: 0.04258226491314243
  Route: [18, 31, 35, 36, 39, 38, 6, 4, 24, 37, 40, 34, 50, 23, 20, 16, 46, 5, 15, 25, 12, 28, 27, 47, 26, 13, 14, 52, 11, 51, 33, 43, 10, 9, 8, 41, 19, 45, 1, 32, 49, 44, 48, 29, 30, 21, 42, 7, 2, 17, 3, 22]

Individual 2:
  Route length: 9419
  Contribution to Diversity: 0.029927766578590642
  Route: [36, 25, 5, 39, 15, 38, 24, 19, 8, 41, 9, 10, 43, 33, 51, 11, 52, 13, 14, 47, 26, 27, 28, 12, 6, 4, 48, 35, 34, 45, 32, 31, 18, 3, 17, 21, 42, 7, 2, 30, 23, 20, 50, 29, 16, 44, 46, 37, 40, 49, 1, 22]

Individual 3:
  Route length: 9401
  Contribution to Diversity: 0.00860420497138481
  Route: [32, 49, 1, 20, 29, 35, 34, 38, 46, 44, 16, 50, 30, 23, 2, 21, 42, 7, 17, 3, 45, 19, 41, 8, 9, 10, 43, 33, 51, 11, 52, 14, 13, 47, 26, 27, 28, 12, 25, 4, 15, 6, 5, 48, 24, 40, 37, 36, 39, 18, 31, 22]

Individual 4:
  Route length: 9407
  Contribution to Diversity: 0.049768496462429646
  Route: [3, 17, 2, 7, 42, 21, 23, 30, 50, 20, 29, 16, 46, 24, 39, 36, 40, 12, 28, 26, 47, 27, 13, 14, 52, 11, 51, 33, 43, 9, 10, 8, 41, 19, 45, 1, 31, 18, 32, 35, 37, 38, 15, 6, 48, 25, 4, 5, 44, 49, 34, 22]

Individual 5:
  Route length: 9368
  Contribution to Diversity: 0.02786759680735429
  Route: [49, 35, 39, 36, 44, 29, 34, 48, 46, 16, 50, 20, 31, 1, 23, 30, 2, 7, 42, 21, 17, 19, 40, 24, 37, 38, 5, 15, 6, 4, 25, 12, 28, 27, 26, 47, 14, 13, 52, 11, 51, 33, 43, 10, 9, 8, 41, 45, 3, 18, 32, 22]

Individual 6:
  Route length: 9370
  Contribution to Diversity: 0.018403183850633553
  Route: [44, 34, 35, 5, 15, 6, 4, 25, 1, 49, 37, 36, 39, 40, 38, 46, 48, 24, 12, 28, 27, 26, 47, 13, 14, 52, 11, 51, 33, 43, 10, 9, 8, 41, 19, 45, 32, 29, 16, 50, 20, 18, 23, 30, 42, 7, 2, 21, 17, 3, 31, 22]

Individual 7:
  Route length: 9409
  Contribution to Diversity: 0.018681212210294618
  Route: [1, 49, 31, 18, 3, 17, 21, 42, 7, 2, 30, 23, 50, 20, 29, 16, 46, 6, 25, 12, 28, 27, 26, 47, 14, 13, 52, 11, 51, 4, 37, 43, 33, 10, 8, 45, 19, 41, 9, 35, 40, 38, 24, 48, 5, 15, 39, 36, 44, 34, 32, 22]

Individual 8:
  Route length: 9422
  Contribution to Diversity: 0.013410488258723596
  Route: [1, 29, 50, 20, 16, 46, 48, 39, 36, 35, 40, 37, 34, 38, 24, 6, 5, 15, 4, 25, 12, 28, 27, 26, 47, 13, 14, 52, 51, 11, 33, 43, 10, 9, 8, 41, 19, 45, 17, 3, 18, 31, 44, 21, 42, 7, 2, 30, 23, 32, 49, 22]

Individual 9:
  Route length: 9410
  Contribution to Diversity: 0.022301054612015037
  Route: [1, 31, 18, 3, 17, 2, 7, 42, 21, 30, 23, 20, 50, 29, 16, 32, 49, 44, 38, 34, 35, 46, 40, 48, 37, 36, 39, 19, 8, 41, 9, 10, 43, 33, 51, 11, 52, 13, 14, 47, 26, 27, 28, 12, 6, 24, 25, 4, 5, 15, 45, 22]

Total Entropy H: 4.949474621725087
