Individual 0:
  Route length: 8006
  Contribution to Diversity: 0
  Route: [1, 49, 32, 45, 40, 37, 38, 48, 24, 5, 15, 6, 4, 25, 12, 28, 27, 26, 47, 13, 14, 52, 11, 51, 33, 43, 10, 9, 8, 41, 19, 39, 36, 35, 34, 44, 46, 16, 29, 50, 20, 23, 30, 2, 7, 42, 21, 17, 3, 18, 31, 22]

Individual 1:
  Route length: 8211
  Contribution to Diversity: 0
  Route: [1, 49, 32, 45, 19, 41, 8, 9, 10, 43, 33, 51, 11, 52, 14, 13, 47, 26, 27, 28, 48, 24, 5, 15, 6, 4, 25, 12, 38, 37, 40, 39, 36, 35, 34, 44, 46, 16, 29, 50, 20, 23, 30, 2, 7, 42, 21, 17, 3, 18, 31, 22]

Individual 2:
  Route length: 8098
  Contribution to Diversity: 0
  Route: [1, 42, 7, 2, 30, 23, 20, 50, 29, 16, 46, 44, 34, 35, 36, 39, 40, 37, 38, 48, 24, 5, 15, 6, 4, 25, 12, 28, 27, 26, 47, 13, 14, 52, 11, 51, 33, 43, 10, 9, 8, 41, 19, 45, 32, 49, 21, 17, 3, 18, 31, 22]

Individual 3:
  Route length: 8182
  Contribution to Diversity: 0.0036357436087133266
  Route: [1, 49, 32, 45, 19, 41, 8, 9, 10, 43, 33, 51, 11, 52, 14, 13, 47, 26, 27, 28, 12, 25, 4, 6, 15, 5, 24, 48, 38, 3, 17, 21, 42, 7, 2, 30, 23, 20, 50, 29, 16, 46, 44, 34, 35, 36, 39, 40, 37, 18, 31, 22]

Individual 4:
  Route length: 8746
  Contribution to Diversity: 0.007743742425527778
  Route: [1, 49, 32, 45, 40, 37, 38, 48, 24, 5, 15, 6, 4, 25, 12, 28, 27, 26, 47, 13, 14, 52, 11, 51, 33, 44, 34, 35, 36, 39, 19, 41, 8, 9, 10, 43, 46, 16, 29, 50, 20, 23, 30, 2, 7, 42, 21, 17, 3, 18, 31, 22]

Individual 5:
  Route length: 8778
  Contribution to Diversity: 0.007743742425527778
  Route: [1, 49, 32, 45, 40, 37, 38, 48, 24, 5, 15, 6, 4, 25, 12, 28, 27, 26, 47, 13, 14, 52, 11, 51, 33, 43, 18, 3, 17, 21, 42, 7, 2, 30, 23, 20, 50, 29, 16, 46, 44, 34, 35, 36, 39, 19, 41, 8, 9, 10, 31, 22]

Individual 6:
  Route length: 8485
  Contribution to Diversity: 0.0012838196321274253
  Route: [1, 42, 7, 2, 30, 23, 32, 45, 19, 41, 8, 9, 10, 43, 33, 51, 11, 52, 14, 13, 47, 26, 27, 28, 12, 25, 4, 6, 15, 5, 24, 48, 38, 37, 40, 39, 36, 35, 34, 44, 46, 16, 29, 50, 20, 49, 21, 17, 3, 18, 31, 22]

Individual 7:
  Route length: 9063
  Contribution to Diversity: 0.0012838196321274253
  Route: [1, 49, 32, 45, 19, 41, 15, 5, 24, 48, 28, 27, 26, 47, 13, 14, 52, 11, 51, 33, 43, 10, 9, 8, 6, 4, 25, 12, 38, 37, 40, 39, 36, 35, 34, 44, 46, 16, 29, 50, 20, 23, 30, 2, 7, 42, 21, 17, 3, 18, 31, 22]

Individual 8:
  Route length: 10291
  Contribution to Diversity: 0.014700438703012964
  Route: [1, 42, 7, 2, 30, 23, 32, 45, 19, 41, 8, 9, 10, 43, 33, 51, 11, 52, 14, 13, 21, 49, 20, 50, 29, 16, 46, 44, 34, 35, 36, 39, 40, 37, 38, 48, 24, 5, 15, 6, 4, 25, 12, 28, 27, 26, 47, 17, 3, 18, 31, 22]

Individual 9:
  Route length: 10178
  Contribution to Diversity: 0.014700438703012964
  Route: [1, 49, 32, 45, 19, 41, 15, 5, 24, 48, 28, 27, 26, 47, 13, 14, 52, 11, 51, 33, 43, 10, 9, 8, 6, 4, 25, 12, 38, 37, 40, 39, 36, 35, 34, 44, 46, 16, 2, 30, 23, 20, 50, 29, 7, 42, 21, 17, 3, 18, 31, 22]

Total Entropy H: 4.122736511665983
