Individual 0:
  Route length: 8288
  Contribution to Diversity: 0.0002806467599114626
  Route: [1, 49, 32, 45, 19, 41, 8, 9, 10, 43, 33, 51, 11, 52, 14, 27, 26, 47, 13, 28, 12, 25, 4, 6, 15, 5, 48, 38, 24, 37, 40, 39, 36, 35, 34, 44, 20, 50, 29, 16, 46, 23, 30, 2, 7, 42, 21, 17, 3, 18, 31, 22]

Individual 1:
  Route length: 8293
  Contribution to Diversity: 0.0010133073633191714
  Route: [1, 49, 19, 45, 32, 41, 8, 9, 10, 43, 33, 51, 11, 52, 14, 13, 47, 26, 27, 28, 12, 25, 4, 5, 6, 15, 24, 48, 38, 37, 40, 39, 36, 35, 34, 44, 46, 16, 29, 50, 20, 23, 21, 42, 7, 2, 30, 17, 3, 18, 31, 22]

Individual 2:
  Route length: 8274
  Contribution to Diversity: 0.0004297490821008054
  Route: [1, 49, 32, 45, 19, 41, 8, 9, 10, 43, 33, 51, 11, 52, 14, 13, 47, 26, 27, 28, 12, 25, 6, 40, 15, 4, 37, 38, 5, 48, 24, 39, 36, 35, 34, 44, 50, 29, 16, 46, 20, 23, 30, 2, 7, 42, 21, 17, 3, 18, 31, 22]

Individual 3:
  Route length: 8294
  Contribution to Diversity: 0.0008096329110927059
  Route: [1, 49, 32, 45, 19, 41, 8, 9, 10, 43, 33, 11, 51, 52, 14, 13, 47, 26, 27, 28, 12, 25, 4, 6, 15, 5, 40, 37, 38, 48, 24, 44, 34, 36, 35, 39, 46, 16, 29, 50, 20, 23, 30, 7, 2, 42, 21, 17, 3, 18, 31, 22]

Individual 4:
  Route length: 8283
  Contribution to Diversity: 0.0004453263867905122
  Route: [1, 49, 32, 45, 8, 41, 19, 10, 9, 43, 33, 51, 11, 52, 14, 13, 27, 26, 47, 28, 12, 25, 4, 6, 5, 15, 24, 48, 38, 37, 40, 39, 36, 35, 34, 44, 46, 16, 29, 50, 20, 23, 30, 2, 42, 7, 17, 3, 21, 18, 31, 22]

Individual 5:
  Route length: 8281
  Contribution to Diversity: 0.0002815438364685008
  Route: [1, 32, 49, 45, 19, 41, 8, 9, 10, 43, 33, 51, 11, 52, 14, 13, 47, 26, 27, 28, 12, 4, 25, 5, 38, 6, 24, 15, 37, 48, 40, 39, 36, 34, 35, 46, 44, 16, 20, 50, 29, 23, 30, 42, 7, 2, 21, 17, 3, 18, 31, 22]

Individual 6:
  Route length: 8292
  Contribution to Diversity: 0.00016733217225795016
  Route: [1, 49, 32, 45, 19, 41, 8, 9, 10, 43, 33, 51, 11, 52, 13, 14, 47, 27, 26, 28, 12, 25, 4, 5, 38, 37, 6, 15, 48, 24, 40, 39, 35, 36, 34, 44, 46, 16, 29, 23, 50, 20, 30, 7, 2, 42, 17, 21, 3, 18, 31, 22]

Individual 7:
  Route length: 8286
  Contribution to Diversity: 0.00031915399130078015
  Route: [1, 49, 32, 45, 41, 19, 8, 9, 10, 43, 33, 51, 11, 52, 13, 14, 47, 28, 27, 26, 12, 25, 4, 15, 6, 5, 24, 48, 36, 35, 38, 37, 40, 39, 34, 44, 46, 16, 29, 50, 20, 23, 30, 42, 7, 2, 21, 17, 3, 18, 31, 22]

Individual 8:
  Route length: 8286
  Contribution to Diversity: 0.0001416230581243738
  Route: [1, 49, 32, 45, 19, 41, 8, 9, 10, 43, 33, 51, 11, 52, 14, 13, 47, 26, 27, 28, 12, 15, 48, 6, 4, 25, 24, 5, 38, 37, 46, 44, 34, 35, 39, 40, 36, 16, 29, 50, 23, 20, 30, 7, 2, 42, 21, 17, 3, 18, 31, 22]

Individual 9:
  Route length: 8288
  Contribution to Diversity: 0.0006588593846021951
  Route: [1, 49, 32, 45, 8, 41, 19, 10, 9, 43, 33, 51, 11, 52, 14, 13, 27, 26, 47, 28, 12, 25, 4, 6, 5, 15, 24, 48, 37, 38, 40, 39, 36, 35, 34, 44, 46, 16, 29, 50, 20, 23, 30, 2, 42, 7, 17, 3, 21, 18, 31, 22]

Individual 10:
  Route length: 8283
  Contribution to Diversity: 0.00018451473590719303
  Route: [1, 49, 32, 45, 10, 9, 8, 41, 19, 43, 33, 51, 11, 52, 13, 14, 47, 26, 27, 28, 12, 25, 4, 6, 24, 48, 38, 15, 5, 39, 36, 34, 37, 40, 35, 44, 46, 16, 23, 20, 50, 29, 30, 42, 7, 2, 21, 17, 3, 18, 31, 22]

Individual 11:
  Route length: 8292
  Contribution to Diversity: 0.00023845511626774396
  Route: [1, 32, 49, 45, 19, 41, 8, 10, 9, 43, 33, 51, 11, 52, 13, 14, 47, 26, 27, 28, 12, 25, 4, 5, 6, 15, 24, 48, 38, 39, 40, 37, 36, 35, 34, 44, 29, 16, 46, 20, 50, 30, 23, 21, 42, 7, 2, 17, 3, 18, 31, 22]

Individual 12:
  Route length: 8292
  Contribution to Diversity: 0.0008725243282112771
  Route: [1, 49, 32, 45, 19, 41, 8, 9, 10, 43, 33, 51, 11, 52, 14, 13, 47, 26, 27, 28, 12, 25, 4, 6, 38, 48, 24, 5, 15, 40, 37, 39, 36, 35, 23, 16, 46, 44, 34, 50, 20, 29, 30, 21, 42, 7, 2, 17, 3, 18, 31, 22]

Individual 13:
  Route length: 8289
  Contribution to Diversity: 0.000471013913833751
  Route: [1, 49, 32, 45, 8, 41, 19, 9, 10, 43, 33, 51, 11, 52, 14, 13, 27, 26, 47, 28, 12, 25, 4, 6, 5, 15, 37, 39, 24, 48, 38, 40, 34, 35, 36, 44, 46, 16, 29, 50, 20, 23, 30, 2, 7, 42, 17, 21, 3, 18, 31, 22]

Individual 14:
  Route length: 8270
  Contribution to Diversity: 0.00020511494600672364
  Route: [1, 49, 32, 45, 8, 41, 19, 9, 10, 43, 33, 51, 11, 52, 14, 13, 27, 47, 26, 28, 12, 25, 4, 6, 5, 15, 39, 37, 38, 48, 24, 40, 34, 36, 35, 44, 46, 16, 29, 50, 20, 23, 30, 2, 7, 42, 17, 21, 3, 18, 31, 22]

Individual 15:
  Route length: 8247
  Contribution to Diversity: -6.595576638623868e-06
  Route: [1, 49, 32, 45, 19, 41, 8, 9, 10, 43, 33, 51, 11, 52, 14, 13, 47, 26, 27, 28, 12, 25, 4, 15, 6, 24, 48, 38, 5, 40, 37, 39, 35, 34, 36, 46, 44, 50, 16, 29, 20, 23, 30, 2, 7, 42, 31, 18, 3, 17, 21, 22]

Individual 16:
  Route length: 8289
  Contribution to Diversity: 0.00029300171327584223
  Route: [1, 49, 32, 45, 19, 8, 41, 9, 10, 33, 43, 51, 11, 52, 13, 14, 47, 26, 27, 28, 12, 25, 4, 5, 15, 6, 24, 48, 38, 40, 46, 44, 35, 37, 34, 39, 36, 16, 29, 50, 20, 23, 30, 2, 7, 42, 21, 17, 3, 18, 31, 22]

Individual 17:
  Route length: 8278
  Contribution to Diversity: 0.001183496809665563
  Route: [1, 49, 32, 45, 19, 41, 8, 10, 9, 43, 33, 51, 11, 52, 13, 14, 47, 26, 27, 28, 12, 25, 4, 6, 15, 48, 5, 24, 38, 39, 37, 40, 35, 36, 34, 46, 16, 29, 30, 20, 50, 44, 23, 42, 7, 2, 21, 17, 3, 18, 31, 22]

Individual 18:
  Route length: 8296
  Contribution to Diversity: 0.0004364786539881038
  Route: [1, 49, 32, 45, 19, 41, 8, 9, 10, 43, 33, 51, 11, 26, 47, 14, 13, 52, 27, 28, 12, 25, 48, 24, 4, 6, 5, 15, 40, 37, 38, 35, 36, 39, 34, 44, 46, 16, 29, 50, 20, 23, 30, 42, 7, 2, 21, 17, 3, 18, 31, 22]

Individual 19:
  Route length: 8285
  Contribution to Diversity: 0.00037547273592863917
  Route: [1, 49, 32, 45, 19, 41, 8, 9, 10, 43, 33, 51, 11, 52, 14, 13, 47, 26, 27, 28, 12, 48, 6, 4, 25, 24, 15, 5, 38, 37, 46, 44, 34, 35, 36, 40, 39, 16, 20, 23, 50, 29, 30, 7, 2, 42, 21, 17, 3, 18, 31, 22]

Individual 20:
  Route length: 8276
  Contribution to Diversity: 0.0005189496393294135
  Route: [1, 49, 32, 45, 9, 10, 8, 41, 19, 43, 33, 51, 11, 52, 14, 13, 47, 26, 27, 28, 12, 25, 4, 6, 15, 38, 48, 5, 24, 37, 34, 36, 40, 39, 35, 44, 46, 16, 23, 20, 50, 29, 30, 42, 7, 2, 21, 17, 3, 18, 31, 22]

Individual 21:
  Route length: 8282
  Contribution to Diversity: 5.202220793432133e-05
  Route: [1, 49, 32, 45, 19, 41, 8, 9, 10, 43, 33, 51, 11, 52, 14, 13, 47, 26, 27, 28, 12, 25, 4, 15, 6, 24, 48, 38, 5, 40, 39, 37, 35, 34, 36, 46, 44, 50, 16, 29, 20, 23, 30, 2, 7, 42, 31, 18, 3, 17, 21, 22]

Individual 22:
  Route length: 8260
  Contribution to Diversity: 5.700942843933632e-05
  Route: [1, 32, 49, 45, 19, 41, 8, 9, 10, 43, 33, 51, 11, 52, 13, 14, 47, 26, 28, 27, 12, 25, 4, 6, 24, 38, 5, 15, 48, 37, 39, 40, 36, 44, 35, 34, 46, 16, 20, 50, 23, 29, 30, 42, 2, 7, 21, 17, 3, 18, 31, 22]

Individual 23:
  Route length: 8293
  Contribution to Diversity: 0.00018204281700029412
  Route: [1, 49, 32, 45, 19, 41, 8, 9, 10, 43, 33, 51, 11, 26, 47, 13, 14, 52, 27, 28, 12, 25, 4, 15, 5, 24, 6, 48, 40, 37, 38, 34, 39, 35, 36, 44, 46, 16, 29, 50, 20, 23, 30, 42, 2, 7, 21, 17, 3, 18, 31, 22]

Individual 24:
  Route length: 8282
  Contribution to Diversity: 0.00022802054388115778
  Route: [1, 49, 32, 45, 10, 9, 8, 41, 19, 43, 33, 51, 11, 52, 13, 14, 47, 26, 27, 28, 12, 25, 4, 6, 15, 5, 24, 48, 38, 37, 40, 39, 35, 36, 34, 44, 46, 16, 23, 20, 50, 29, 30, 2, 7, 42, 18, 3, 17, 21, 31, 22]

Individual 25:
  Route length: 8289
  Contribution to Diversity: 0.0002884253918393753
  Route: [1, 49, 32, 45, 19, 41, 8, 9, 10, 43, 33, 51, 11, 52, 14, 13, 47, 26, 27, 28, 12, 48, 25, 24, 6, 4, 15, 5, 38, 40, 37, 36, 35, 39, 46, 34, 44, 16, 23, 20, 50, 29, 30, 2, 7, 42, 21, 17, 3, 18, 31, 22]

Individual 26:
  Route length: 8254
  Contribution to Diversity: 0.00018016106691032263
  Route: [1, 49, 32, 45, 19, 41, 8, 10, 9, 43, 33, 51, 11, 52, 13, 14, 47, 26, 27, 28, 12, 25, 4, 5, 48, 24, 6, 15, 39, 38, 40, 37, 36, 35, 34, 44, 29, 16, 46, 50, 20, 30, 23, 21, 42, 7, 2, 17, 3, 18, 31, 22]

Individual 27:
  Route length: 8289
  Contribution to Diversity: 4.037837348835893e-05
  Route: [1, 49, 32, 45, 41, 19, 8, 9, 10, 43, 33, 51, 11, 52, 14, 13, 47, 27, 28, 26, 12, 25, 4, 5, 6, 48, 24, 15, 40, 39, 35, 36, 38, 37, 34, 44, 46, 16, 29, 50, 20, 23, 30, 7, 2, 42, 21, 17, 3, 18, 31, 22]

Individual 28:
  Route length: 8254
  Contribution to Diversity: 0.00033925574197457564
  Route: [1, 49, 32, 45, 19, 41, 8, 10, 9, 43, 33, 51, 11, 52, 13, 14, 47, 26, 27, 28, 12, 25, 4, 48, 24, 15, 6, 5, 38, 39, 37, 40, 34, 35, 36, 44, 16, 29, 46, 50, 20, 30, 23, 21, 42, 7, 2, 17, 3, 18, 31, 22]

Individual 29:
  Route length: 8295
  Contribution to Diversity: 0.00024763621466217245
  Route: [1, 49, 32, 45, 8, 41, 19, 9, 10, 43, 33, 51, 11, 52, 14, 13, 27, 26, 47, 28, 12, 25, 4, 6, 5, 15, 38, 37, 39, 48, 24, 40, 34, 35, 36, 44, 46, 16, 29, 50, 20, 23, 30, 42, 7, 2, 17, 21, 3, 18, 31, 22]

Individual 30:
  Route length: 8274
  Contribution to Diversity: 0.00039776338743013895
  Route: [1, 49, 32, 45, 10, 9, 8, 41, 19, 43, 33, 51, 11, 52, 13, 14, 47, 26, 27, 28, 12, 25, 4, 6, 15, 5, 24, 48, 38, 37, 40, 39, 35, 36, 34, 44, 46, 16, 50, 23, 20, 29, 30, 2, 7, 42, 18, 3, 17, 21, 31, 22]

Individual 31:
  Route length: 8279
  Contribution to Diversity: 0.00031531479693658326
  Route: [1, 49, 32, 45, 19, 41, 8, 9, 10, 43, 33, 51, 11, 52, 13, 14, 47, 26, 27, 28, 12, 25, 4, 15, 6, 24, 38, 40, 5, 48, 37, 39, 36, 35, 34, 46, 44, 20, 50, 29, 16, 23, 30, 2, 7, 42, 31, 18, 3, 17, 21, 22]

Individual 32:
  Route length: 8295
  Contribution to Diversity: 0.0003460567452329144
  Route: [1, 49, 32, 45, 19, 41, 8, 9, 10, 43, 33, 51, 11, 52, 13, 14, 47, 26, 27, 28, 12, 25, 15, 6, 5, 4, 24, 48, 39, 35, 34, 44, 37, 36, 40, 38, 46, 16, 29, 30, 50, 20, 23, 21, 2, 42, 7, 17, 3, 18, 31, 22]

Individual 33:
  Route length: 8286
  Contribution to Diversity: 0.0002719555781247607
  Route: [1, 49, 32, 45, 19, 41, 8, 9, 10, 43, 33, 51, 11, 52, 13, 14, 47, 26, 27, 28, 12, 25, 4, 15, 6, 38, 40, 5, 48, 24, 37, 39, 36, 35, 34, 46, 44, 20, 50, 29, 16, 23, 30, 2, 7, 42, 31, 18, 3, 17, 21, 22]

Individual 34:
  Route length: 8289
  Contribution to Diversity: 0.00029798443903050753
  Route: [1, 49, 32, 45, 8, 41, 19, 9, 10, 43, 33, 51, 11, 52, 14, 13, 27, 26, 47, 28, 12, 25, 4, 6, 5, 15, 39, 37, 38, 24, 48, 40, 34, 35, 36, 44, 46, 16, 29, 50, 20, 23, 30, 2, 7, 42, 17, 21, 3, 18, 31, 22]

Individual 35:
  Route length: 8271
  Contribution to Diversity: 7.34542841547281e-05
  Route: [1, 32, 49, 45, 19, 41, 8, 9, 10, 43, 33, 51, 11, 52, 13, 14, 47, 26, 27, 28, 12, 25, 15, 5, 4, 6, 24, 48, 39, 40, 38, 37, 35, 34, 16, 44, 36, 46, 29, 50, 20, 23, 30, 2, 7, 42, 21, 17, 3, 18, 31, 22]

Individual 36:
  Route length: 8273
  Contribution to Diversity: 0.0001865810728416406
  Route: [1, 49, 32, 45, 19, 41, 10, 9, 8, 43, 33, 51, 11, 52, 14, 13, 47, 26, 27, 28, 12, 25, 6, 4, 48, 38, 24, 15, 5, 37, 35, 34, 36, 39, 40, 44, 46, 16, 50, 23, 20, 29, 30, 42, 2, 7, 21, 17, 3, 18, 31, 22]

Individual 37:
  Route length: 8273
  Contribution to Diversity: 0.0004088918077638226
  Route: [1, 32, 49, 45, 19, 8, 41, 9, 10, 33, 43, 51, 11, 52, 14, 13, 47, 26, 27, 28, 12, 25, 4, 5, 15, 6, 24, 48, 37, 40, 38, 36, 44, 35, 39, 34, 46, 16, 29, 50, 20, 23, 30, 7, 2, 42, 21, 17, 3, 18, 31, 22]

Individual 38:
  Route length: 8270
  Contribution to Diversity: 0.00031913917317627494
  Route: [1, 32, 49, 45, 19, 41, 8, 9, 10, 43, 33, 51, 11, 52, 14, 13, 47, 26, 28, 27, 12, 25, 4, 6, 38, 24, 5, 15, 48, 37, 44, 40, 39, 35, 36, 34, 46, 16, 20, 50, 23, 29, 30, 2, 7, 42, 21, 17, 3, 18, 31, 22]

Individual 39:
  Route length: 8282
  Contribution to Diversity: 0.00043412430498612764
  Route: [1, 32, 49, 45, 19, 8, 41, 9, 10, 33, 43, 51, 11, 52, 14, 13, 47, 26, 27, 28, 12, 25, 4, 5, 6, 15, 24, 48, 37, 40, 38, 36, 44, 35, 39, 34, 46, 16, 29, 50, 20, 23, 30, 7, 2, 42, 21, 17, 3, 18, 31, 22]

Individual 40:
  Route length: 8288
  Contribution to Diversity: 3.3879278769077814e-05
  Route: [1, 49, 32, 45, 19, 41, 8, 9, 10, 43, 33, 51, 11, 52, 13, 14, 47, 26, 27, 28, 12, 15, 5, 6, 4, 25, 24, 48, 38, 39, 40, 35, 37, 36, 34, 44, 46, 16, 50, 20, 23, 30, 29, 42, 7, 2, 21, 17, 3, 18, 31, 22]

Individual 41:
  Route length: 8267
  Contribution to Diversity: 0.0004509711381670556
  Route: [1, 49, 32, 45, 8, 41, 19, 9, 10, 43, 33, 51, 11, 52, 14, 13, 27, 26, 47, 28, 12, 25, 4, 6, 5, 15, 37, 39, 40, 38, 48, 24, 34, 35, 36, 44, 46, 16, 29, 50, 20, 23, 30, 2, 7, 42, 17, 21, 3, 18, 31, 22]

Individual 42:
  Route length: 8292
  Contribution to Diversity: 0.00012080000298553273
  Route: [1, 49, 32, 45, 19, 41, 10, 9, 8, 43, 33, 51, 11, 52, 13, 14, 47, 26, 27, 28, 12, 25, 6, 4, 38, 15, 5, 48, 24, 37, 34, 39, 36, 40, 35, 44, 46, 16, 50, 29, 20, 23, 30, 42, 2, 7, 21, 17, 3, 18, 31, 22]

Individual 43:
  Route length: 8287
  Contribution to Diversity: 0.00016611861783299986
  Route: [1, 49, 32, 45, 19, 41, 10, 9, 8, 43, 33, 51, 11, 52, 14, 13, 47, 26, 27, 28, 12, 25, 6, 4, 38, 15, 48, 24, 5, 37, 34, 35, 36, 40, 39, 44, 46, 16, 50, 23, 20, 29, 30, 42, 7, 2, 21, 17, 3, 18, 31, 22]

Individual 44:
  Route length: 8269
  Contribution to Diversity: 0.0003817804892829457
  Route: [1, 49, 32, 45, 19, 41, 10, 9, 8, 43, 33, 51, 11, 52, 14, 13, 47, 26, 27, 28, 12, 25, 6, 4, 38, 48, 24, 15, 5, 37, 35, 34, 40, 39, 36, 44, 46, 16, 50, 23, 20, 29, 30, 42, 2, 7, 21, 17, 3, 18, 31, 22]

Individual 45:
  Route length: 8290
  Contribution to Diversity: 0.00021567598549321332
  Route: [1, 49, 32, 45, 10, 9, 8, 41, 19, 43, 33, 51, 11, 52, 13, 14, 47, 26, 27, 28, 12, 25, 4, 6, 15, 5, 24, 48, 38, 37, 40, 39, 34, 36, 35, 44, 46, 16, 50, 20, 23, 29, 30, 2, 7, 42, 18, 3, 17, 21, 31, 22]

Individual 46:
  Route length: 8281
  Contribution to Diversity: 0.0006659338154868522
  Route: [1, 32, 49, 45, 19, 8, 41, 9, 10, 33, 43, 51, 11, 52, 14, 13, 47, 26, 27, 28, 12, 25, 4, 5, 15, 6, 24, 48, 37, 40, 38, 35, 36, 44, 39, 34, 46, 16, 29, 50, 20, 23, 30, 7, 2, 42, 21, 17, 3, 18, 31, 22]

Individual 47:
  Route length: 8287
  Contribution to Diversity: 0.00011651874449825073
  Route: [1, 49, 32, 45, 19, 41, 8, 10, 9, 43, 33, 51, 11, 52, 13, 14, 47, 26, 27, 28, 12, 25, 4, 15, 24, 48, 5, 6, 39, 38, 40, 37, 35, 36, 34, 44, 29, 16, 46, 50, 20, 30, 23, 21, 42, 7, 2, 17, 3, 18, 31, 22]

Individual 48:
  Route length: 8287
  Contribution to Diversity: 0.00023948724986944114
  Route: [1, 49, 32, 45, 41, 19, 8, 9, 10, 43, 33, 51, 11, 52, 14, 13, 28, 27, 26, 47, 12, 25, 4, 6, 48, 15, 5, 24, 36, 37, 38, 40, 39, 35, 34, 44, 46, 16, 29, 50, 20, 23, 30, 42, 2, 7, 21, 17, 3, 18, 31, 22]

Individual 49:
  Route length: 8283
  Contribution to Diversity: 0.0002132226190463271
  Route: [1, 32, 49, 45, 19, 41, 8, 10, 9, 43, 33, 51, 11, 52, 13, 14, 47, 26, 27, 28, 12, 25, 4, 5, 15, 6, 24, 48, 38, 39, 40, 37, 36, 35, 34, 44, 29, 16, 46, 20, 50, 30, 23, 21, 42, 7, 2, 17, 3, 18, 31, 22]

Individual 50:
  Route length: 8296
  Contribution to Diversity: 0.000330694169866419
  Route: [1, 49, 32, 45, 19, 41, 8, 10, 9, 43, 33, 51, 11, 52, 13, 14, 47, 26, 27, 28, 12, 25, 4, 48, 24, 38, 5, 15, 6, 39, 37, 40, 36, 34, 35, 44, 29, 16, 46, 50, 20, 30, 23, 21, 42, 2, 7, 17, 3, 18, 31, 22]

Individual 51:
  Route length: 8277
  Contribution to Diversity: 0.00035203654851567734
  Route: [1, 32, 49, 45, 19, 41, 8, 9, 10, 43, 33, 51, 11, 52, 14, 13, 26, 47, 27, 28, 12, 4, 25, 38, 15, 6, 37, 48, 5, 24, 40, 35, 34, 36, 39, 46, 44, 16, 29, 20, 50, 23, 30, 2, 7, 42, 21, 17, 3, 18, 31, 22]

Individual 52:
  Route length: 8295
  Contribution to Diversity: 0.00013295256863710136
  Route: [1, 49, 32, 45, 19, 41, 8, 9, 10, 43, 33, 51, 11, 52, 13, 14, 47, 26, 27, 28, 12, 25, 4, 15, 5, 40, 38, 6, 48, 24, 37, 39, 36, 35, 34, 46, 44, 20, 50, 29, 16, 23, 30, 2, 7, 42, 31, 18, 3, 17, 21, 22]

Individual 53:
  Route length: 8273
  Contribution to Diversity: 0.0004245756891920749
  Route: [1, 49, 32, 45, 41, 9, 10, 8, 19, 43, 33, 51, 11, 52, 14, 13, 47, 26, 27, 28, 12, 25, 4, 6, 15, 38, 48, 24, 5, 40, 39, 36, 34, 37, 35, 44, 46, 16, 20, 23, 50, 29, 30, 42, 2, 7, 21, 17, 3, 18, 31, 22]

Individual 54:
  Route length: 8258
  Contribution to Diversity: 0.00014874379385521053
  Route: [1, 49, 32, 45, 19, 41, 10, 9, 8, 43, 33, 51, 11, 52, 13, 14, 47, 26, 27, 28, 12, 25, 4, 6, 15, 38, 48, 24, 5, 37, 34, 36, 35, 40, 39, 44, 46, 16, 29, 23, 20, 50, 30, 21, 2, 7, 42, 17, 3, 18, 31, 22]

Individual 55:
  Route length: 8294
  Contribution to Diversity: 0.0004696616708974588
  Route: [1, 49, 32, 45, 19, 41, 10, 9, 8, 43, 33, 51, 11, 52, 14, 13, 47, 26, 27, 28, 12, 25, 6, 15, 48, 24, 38, 4, 5, 37, 34, 35, 36, 39, 40, 44, 46, 16, 50, 23, 20, 29, 30, 42, 2, 7, 21, 17, 3, 18, 31, 22]

Individual 56:
  Route length: 8279
  Contribution to Diversity: 0.00019246749285706244
  Route: [1, 49, 32, 45, 19, 41, 8, 9, 10, 43, 33, 51, 11, 52, 13, 14, 47, 26, 27, 12, 28, 25, 4, 24, 15, 40, 48, 6, 5, 38, 37, 35, 34, 36, 39, 44, 46, 16, 29, 50, 20, 23, 30, 2, 7, 42, 21, 31, 17, 3, 18, 22]

Individual 57:
  Route length: 8274
  Contribution to Diversity: 5.8585855476245285e-05
  Route: [1, 32, 49, 45, 19, 41, 8, 9, 10, 43, 33, 51, 11, 52, 14, 13, 27, 47, 26, 28, 12, 4, 25, 48, 15, 38, 6, 5, 37, 24, 40, 36, 39, 34, 35, 46, 44, 16, 29, 20, 50, 23, 30, 2, 7, 42, 21, 17, 3, 18, 31, 22]

Individual 58:
  Route length: 8293
  Contribution to Diversity: 7.854949763341779e-05
  Route: [1, 49, 32, 45, 19, 41, 8, 9, 10, 43, 33, 51, 11, 26, 47, 13, 14, 52, 27, 28, 12, 25, 4, 15, 5, 24, 6, 48, 40, 37, 38, 34, 36, 35, 39, 44, 46, 16, 29, 50, 20, 23, 30, 42, 2, 7, 21, 17, 3, 18, 31, 22]

Individual 59:
  Route length: 8224
  Contribution to Diversity: 0.00012071145640391023
  Route: [1, 49, 32, 45, 19, 41, 8, 10, 9, 43, 33, 51, 11, 52, 13, 14, 47, 26, 27, 28, 12, 25, 4, 15, 6, 5, 48, 24, 39, 38, 40, 37, 35, 36, 34, 44, 29, 16, 46, 50, 20, 30, 23, 21, 42, 7, 2, 17, 3, 18, 31, 22]

Individual 60:
  Route length: 8291
  Contribution to Diversity: 0.00046621339629915326
  Route: [1, 49, 32, 45, 19, 41, 8, 9, 10, 43, 33, 51, 11, 26, 47, 14, 13, 52, 27, 28, 12, 25, 6, 4, 48, 24, 5, 15, 40, 37, 38, 34, 39, 36, 35, 44, 46, 16, 29, 50, 20, 23, 30, 42, 7, 2, 21, 17, 3, 18, 31, 22]

Individual 61:
  Route length: 8256
  Contribution to Diversity: 0.0001070843510548869
  Route: [1, 32, 49, 45, 19, 41, 8, 9, 10, 43, 33, 51, 11, 52, 14, 13, 26, 47, 27, 28, 12, 4, 25, 37, 24, 38, 15, 48, 5, 6, 40, 39, 34, 36, 35, 46, 44, 16, 29, 20, 50, 23, 30, 2, 7, 42, 21, 17, 3, 18, 31, 22]

Individual 62:
  Route length: 8286
  Contribution to Diversity: 0.00038510380150391654
  Route: [1, 49, 32, 45, 19, 41, 8, 10, 9, 43, 33, 51, 11, 52, 13, 14, 47, 26, 27, 28, 12, 25, 4, 15, 5, 38, 24, 48, 6, 39, 37, 40, 34, 36, 35, 46, 16, 29, 44, 50, 20, 30, 23, 21, 42, 2, 7, 17, 3, 18, 31, 22]

Individual 63:
  Route length: 8284
  Contribution to Diversity: 0.0005858417963251483
  Route: [1, 49, 32, 45, 19, 41, 8, 9, 10, 43, 33, 51, 11, 52, 14, 13, 47, 26, 27, 28, 12, 48, 6, 4, 25, 5, 15, 24, 38, 37, 46, 44, 34, 39, 40, 36, 35, 16, 20, 23, 50, 29, 30, 7, 2, 42, 21, 17, 3, 18, 31, 22]

Individual 64:
  Route length: 8200
  Contribution to Diversity: -4.294306175189888e-05
  Route: [1, 49, 32, 45, 19, 41, 8, 9, 10, 43, 33, 51, 11, 52, 13, 14, 47, 26, 27, 28, 12, 25, 15, 6, 5, 4, 24, 48, 37, 44, 34, 35, 39, 36, 40, 38, 46, 16, 29, 30, 50, 20, 23, 21, 2, 42, 7, 17, 3, 18, 31, 22]

Individual 65:
  Route length: 8273
  Contribution to Diversity: 0.00020973478409569424
  Route: [1, 49, 32, 45, 19, 41, 8, 9, 10, 43, 33, 51, 11, 52, 13, 14, 47, 27, 26, 28, 12, 25, 4, 5, 38, 37, 15, 6, 48, 24, 40, 39, 35, 36, 34, 44, 46, 16, 29, 23, 50, 20, 30, 7, 2, 42, 17, 21, 3, 18, 31, 22]

Individual 66:
  Route length: 8295
  Contribution to Diversity: 0.00022275932405602106
  Route: [1, 32, 49, 45, 19, 41, 8, 9, 10, 43, 33, 51, 11, 52, 13, 14, 47, 26, 28, 27, 12, 25, 4, 6, 38, 24, 5, 15, 48, 37, 39, 40, 36, 35, 46, 34, 44, 16, 20, 50, 23, 29, 30, 42, 2, 7, 21, 17, 3, 18, 31, 22]

Individual 67:
  Route length: 8284
  Contribution to Diversity: 0.0006454400083342193
  Route: [1, 32, 49, 45, 19, 41, 8, 9, 10, 43, 33, 51, 11, 52, 14, 13, 26, 47, 27, 28, 12, 4, 25, 48, 5, 6, 38, 15, 40, 24, 35, 34, 36, 39, 37, 46, 44, 16, 29, 20, 50, 23, 30, 7, 2, 42, 21, 17, 3, 18, 31, 22]

Individual 68:
  Route length: 8264
  Contribution to Diversity: 0.00023130659347980753
  Route: [1, 49, 32, 45, 19, 41, 8, 9, 10, 43, 33, 51, 11, 52, 13, 14, 47, 26, 27, 28, 12, 25, 5, 6, 15, 4, 24, 48, 39, 35, 34, 38, 40, 36, 37, 46, 44, 16, 29, 30, 50, 20, 23, 21, 2, 42, 7, 17, 3, 18, 31, 22]

Individual 69:
  Route length: 8280
  Contribution to Diversity: 0.00015933213248953138
  Route: [1, 49, 32, 45, 41, 8, 10, 9, 19, 43, 33, 51, 11, 52, 14, 13, 47, 26, 27, 28, 12, 25, 4, 6, 15, 38, 48, 24, 5, 40, 39, 36, 34, 37, 35, 44, 46, 16, 20, 23, 50, 29, 30, 42, 2, 7, 21, 17, 3, 18, 31, 22]

Individual 70:
  Route length: 8261
  Contribution to Diversity: 0.00036793980509930435
  Route: [1, 32, 49, 45, 19, 41, 8, 9, 10, 43, 33, 51, 11, 52, 13, 14, 47, 26, 28, 27, 12, 25, 4, 6, 38, 24, 15, 5, 48, 37, 39, 40, 46, 35, 36, 34, 44, 16, 20, 50, 23, 29, 30, 42, 2, 7, 21, 17, 3, 18, 31, 22]

Individual 71:
  Route length: 8286
  Contribution to Diversity: 0.00025310849517623524
  Route: [1, 49, 32, 45, 41, 19, 8, 9, 10, 43, 33, 51, 11, 52, 14, 13, 28, 27, 26, 47, 12, 25, 4, 6, 48, 5, 15, 24, 36, 37, 38, 40, 39, 35, 34, 44, 46, 16, 29, 50, 20, 23, 30, 42, 2, 7, 21, 17, 3, 18, 31, 22]

Individual 72:
  Route length: 8257
  Contribution to Diversity: 9.431413023630597e-05
  Route: [1, 49, 32, 45, 19, 41, 10, 9, 8, 43, 33, 51, 11, 52, 14, 13, 47, 26, 27, 28, 12, 25, 4, 6, 15, 38, 48, 24, 5, 37, 34, 36, 35, 40, 39, 44, 46, 16, 29, 23, 20, 50, 30, 21, 2, 7, 42, 17, 3, 18, 31, 22]

Individual 73:
  Route length: 8264
  Contribution to Diversity: 0.00032022089089167594
  Route: [1, 32, 49, 45, 19, 41, 8, 9, 10, 43, 33, 51, 11, 52, 14, 13, 26, 47, 27, 28, 12, 4, 25, 48, 15, 38, 24, 37, 5, 6, 40, 39, 34, 36, 35, 46, 44, 16, 29, 20, 50, 23, 30, 42, 7, 2, 21, 17, 3, 18, 31, 22]

Individual 74:
  Route length: 8273
  Contribution to Diversity: 0.00021555925879646054
  Route: [1, 32, 49, 45, 19, 41, 8, 9, 10, 43, 33, 51, 11, 52, 14, 13, 27, 47, 26, 28, 12, 4, 25, 48, 15, 38, 5, 6, 37, 24, 40, 36, 39, 34, 35, 46, 44, 16, 29, 20, 50, 23, 30, 2, 7, 42, 21, 17, 3, 18, 31, 22]

Individual 75:
  Route length: 8270
  Contribution to Diversity: 0.00012499622148265388
  Route: [1, 49, 32, 45, 19, 41, 8, 9, 10, 43, 33, 51, 11, 52, 13, 14, 47, 26, 27, 12, 28, 25, 4, 24, 6, 40, 48, 5, 15, 38, 37, 36, 39, 34, 35, 44, 46, 16, 29, 50, 20, 23, 30, 2, 7, 42, 21, 31, 17, 3, 18, 22]

Individual 76:
  Route length: 8293
  Contribution to Diversity: 0.0005653539885432934
  Route: [1, 32, 49, 45, 19, 8, 41, 9, 10, 33, 43, 51, 11, 52, 14, 13, 47, 26, 27, 28, 12, 25, 4, 15, 5, 24, 6, 48, 37, 40, 38, 44, 36, 35, 39, 34, 46, 16, 29, 50, 20, 23, 30, 7, 2, 42, 21, 17, 3, 18, 31, 22]

Individual 77:
  Route length: 8249
  Contribution to Diversity: 0.0010853442475031727
  Route: [1, 49, 32, 45, 19, 41, 8, 10, 9, 43, 33, 51, 11, 52, 13, 14, 47, 26, 27, 28, 12, 25, 4, 6, 15, 24, 5, 48, 38, 39, 34, 36, 35, 37, 40, 46, 16, 29, 30, 50, 20, 44, 23, 21, 7, 2, 42, 17, 3, 18, 31, 22]

Individual 78:
  Route length: 8277
  Contribution to Diversity: 0.0010109148079804342
  Route: [1, 49, 32, 45, 19, 41, 8, 9, 10, 43, 33, 51, 11, 52, 14, 13, 47, 26, 27, 28, 12, 25, 4, 15, 6, 40, 38, 5, 24, 48, 37, 39, 36, 34, 35, 46, 44, 20, 50, 16, 29, 42, 7, 2, 30, 23, 31, 18, 3, 17, 21, 22]

Individual 79:
  Route length: 8286
  Contribution to Diversity: 0.000266058060446106
  Route: [1, 49, 32, 45, 19, 41, 8, 10, 9, 43, 33, 51, 11, 52, 13, 14, 47, 26, 27, 28, 12, 25, 4, 15, 6, 5, 39, 48, 24, 38, 40, 37, 35, 36, 34, 44, 29, 16, 46, 50, 20, 30, 23, 21, 2, 7, 42, 17, 3, 18, 31, 22]

Individual 80:
  Route length: 8275
  Contribution to Diversity: 0.0002413501969087406
  Route: [1, 32, 49, 45, 19, 41, 8, 10, 9, 43, 33, 51, 11, 52, 13, 14, 47, 26, 27, 28, 12, 25, 4, 5, 6, 15, 24, 48, 38, 39, 40, 37, 36, 35, 34, 44, 29, 16, 46, 20, 50, 30, 23, 21, 42, 2, 7, 17, 3, 18, 31, 22]

Individual 81:
  Route length: 8280
  Contribution to Diversity: 0.00023732403557463755
  Route: [1, 32, 49, 45, 19, 8, 41, 9, 10, 43, 33, 51, 11, 52, 14, 13, 26, 47, 27, 28, 12, 4, 25, 48, 15, 38, 6, 5, 24, 37, 40, 36, 34, 35, 39, 46, 44, 16, 29, 20, 50, 23, 30, 2, 7, 42, 21, 17, 3, 18, 31, 22]

Individual 82:
  Route length: 8260
  Contribution to Diversity: 0.0003289611597052655
  Route: [1, 32, 49, 45, 19, 41, 8, 9, 10, 43, 33, 51, 11, 52, 13, 14, 47, 26, 28, 27, 12, 25, 4, 6, 38, 24, 15, 5, 48, 37, 39, 40, 46, 35, 36, 34, 44, 16, 20, 50, 23, 29, 30, 7, 2, 42, 21, 17, 3, 18, 31, 22]

Individual 83:
  Route length: 8294
  Contribution to Diversity: 0.0004177479857778721
  Route: [1, 32, 49, 45, 19, 41, 8, 9, 10, 43, 33, 51, 11, 52, 13, 14, 47, 26, 27, 28, 12, 25, 15, 5, 4, 6, 24, 48, 39, 40, 38, 37, 35, 34, 16, 44, 36, 46, 29, 50, 20, 23, 30, 7, 2, 42, 21, 17, 3, 18, 31, 22]

Individual 84:
  Route length: 8279
  Contribution to Diversity: 0.00023311504371115177
  Route: [1, 49, 32, 45, 19, 8, 10, 9, 41, 43, 33, 51, 11, 52, 14, 13, 47, 26, 27, 28, 12, 25, 4, 6, 15, 38, 48, 24, 5, 37, 34, 36, 39, 40, 35, 46, 44, 16, 23, 20, 50, 29, 30, 42, 2, 7, 21, 17, 3, 18, 31, 22]

Individual 85:
  Route length: 8259
  Contribution to Diversity: 0.00019663610305364898
  Route: [1, 49, 32, 45, 19, 41, 8, 9, 10, 43, 33, 51, 11, 52, 13, 14, 47, 26, 27, 12, 28, 25, 4, 24, 6, 48, 40, 5, 15, 38, 37, 36, 39, 34, 35, 44, 46, 16, 29, 50, 20, 23, 30, 2, 7, 42, 21, 31, 17, 3, 18, 22]

Individual 86:
  Route length: 8270
  Contribution to Diversity: 0.00021034323050717063
  Route: [1, 49, 32, 45, 19, 41, 10, 9, 8, 43, 33, 51, 11, 52, 14, 13, 47, 26, 27, 28, 12, 25, 6, 4, 38, 15, 24, 48, 5, 37, 34, 35, 36, 39, 40, 44, 46, 16, 50, 23, 20, 29, 30, 42, 7, 2, 21, 17, 3, 18, 31, 22]

Individual 87:
  Route length: 8224
  Contribution to Diversity: 0.0007663759260951863
  Route: [1, 49, 32, 45, 19, 41, 8, 9, 10, 43, 33, 51, 11, 52, 14, 13, 47, 26, 27, 28, 12, 25, 4, 15, 6, 40, 38, 5, 24, 48, 37, 39, 36, 34, 35, 46, 44, 16, 50, 20, 29, 42, 7, 2, 30, 23, 31, 18, 3, 17, 21, 22]

Individual 88:
  Route length: 8270
  Contribution to Diversity: 0.0005969171018316288
  Route: [1, 49, 32, 10, 9, 41, 8, 19, 45, 43, 33, 51, 11, 52, 14, 13, 28, 27, 47, 26, 12, 25, 4, 6, 15, 5, 24, 48, 38, 37, 40, 39, 36, 35, 34, 44, 46, 16, 29, 50, 20, 23, 30, 2, 7, 42, 21, 17, 3, 18, 31, 22]

Individual 89:
  Route length: 8250
  Contribution to Diversity: 0.0001434815867131789
  Route: [1, 49, 32, 45, 19, 41, 8, 9, 10, 43, 33, 51, 11, 52, 13, 14, 47, 26, 27, 12, 28, 25, 4, 24, 15, 40, 48, 6, 5, 38, 37, 34, 35, 36, 39, 44, 46, 16, 29, 50, 20, 23, 30, 2, 7, 42, 21, 31, 17, 3, 18, 22]

Individual 90:
  Route length: 8264
  Contribution to Diversity: 0.000358472021126488
  Route: [1, 49, 32, 45, 19, 41, 8, 9, 10, 43, 33, 51, 11, 52, 13, 14, 47, 26, 27, 28, 12, 25, 5, 6, 15, 4, 24, 48, 35, 34, 39, 38, 40, 36, 37, 46, 44, 16, 29, 30, 50, 20, 23, 21, 2, 42, 7, 17, 3, 18, 31, 22]

Individual 91:
  Route length: 8260
  Contribution to Diversity: 0.0002658992172133168
  Route: [1, 32, 49, 45, 19, 8, 41, 9, 10, 33, 43, 51, 11, 52, 14, 13, 47, 26, 27, 28, 12, 25, 4, 5, 6, 15, 24, 48, 37, 40, 38, 44, 36, 35, 39, 34, 46, 16, 29, 50, 20, 23, 30, 42, 2, 7, 21, 17, 3, 18, 31, 22]

Individual 92:
  Route length: 8266
  Contribution to Diversity: 0.0002468277105567296
  Route: [1, 32, 49, 45, 19, 8, 41, 9, 10, 43, 33, 51, 11, 52, 14, 13, 26, 47, 27, 28, 12, 4, 25, 5, 6, 38, 15, 48, 24, 37, 40, 36, 34, 35, 39, 46, 44, 16, 29, 20, 50, 23, 30, 2, 7, 42, 21, 17, 3, 18, 31, 22]

Individual 93:
  Route length: 8267
  Contribution to Diversity: 0.00044507143540073457
  Route: [1, 49, 32, 45, 19, 41, 8, 9, 10, 43, 33, 51, 11, 52, 13, 14, 47, 26, 27, 12, 28, 25, 4, 24, 15, 40, 37, 38, 5, 6, 48, 34, 35, 36, 39, 44, 46, 16, 29, 50, 20, 23, 30, 2, 7, 42, 21, 31, 17, 3, 18, 22]

Individual 94:
  Route length: 8279
  Contribution to Diversity: 0.0005801483911751504
  Route: [1, 32, 49, 45, 19, 41, 8, 9, 10, 43, 33, 51, 11, 52, 14, 13, 26, 47, 27, 28, 12, 4, 25, 48, 5, 38, 6, 15, 40, 24, 35, 34, 36, 39, 37, 46, 44, 16, 29, 20, 50, 23, 30, 7, 2, 42, 21, 17, 3, 18, 31, 22]

Individual 95:
  Route length: 8293
  Contribution to Diversity: 7.282663054120064e-05
  Route: [1, 32, 49, 45, 19, 41, 8, 9, 10, 43, 33, 51, 11, 52, 14, 13, 27, 26, 47, 28, 12, 4, 25, 48, 15, 38, 6, 5, 37, 24, 40, 36, 39, 34, 35, 46, 44, 16, 29, 20, 50, 23, 30, 2, 7, 42, 21, 17, 3, 18, 31, 22]

Individual 96:
  Route length: 8282
  Contribution to Diversity: 0.00039409980715365833
  Route: [1, 32, 49, 45, 19, 41, 8, 9, 10, 43, 33, 51, 11, 52, 14, 13, 26, 47, 27, 28, 12, 4, 25, 38, 15, 6, 37, 48, 24, 5, 40, 35, 34, 39, 36, 46, 44, 16, 29, 20, 50, 23, 30, 2, 7, 42, 21, 17, 3, 18, 31, 22]

Individual 97:
  Route length: 8248
  Contribution to Diversity: 0.0001790319299308507
  Route: [1, 32, 49, 45, 19, 8, 41, 9, 10, 43, 33, 51, 11, 52, 14, 13, 26, 47, 27, 28, 12, 4, 25, 48, 15, 38, 5, 6, 24, 37, 40, 34, 35, 36, 39, 46, 44, 16, 29, 20, 50, 23, 30, 2, 7, 42, 21, 17, 3, 18, 31, 22]

Individual 98:
  Route length: 8250
  Contribution to Diversity: 0.0008127675461722106
  Route: [1, 49, 32, 10, 9, 41, 8, 19, 45, 43, 33, 51, 11, 52, 14, 13, 27, 28, 26, 47, 12, 25, 4, 6, 15, 5, 24, 48, 38, 40, 37, 39, 36, 34, 35, 44, 46, 16, 29, 50, 20, 23, 30, 2, 7, 42, 21, 17, 3, 18, 31, 22]

Individual 99:
  Route length: 8234
  Contribution to Diversity: 0.0007131287931523289
  Route: [1, 49, 32, 45, 19, 41, 8, 9, 10, 43, 33, 51, 11, 52, 14, 13, 47, 26, 27, 28, 12, 25, 4, 15, 6, 40, 38, 5, 24, 48, 37, 39, 36, 34, 35, 46, 44, 16, 29, 20, 50, 42, 7, 2, 30, 23, 31, 18, 3, 17, 21, 22]

Total Entropy H: 5.14836495205557
