Individual 0:
  Route length: 16540
  Contribution to Diversity: 0.0006638502593077078
  Route: [1, 17, 48, 38, 14, 15, 20, 50, 29, 16, 44, 39, 43, 10, 9, 8, 41, 19, 35, 34, 36, 45, 46, 28, 27, 47, 13, 5, 24, 7, 42, 21, 2, 30, 23, 6, 4, 25, 12, 52, 11, 51, 33, 40, 37, 32, 49, 3, 26, 18, 31, 22]

Individual 1:
  Route length: 22559
  Contribution to Diversity: 0.0009375760710614855
  Route: [44, 41, 8, 9, 10, 4, 25, 12, 28, 27, 20, 47, 26, 17, 34, 1, 49, 23, 13, 35, 11, 15, 6, 43, 39, 40, 37, 38, 48, 16, 46, 19, 33, 51, 18, 7, 2, 52, 14, 21, 32, 30, 36, 45, 42, 24, 29, 50, 3, 5, 31, 22]

Individual 2:
  Route length: 21525
  Contribution to Diversity: 0.0007603619580542897
  Route: [45, 40, 21, 17, 10, 43, 33, 51, 39, 36, 35, 34, 44, 1, 48, 19, 11, 52, 14, 12, 41, 13, 28, 20, 27, 9, 3, 18, 31, 50, 29, 4, 6, 15, 49, 32, 42, 7, 16, 46, 2, 25, 37, 38, 5, 24, 30, 23, 8, 47, 26, 22]

Individual 3:
  Route length: 20971
  Contribution to Diversity: 0.00119475868454888
  Route: [33, 30, 23, 20, 36, 42, 28, 12, 17, 3, 38, 37, 6, 15, 5, 4, 25, 19, 9, 8, 52, 14, 13, 47, 26, 1, 51, 11, 39, 40, 24, 49, 35, 50, 29, 43, 41, 10, 44, 46, 16, 34, 27, 21, 45, 32, 7, 2, 48, 18, 31, 22]

Individual 4:
  Route length: 22524
  Contribution to Diversity: 0.0008145583912284593
  Route: [7, 8, 43, 52, 14, 30, 50, 20, 39, 9, 49, 32, 34, 47, 26, 27, 10, 29, 16, 51, 11, 33, 40, 23, 36, 35, 45, 19, 41, 42, 28, 1, 25, 13, 2, 12, 21, 17, 3, 18, 31, 48, 38, 46, 44, 4, 6, 15, 5, 24, 37, 22]

Individual 5:
  Route length: 22539
  Contribution to Diversity: 0.00014561843766269789
  Route: [1, 49, 34, 33, 51, 15, 5, 23, 9, 47, 32, 19, 41, 18, 3, 40, 39, 36, 35, 6, 7, 2, 30, 10, 16, 26, 29, 37, 38, 12, 42, 21, 17, 28, 48, 24, 46, 20, 44, 45, 13, 11, 52, 14, 43, 27, 4, 25, 50, 8, 31, 22]

Individual 6:
  Route length: 22221
  Contribution to Diversity: 0.0010490668554998805
  Route: [52, 6, 15, 29, 21, 19, 2, 7, 36, 35, 34, 37, 39, 40, 44, 46, 4, 25, 11, 51, 45, 23, 48, 16, 12, 1, 49, 32, 20, 8, 41, 30, 33, 43, 14, 13, 50, 38, 42, 9, 10, 28, 24, 5, 47, 26, 27, 17, 3, 18, 31, 22]

Individual 7:
  Route length: 22004
  Contribution to Diversity: 0.0012618327186855183
  Route: [1, 41, 8, 29, 50, 51, 13, 45, 4, 30, 23, 5, 15, 34, 12, 38, 36, 35, 11, 2, 17, 37, 27, 28, 48, 24, 39, 25, 49, 6, 44, 20, 26, 47, 32, 19, 21, 42, 7, 52, 14, 33, 43, 10, 9, 16, 46, 40, 3, 18, 31, 22]

Individual 8:
  Route length: 22512
  Contribution to Diversity: 0.0008952321377657668
  Route: [44, 41, 8, 9, 10, 4, 25, 12, 28, 27, 20, 47, 45, 42, 24, 29, 50, 3, 52, 14, 21, 32, 49, 1, 34, 17, 26, 36, 30, 23, 13, 35, 11, 51, 33, 19, 46, 16, 48, 38, 37, 40, 39, 43, 6, 15, 18, 7, 2, 5, 31, 22]

Individual 9:
  Route length: 22032
  Contribution to Diversity: 0.00022508537114784843
  Route: [44, 46, 16, 14, 21, 32, 11, 51, 33, 19, 41, 8, 9, 10, 40, 39, 43, 49, 30, 23, 13, 35, 36, 45, 42, 24, 29, 50, 20, 47, 26, 17, 34, 1, 37, 38, 48, 52, 2, 7, 18, 4, 5, 3, 27, 28, 12, 25, 15, 6, 31, 22]

Individual 10:
  Route length: 21788
  Contribution to Diversity: 0.0003798955662812631
  Route: [7, 8, 43, 52, 14, 30, 50, 20, 39, 9, 49, 48, 31, 18, 3, 17, 21, 12, 2, 13, 25, 1, 28, 27, 26, 47, 34, 32, 38, 29, 16, 51, 11, 33, 24, 5, 15, 6, 4, 44, 46, 10, 42, 41, 19, 45, 35, 36, 23, 40, 37, 22]

Individual 11:
  Route length: 21965
  Contribution to Diversity: 0.0011127892279212404
  Route: [14, 52, 11, 51, 33, 13, 45, 38, 37, 40, 16, 29, 2, 49, 30, 23, 47, 9, 10, 28, 48, 24, 46, 39, 36, 35, 25, 4, 6, 15, 5, 43, 27, 21, 17, 3, 18, 41, 19, 32, 1, 26, 42, 12, 7, 34, 44, 20, 50, 8, 31, 22]

Individual 12:
  Route length: 19431
  Contribution to Diversity: 0.0010694110278954838
  Route: [38, 37, 40, 10, 43, 1, 14, 52, 11, 51, 33, 19, 41, 6, 48, 25, 12, 28, 27, 24, 42, 45, 49, 32, 21, 3, 46, 44, 34, 17, 15, 5, 35, 36, 39, 9, 8, 4, 26, 47, 20, 50, 29, 16, 18, 7, 31, 13, 23, 30, 2, 22]

Individual 13:
  Route length: 21807
  Contribution to Diversity: 0.00030165843138707515
  Route: [49, 35, 33, 43, 38, 48, 24, 5, 15, 29, 16, 46, 44, 8, 23, 30, 2, 51, 11, 52, 42, 21, 34, 12, 18, 13, 27, 28, 31, 14, 7, 32, 45, 19, 41, 50, 20, 6, 4, 25, 37, 10, 9, 26, 47, 3, 17, 1, 36, 39, 40, 22]

Individual 14:
  Route length: 20210
  Contribution to Diversity: 0.0007260891856679663
  Route: [20, 6, 4, 8, 12, 48, 24, 5, 41, 47, 25, 26, 27, 28, 15, 19, 32, 45, 49, 1, 40, 46, 14, 13, 36, 50, 29, 18, 3, 17, 21, 42, 38, 37, 30, 2, 7, 44, 23, 52, 31, 16, 39, 11, 51, 33, 43, 10, 9, 35, 34, 22]

Individual 15:
  Route length: 21914
  Contribution to Diversity: 0.0010908123980071238
  Route: [12, 21, 17, 26, 27, 28, 1, 25, 34, 32, 49, 4, 6, 15, 5, 31, 18, 8, 30, 14, 52, 43, 50, 13, 47, 48, 38, 46, 44, 9, 39, 40, 37, 16, 29, 10, 42, 41, 19, 45, 35, 36, 23, 20, 2, 7, 3, 24, 33, 11, 51, 22]

Individual 16:
  Route length: 21954
  Contribution to Diversity: 0.000729642926031282
  Route: [24, 48, 9, 11, 52, 6, 15, 36, 7, 3, 17, 21, 30, 2, 18, 31, 14, 4, 25, 5, 47, 26, 27, 28, 12, 1, 49, 10, 51, 45, 23, 8, 41, 19, 34, 44, 46, 43, 33, 35, 29, 16, 32, 20, 37, 40, 38, 42, 39, 50, 13, 22]

Individual 17:
  Route length: 22483
  Contribution to Diversity: 0.001464681729681061
  Route: [15, 6, 24, 5, 18, 3, 17, 21, 39, 36, 35, 34, 44, 1, 48, 2, 25, 12, 28, 20, 10, 9, 27, 8, 23, 30, 50, 29, 4, 31, 49, 32, 42, 7, 16, 46, 19, 11, 52, 14, 41, 13, 40, 45, 38, 37, 51, 33, 43, 47, 26, 22]

Individual 18:
  Route length: 21316
  Contribution to Diversity: 0.0007303492578838444
  Route: [25, 1, 38, 42, 20, 32, 49, 50, 13, 14, 43, 33, 30, 41, 8, 52, 6, 15, 29, 21, 19, 2, 7, 36, 35, 34, 37, 39, 40, 44, 46, 4, 12, 16, 48, 23, 45, 51, 11, 9, 10, 28, 27, 26, 47, 5, 24, 17, 3, 18, 31, 22]

Individual 19:
  Route length: 22039
  Contribution to Diversity: 0.0011958971458403411
  Route: [24, 48, 9, 11, 52, 6, 4, 14, 31, 18, 2, 30, 21, 17, 3, 7, 36, 15, 25, 5, 47, 26, 27, 28, 12, 1, 49, 10, 51, 45, 23, 8, 41, 19, 34, 44, 46, 43, 33, 35, 29, 16, 32, 20, 37, 40, 38, 42, 39, 50, 13, 22]

Individual 20:
  Route length: 21416
  Contribution to Diversity: 0.0008673475294580513
  Route: [1, 49, 2, 26, 13, 34, 35, 36, 14, 17, 23, 16, 29, 50, 20, 48, 38, 37, 3, 18, 9, 8, 41, 19, 12, 44, 46, 25, 4, 6, 32, 45, 47, 40, 28, 27, 39, 30, 24, 5, 15, 7, 21, 42, 11, 52, 51, 43, 33, 10, 31, 22]

Individual 21:
  Route length: 21690
  Contribution to Diversity: 0.0018592838172653003
  Route: [1, 49, 45, 32, 19, 15, 28, 27, 26, 25, 47, 41, 5, 24, 48, 42, 33, 51, 11, 39, 16, 31, 52, 23, 44, 7, 2, 30, 37, 38, 12, 8, 4, 6, 20, 40, 46, 14, 13, 36, 50, 29, 18, 3, 17, 21, 43, 10, 9, 35, 34, 22]

Individual 22:
  Route length: 22140
  Contribution to Diversity: 5.861278272689674e-05
  Route: [39, 32, 19, 41, 25, 4, 6, 7, 2, 30, 23, 5, 15, 34, 51, 29, 21, 17, 3, 18, 33, 16, 46, 24, 48, 28, 10, 9, 47, 26, 42, 12, 38, 37, 40, 27, 43, 8, 50, 20, 44, 11, 52, 14, 1, 49, 45, 13, 35, 36, 31, 22]

Individual 23:
  Route length: 21275
  Contribution to Diversity: 0.000515194055153323
  Route: [1, 41, 19, 45, 32, 21, 52, 14, 13, 39, 33, 51, 7, 2, 30, 12, 23, 25, 18, 3, 37, 38, 48, 44, 34, 35, 36, 43, 10, 9, 17, 40, 47, 15, 5, 29, 20, 50, 46, 16, 24, 28, 27, 26, 6, 4, 31, 11, 8, 49, 42, 22]

Individual 24:
  Route length: 21357
  Contribution to Diversity: 0.000318501471090471
  Route: [49, 12, 25, 37, 26, 27, 44, 32, 45, 30, 2, 7, 34, 35, 36, 39, 5, 24, 48, 38, 46, 23, 16, 9, 10, 17, 3, 40, 21, 42, 41, 14, 8, 15, 51, 33, 43, 1, 19, 52, 11, 29, 50, 20, 28, 6, 4, 13, 47, 18, 31, 22]

Individual 25:
  Route length: 22002
  Contribution to Diversity: 0.0007494464495465536
  Route: [1, 21, 35, 11, 3, 40, 39, 28, 27, 37, 17, 49, 25, 32, 38, 12, 34, 15, 5, 23, 30, 4, 45, 13, 14, 52, 7, 42, 36, 48, 24, 46, 16, 29, 50, 51, 33, 43, 10, 9, 8, 26, 47, 19, 41, 20, 44, 6, 2, 18, 31, 22]

Individual 26:
  Route length: 19094
  Contribution to Diversity: 0.0006748348868281795
  Route: [30, 2, 7, 42, 21, 9, 16, 45, 8, 15, 43, 33, 51, 11, 46, 23, 49, 24, 5, 10, 17, 3, 40, 39, 36, 35, 34, 41, 14, 13, 47, 26, 48, 32, 52, 19, 1, 29, 25, 12, 4, 6, 44, 20, 50, 28, 27, 38, 37, 18, 31, 22]

Individual 27:
  Route length: 21739
  Contribution to Diversity: 0.0004785039894281695
  Route: [24, 39, 41, 19, 45, 49, 32, 1, 4, 25, 12, 28, 35, 13, 47, 26, 16, 36, 27, 29, 52, 42, 40, 6, 46, 48, 37, 38, 43, 33, 23, 20, 18, 3, 5, 14, 21, 17, 7, 2, 30, 51, 34, 44, 8, 9, 10, 15, 11, 50, 31, 22]

Individual 28:
  Route length: 22070
  Contribution to Diversity: 0.0016876521951711965
  Route: [1, 49, 38, 8, 41, 19, 15, 42, 46, 12, 36, 10, 13, 14, 52, 11, 51, 33, 7, 6, 30, 23, 16, 29, 26, 27, 5, 37, 40, 39, 32, 24, 48, 9, 35, 34, 44, 21, 17, 20, 28, 45, 50, 47, 43, 2, 4, 25, 3, 18, 31, 22]

Individual 29:
  Route length: 22334
  Contribution to Diversity: 0.0007246879116253879
  Route: [1, 49, 50, 29, 26, 27, 28, 33, 17, 14, 36, 35, 34, 13, 19, 41, 8, 9, 10, 40, 47, 30, 39, 51, 43, 23, 25, 4, 6, 32, 45, 52, 11, 42, 21, 7, 15, 5, 24, 12, 44, 46, 16, 2, 20, 48, 38, 37, 3, 18, 31, 22]

Individual 30:
  Route length: 22421
  Contribution to Diversity: 0.001245908839790033
  Route: [44, 46, 16, 14, 21, 27, 28, 37, 1, 34, 17, 25, 12, 15, 6, 4, 18, 7, 2, 52, 48, 38, 26, 47, 20, 50, 29, 24, 42, 45, 36, 35, 13, 23, 30, 11, 51, 10, 9, 8, 41, 19, 33, 43, 39, 40, 49, 32, 3, 5, 31, 22]

Individual 31:
  Route length: 18315
  Contribution to Diversity: 0.0017209656603238699
  Route: [1, 49, 32, 27, 26, 47, 33, 8, 34, 35, 28, 5, 24, 44, 9, 10, 43, 46, 18, 3, 17, 21, 42, 36, 40, 39, 7, 30, 2, 23, 20, 6, 51, 45, 13, 14, 52, 11, 19, 41, 15, 37, 38, 48, 12, 25, 4, 50, 29, 16, 31, 22]

Individual 32:
  Route length: 21190
  Contribution to Diversity: 0.0014345223917313632
  Route: [25, 1, 49, 32, 20, 42, 38, 50, 13, 14, 43, 33, 6, 52, 8, 41, 30, 15, 29, 21, 19, 2, 7, 36, 35, 34, 37, 39, 40, 44, 46, 4, 12, 16, 48, 23, 45, 51, 11, 9, 10, 28, 27, 26, 47, 5, 24, 17, 3, 18, 31, 22]

Individual 33:
  Route length: 19518
  Contribution to Diversity: 0.0006827005959459953
  Route: [6, 3, 17, 30, 27, 20, 23, 21, 38, 31, 18, 39, 40, 37, 42, 7, 2, 28, 12, 25, 4, 16, 15, 36, 35, 10, 9, 8, 47, 26, 50, 29, 1, 46, 5, 34, 43, 33, 51, 24, 52, 14, 13, 19, 41, 45, 32, 49, 44, 11, 48, 22]

Individual 34:
  Route length: 18229
  Contribution to Diversity: 0.001252108349895309
  Route: [1, 49, 32, 4, 39, 51, 43, 31, 30, 2, 7, 42, 29, 50, 20, 23, 27, 3, 47, 26, 18, 28, 12, 14, 52, 11, 33, 6, 48, 5, 41, 8, 15, 24, 19, 45, 25, 13, 10, 9, 38, 37, 40, 36, 35, 34, 44, 46, 16, 21, 17, 22]

Individual 35:
  Route length: 18616
  Contribution to Diversity: 0.0016484408086334668
  Route: [1, 24, 6, 23, 37, 43, 33, 51, 8, 9, 19, 18, 36, 41, 10, 40, 39, 50, 20, 3, 35, 34, 12, 28, 27, 46, 16, 49, 42, 21, 45, 32, 7, 26, 47, 14, 13, 52, 11, 29, 48, 38, 30, 2, 44, 17, 15, 5, 4, 25, 31, 22]

Individual 36:
  Route length: 22371
  Contribution to Diversity: 0.000932217807291913
  Route: [1, 25, 51, 20, 23, 36, 35, 45, 12, 28, 27, 26, 47, 50, 16, 29, 10, 42, 41, 19, 21, 17, 48, 14, 30, 31, 18, 3, 38, 43, 52, 13, 2, 39, 40, 37, 8, 7, 9, 49, 32, 34, 11, 33, 24, 5, 15, 6, 4, 44, 46, 22]

Individual 37:
  Route length: 22410
  Contribution to Diversity: 0.0009052418972403942
  Route: [12, 28, 15, 37, 38, 45, 48, 6, 27, 26, 47, 9, 10, 7, 46, 16, 44, 19, 1, 33, 40, 29, 34, 36, 35, 14, 52, 11, 23, 30, 41, 42, 21, 8, 13, 39, 50, 20, 51, 49, 32, 4, 25, 24, 5, 43, 2, 17, 3, 18, 31, 22]

Individual 38:
  Route length: 21928
  Contribution to Diversity: 0.00017750263026439228
  Route: [1, 49, 20, 44, 45, 13, 11, 52, 14, 43, 27, 4, 25, 35, 36, 39, 40, 28, 48, 9, 23, 5, 15, 51, 33, 34, 26, 29, 37, 38, 12, 42, 21, 17, 3, 18, 41, 19, 32, 47, 24, 46, 16, 10, 30, 2, 7, 6, 50, 8, 31, 22]

Individual 39:
  Route length: 21559
  Contribution to Diversity: 0.0007565798650777111
  Route: [1, 49, 32, 44, 37, 36, 6, 31, 21, 17, 14, 24, 45, 34, 35, 40, 48, 19, 4, 18, 3, 29, 16, 46, 47, 13, 50, 20, 52, 11, 25, 23, 30, 2, 27, 28, 12, 5, 15, 8, 41, 51, 33, 43, 10, 9, 7, 26, 39, 38, 42, 22]

Individual 40:
  Route length: 20226
  Contribution to Diversity: 0.0016110216528595345
  Route: [1, 49, 38, 2, 16, 23, 30, 29, 17, 21, 43, 33, 51, 11, 52, 14, 19, 18, 13, 41, 8, 9, 7, 48, 24, 44, 45, 32, 34, 15, 6, 28, 12, 25, 4, 46, 20, 50, 3, 27, 26, 47, 42, 35, 40, 37, 5, 39, 36, 10, 31, 22]

Individual 41:
  Route length: 22388
  Contribution to Diversity: 0.001434054789577921
  Route: [7, 8, 43, 52, 14, 30, 50, 18, 31, 48, 49, 9, 39, 20, 3, 17, 21, 12, 2, 13, 25, 1, 28, 27, 26, 47, 34, 32, 38, 29, 16, 51, 11, 33, 24, 5, 15, 6, 4, 44, 46, 10, 42, 41, 19, 45, 35, 36, 23, 40, 37, 22]

Individual 42:
  Route length: 22498
  Contribution to Diversity: 0.0009680639622997589
  Route: [12, 28, 50, 8, 41, 42, 21, 30, 40, 39, 36, 35, 14, 52, 11, 23, 15, 33, 1, 19, 44, 16, 46, 7, 10, 9, 47, 26, 27, 6, 4, 25, 45, 38, 37, 20, 51, 49, 32, 48, 24, 5, 43, 2, 17, 3, 18, 31, 13, 34, 29, 22]

Individual 43:
  Route length: 19106
  Contribution to Diversity: 0.0010833967927830201
  Route: [32, 45, 48, 38, 37, 40, 26, 36, 39, 27, 28, 12, 25, 49, 1, 15, 6, 9, 5, 34, 8, 41, 13, 47, 29, 50, 20, 23, 30, 10, 43, 46, 16, 4, 33, 44, 35, 7, 42, 21, 17, 3, 2, 24, 19, 14, 52, 11, 51, 18, 31, 22]

Individual 44:
  Route length: 21201
  Contribution to Diversity: 0.0016637470167193413
  Route: [1, 49, 32, 44, 37, 36, 6, 31, 21, 17, 50, 20, 52, 51, 39, 26, 7, 9, 10, 43, 33, 4, 18, 3, 29, 16, 46, 47, 13, 14, 24, 45, 34, 35, 40, 48, 19, 11, 41, 8, 15, 5, 12, 28, 27, 2, 30, 23, 25, 38, 42, 22]

Individual 45:
  Route length: 20355
  Contribution to Diversity: 0.000976728537035676
  Route: [30, 2, 7, 42, 21, 5, 24, 49, 23, 46, 11, 51, 33, 43, 15, 8, 45, 16, 9, 10, 17, 28, 50, 20, 44, 6, 4, 12, 25, 29, 1, 19, 52, 32, 48, 26, 47, 13, 14, 41, 34, 35, 36, 39, 40, 3, 27, 38, 37, 18, 31, 22]

Individual 46:
  Route length: 21791
  Contribution to Diversity: 0.0006540495668696522
  Route: [49, 35, 33, 43, 38, 48, 24, 5, 15, 29, 16, 46, 2, 30, 23, 8, 44, 51, 11, 52, 42, 21, 34, 12, 18, 13, 27, 28, 31, 14, 7, 32, 45, 19, 41, 50, 20, 6, 4, 25, 37, 10, 9, 26, 47, 3, 17, 1, 36, 39, 40, 22]

Individual 47:
  Route length: 20110
  Contribution to Diversity: 0.0004165360549635011
  Route: [18, 3, 48, 5, 49, 1, 29, 46, 23, 30, 19, 40, 37, 26, 47, 13, 14, 33, 51, 10, 9, 8, 41, 42, 7, 2, 31, 16, 39, 36, 6, 34, 28, 24, 52, 21, 17, 11, 43, 50, 20, 44, 25, 12, 38, 27, 35, 4, 15, 45, 32, 22]

Individual 48:
  Route length: 21347
  Contribution to Diversity: 0.0006719663506471463
  Route: [1, 21, 11, 51, 33, 40, 27, 50, 29, 18, 3, 17, 49, 6, 20, 8, 9, 10, 7, 42, 30, 2, 14, 52, 23, 46, 26, 25, 12, 38, 37, 43, 13, 47, 41, 28, 15, 5, 24, 48, 44, 31, 16, 39, 4, 45, 32, 19, 36, 35, 34, 22]

Individual 49:
  Route length: 22272
  Contribution to Diversity: 0.0012264610684935562
  Route: [25, 4, 47, 26, 27, 28, 12, 1, 49, 10, 51, 45, 23, 8, 41, 19, 33, 43, 46, 5, 24, 48, 9, 17, 3, 7, 36, 15, 6, 52, 11, 21, 30, 2, 18, 31, 14, 44, 34, 35, 29, 16, 32, 20, 37, 40, 38, 42, 39, 50, 13, 22]

Individual 50:
  Route length: 21886
  Contribution to Diversity: 0.00035228021814237565
  Route: [31, 4, 29, 50, 30, 23, 8, 27, 9, 10, 39, 36, 35, 34, 44, 1, 48, 2, 25, 12, 28, 20, 21, 17, 3, 18, 5, 24, 6, 15, 49, 32, 42, 7, 16, 46, 19, 38, 45, 40, 13, 41, 14, 52, 11, 37, 51, 33, 43, 47, 26, 22]

Individual 51:
  Route length: 22161
  Contribution to Diversity: 0.0009453399370809024
  Route: [12, 28, 15, 37, 38, 45, 48, 32, 49, 6, 27, 26, 47, 9, 10, 7, 46, 16, 44, 19, 1, 33, 40, 29, 34, 36, 35, 14, 52, 11, 23, 30, 41, 42, 21, 8, 13, 39, 50, 20, 51, 4, 25, 24, 5, 43, 2, 17, 3, 18, 31, 22]

Individual 52:
  Route length: 22585
  Contribution to Diversity: 0.0009546063772392088
  Route: [1, 25, 51, 20, 23, 36, 35, 45, 19, 41, 42, 10, 29, 6, 15, 5, 24, 33, 11, 34, 32, 49, 9, 7, 8, 37, 40, 39, 2, 13, 47, 26, 27, 28, 12, 21, 3, 48, 17, 38, 43, 52, 14, 18, 31, 30, 50, 16, 4, 44, 46, 22]

Individual 53:
  Route length: 22565
  Contribution to Diversity: 0.0001544061009761677
  Route: [20, 34, 44, 46, 6, 35, 30, 2, 7, 5, 52, 14, 18, 41, 8, 12, 37, 38, 51, 19, 28, 23, 1, 11, 47, 9, 43, 10, 33, 45, 17, 3, 50, 13, 39, 36, 4, 25, 26, 27, 48, 24, 42, 21, 32, 49, 15, 40, 16, 29, 31, 22]

Individual 54:
  Route length: 22346
  Contribution to Diversity: 0.0013833058997763104
  Route: [48, 20, 50, 14, 36, 35, 6, 4, 25, 23, 28, 27, 8, 41, 19, 45, 32, 7, 21, 42, 11, 52, 49, 39, 30, 29, 16, 2, 26, 51, 40, 47, 17, 33, 43, 34, 44, 46, 13, 12, 24, 5, 15, 10, 9, 1, 38, 37, 3, 18, 31, 22]

Individual 55:
  Route length: 20778
  Contribution to Diversity: 0
  Route: [1, 47, 12, 28, 27, 26, 44, 36, 8, 41, 19, 6, 4, 35, 45, 49, 50, 23, 20, 31, 40, 38, 18, 39, 46, 16, 29, 14, 51, 11, 15, 13, 42, 32, 21, 17, 3, 37, 30, 34, 25, 9, 24, 48, 10, 43, 33, 52, 5, 7, 2, 22]

Individual 56:
  Route length: 22114
  Contribution to Diversity: 0.0004138781053626417
  Route: [24, 39, 41, 19, 48, 46, 6, 14, 21, 17, 7, 2, 30, 44, 34, 51, 8, 9, 10, 15, 11, 35, 28, 12, 25, 4, 1, 32, 49, 45, 29, 52, 42, 40, 5, 3, 18, 20, 23, 33, 43, 38, 37, 27, 36, 16, 26, 47, 13, 50, 31, 22]

Individual 57:
  Route length: 21546
  Contribution to Diversity: 0.00031091498557245245
  Route: [7, 8, 43, 52, 14, 30, 50, 20, 39, 9, 49, 48, 31, 18, 3, 17, 21, 12, 2, 13, 25, 1, 28, 27, 26, 47, 34, 32, 38, 29, 16, 23, 36, 35, 45, 19, 41, 42, 10, 46, 44, 4, 6, 15, 5, 24, 33, 11, 51, 40, 37, 22]

Individual 58:
  Route length: 18502
  Contribution to Diversity: 0.00013542839232627557
  Route: [1, 15, 50, 32, 45, 26, 11, 52, 14, 2, 7, 9, 24, 48, 38, 51, 47, 13, 46, 44, 10, 43, 33, 21, 42, 34, 35, 4, 6, 29, 16, 20, 23, 30, 25, 12, 28, 27, 19, 41, 8, 5, 36, 39, 40, 49, 37, 17, 3, 18, 31, 22]

Individual 59:
  Route length: 20633
  Contribution to Diversity: 0.0009293397279144244
  Route: [1, 47, 26, 13, 14, 52, 18, 48, 2, 28, 27, 34, 44, 46, 16, 42, 21, 45, 32, 7, 49, 24, 6, 15, 38, 3, 17, 12, 35, 50, 29, 5, 37, 40, 43, 41, 10, 36, 20, 25, 4, 39, 11, 51, 33, 30, 23, 19, 9, 8, 31, 22]

Individual 60:
  Route length: 21114
  Contribution to Diversity: 0.00034491188015817187
  Route: [1, 49, 16, 46, 20, 28, 26, 47, 27, 3, 18, 7, 2, 36, 35, 5, 15, 10, 45, 42, 23, 51, 33, 19, 41, 6, 8, 9, 43, 4, 25, 12, 44, 37, 40, 39, 30, 38, 50, 29, 31, 13, 11, 52, 17, 14, 24, 48, 34, 21, 32, 22]

Individual 61:
  Route length: 22305
  Contribution to Diversity: 0.0006222609374777477
  Route: [1, 41, 19, 45, 32, 21, 52, 14, 13, 39, 33, 51, 7, 2, 30, 12, 23, 25, 18, 3, 37, 38, 48, 44, 34, 35, 36, 43, 10, 26, 27, 28, 24, 16, 46, 50, 20, 29, 5, 15, 47, 40, 17, 9, 6, 4, 31, 11, 8, 49, 42, 22]

Individual 62:
  Route length: 21363
  Contribution to Diversity: 0.00022664791965265607
  Route: [1, 21, 35, 11, 3, 40, 39, 28, 27, 37, 12, 34, 15, 5, 23, 30, 4, 45, 13, 14, 52, 7, 42, 36, 48, 24, 46, 16, 29, 50, 51, 33, 43, 10, 9, 8, 26, 47, 25, 49, 17, 38, 32, 19, 41, 20, 44, 6, 2, 18, 31, 22]

Individual 63:
  Route length: 20490
  Contribution to Diversity: 0.001573881747405359
  Route: [1, 42, 7, 52, 44, 20, 45, 13, 14, 34, 35, 30, 21, 17, 3, 18, 31, 9, 10, 43, 33, 51, 15, 5, 23, 11, 37, 25, 28, 27, 4, 49, 50, 29, 16, 46, 24, 48, 6, 2, 40, 39, 36, 12, 38, 26, 47, 32, 19, 41, 8, 22]

Individual 64:
  Route length: 20716
  Contribution to Diversity: 0.00046419847986811646
  Route: [1, 26, 47, 13, 14, 52, 18, 48, 2, 28, 27, 34, 44, 46, 16, 42, 21, 45, 32, 7, 12, 17, 3, 38, 15, 6, 24, 49, 35, 20, 36, 10, 41, 43, 40, 37, 5, 29, 50, 25, 4, 39, 11, 51, 33, 30, 23, 19, 9, 8, 31, 22]

Individual 65:
  Route length: 18925
  Contribution to Diversity: 0.0011914353652144882
  Route: [1, 24, 6, 23, 37, 43, 33, 51, 8, 30, 2, 44, 34, 35, 36, 41, 10, 40, 39, 50, 7, 26, 47, 14, 13, 52, 11, 29, 48, 38, 9, 19, 18, 3, 20, 32, 45, 21, 42, 49, 16, 46, 27, 28, 12, 17, 15, 5, 4, 25, 31, 22]

Individual 66:
  Route length: 20322
  Contribution to Diversity: 0.0009024276531359732
  Route: [49, 12, 25, 41, 14, 8, 38, 48, 24, 5, 21, 42, 45, 30, 2, 7, 32, 44, 27, 19, 1, 37, 34, 35, 36, 39, 40, 3, 17, 10, 9, 16, 23, 29, 26, 52, 11, 51, 33, 43, 15, 46, 50, 20, 28, 6, 4, 13, 47, 18, 31, 22]

Individual 67:
  Route length: 21861
  Contribution to Diversity: 0.0005962382632329621
  Route: [18, 3, 48, 5, 15, 4, 21, 52, 24, 28, 34, 6, 36, 39, 16, 31, 2, 7, 42, 41, 8, 9, 20, 50, 43, 11, 17, 35, 27, 26, 47, 10, 51, 33, 14, 13, 44, 25, 12, 38, 37, 40, 46, 23, 30, 19, 29, 1, 49, 45, 32, 22]

Individual 68:
  Route length: 22111
  Contribution to Diversity: 0.0004079601416284717
  Route: [1, 49, 34, 33, 51, 15, 10, 30, 2, 7, 6, 50, 21, 17, 3, 18, 41, 19, 32, 47, 9, 23, 5, 16, 46, 24, 48, 28, 40, 39, 36, 35, 25, 4, 27, 43, 14, 52, 11, 13, 45, 38, 37, 29, 26, 20, 44, 12, 42, 8, 31, 22]

Individual 69:
  Route length: 20933
  Contribution to Diversity: 0.0002434379951328225
  Route: [36, 27, 29, 52, 14, 5, 1, 4, 25, 12, 28, 35, 30, 2, 7, 17, 21, 42, 24, 16, 39, 40, 6, 46, 48, 23, 33, 43, 26, 10, 37, 20, 41, 9, 8, 44, 34, 51, 11, 32, 3, 18, 19, 45, 49, 15, 38, 47, 13, 50, 31, 22]

Individual 70:
  Route length: 22138
  Contribution to Diversity: 0.0011789808511544209
  Route: [12, 21, 17, 26, 25, 1, 28, 27, 34, 32, 49, 4, 6, 15, 5, 47, 13, 50, 30, 14, 52, 43, 8, 18, 31, 48, 38, 46, 44, 9, 39, 40, 37, 16, 29, 10, 42, 41, 19, 7, 2, 20, 23, 36, 35, 45, 3, 24, 33, 11, 51, 22]

Individual 71:
  Route length: 21263
  Contribution to Diversity: 0.0004553985323019205
  Route: [45, 40, 21, 17, 3, 18, 31, 50, 29, 4, 6, 15, 49, 32, 42, 7, 16, 46, 2, 10, 44, 34, 35, 36, 39, 51, 33, 27, 9, 1, 43, 20, 28, 12, 25, 48, 19, 11, 52, 14, 13, 41, 37, 38, 5, 24, 30, 23, 8, 47, 26, 22]

Individual 72:
  Route length: 20874
  Contribution to Diversity: 0
  Route: [11, 52, 14, 36, 35, 39, 40, 37, 38, 41, 8, 13, 34, 44, 46, 16, 42, 21, 17, 3, 18, 31, 12, 45, 25, 4, 6, 27, 1, 33, 15, 28, 29, 50, 47, 26, 20, 51, 49, 32, 48, 19, 7, 2, 30, 23, 9, 10, 43, 5, 24, 22]

Individual 73:
  Route length: 19812
  Contribution to Diversity: 0
  Route: [1, 17, 48, 38, 45, 36, 39, 43, 10, 9, 8, 40, 33, 51, 11, 4, 20, 23, 30, 41, 19, 35, 34, 44, 28, 21, 3, 49, 32, 37, 24, 5, 13, 47, 7, 42, 25, 12, 46, 16, 29, 50, 6, 15, 14, 52, 27, 2, 26, 18, 31, 22]

Individual 74:
  Route length: 20797
  Contribution to Diversity: 0
  Route: [39, 35, 36, 14, 52, 11, 40, 37, 38, 41, 8, 13, 34, 44, 46, 16, 42, 21, 17, 3, 18, 31, 12, 45, 25, 4, 6, 27, 1, 33, 15, 28, 29, 50, 47, 26, 20, 51, 49, 32, 48, 19, 7, 2, 30, 23, 9, 10, 43, 5, 24, 22]

Individual 75:
  Route length: 20670
  Contribution to Diversity: 0
  Route: [1, 49, 32, 45, 5, 4, 6, 15, 11, 51, 17, 21, 3, 13, 42, 24, 48, 37, 38, 52, 25, 41, 8, 33, 47, 26, 27, 36, 50, 20, 12, 28, 35, 30, 2, 7, 19, 23, 34, 44, 46, 16, 29, 14, 40, 39, 43, 10, 9, 18, 31, 22]

Individual 76:
  Route length: 20505
  Contribution to Diversity: 0
  Route: [36, 27, 29, 52, 14, 5, 1, 4, 25, 12, 28, 35, 30, 2, 7, 17, 21, 42, 24, 16, 39, 40, 37, 10, 26, 43, 33, 23, 48, 46, 6, 20, 18, 3, 32, 11, 51, 34, 44, 8, 9, 41, 19, 45, 49, 15, 38, 47, 13, 50, 31, 22]

Individual 77:
  Route length: 21276
  Contribution to Diversity: 0.0006306280127619246
  Route: [17, 21, 42, 24, 16, 39, 40, 25, 4, 1, 32, 11, 51, 34, 44, 8, 9, 41, 19, 45, 49, 15, 38, 37, 20, 18, 3, 5, 14, 52, 29, 27, 36, 7, 2, 30, 35, 28, 12, 6, 46, 48, 23, 33, 43, 26, 10, 47, 13, 50, 31, 22]

Individual 78:
  Route length: 21585
  Contribution to Diversity: 0.0007203265584099228
  Route: [46, 44, 4, 6, 15, 5, 24, 33, 25, 1, 52, 14, 7, 2, 50, 20, 23, 19, 41, 8, 29, 35, 37, 40, 39, 36, 38, 48, 31, 18, 3, 17, 21, 12, 28, 27, 26, 30, 9, 49, 32, 51, 16, 34, 11, 45, 47, 13, 42, 10, 43, 22]

Individual 79:
  Route length: 22620
  Contribution to Diversity: 0.0009141615197822972
  Route: [20, 34, 44, 46, 6, 35, 30, 2, 7, 5, 52, 14, 18, 41, 8, 12, 19, 51, 38, 37, 28, 23, 1, 11, 47, 9, 43, 10, 33, 45, 17, 3, 50, 21, 42, 24, 48, 27, 26, 25, 4, 36, 39, 13, 32, 49, 15, 40, 16, 29, 31, 22]

Individual 80:
  Route length: 22618
  Contribution to Diversity: 0.00026976156937319473
  Route: [20, 34, 44, 46, 6, 4, 25, 26, 27, 48, 24, 42, 21, 17, 43, 9, 47, 11, 1, 23, 50, 13, 37, 38, 51, 19, 12, 8, 41, 18, 14, 52, 5, 7, 2, 30, 35, 36, 39, 28, 3, 10, 33, 29, 16, 40, 15, 49, 32, 45, 31, 22]

Individual 81:
  Route length: 20970
  Contribution to Diversity: 0.0001975631535522382
  Route: [1, 26, 47, 13, 14, 52, 18, 48, 2, 28, 27, 34, 44, 46, 16, 42, 21, 45, 32, 7, 12, 17, 3, 38, 15, 6, 24, 49, 35, 50, 29, 5, 43, 40, 37, 41, 10, 36, 20, 25, 4, 39, 11, 51, 33, 30, 23, 19, 9, 8, 31, 22]

Individual 82:
  Route length: 21706
  Contribution to Diversity: 0.001002885431296896
  Route: [18, 3, 48, 5, 15, 4, 21, 52, 24, 28, 34, 6, 36, 39, 47, 26, 27, 35, 17, 11, 43, 50, 20, 9, 8, 41, 42, 7, 2, 31, 16, 13, 14, 33, 51, 10, 44, 25, 12, 38, 37, 40, 46, 23, 30, 19, 29, 1, 49, 45, 32, 22]

Individual 83:
  Route length: 21818
  Contribution to Diversity: 0.0005914481153199702
  Route: [24, 39, 41, 19, 45, 49, 32, 1, 4, 25, 12, 28, 35, 11, 15, 10, 9, 8, 51, 29, 48, 46, 6, 14, 21, 17, 7, 2, 30, 44, 34, 52, 42, 40, 5, 3, 18, 20, 23, 33, 43, 38, 37, 27, 36, 16, 26, 47, 13, 50, 31, 22]

Individual 84:
  Route length: 20022
  Contribution to Diversity: 0.00039674514223619894
  Route: [49, 12, 25, 41, 14, 8, 38, 48, 24, 5, 21, 42, 45, 30, 2, 7, 32, 19, 1, 37, 34, 35, 36, 39, 40, 3, 17, 10, 9, 16, 23, 29, 26, 27, 44, 52, 11, 51, 33, 43, 15, 46, 50, 20, 28, 6, 4, 13, 47, 18, 31, 22]

Individual 85:
  Route length: 21345
  Contribution to Diversity: 9.372159815779213e-05
  Route: [41, 8, 36, 44, 26, 27, 28, 12, 47, 1, 19, 6, 4, 35, 30, 37, 3, 17, 21, 32, 42, 13, 15, 11, 51, 14, 29, 16, 46, 39, 18, 38, 40, 31, 20, 23, 50, 49, 45, 34, 25, 9, 24, 48, 10, 43, 33, 52, 5, 7, 2, 22]

Individual 86:
  Route length: 21482
  Contribution to Diversity: 0.0004662674517481591
  Route: [1, 49, 32, 44, 37, 36, 6, 31, 21, 17, 14, 24, 45, 34, 35, 40, 48, 19, 39, 26, 7, 9, 10, 43, 33, 51, 41, 8, 15, 5, 12, 28, 27, 2, 30, 23, 25, 11, 52, 20, 50, 13, 47, 46, 16, 29, 3, 18, 4, 38, 42, 22]

Individual 87:
  Route length: 19358
  Contribution to Diversity: 2.9051251367206987e-05
  Route: [1, 38, 4, 18, 3, 29, 16, 46, 7, 19, 41, 43, 10, 39, 49, 32, 44, 31, 6, 26, 47, 13, 14, 52, 11, 51, 33, 36, 48, 9, 50, 20, 23, 30, 2, 27, 15, 5, 12, 28, 8, 40, 37, 21, 17, 35, 34, 45, 24, 25, 42, 22]

Individual 88:
  Route length: 21761
  Contribution to Diversity: 0.000181400184365188
  Route: [48, 20, 50, 52, 11, 34, 44, 46, 16, 29, 26, 27, 28, 23, 25, 4, 6, 35, 36, 14, 49, 39, 30, 2, 13, 12, 24, 5, 15, 10, 43, 33, 17, 47, 40, 51, 8, 41, 19, 45, 32, 7, 21, 42, 9, 1, 38, 37, 3, 18, 31, 22]

Individual 89:
  Route length: 21308
  Contribution to Diversity: 0
  Route: [33, 30, 2, 7, 5, 8, 44, 34, 31, 42, 20, 23, 50, 40, 38, 19, 41, 52, 14, 29, 16, 46, 39, 18, 3, 17, 21, 13, 49, 32, 45, 15, 11, 43, 37, 48, 24, 12, 25, 4, 6, 9, 28, 27, 26, 47, 1, 10, 51, 35, 36, 22]

Individual 90:
  Route length: 21985
  Contribution to Diversity: 0.0005867386278488596
  Route: [1, 49, 38, 48, 24, 32, 45, 28, 44, 16, 23, 7, 40, 37, 5, 33, 43, 47, 26, 27, 51, 4, 25, 12, 34, 35, 13, 18, 19, 41, 8, 3, 17, 10, 6, 9, 29, 30, 2, 15, 50, 20, 46, 11, 52, 36, 39, 42, 21, 14, 31, 22]

Individual 91:
  Route length: 21329
  Contribution to Diversity: 0.0008395988367873031
  Route: [33, 51, 10, 1, 47, 26, 27, 28, 9, 6, 4, 32, 49, 13, 21, 17, 3, 18, 39, 44, 15, 45, 16, 29, 14, 52, 41, 19, 38, 40, 31, 42, 50, 23, 20, 34, 11, 43, 37, 48, 24, 12, 25, 46, 8, 5, 7, 2, 30, 35, 36, 22]

Individual 92:
  Route length: 21374
  Contribution to Diversity: 0
  Route: [39, 35, 10, 9, 23, 30, 2, 7, 19, 48, 32, 49, 51, 20, 26, 47, 50, 29, 28, 15, 33, 1, 27, 6, 4, 25, 45, 12, 31, 18, 3, 17, 21, 42, 16, 46, 44, 34, 13, 8, 41, 38, 37, 40, 11, 52, 14, 36, 43, 5, 24, 22]

Individual 93:
  Route length: 21894
  Contribution to Diversity: 0
  Route: [33, 30, 41, 19, 38, 40, 50, 23, 20, 42, 31, 34, 44, 8, 5, 7, 2, 52, 14, 29, 16, 46, 39, 18, 3, 17, 21, 13, 49, 32, 45, 15, 11, 43, 37, 48, 24, 12, 25, 4, 6, 9, 28, 27, 26, 47, 1, 10, 51, 35, 36, 22]

Individual 94:
  Route length: 19438
  Contribution to Diversity: 3.2352510127786616e-05
  Route: [32, 21, 17, 26, 47, 20, 46, 30, 39, 3, 18, 7, 2, 36, 35, 5, 15, 10, 9, 8, 6, 48, 24, 14, 1, 29, 50, 44, 12, 25, 4, 34, 28, 27, 52, 11, 51, 33, 19, 41, 43, 45, 42, 38, 37, 40, 49, 23, 16, 13, 31, 22]

Individual 95:
  Route length: 19173
  Contribution to Diversity: 0
  Route: [32, 21, 17, 26, 47, 20, 46, 30, 39, 3, 18, 7, 2, 14, 24, 48, 6, 8, 9, 10, 15, 5, 35, 36, 1, 29, 50, 44, 12, 25, 4, 34, 28, 27, 52, 11, 51, 33, 19, 41, 43, 45, 42, 38, 37, 40, 49, 23, 16, 13, 31, 22]

Individual 96:
  Route length: 19722
  Contribution to Diversity: 0.00021756473779888097
  Route: [6, 3, 17, 30, 27, 20, 23, 21, 38, 31, 18, 39, 40, 37, 42, 7, 2, 28, 12, 25, 4, 16, 46, 1, 29, 50, 26, 47, 8, 9, 10, 35, 36, 15, 5, 34, 43, 33, 51, 24, 52, 14, 13, 19, 32, 49, 41, 45, 44, 11, 48, 22]

Individual 97:
  Route length: 19710
  Contribution to Diversity: 0.0012555235256739294
  Route: [32, 45, 48, 38, 52, 14, 19, 24, 2, 3, 17, 21, 42, 7, 35, 15, 10, 43, 33, 4, 16, 46, 44, 6, 9, 5, 34, 8, 41, 13, 47, 29, 50, 20, 23, 30, 1, 49, 25, 12, 28, 27, 39, 36, 26, 40, 37, 11, 51, 18, 31, 22]

Individual 98:
  Route length: 17939
  Contribution to Diversity: 0
  Route: [1, 49, 38, 27, 3, 17, 21, 42, 7, 32, 45, 30, 23, 16, 2, 5, 39, 36, 10, 48, 24, 37, 40, 15, 6, 29, 50, 20, 46, 4, 25, 9, 8, 44, 28, 12, 11, 51, 14, 13, 26, 47, 43, 33, 52, 35, 34, 41, 19, 18, 31, 22]

Individual 99:
  Route length: 21816
  Contribution to Diversity: 0.0005391580224296533
  Route: [18, 3, 17, 21, 52, 24, 28, 27, 32, 2, 14, 33, 51, 47, 13, 44, 25, 12, 38, 37, 40, 46, 23, 30, 19, 43, 11, 48, 5, 15, 4, 35, 34, 42, 7, 20, 50, 29, 1, 49, 45, 26, 10, 9, 36, 6, 41, 8, 39, 16, 31, 22]

Individual 100:
  Route length: 22110
  Contribution to Diversity: 0
  Route: [18, 3, 17, 21, 52, 24, 28, 27, 32, 2, 14, 33, 51, 47, 13, 44, 25, 12, 38, 37, 40, 46, 23, 8, 9, 10, 26, 45, 49, 1, 29, 50, 20, 7, 42, 34, 35, 4, 15, 5, 48, 11, 43, 19, 30, 41, 6, 36, 39, 16, 31, 22]

Individual 101:
  Route length: 17687
  Contribution to Diversity: 0.00016599133586403525
  Route: [5, 15, 14, 52, 11, 51, 33, 38, 48, 24, 1, 49, 50, 34, 25, 28, 12, 39, 40, 37, 44, 46, 41, 10, 43, 36, 35, 6, 2, 42, 7, 21, 9, 19, 45, 32, 20, 23, 30, 13, 8, 16, 29, 3, 17, 31, 18, 4, 27, 26, 47, 22]

Individual 102:
  Route length: 19323
  Contribution to Diversity: 0
  Route: [1, 17, 38, 36, 11, 10, 39, 40, 37, 48, 27, 28, 12, 9, 8, 52, 14, 13, 47, 26, 20, 23, 30, 33, 51, 41, 43, 29, 50, 35, 49, 5, 15, 16, 24, 6, 46, 44, 34, 2, 7, 32, 45, 21, 42, 4, 25, 19, 3, 18, 31, 22]

Individual 103:
  Route length: 19479
  Contribution to Diversity: 0
  Route: [39, 10, 43, 41, 19, 7, 46, 16, 29, 3, 18, 4, 38, 1, 49, 32, 44, 31, 6, 26, 47, 13, 14, 52, 11, 51, 33, 36, 28, 12, 5, 15, 27, 2, 30, 23, 20, 50, 9, 48, 8, 40, 37, 21, 17, 35, 34, 45, 24, 25, 42, 22]

Individual 104:
  Route length: 19947
  Contribution to Diversity: 0.0010690258129297803
  Route: [6, 3, 32, 19, 13, 14, 52, 24, 51, 33, 43, 34, 5, 15, 36, 35, 10, 9, 8, 47, 26, 50, 29, 1, 46, 16, 4, 25, 12, 28, 2, 7, 42, 37, 40, 39, 18, 31, 38, 21, 23, 20, 27, 30, 17, 45, 41, 49, 44, 11, 48, 22]

Individual 105:
  Route length: 22418
  Contribution to Diversity: 4.099749405028774e-05
  Route: [20, 34, 44, 46, 6, 4, 25, 26, 27, 48, 24, 42, 21, 17, 43, 9, 47, 11, 1, 23, 50, 13, 37, 38, 51, 19, 41, 8, 12, 18, 14, 52, 5, 7, 2, 30, 35, 36, 39, 28, 3, 10, 33, 29, 16, 40, 15, 49, 32, 45, 31, 22]

Individual 106:
  Route length: 21362
  Contribution to Diversity: 0.0009254964726901349
  Route: [33, 51, 34, 20, 23, 50, 42, 31, 40, 38, 19, 41, 52, 14, 29, 16, 45, 15, 44, 39, 18, 3, 17, 21, 13, 49, 32, 4, 6, 9, 28, 27, 26, 47, 1, 10, 11, 43, 37, 48, 24, 12, 25, 46, 8, 5, 7, 2, 30, 35, 36, 22]

Individual 107:
  Route length: 21106
  Contribution to Diversity: 0.001068809347867905
  Route: [6, 3, 17, 30, 27, 20, 23, 21, 38, 31, 18, 39, 40, 37, 42, 7, 2, 28, 12, 25, 4, 16, 46, 1, 29, 50, 26, 19, 13, 14, 52, 24, 51, 33, 43, 34, 5, 15, 36, 35, 10, 9, 8, 47, 32, 49, 41, 45, 44, 11, 48, 22]

Individual 108:
  Route length: 21266
  Contribution to Diversity: 0.0010732264293347171
  Route: [18, 3, 48, 5, 49, 1, 29, 46, 23, 30, 19, 40, 47, 26, 37, 13, 14, 33, 51, 10, 9, 8, 41, 42, 7, 2, 31, 16, 39, 36, 6, 34, 28, 24, 52, 21, 17, 11, 43, 50, 20, 44, 25, 12, 38, 27, 35, 4, 15, 45, 32, 22]

Individual 109:
  Route length: 22464
  Contribution to Diversity: 0
  Route: [42, 7, 43, 52, 14, 13, 47, 45, 19, 41, 8, 40, 37, 2, 10, 1, 27, 50, 28, 12, 25, 4, 21, 17, 3, 18, 9, 49, 32, 26, 24, 48, 38, 11, 29, 15, 6, 51, 16, 5, 20, 23, 34, 44, 46, 33, 30, 35, 36, 31, 39, 22]

Individual 110:
  Route length: 22201
  Contribution to Diversity: 0.002226008076436692
  Route: [1, 49, 38, 8, 41, 19, 15, 42, 46, 12, 36, 10, 16, 23, 30, 6, 7, 33, 51, 11, 52, 14, 13, 29, 26, 27, 5, 37, 40, 39, 32, 24, 48, 9, 35, 34, 44, 21, 17, 20, 28, 45, 50, 47, 43, 2, 4, 25, 3, 18, 31, 22]

Individual 111:
  Route length: 21636
  Contribution to Diversity: 0
  Route: [24, 39, 41, 19, 45, 49, 32, 1, 4, 25, 12, 28, 35, 11, 15, 10, 9, 8, 51, 34, 44, 30, 2, 7, 17, 21, 14, 6, 46, 48, 40, 42, 52, 29, 5, 3, 18, 20, 23, 33, 43, 38, 37, 27, 36, 16, 26, 47, 13, 50, 31, 22]

Individual 112:
  Route length: 21359
  Contribution to Diversity: 0.00043616876944252425
  Route: [1, 49, 38, 48, 24, 32, 45, 28, 44, 16, 23, 7, 40, 37, 5, 33, 43, 47, 26, 10, 6, 9, 29, 30, 2, 15, 50, 20, 46, 11, 52, 36, 39, 42, 21, 14, 13, 35, 34, 12, 25, 4, 51, 27, 17, 3, 8, 41, 19, 18, 31, 22]

Individual 113:
  Route length: 22509
  Contribution to Diversity: 0.0015508976533675778
  Route: [1, 49, 38, 33, 5, 37, 40, 7, 23, 16, 44, 28, 45, 32, 24, 48, 43, 47, 26, 27, 51, 4, 25, 12, 34, 35, 13, 18, 19, 41, 8, 3, 17, 10, 6, 9, 29, 30, 2, 15, 50, 20, 46, 11, 52, 36, 39, 42, 21, 14, 31, 22]

Individual 114:
  Route length: 21180
  Contribution to Diversity: 0
  Route: [1, 17, 38, 36, 11, 10, 39, 40, 37, 48, 27, 28, 12, 9, 8, 52, 41, 51, 33, 30, 23, 20, 26, 47, 13, 14, 43, 29, 50, 35, 49, 5, 15, 16, 24, 6, 46, 44, 34, 2, 7, 32, 45, 21, 42, 4, 25, 19, 3, 18, 31, 22]

Individual 115:
  Route length: 22366
  Contribution to Diversity: 0.00035042526925010975
  Route: [42, 7, 43, 52, 14, 13, 47, 45, 19, 41, 8, 40, 37, 2, 10, 1, 27, 50, 28, 12, 25, 4, 21, 17, 3, 18, 9, 49, 32, 26, 24, 48, 38, 11, 29, 15, 6, 51, 16, 5, 20, 33, 46, 44, 34, 23, 30, 35, 36, 31, 39, 22]

Individual 116:
  Route length: 22252
  Contribution to Diversity: 0
  Route: [18, 3, 17, 21, 52, 24, 28, 27, 32, 2, 14, 33, 51, 47, 13, 44, 25, 12, 38, 37, 40, 46, 23, 8, 9, 10, 26, 45, 49, 35, 34, 42, 7, 20, 50, 29, 1, 4, 15, 5, 48, 11, 43, 19, 30, 41, 6, 36, 39, 16, 31, 22]

Individual 117:
  Route length: 22336
  Contribution to Diversity: 0
  Route: [13, 5, 24, 3, 49, 32, 37, 41, 19, 35, 34, 44, 28, 21, 2, 27, 52, 14, 15, 6, 4, 45, 38, 12, 25, 36, 11, 42, 7, 47, 1, 40, 8, 9, 10, 43, 39, 51, 33, 17, 48, 46, 16, 29, 50, 20, 23, 30, 26, 18, 31, 22]

Individual 118:
  Route length: 22481
  Contribution to Diversity: 0.0009718518685355448
  Route: [42, 7, 43, 52, 14, 13, 47, 45, 19, 41, 36, 35, 34, 44, 46, 33, 30, 23, 20, 5, 16, 51, 11, 29, 15, 6, 38, 48, 24, 26, 32, 49, 28, 12, 25, 4, 21, 17, 3, 37, 2, 10, 1, 27, 50, 9, 18, 40, 8, 31, 39, 22]

Individual 119:
  Route length: 18305
  Contribution to Diversity: 0
  Route: [1, 25, 9, 8, 44, 6, 15, 40, 37, 24, 48, 10, 36, 39, 5, 2, 16, 23, 30, 45, 32, 7, 42, 21, 17, 3, 27, 38, 49, 4, 46, 20, 50, 29, 28, 12, 11, 51, 14, 13, 26, 47, 43, 33, 52, 35, 34, 41, 19, 18, 31, 22]

Individual 120:
  Route length: 21539
  Contribution to Diversity: 6.940150614198615e-06
  Route: [1, 49, 32, 45, 5, 4, 6, 15, 11, 51, 17, 21, 43, 3, 13, 42, 24, 48, 37, 38, 52, 25, 41, 8, 33, 47, 26, 27, 36, 50, 20, 12, 28, 35, 30, 2, 7, 19, 23, 34, 44, 46, 16, 29, 14, 40, 39, 10, 9, 18, 31, 22]

Individual 121:
  Route length: 21270
  Contribution to Diversity: 0
  Route: [11, 52, 14, 36, 35, 39, 40, 37, 19, 48, 32, 49, 51, 20, 26, 47, 50, 29, 28, 15, 33, 1, 27, 6, 4, 25, 45, 12, 31, 18, 3, 17, 21, 42, 16, 46, 44, 34, 13, 8, 41, 38, 7, 2, 30, 23, 9, 10, 43, 5, 24, 22]

Individual 122:
  Route length: 18353
  Contribution to Diversity: 0
  Route: [5, 15, 14, 52, 11, 51, 33, 38, 48, 24, 1, 49, 50, 34, 25, 28, 12, 39, 40, 3, 29, 16, 8, 13, 30, 23, 20, 32, 45, 19, 9, 21, 42, 7, 2, 6, 35, 36, 43, 10, 41, 46, 44, 37, 17, 31, 18, 4, 27, 26, 47, 22]

Individual 123:
  Route length: 21665
  Contribution to Diversity: 0.0001229569325804647
  Route: [41, 8, 36, 44, 26, 27, 28, 12, 47, 1, 19, 23, 20, 31, 40, 38, 18, 39, 46, 16, 29, 14, 51, 11, 15, 13, 42, 32, 21, 17, 3, 37, 30, 35, 4, 6, 50, 49, 45, 34, 25, 9, 24, 48, 10, 43, 33, 52, 5, 7, 2, 22]

Individual 124:
  Route length: 22023
  Contribution to Diversity: 0.0004958685065332702
  Route: [1, 49, 20, 44, 45, 13, 11, 52, 14, 32, 19, 41, 18, 3, 17, 21, 42, 12, 38, 37, 29, 26, 34, 33, 51, 15, 5, 23, 9, 48, 28, 40, 39, 36, 35, 25, 4, 27, 43, 47, 24, 46, 16, 10, 30, 2, 7, 6, 50, 8, 31, 22]

Individual 125:
  Route length: 18472
  Contribution to Diversity: 0.0015662069077730933
  Route: [1, 24, 6, 23, 15, 17, 44, 2, 30, 38, 48, 29, 11, 52, 13, 14, 47, 26, 7, 32, 3, 20, 50, 39, 40, 10, 41, 36, 35, 34, 12, 28, 27, 46, 16, 49, 42, 21, 45, 18, 19, 9, 8, 51, 33, 43, 37, 5, 4, 25, 31, 22]

Individual 126:
  Route length: 21688
  Contribution to Diversity: 0.0009029302060108435
  Route: [45, 40, 21, 17, 10, 43, 33, 51, 9, 27, 20, 28, 13, 41, 12, 14, 52, 11, 19, 48, 1, 44, 34, 35, 36, 39, 3, 18, 31, 50, 29, 4, 6, 15, 49, 32, 42, 7, 16, 46, 2, 25, 37, 38, 5, 24, 30, 23, 8, 47, 26, 22]

Individual 127:
  Route length: 22183
  Contribution to Diversity: 0
  Route: [1, 49, 16, 46, 20, 28, 26, 47, 27, 3, 18, 7, 2, 36, 35, 5, 15, 10, 45, 42, 23, 13, 31, 29, 50, 38, 30, 39, 40, 37, 44, 12, 25, 4, 43, 9, 8, 11, 51, 33, 19, 41, 6, 52, 17, 34, 48, 24, 14, 21, 32, 22]

Individual 128:
  Route length: 18751
  Contribution to Diversity: 0.0013271432803811933
  Route: [1, 49, 32, 4, 39, 51, 43, 31, 30, 2, 7, 42, 29, 50, 20, 23, 27, 3, 47, 26, 18, 28, 12, 14, 52, 11, 33, 17, 21, 16, 46, 44, 34, 35, 36, 40, 37, 38, 9, 10, 5, 41, 8, 15, 24, 19, 45, 25, 13, 48, 6, 22]

Individual 129:
  Route length: 20020
  Contribution to Diversity: 0.0009184225335179264
  Route: [1, 21, 41, 47, 13, 43, 37, 38, 12, 25, 26, 46, 23, 52, 14, 2, 30, 42, 7, 10, 9, 8, 20, 6, 49, 17, 3, 18, 29, 50, 27, 40, 33, 51, 11, 28, 15, 5, 24, 48, 44, 31, 16, 39, 4, 45, 32, 19, 36, 35, 34, 22]

Individual 130:
  Route length: 20571
  Contribution to Diversity: 0
  Route: [1, 17, 48, 38, 45, 36, 39, 43, 10, 9, 18, 26, 2, 27, 52, 14, 15, 6, 50, 29, 16, 46, 12, 25, 42, 7, 47, 13, 5, 24, 37, 32, 49, 3, 21, 28, 44, 34, 35, 19, 41, 30, 23, 20, 4, 11, 51, 33, 40, 8, 31, 22]

Individual 131:
  Route length: 20930
  Contribution to Diversity: 0.0008152370007570298
  Route: [36, 27, 29, 52, 14, 5, 1, 4, 25, 12, 28, 35, 30, 2, 7, 17, 21, 42, 24, 16, 39, 11, 51, 34, 44, 8, 9, 41, 20, 37, 10, 26, 43, 33, 23, 48, 46, 6, 40, 32, 3, 18, 19, 45, 49, 15, 38, 47, 13, 50, 31, 22]

Individual 132:
  Route length: 21875
  Contribution to Diversity: 0
  Route: [20, 34, 44, 46, 6, 35, 30, 2, 7, 5, 52, 14, 18, 41, 8, 12, 28, 19, 51, 38, 37, 23, 1, 11, 47, 9, 43, 10, 33, 45, 17, 3, 50, 13, 39, 36, 4, 25, 26, 27, 48, 24, 42, 21, 32, 49, 15, 40, 16, 29, 31, 22]

Individual 133:
  Route length: 20313
  Contribution to Diversity: 5.728510452573943e-05
  Route: [1, 21, 11, 51, 33, 40, 27, 50, 29, 18, 3, 17, 49, 6, 20, 8, 9, 10, 43, 37, 38, 41, 47, 13, 7, 42, 30, 2, 14, 52, 23, 46, 26, 25, 12, 28, 15, 5, 24, 48, 44, 31, 16, 39, 4, 45, 32, 19, 36, 35, 34, 22]

Individual 134:
  Route length: 20915
  Contribution to Diversity: 0.0003134798037223163
  Route: [1, 49, 16, 46, 20, 28, 26, 47, 27, 3, 18, 7, 2, 36, 35, 5, 15, 10, 45, 42, 23, 51, 33, 19, 41, 6, 8, 9, 43, 4, 25, 12, 44, 37, 40, 39, 50, 38, 30, 29, 31, 13, 11, 52, 17, 34, 48, 24, 14, 21, 32, 22]

Individual 135:
  Route length: 21845
  Contribution to Diversity: 0.0011234111618598774
  Route: [1, 49, 16, 46, 20, 28, 26, 51, 23, 42, 45, 10, 15, 5, 35, 36, 2, 7, 18, 3, 27, 47, 33, 19, 41, 6, 8, 9, 43, 4, 25, 12, 44, 37, 40, 39, 50, 38, 30, 29, 31, 13, 11, 52, 17, 34, 48, 24, 14, 21, 32, 22]

Individual 136:
  Route length: 21296
  Contribution to Diversity: 0
  Route: [1, 47, 12, 28, 31, 20, 23, 50, 49, 45, 34, 25, 9, 24, 48, 10, 43, 33, 51, 26, 44, 36, 8, 41, 19, 6, 4, 35, 30, 37, 3, 17, 21, 32, 42, 13, 15, 11, 27, 40, 38, 18, 39, 46, 16, 29, 14, 52, 5, 7, 2, 22]

Individual 137:
  Route length: 17916
  Contribution to Diversity: 0
  Route: [5, 15, 14, 52, 11, 51, 33, 38, 48, 24, 1, 49, 3, 40, 39, 12, 28, 25, 34, 50, 29, 16, 8, 13, 30, 23, 20, 32, 45, 19, 9, 21, 42, 7, 2, 6, 35, 36, 43, 10, 41, 46, 44, 37, 17, 31, 18, 4, 27, 26, 47, 22]

Individual 138:
  Route length: 21896
  Contribution to Diversity: 0
  Route: [13, 5, 24, 3, 49, 32, 37, 41, 19, 21, 28, 44, 34, 35, 2, 27, 52, 14, 15, 6, 4, 45, 38, 12, 25, 36, 39, 43, 10, 9, 8, 16, 46, 48, 17, 1, 47, 7, 42, 11, 51, 33, 40, 29, 50, 20, 23, 30, 26, 18, 31, 22]

Individual 139:
  Route length: 21561
  Contribution to Diversity: 0.0004721124789002218
  Route: [20, 31, 28, 12, 47, 1, 23, 50, 49, 45, 34, 25, 9, 24, 48, 10, 43, 33, 51, 26, 44, 36, 8, 41, 19, 6, 4, 35, 30, 37, 3, 17, 21, 32, 42, 13, 15, 11, 27, 40, 38, 18, 39, 46, 16, 29, 14, 52, 5, 7, 2, 22]

Individual 140:
  Route length: 19017
  Contribution to Diversity: 0.001306346949395909
  Route: [1, 15, 50, 32, 45, 26, 52, 11, 14, 2, 7, 9, 24, 48, 38, 51, 47, 13, 46, 44, 42, 21, 33, 43, 10, 34, 35, 4, 6, 29, 16, 20, 23, 30, 25, 12, 28, 27, 19, 41, 8, 5, 36, 39, 40, 49, 3, 17, 37, 18, 31, 22]

Individual 141:
  Route length: 21177
  Contribution to Diversity: 1.105256799327492e-05
  Route: [1, 17, 38, 36, 11, 10, 39, 40, 37, 48, 27, 28, 12, 9, 8, 52, 41, 51, 33, 30, 23, 20, 26, 47, 13, 14, 43, 29, 50, 35, 49, 5, 15, 16, 24, 6, 46, 44, 34, 2, 7, 32, 45, 21, 42, 3, 19, 25, 4, 18, 31, 22]

Individual 142:
  Route length: 21373
  Contribution to Diversity: 0.00038670205368074306
  Route: [1, 21, 35, 11, 3, 25, 47, 26, 8, 9, 10, 43, 33, 51, 50, 29, 16, 46, 24, 48, 36, 42, 7, 52, 14, 13, 45, 4, 30, 23, 5, 15, 34, 12, 37, 27, 28, 39, 40, 49, 17, 38, 32, 19, 41, 20, 44, 6, 2, 18, 31, 22]

Individual 143:
  Route length: 20314
  Contribution to Diversity: 0.00010334711430814991
  Route: [46, 44, 4, 6, 15, 5, 24, 33, 25, 1, 32, 49, 9, 30, 26, 27, 28, 12, 21, 17, 3, 18, 31, 48, 38, 36, 39, 40, 37, 35, 29, 8, 41, 19, 23, 20, 50, 2, 7, 14, 52, 51, 16, 34, 11, 45, 47, 13, 42, 10, 43, 22]

Individual 144:
  Route length: 21975
  Contribution to Diversity: 3.642606834652895e-05
  Route: [4, 25, 12, 28, 50, 27, 1, 10, 2, 37, 40, 8, 41, 19, 45, 47, 13, 14, 52, 43, 7, 42, 21, 17, 3, 18, 9, 49, 32, 26, 24, 48, 38, 11, 29, 15, 6, 51, 16, 5, 20, 23, 34, 44, 46, 33, 30, 35, 36, 31, 39, 22]

Individual 145:
  Route length: 22276
  Contribution to Diversity: 0.000980106668277969
  Route: [1, 41, 19, 45, 32, 21, 52, 14, 13, 39, 33, 51, 31, 4, 6, 9, 17, 40, 47, 15, 5, 29, 20, 50, 46, 16, 24, 28, 27, 26, 10, 43, 36, 35, 34, 44, 48, 38, 37, 3, 18, 25, 23, 12, 30, 2, 7, 11, 8, 49, 42, 22]

Individual 146:
  Route length: 22343
  Contribution to Diversity: 0.000763443641778494
  Route: [25, 4, 36, 39, 13, 50, 23, 42, 21, 32, 49, 15, 40, 24, 48, 27, 26, 20, 34, 44, 46, 6, 35, 30, 2, 7, 5, 52, 14, 18, 41, 8, 12, 19, 51, 38, 37, 28, 3, 17, 45, 33, 10, 43, 9, 47, 11, 1, 16, 29, 31, 22]

Individual 147:
  Route length: 20305
  Contribution to Diversity: 0.00019608308137097907
  Route: [39, 10, 43, 41, 19, 7, 46, 16, 29, 3, 18, 4, 38, 1, 49, 32, 44, 31, 6, 26, 47, 13, 14, 52, 11, 51, 33, 36, 28, 34, 35, 17, 21, 37, 40, 8, 48, 9, 50, 20, 23, 30, 2, 27, 15, 5, 12, 45, 24, 25, 42, 22]

Individual 148:
  Route length: 22317
  Contribution to Diversity: 0.00037255206149389153
  Route: [13, 5, 24, 3, 49, 32, 37, 41, 19, 35, 34, 44, 28, 21, 2, 27, 14, 52, 15, 6, 4, 45, 38, 12, 25, 36, 11, 42, 7, 47, 1, 40, 8, 9, 10, 43, 39, 51, 33, 17, 48, 46, 16, 29, 50, 20, 23, 30, 26, 18, 31, 22]

Individual 149:
  Route length: 22124
  Contribution to Diversity: 0.00027033353617689215
  Route: [41, 8, 36, 44, 26, 27, 28, 12, 47, 1, 19, 6, 4, 35, 30, 37, 3, 17, 21, 32, 42, 13, 15, 11, 51, 18, 39, 46, 16, 29, 14, 38, 40, 31, 20, 23, 50, 49, 45, 34, 25, 9, 24, 48, 10, 43, 33, 52, 5, 7, 2, 22]

Total Entropy H: 6.220036727344891
