Individual 0:
  Route length: 15022
  Contribution to Diversity: 0.019625492110688647
  Route: [35, 16, 24, 43, 5, 36, 40, 29, 1, 19, 34, 45, 4, 25, 12, 52, 14, 47, 13, 11, 26, 30, 2, 7, 42, 17, 32, 39, 50, 20, 18, 3, 21, 31, 23, 8, 41, 9, 10, 15, 6, 48, 49, 46, 44, 28, 27, 51, 33, 38, 37, 22]

Individual 1:
  Route length: 15039
  Contribution to Diversity: 0.020324460424880897
  Route: [34, 8, 15, 36, 43, 10, 9, 41, 31, 38, 24, 37, 28, 12, 51, 33, 4, 18, 49, 1, 3, 40, 6, 26, 47, 27, 52, 14, 13, 11, 25, 39, 35, 19, 45, 32, 50, 20, 17, 42, 7, 2, 48, 5, 21, 30, 23, 29, 46, 16, 44, 22]

Individual 2:
  Route length: 14980
  Contribution to Diversity: 0.013991378698110957
  Route: [5, 43, 9, 51, 11, 52, 28, 47, 13, 26, 27, 12, 33, 4, 39, 36, 34, 35, 15, 41, 19, 10, 8, 45, 24, 40, 32, 6, 49, 17, 31, 18, 3, 21, 42, 7, 2, 30, 16, 44, 1, 25, 46, 23, 29, 14, 50, 20, 37, 38, 48, 22]

Individual 3:
  Route length: 15058
  Contribution to Diversity: 0.015045505964727646
  Route: [3, 17, 21, 18, 35, 24, 46, 29, 52, 11, 51, 33, 41, 10, 23, 20, 48, 28, 25, 12, 27, 13, 14, 47, 26, 40, 31, 34, 15, 1, 49, 43, 8, 9, 45, 19, 32, 37, 44, 50, 42, 7, 2, 30, 16, 4, 36, 39, 6, 38, 5, 22]

Individual 4:
  Route length: 14874
  Contribution to Diversity: 0.02961185730878224
  Route: [36, 16, 20, 46, 38, 31, 21, 2, 7, 42, 3, 17, 19, 41, 10, 15, 25, 8, 9, 33, 37, 44, 49, 23, 50, 26, 14, 52, 11, 51, 28, 27, 13, 47, 29, 48, 39, 4, 5, 6, 12, 40, 35, 30, 18, 32, 43, 45, 1, 24, 34, 22]

Individual 5:
  Route length: 14895
  Contribution to Diversity: 0.02156462442955842
  Route: [1, 39, 15, 5, 8, 32, 18, 45, 19, 6, 48, 37, 38, 40, 4, 51, 47, 13, 52, 14, 27, 12, 11, 10, 9, 43, 33, 26, 28, 25, 24, 46, 31, 50, 20, 2, 42, 7, 30, 23, 17, 44, 35, 41, 3, 21, 16, 36, 49, 34, 29, 22]

Individual 6:
  Route length: 15082
  Contribution to Diversity: 0.018413803291183584
  Route: [31, 23, 42, 21, 7, 2, 36, 1, 20, 46, 16, 30, 29, 17, 3, 35, 49, 24, 44, 45, 32, 50, 5, 8, 33, 10, 9, 43, 39, 48, 40, 15, 34, 6, 25, 4, 37, 51, 11, 27, 14, 26, 47, 13, 52, 12, 28, 38, 19, 41, 18, 22]

Individual 7:
  Route length: 14866
  Contribution to Diversity: 0.030356622115843557
  Route: [21, 2, 17, 42, 7, 30, 23, 1, 43, 33, 19, 9, 8, 45, 50, 16, 34, 4, 25, 37, 29, 31, 49, 3, 18, 39, 46, 35, 15, 5, 47, 28, 13, 14, 52, 26, 27, 12, 51, 11, 20, 48, 24, 38, 6, 10, 41, 40, 36, 44, 32, 22]

Individual 8:
  Route length: 14945
  Contribution to Diversity: 0.0010161870596547828
  Route: [49, 8, 41, 21, 24, 5, 25, 28, 27, 11, 13, 52, 47, 26, 51, 4, 16, 44, 23, 35, 34, 39, 37, 40, 6, 43, 33, 15, 48, 1, 19, 18, 17, 31, 36, 32, 10, 9, 45, 3, 30, 2, 7, 42, 38, 46, 12, 14, 29, 50, 20, 22]

Individual 9:
  Route length: 14753
  Contribution to Diversity: 0.019714558780765223
  Route: [3, 41, 1, 31, 16, 42, 2, 7, 30, 50, 29, 20, 17, 21, 9, 43, 33, 51, 11, 26, 34, 24, 40, 44, 35, 25, 37, 48, 39, 5, 23, 32, 46, 36, 49, 18, 45, 19, 10, 8, 15, 4, 12, 47, 27, 13, 14, 52, 28, 38, 6, 22]

Individual 10:
  Route length: 15058
  Contribution to Diversity: 0.0017314686527090117
  Route: [49, 8, 41, 21, 24, 5, 25, 28, 27, 11, 13, 52, 47, 26, 51, 4, 16, 44, 23, 35, 34, 50, 29, 14, 12, 46, 38, 39, 37, 40, 6, 43, 33, 32, 36, 31, 17, 18, 19, 1, 48, 15, 10, 9, 45, 3, 30, 2, 7, 42, 20, 22]

Individual 11:
  Route length: 14924
  Contribution to Diversity: 0.02090261585874309
  Route: [21, 48, 44, 23, 29, 7, 2, 42, 30, 47, 12, 28, 26, 14, 27, 13, 52, 11, 43, 33, 51, 38, 16, 49, 1, 6, 24, 32, 40, 37, 25, 4, 36, 15, 3, 17, 34, 46, 39, 19, 41, 8, 10, 45, 9, 5, 35, 18, 31, 50, 20, 22]

Individual 12:
  Route length: 14813
  Contribution to Diversity: 0.01831781273876043
  Route: [37, 5, 38, 28, 49, 21, 31, 3, 18, 19, 8, 41, 45, 4, 12, 26, 27, 13, 47, 14, 52, 11, 51, 48, 44, 50, 24, 33, 25, 40, 23, 29, 1, 32, 46, 43, 30, 16, 20, 2, 7, 42, 17, 9, 10, 6, 15, 39, 35, 36, 34, 22]

Individual 13:
  Route length: 15009
  Contribution to Diversity: 0.01689170806861018
  Route: [23, 37, 28, 51, 27, 26, 25, 52, 11, 13, 14, 47, 38, 29, 30, 20, 42, 2, 7, 21, 17, 31, 39, 24, 1, 44, 49, 43, 10, 9, 45, 19, 48, 4, 6, 15, 35, 12, 33, 8, 18, 3, 41, 36, 40, 5, 50, 16, 46, 34, 32, 22]

Individual 14:
  Route length: 15074
  Contribution to Diversity: 0.026733343676616173
  Route: [36, 1, 38, 39, 49, 35, 31, 23, 50, 21, 32, 48, 25, 46, 29, 16, 40, 5, 26, 47, 13, 14, 52, 11, 51, 33, 10, 9, 15, 27, 28, 4, 6, 34, 43, 44, 24, 12, 37, 8, 41, 45, 19, 7, 30, 42, 17, 2, 20, 18, 3, 22]

Individual 15:
  Route length: 14986
  Contribution to Diversity: 0.018211967962884934
  Route: [18, 19, 10, 9, 43, 32, 48, 44, 39, 34, 35, 15, 37, 38, 45, 41, 4, 5, 6, 31, 8, 21, 23, 30, 20, 50, 29, 33, 52, 13, 14, 47, 12, 26, 11, 51, 27, 28, 1, 40, 42, 7, 2, 17, 3, 49, 36, 24, 25, 46, 16, 22]

Individual 16:
  Route length: 15028
  Contribution to Diversity: 0.026152022723855417
  Route: [32, 19, 3, 21, 18, 41, 23, 20, 50, 39, 46, 40, 15, 31, 17, 42, 7, 2, 16, 1, 36, 25, 51, 26, 11, 47, 52, 14, 13, 27, 28, 35, 44, 29, 12, 33, 43, 8, 10, 9, 34, 24, 4, 6, 45, 5, 48, 37, 38, 49, 30, 22]

Individual 17:
  Route length: 14769
  Contribution to Diversity: 0.018120784939431367
  Route: [40, 3, 46, 16, 15, 5, 24, 39, 32, 10, 8, 31, 30, 50, 29, 21, 23, 18, 9, 43, 33, 28, 37, 34, 36, 1, 20, 49, 41, 19, 4, 12, 11, 52, 14, 47, 26, 27, 13, 51, 48, 38, 6, 25, 44, 35, 45, 17, 7, 2, 42, 22]

Individual 18:
  Route length: 15069
  Contribution to Diversity: 0.015314521050523666
  Route: [23, 34, 29, 20, 1, 21, 30, 15, 48, 6, 25, 4, 40, 37, 24, 44, 32, 16, 49, 28, 51, 9, 8, 10, 33, 12, 11, 52, 14, 13, 27, 26, 47, 38, 39, 43, 41, 19, 46, 3, 17, 45, 35, 5, 36, 42, 2, 7, 50, 18, 31, 22]

Individual 19:
  Route length: 14991
  Contribution to Diversity: 0.01552836498530663
  Route: [1, 36, 15, 39, 6, 9, 43, 10, 8, 41, 49, 32, 37, 5, 48, 47, 27, 26, 25, 45, 19, 44, 3, 18, 46, 24, 23, 20, 50, 16, 34, 4, 12, 13, 14, 52, 11, 51, 33, 28, 30, 29, 40, 35, 21, 42, 2, 7, 17, 38, 31, 22]

Total Entropy H: 5.945641841808036
