Individual 0:
  Route length: 9420
  Contribution to Diversity: 0.00029577635788946566
  Route: [1, 49, 39, 15, 35, 32, 45, 19, 8, 41, 9, 10, 43, 33, 51, 12, 28, 27, 26, 47, 13, 14, 52, 11, 25, 4, 6, 48, 37, 38, 40, 5, 24, 50, 20, 23, 30, 29, 16, 46, 44, 34, 36, 2, 7, 42, 21, 31, 18, 3, 17, 22]

Individual 1:
  Route length: 9425
  Contribution to Diversity: 0.0009148039979747224
  Route: [21, 42, 7, 2, 30, 23, 20, 50, 29, 16, 48, 5, 38, 15, 6, 40, 37, 4, 32, 49, 1, 17, 3, 18, 44, 34, 35, 36, 46, 24, 25, 12, 28, 27, 26, 47, 13, 14, 52, 11, 51, 33, 43, 10, 9, 8, 41, 19, 45, 39, 31, 22]

Individual 2:
  Route length: 9417
  Contribution to Diversity: 0.0005318600414412344
  Route: [40, 39, 36, 49, 42, 7, 2, 30, 23, 20, 50, 16, 29, 46, 44, 35, 34, 37, 1, 38, 5, 15, 24, 48, 6, 4, 25, 12, 28, 27, 14, 26, 47, 13, 52, 11, 51, 33, 43, 10, 9, 8, 41, 19, 45, 32, 21, 17, 3, 18, 31, 22]

Individual 3:
  Route length: 9390
  Contribution to Diversity: 0.0004926322035103681
  Route: [17, 21, 42, 7, 2, 30, 23, 20, 50, 1, 49, 32, 29, 16, 46, 37, 15, 5, 25, 4, 6, 35, 34, 44, 38, 48, 24, 12, 28, 27, 26, 47, 13, 14, 52, 11, 51, 33, 43, 10, 9, 8, 41, 19, 39, 40, 36, 45, 3, 18, 31, 22]

Individual 4:
  Route length: 9399
  Contribution to Diversity: 0.0008000844935223128
  Route: [37, 40, 39, 24, 5, 35, 36, 48, 38, 1, 44, 46, 16, 29, 50, 20, 23, 30, 2, 7, 42, 17, 21, 3, 32, 45, 19, 41, 8, 9, 10, 43, 33, 51, 11, 52, 13, 47, 26, 14, 27, 28, 12, 25, 4, 6, 15, 34, 49, 18, 31, 22]

Individual 5:
  Route length: 9396
  Contribution to Diversity: 0.00030964904200025956
  Route: [29, 16, 46, 44, 34, 35, 19, 41, 8, 9, 10, 43, 33, 51, 11, 52, 14, 13, 47, 26, 27, 28, 12, 25, 4, 39, 48, 6, 15, 5, 24, 37, 38, 36, 45, 40, 32, 49, 23, 20, 50, 30, 7, 2, 42, 21, 17, 3, 1, 18, 31, 22]

Individual 6:
  Route length: 9410
  Contribution to Diversity: 0.001029886683837411
  Route: [1, 49, 3, 17, 21, 42, 7, 2, 30, 23, 20, 50, 29, 47, 26, 27, 28, 13, 14, 52, 11, 51, 33, 43, 48, 24, 5, 15, 38, 37, 16, 46, 36, 39, 34, 44, 35, 40, 25, 12, 4, 6, 8, 9, 10, 41, 19, 45, 32, 18, 31, 22]

Individual 7:
  Route length: 9419
  Contribution to Diversity: 0.0003290385299816734
  Route: [1, 39, 40, 49, 32, 45, 19, 41, 8, 9, 10, 43, 33, 27, 51, 11, 52, 14, 13, 47, 26, 28, 12, 25, 35, 24, 4, 6, 15, 5, 48, 38, 37, 36, 34, 44, 46, 16, 29, 50, 20, 3, 17, 21, 42, 7, 2, 30, 23, 18, 31, 22]

Individual 8:
  Route length: 9378
  Contribution to Diversity: 0.0020649817685010063
  Route: [1, 34, 44, 46, 16, 29, 50, 20, 23, 30, 42, 7, 2, 21, 17, 3, 45, 41, 19, 31, 18, 35, 49, 32, 39, 40, 38, 15, 5, 24, 48, 8, 9, 10, 43, 33, 51, 11, 52, 14, 13, 27, 26, 47, 28, 12, 25, 4, 37, 6, 36, 22]

Individual 9:
  Route length: 9403
  Contribution to Diversity: 0.0016536726312503802
  Route: [18, 3, 17, 21, 42, 7, 2, 30, 20, 35, 36, 39, 40, 37, 44, 25, 4, 15, 6, 5, 24, 48, 38, 34, 23, 50, 29, 16, 46, 12, 28, 27, 26, 47, 13, 14, 52, 11, 51, 33, 43, 10, 9, 1, 49, 32, 45, 19, 41, 8, 31, 22]

Individual 10:
  Route length: 9378
  Contribution to Diversity: 0.00033249847367766705
  Route: [17, 21, 42, 2, 7, 30, 23, 20, 50, 29, 16, 46, 44, 34, 35, 19, 41, 8, 9, 10, 40, 37, 38, 24, 48, 39, 4, 25, 12, 28, 27, 26, 47, 14, 52, 13, 11, 51, 33, 43, 6, 15, 5, 36, 45, 32, 49, 1, 18, 3, 31, 22]

Individual 11:
  Route length: 9352
  Contribution to Diversity: 0.0007532181123481863
  Route: [17, 21, 2, 7, 42, 30, 23, 20, 50, 29, 16, 46, 36, 1, 31, 39, 44, 24, 6, 15, 5, 4, 34, 35, 40, 32, 49, 37, 48, 38, 25, 12, 28, 27, 26, 47, 13, 14, 52, 11, 51, 33, 43, 10, 9, 8, 41, 19, 45, 18, 3, 22]

Individual 12:
  Route length: 9389
  Contribution to Diversity: 0.000291396120135623
  Route: [1, 31, 18, 3, 17, 21, 42, 7, 2, 30, 23, 20, 50, 29, 47, 26, 27, 28, 13, 14, 52, 11, 51, 33, 43, 40, 35, 16, 46, 39, 36, 44, 34, 37, 38, 24, 15, 5, 6, 4, 12, 25, 48, 8, 19, 41, 10, 9, 45, 32, 49, 22]

Individual 13:
  Route length: 9422
  Contribution to Diversity: 0.0003590914466204964
  Route: [31, 21, 17, 3, 18, 42, 7, 2, 30, 23, 20, 50, 29, 16, 46, 4, 25, 12, 11, 52, 14, 13, 47, 26, 28, 27, 51, 33, 43, 44, 34, 35, 36, 39, 38, 40, 37, 48, 24, 5, 15, 6, 10, 8, 41, 19, 9, 45, 32, 49, 1, 22]

Individual 14:
  Route length: 9371
  Contribution to Diversity: 0.0004383604903717142
  Route: [35, 37, 39, 32, 45, 19, 41, 8, 9, 10, 43, 33, 51, 11, 52, 13, 14, 26, 47, 27, 28, 12, 25, 4, 6, 48, 15, 5, 24, 38, 1, 40, 34, 44, 46, 29, 16, 50, 20, 36, 49, 42, 7, 2, 30, 23, 21, 17, 3, 18, 31, 22]

Individual 15:
  Route length: 9396
  Contribution to Diversity: 0.001296456350558195
  Route: [21, 17, 42, 2, 7, 30, 23, 20, 50, 29, 16, 46, 44, 39, 48, 38, 37, 40, 10, 9, 8, 41, 19, 35, 34, 43, 33, 51, 11, 13, 52, 14, 47, 26, 27, 28, 12, 25, 4, 6, 5, 15, 24, 36, 45, 32, 49, 1, 3, 18, 31, 22]

Individual 16:
  Route length: 9362
  Contribution to Diversity: 0.0008873587491047275
  Route: [1, 49, 18, 15, 5, 24, 48, 39, 32, 31, 23, 30, 2, 7, 42, 21, 17, 3, 19, 41, 8, 9, 10, 43, 33, 51, 11, 52, 14, 13, 27, 26, 47, 28, 12, 25, 4, 40, 45, 36, 38, 6, 37, 35, 34, 44, 46, 16, 29, 50, 20, 22]

Individual 17:
  Route length: 9362
  Contribution to Diversity: 0.0001634857031538317
  Route: [1, 49, 50, 29, 16, 23, 21, 42, 7, 2, 30, 20, 17, 3, 18, 31, 34, 44, 46, 5, 25, 12, 28, 27, 26, 47, 13, 14, 52, 11, 51, 33, 43, 10, 9, 41, 8, 19, 45, 32, 40, 37, 38, 48, 24, 39, 15, 6, 4, 36, 35, 22]

Individual 18:
  Route length: 9421
  Contribution to Diversity: 0.0010407009936974632
  Route: [1, 49, 31, 18, 44, 46, 16, 50, 20, 30, 17, 19, 41, 8, 9, 10, 43, 33, 51, 11, 52, 14, 13, 47, 26, 27, 28, 12, 4, 25, 6, 15, 40, 37, 38, 48, 24, 5, 39, 36, 35, 34, 29, 23, 21, 42, 7, 2, 3, 45, 32, 22]

Individual 19:
  Route length: 9330
  Contribution to Diversity: 0.0005356944952321641
  Route: [1, 49, 39, 37, 32, 45, 19, 41, 8, 9, 10, 43, 33, 51, 12, 28, 27, 26, 47, 13, 14, 52, 11, 25, 4, 38, 40, 35, 15, 6, 48, 5, 24, 50, 20, 36, 34, 44, 46, 16, 29, 30, 31, 18, 3, 17, 21, 42, 7, 2, 23, 22]

Individual 20:
  Route length: 9383
  Contribution to Diversity: 0.0015460189820259984
  Route: [1, 49, 35, 24, 40, 37, 38, 48, 44, 15, 5, 46, 16, 29, 50, 20, 23, 30, 36, 34, 39, 6, 4, 25, 11, 52, 14, 13, 47, 26, 27, 28, 12, 51, 33, 43, 10, 9, 8, 41, 19, 45, 32, 42, 7, 2, 21, 17, 3, 31, 18, 22]

Individual 21:
  Route length: 9425
  Contribution to Diversity: 0.001134686259674389
  Route: [1, 49, 31, 18, 44, 46, 16, 50, 20, 30, 17, 3, 2, 7, 42, 21, 23, 29, 34, 35, 36, 39, 40, 37, 38, 48, 24, 5, 15, 6, 25, 4, 12, 28, 27, 11, 52, 14, 13, 47, 26, 51, 33, 43, 10, 9, 8, 41, 19, 45, 32, 22]

Individual 22:
  Route length: 9408
  Contribution to Diversity: 0.00021142876546331735
  Route: [35, 37, 1, 38, 24, 5, 15, 48, 6, 4, 25, 12, 28, 27, 47, 26, 14, 13, 52, 11, 51, 33, 43, 10, 9, 8, 41, 19, 45, 32, 20, 50, 16, 29, 46, 44, 34, 40, 39, 49, 36, 42, 7, 2, 30, 23, 21, 17, 3, 18, 31, 22]

Individual 23:
  Route length: 9397
  Contribution to Diversity: 0.0007964284703003699
  Route: [3, 18, 45, 19, 41, 8, 9, 10, 43, 33, 51, 11, 52, 14, 13, 26, 47, 27, 28, 12, 25, 38, 48, 37, 36, 46, 16, 29, 50, 20, 23, 30, 42, 7, 2, 21, 17, 1, 31, 39, 49, 32, 40, 35, 34, 5, 15, 6, 4, 24, 44, 22]

Individual 24:
  Route length: 9343
  Contribution to Diversity: 0.0012138808116510802
  Route: [1, 49, 32, 45, 44, 34, 35, 36, 39, 38, 40, 37, 48, 24, 5, 15, 6, 10, 8, 41, 19, 9, 43, 33, 51, 27, 28, 26, 47, 13, 14, 52, 11, 12, 25, 4, 46, 16, 29, 50, 20, 23, 30, 2, 7, 42, 18, 3, 17, 21, 31, 22]

Individual 25:
  Route length: 9423
  Contribution to Diversity: 0.00045903069583097533
  Route: [21, 42, 7, 2, 30, 23, 20, 50, 29, 16, 37, 40, 6, 24, 25, 12, 28, 27, 26, 47, 13, 14, 52, 11, 51, 33, 43, 10, 9, 8, 41, 19, 45, 39, 36, 35, 34, 18, 3, 17, 1, 49, 32, 44, 4, 48, 5, 38, 15, 46, 31, 22]

Individual 26:
  Route length: 9363
  Contribution to Diversity: 0.00042937488624428255
  Route: [18, 3, 45, 36, 15, 5, 35, 34, 32, 49, 1, 29, 44, 38, 48, 24, 25, 6, 4, 12, 28, 27, 26, 47, 13, 14, 52, 11, 51, 33, 43, 10, 9, 8, 41, 19, 39, 40, 37, 46, 16, 50, 20, 23, 30, 21, 42, 7, 2, 17, 31, 22]

Individual 27:
  Route length: 9369
  Contribution to Diversity: 0.00024739706341669887
  Route: [18, 3, 45, 36, 15, 5, 39, 19, 41, 8, 9, 10, 43, 33, 51, 11, 52, 14, 13, 47, 26, 27, 28, 12, 4, 6, 25, 24, 48, 38, 44, 29, 1, 49, 32, 34, 35, 40, 37, 46, 16, 50, 20, 23, 30, 21, 42, 7, 2, 17, 31, 22]

Individual 28:
  Route length: 9426
  Contribution to Diversity: 0.00012264090469837896
  Route: [1, 49, 39, 15, 40, 35, 38, 37, 32, 20, 50, 24, 5, 48, 6, 4, 25, 11, 52, 14, 13, 26, 47, 27, 28, 12, 51, 33, 43, 10, 9, 41, 8, 19, 45, 36, 34, 44, 46, 16, 29, 30, 23, 2, 7, 42, 21, 17, 3, 18, 31, 22]

Individual 29:
  Route length: 9353
  Contribution to Diversity: 0.0003685254724388187
  Route: [1, 49, 50, 29, 16, 23, 21, 42, 7, 2, 30, 20, 17, 3, 18, 31, 34, 44, 46, 38, 37, 40, 32, 45, 19, 8, 41, 9, 10, 43, 33, 51, 11, 52, 14, 13, 47, 26, 27, 28, 12, 25, 5, 48, 24, 39, 15, 6, 4, 36, 35, 22]

Individual 30:
  Route length: 9315
  Contribution to Diversity: 0.0003707737008351586
  Route: [3, 18, 45, 19, 41, 8, 9, 10, 43, 33, 51, 11, 52, 14, 13, 26, 47, 27, 28, 12, 25, 5, 44, 39, 31, 1, 17, 21, 2, 7, 42, 30, 23, 20, 50, 29, 16, 46, 36, 37, 48, 38, 15, 6, 4, 24, 34, 35, 40, 32, 49, 22]

Individual 31:
  Route length: 9351
  Contribution to Diversity: 0.0006207535276985254
  Route: [49, 36, 20, 50, 16, 29, 46, 44, 34, 40, 1, 38, 24, 5, 15, 48, 6, 4, 25, 12, 28, 27, 47, 26, 14, 13, 52, 11, 51, 33, 43, 10, 9, 8, 41, 19, 45, 32, 39, 37, 35, 42, 7, 2, 30, 23, 21, 17, 3, 18, 31, 22]

Individual 32:
  Route length: 9320
  Contribution to Diversity: 0.0012080372992127053
  Route: [1, 31, 20, 50, 29, 16, 5, 6, 15, 4, 24, 32, 49, 36, 19, 45, 41, 8, 9, 10, 43, 33, 51, 11, 52, 14, 13, 47, 27, 26, 28, 12, 25, 35, 34, 44, 46, 48, 38, 37, 40, 39, 18, 3, 17, 21, 42, 7, 2, 30, 23, 22]

Individual 33:
  Route length: 9325
  Contribution to Diversity: 0.00041158096148219414
  Route: [1, 49, 32, 45, 19, 41, 10, 9, 8, 38, 37, 34, 44, 36, 16, 46, 39, 35, 6, 4, 12, 25, 48, 15, 5, 24, 40, 43, 33, 51, 11, 52, 14, 13, 28, 27, 26, 47, 29, 50, 23, 20, 30, 2, 7, 42, 21, 17, 3, 18, 31, 22]

Individual 34:
  Route length: 9374
  Contribution to Diversity: 0.0008035229346496919
  Route: [17, 21, 42, 2, 7, 30, 23, 20, 50, 29, 16, 46, 44, 34, 35, 49, 32, 45, 36, 5, 15, 6, 43, 33, 51, 11, 13, 52, 14, 47, 26, 27, 28, 12, 25, 4, 39, 48, 24, 38, 37, 40, 10, 9, 8, 41, 19, 1, 18, 3, 31, 22]

Individual 35:
  Route length: 9385
  Contribution to Diversity: 0.000996016711821035
  Route: [35, 37, 39, 20, 50, 16, 29, 46, 44, 34, 40, 1, 38, 24, 5, 15, 48, 6, 4, 25, 12, 28, 27, 47, 26, 14, 13, 52, 11, 51, 33, 43, 10, 9, 8, 41, 19, 45, 32, 36, 49, 42, 7, 2, 30, 23, 21, 17, 3, 18, 31, 22]

Individual 36:
  Route length: 9357
  Contribution to Diversity: 0.0006025020038666895
  Route: [3, 18, 31, 32, 49, 44, 37, 34, 35, 36, 46, 16, 29, 30, 23, 20, 50, 2, 7, 42, 21, 17, 1, 15, 48, 38, 39, 4, 6, 24, 5, 40, 25, 12, 28, 27, 26, 47, 13, 14, 52, 11, 51, 33, 43, 10, 9, 8, 41, 19, 45, 22]

Individual 37:
  Route length: 9357
  Contribution to Diversity: 0.0006076033005291137
  Route: [1, 49, 45, 36, 38, 6, 5, 24, 48, 39, 35, 32, 31, 23, 30, 2, 7, 42, 21, 17, 3, 18, 37, 15, 19, 41, 8, 9, 10, 43, 33, 51, 11, 52, 14, 13, 27, 26, 47, 28, 12, 25, 4, 40, 34, 44, 46, 16, 29, 50, 20, 22]

Individual 38:
  Route length: 9419
  Contribution to Diversity: 0.00023030460558981503
  Route: [1, 49, 45, 36, 38, 40, 4, 25, 12, 28, 47, 26, 27, 13, 14, 52, 11, 51, 33, 43, 10, 9, 8, 41, 19, 15, 5, 24, 48, 39, 35, 32, 31, 23, 30, 2, 7, 42, 21, 17, 3, 18, 37, 6, 34, 44, 46, 16, 29, 50, 20, 22]

Individual 39:
  Route length: 9368
  Contribution to Diversity: 0.0007920538716179593
  Route: [1, 31, 20, 29, 50, 16, 40, 37, 38, 48, 46, 44, 32, 49, 36, 35, 25, 12, 28, 27, 26, 47, 13, 14, 52, 11, 51, 33, 43, 10, 9, 8, 41, 45, 19, 34, 5, 6, 15, 4, 24, 39, 18, 3, 17, 21, 42, 7, 2, 30, 23, 22]

Individual 40:
  Route length: 9417
  Contribution to Diversity: 0.0004483903390335442
  Route: [1, 49, 39, 4, 25, 11, 52, 14, 13, 47, 26, 27, 28, 12, 51, 33, 43, 10, 9, 8, 41, 19, 45, 32, 44, 36, 34, 20, 50, 24, 5, 48, 6, 15, 35, 40, 38, 37, 46, 16, 29, 30, 31, 18, 3, 17, 21, 42, 7, 2, 23, 22]

Individual 41:
  Route length: 9399
  Contribution to Diversity: 0.00012019867954027319
  Route: [1, 31, 18, 3, 17, 21, 2, 7, 42, 23, 30, 48, 6, 4, 15, 44, 37, 38, 24, 40, 46, 16, 29, 50, 20, 32, 45, 19, 41, 8, 9, 10, 43, 33, 51, 12, 28, 27, 26, 47, 13, 14, 52, 11, 25, 5, 39, 34, 36, 35, 49, 22]

Individual 42:
  Route length: 9301
  Contribution to Diversity: 0.0007063926041954716
  Route: [1, 34, 49, 21, 17, 42, 7, 2, 30, 23, 20, 50, 29, 16, 46, 36, 38, 15, 6, 35, 44, 37, 48, 40, 39, 24, 5, 4, 25, 12, 28, 27, 14, 26, 47, 13, 52, 11, 51, 33, 43, 10, 9, 8, 41, 19, 32, 45, 3, 18, 31, 22]

Individual 43:
  Route length: 9415
  Contribution to Diversity: 0.00035736943705444446
  Route: [1, 49, 31, 32, 45, 19, 41, 8, 9, 10, 43, 33, 51, 11, 52, 13, 14, 47, 26, 27, 28, 12, 4, 25, 6, 15, 40, 38, 37, 48, 24, 5, 39, 36, 35, 34, 46, 16, 3, 17, 30, 23, 21, 42, 7, 2, 50, 20, 29, 44, 18, 22]

Individual 44:
  Route length: 9380
  Contribution to Diversity: 0.0008336584797596913
  Route: [1, 44, 29, 20, 50, 2, 7, 42, 21, 23, 30, 17, 3, 16, 46, 34, 35, 36, 39, 5, 24, 48, 37, 38, 40, 15, 6, 25, 4, 12, 28, 27, 26, 47, 14, 13, 52, 11, 51, 33, 43, 10, 9, 8, 41, 19, 45, 32, 31, 49, 18, 22]

Individual 45:
  Route length: 9388
  Contribution to Diversity: 0.0003100099510460197
  Route: [31, 21, 17, 3, 18, 42, 7, 2, 30, 23, 20, 50, 29, 16, 46, 4, 25, 12, 11, 52, 14, 13, 47, 26, 28, 27, 51, 33, 43, 39, 36, 35, 34, 44, 38, 40, 37, 48, 24, 5, 15, 6, 10, 8, 41, 19, 9, 45, 32, 49, 1, 22]

Individual 46:
  Route length: 9371
  Contribution to Diversity: 0.0011535109703268986
  Route: [1, 24, 5, 39, 36, 35, 34, 18, 31, 49, 16, 3, 17, 30, 2, 7, 42, 21, 23, 50, 20, 29, 44, 46, 48, 38, 37, 40, 6, 15, 4, 25, 12, 28, 27, 26, 47, 14, 13, 52, 11, 51, 33, 43, 10, 9, 8, 41, 19, 45, 32, 22]

Individual 47:
  Route length: 9375
  Contribution to Diversity: 0.0010775984340387623
  Route: [1, 34, 49, 21, 17, 42, 7, 2, 30, 23, 20, 50, 29, 16, 6, 15, 38, 36, 46, 35, 44, 40, 48, 37, 39, 24, 5, 4, 25, 12, 28, 27, 14, 26, 47, 13, 52, 11, 51, 33, 43, 10, 9, 8, 41, 19, 45, 32, 3, 18, 31, 22]

Individual 48:
  Route length: 9425
  Contribution to Diversity: 0.0016134016357929326
  Route: [1, 39, 46, 44, 35, 34, 36, 37, 38, 48, 24, 5, 15, 6, 4, 25, 12, 28, 27, 26, 47, 13, 14, 52, 11, 51, 33, 43, 10, 19, 45, 32, 49, 41, 8, 9, 40, 20, 23, 16, 29, 50, 30, 2, 42, 7, 21, 17, 3, 18, 31, 22]

Individual 49:
  Route length: 9305
  Contribution to Diversity: 0.0007688133802910002
  Route: [3, 18, 31, 21, 42, 7, 2, 30, 23, 20, 50, 29, 16, 46, 39, 17, 1, 35, 36, 4, 6, 15, 5, 24, 40, 34, 44, 37, 49, 32, 38, 48, 25, 12, 28, 27, 26, 47, 13, 14, 52, 11, 51, 33, 43, 10, 9, 8, 41, 19, 45, 22]

Individual 50:
  Route length: 9390
  Contribution to Diversity: 0.0010077745785412873
  Route: [17, 21, 2, 7, 42, 30, 23, 20, 50, 29, 16, 46, 36, 1, 31, 39, 44, 24, 6, 15, 5, 4, 34, 35, 37, 48, 49, 32, 40, 38, 25, 12, 28, 27, 26, 47, 13, 14, 52, 11, 51, 33, 43, 10, 9, 8, 41, 19, 45, 18, 3, 22]

Individual 51:
  Route length: 9416
  Contribution to Diversity: 0.0018281110079829688
  Route: [1, 31, 18, 3, 17, 21, 2, 7, 42, 23, 30, 48, 38, 37, 40, 46, 16, 29, 50, 20, 32, 45, 19, 41, 8, 9, 10, 43, 33, 11, 52, 14, 13, 47, 26, 27, 28, 12, 51, 25, 15, 44, 24, 6, 4, 5, 39, 34, 36, 35, 49, 22]

Individual 52:
  Route length: 9387
  Contribution to Diversity: 0.0012406862372573713
  Route: [21, 42, 7, 2, 30, 20, 23, 50, 29, 16, 37, 40, 4, 48, 5, 38, 15, 46, 36, 35, 34, 39, 32, 49, 1, 17, 3, 18, 45, 19, 41, 8, 9, 10, 43, 33, 51, 11, 52, 14, 13, 47, 26, 27, 28, 12, 6, 24, 25, 44, 31, 22]

Individual 53:
  Route length: 9424
  Contribution to Diversity: 0.0005375425068514517
  Route: [1, 49, 45, 36, 48, 39, 35, 32, 31, 23, 30, 2, 7, 42, 21, 17, 3, 18, 37, 6, 38, 24, 5, 15, 19, 41, 8, 9, 10, 43, 33, 51, 11, 52, 14, 13, 27, 26, 47, 28, 12, 25, 4, 40, 34, 44, 46, 16, 29, 50, 20, 22]

Individual 54:
  Route length: 9226
  Contribution to Diversity: 0
  Route: [1, 32, 45, 49, 44, 36, 15, 5, 48, 24, 6, 4, 25, 12, 28, 47, 26, 27, 13, 14, 52, 11, 51, 33, 43, 10, 9, 8, 41, 19, 39, 40, 37, 46, 34, 35, 38, 20, 31, 18, 3, 17, 21, 42, 7, 2, 30, 23, 50, 29, 16, 22]

Individual 55:
  Route length: 9401
  Contribution to Diversity: 0.0015713322743691194
  Route: [1, 49, 18, 3, 17, 21, 42, 2, 7, 30, 29, 50, 20, 23, 16, 46, 44, 34, 35, 37, 6, 36, 43, 33, 51, 11, 52, 14, 13, 27, 26, 47, 28, 12, 25, 4, 40, 45, 10, 9, 8, 41, 19, 38, 15, 5, 24, 48, 39, 32, 31, 22]

Individual 56:
  Route length: 9356
  Contribution to Diversity: 0.0008151575406634137
  Route: [1, 31, 18, 3, 17, 21, 42, 7, 2, 30, 23, 20, 50, 29, 47, 26, 27, 28, 13, 14, 52, 11, 51, 33, 43, 38, 37, 34, 44, 36, 39, 46, 16, 35, 40, 24, 15, 5, 6, 4, 12, 25, 48, 41, 19, 8, 10, 9, 45, 32, 49, 22]

Individual 57:
  Route length: 9091
  Contribution to Diversity: 0
  Route: [1, 32, 45, 36, 15, 5, 48, 24, 6, 4, 25, 12, 28, 47, 26, 27, 13, 14, 52, 11, 51, 33, 43, 10, 9, 8, 41, 19, 39, 40, 37, 46, 34, 35, 38, 20, 31, 18, 3, 17, 21, 42, 7, 2, 30, 23, 50, 29, 16, 44, 49, 22]

Individual 58:
  Route length: 9392
  Contribution to Diversity: 0.0007328723747015431
  Route: [1, 31, 18, 3, 17, 21, 42, 7, 2, 30, 23, 20, 50, 29, 47, 26, 27, 28, 13, 14, 52, 11, 51, 33, 43, 48, 25, 12, 4, 6, 5, 15, 24, 40, 35, 44, 36, 39, 46, 16, 34, 37, 38, 8, 19, 41, 10, 9, 45, 32, 49, 22]

Individual 59:
  Route length: 9279
  Contribution to Diversity: 0
  Route: [1, 32, 45, 49, 44, 36, 15, 5, 48, 24, 37, 40, 39, 19, 41, 8, 9, 10, 43, 33, 51, 11, 52, 14, 13, 27, 26, 47, 28, 12, 25, 4, 6, 46, 34, 35, 38, 20, 31, 18, 3, 17, 21, 42, 7, 2, 30, 23, 50, 29, 16, 22]

Individual 60:
  Route length: 9094
  Contribution to Diversity: 0
  Route: [1, 32, 45, 36, 15, 5, 38, 35, 34, 46, 37, 40, 39, 19, 41, 8, 9, 10, 43, 33, 51, 11, 52, 14, 13, 27, 26, 47, 28, 12, 25, 4, 6, 24, 48, 20, 31, 18, 3, 17, 21, 42, 7, 2, 30, 23, 50, 29, 16, 44, 49, 22]

Individual 61:
  Route length: 9404
  Contribution to Diversity: 0.0004840113090081033
  Route: [31, 1, 20, 50, 29, 16, 40, 44, 46, 48, 38, 37, 32, 49, 36, 35, 25, 12, 28, 27, 26, 47, 13, 14, 52, 11, 51, 33, 43, 10, 9, 8, 41, 45, 19, 34, 24, 4, 15, 6, 5, 39, 18, 3, 17, 21, 42, 7, 2, 30, 23, 22]

Individual 62:
  Route length: 9417
  Contribution to Diversity: 0.0015861566089769852
  Route: [21, 42, 7, 2, 30, 20, 23, 50, 29, 16, 37, 40, 4, 48, 12, 28, 27, 26, 47, 13, 14, 52, 11, 51, 33, 43, 10, 9, 8, 41, 19, 45, 18, 3, 17, 1, 49, 32, 39, 34, 35, 36, 46, 15, 38, 5, 6, 24, 25, 44, 31, 22]

Individual 63:
  Route length: 9312
  Contribution to Diversity: 0.00044392245630575644
  Route: [1, 38, 48, 34, 49, 31, 18, 3, 32, 45, 19, 41, 8, 9, 10, 43, 33, 51, 11, 52, 13, 47, 26, 14, 27, 28, 12, 25, 15, 36, 35, 4, 6, 5, 24, 39, 40, 37, 44, 46, 16, 29, 50, 20, 23, 30, 2, 7, 42, 17, 21, 22]

Individual 64:
  Route length: 9289
  Contribution to Diversity: 0.0007413554722157656
  Route: [3, 18, 45, 19, 41, 8, 9, 10, 43, 33, 51, 11, 52, 14, 13, 26, 47, 27, 28, 12, 25, 5, 44, 39, 31, 1, 17, 21, 2, 7, 42, 30, 23, 20, 50, 29, 16, 46, 36, 37, 48, 38, 15, 6, 4, 24, 34, 35, 40, 49, 32, 22]

Individual 65:
  Route length: 9336
  Contribution to Diversity: 0.0009008410585167326
  Route: [18, 3, 45, 36, 15, 5, 39, 19, 41, 8, 9, 10, 43, 33, 51, 11, 52, 14, 13, 47, 26, 27, 28, 12, 4, 6, 25, 24, 48, 38, 46, 37, 40, 35, 34, 32, 49, 1, 29, 44, 16, 50, 20, 23, 30, 21, 42, 7, 2, 17, 31, 22]

Individual 66:
  Route length: 9415
  Contribution to Diversity: 0.00072370111979847
  Route: [1, 31, 18, 3, 17, 21, 42, 7, 2, 30, 23, 20, 50, 29, 47, 26, 27, 28, 13, 14, 52, 11, 51, 33, 43, 37, 34, 44, 36, 39, 46, 16, 35, 40, 38, 24, 15, 5, 6, 4, 12, 25, 48, 8, 19, 41, 10, 9, 45, 32, 49, 22]

Individual 67:
  Route length: 9257
  Contribution to Diversity: 0
  Route: [1, 32, 45, 49, 44, 36, 46, 37, 40, 39, 19, 41, 8, 9, 10, 43, 33, 51, 11, 52, 14, 13, 27, 26, 47, 28, 12, 25, 4, 6, 24, 48, 5, 15, 34, 35, 38, 20, 31, 18, 3, 17, 21, 42, 7, 2, 30, 23, 50, 29, 16, 22]

Individual 68:
  Route length: 9210
  Contribution to Diversity: 0
  Route: [1, 31, 18, 3, 17, 21, 2, 7, 42, 23, 30, 48, 6, 4, 15, 40, 24, 38, 37, 44, 46, 16, 29, 50, 20, 32, 45, 19, 41, 8, 9, 10, 43, 33, 51, 12, 28, 27, 26, 47, 13, 14, 52, 11, 25, 5, 39, 34, 36, 35, 49, 22]

Individual 69:
  Route length: 9294
  Contribution to Diversity: 0.0007825099639848787
  Route: [1, 49, 32, 45, 19, 41, 10, 9, 8, 40, 24, 5, 15, 48, 25, 12, 4, 6, 35, 39, 46, 16, 36, 44, 34, 37, 38, 43, 33, 51, 11, 52, 14, 13, 28, 27, 26, 47, 29, 50, 23, 20, 30, 2, 7, 42, 21, 17, 3, 18, 31, 22]

Individual 70:
  Route length: 9369
  Contribution to Diversity: 9.611286018351706e-05
  Route: [31, 1, 20, 50, 29, 16, 40, 37, 38, 48, 6, 15, 4, 24, 34, 19, 45, 41, 8, 9, 10, 43, 33, 51, 11, 52, 14, 13, 47, 26, 27, 28, 12, 25, 35, 36, 49, 32, 44, 46, 5, 39, 18, 3, 17, 21, 42, 7, 2, 30, 23, 22]

Individual 71:
  Route length: 9342
  Contribution to Diversity: 0.0007932441767328768
  Route: [1, 31, 18, 3, 17, 21, 42, 7, 2, 30, 23, 20, 50, 29, 47, 26, 27, 28, 13, 14, 52, 11, 51, 33, 43, 39, 36, 44, 35, 40, 24, 15, 5, 6, 4, 12, 25, 48, 46, 16, 34, 37, 38, 8, 19, 41, 10, 9, 45, 32, 49, 22]

Individual 72:
  Route length: 9337
  Contribution to Diversity: 0.0016564184397491744
  Route: [1, 49, 18, 3, 17, 21, 42, 2, 7, 30, 29, 50, 20, 23, 16, 46, 44, 34, 35, 37, 6, 39, 48, 24, 5, 15, 38, 19, 41, 8, 9, 10, 45, 40, 4, 25, 12, 28, 47, 26, 27, 13, 14, 52, 11, 51, 33, 43, 36, 32, 31, 22]

Individual 73:
  Route length: 9244
  Contribution to Diversity: 0
  Route: [1, 5, 39, 36, 34, 46, 44, 35, 37, 24, 48, 25, 4, 6, 15, 40, 38, 12, 28, 27, 26, 47, 13, 14, 52, 11, 51, 33, 43, 10, 9, 8, 41, 19, 45, 32, 49, 31, 18, 3, 17, 20, 50, 23, 30, 2, 7, 42, 21, 29, 16, 22]

Individual 74:
  Route length: 9308
  Contribution to Diversity: 0
  Route: [1, 32, 45, 36, 15, 5, 35, 38, 34, 46, 37, 40, 39, 19, 41, 8, 9, 10, 43, 33, 51, 11, 52, 14, 13, 27, 26, 47, 28, 12, 25, 4, 6, 24, 48, 20, 31, 18, 3, 17, 21, 42, 7, 2, 30, 23, 50, 29, 16, 44, 49, 22]

Individual 75:
  Route length: 9297
  Contribution to Diversity: 0
  Route: [1, 32, 45, 49, 44, 37, 40, 39, 19, 41, 8, 9, 10, 43, 33, 51, 11, 52, 14, 13, 27, 26, 47, 28, 12, 25, 4, 6, 24, 48, 5, 15, 36, 46, 34, 35, 38, 20, 31, 18, 3, 17, 21, 42, 7, 2, 30, 23, 50, 29, 16, 22]

Individual 76:
  Route length: 9408
  Contribution to Diversity: 0.0006550663947892943
  Route: [1, 20, 50, 24, 5, 40, 38, 37, 32, 45, 19, 41, 8, 9, 10, 43, 33, 51, 12, 28, 27, 26, 47, 13, 14, 52, 11, 25, 4, 6, 48, 35, 15, 39, 49, 36, 34, 46, 44, 16, 29, 30, 23, 18, 3, 17, 21, 42, 7, 2, 31, 22]

Individual 77:
  Route length: 9278
  Contribution to Diversity: 0.001319227039284776
  Route: [1, 31, 18, 38, 48, 24, 5, 15, 39, 40, 37, 46, 16, 29, 50, 20, 23, 30, 2, 7, 42, 21, 17, 3, 41, 8, 9, 10, 43, 33, 51, 11, 52, 14, 47, 26, 13, 27, 28, 12, 25, 4, 6, 49, 19, 44, 34, 35, 36, 32, 45, 22]

Individual 78:
  Route length: 9388
  Contribution to Diversity: 0.0006615136666425769
  Route: [18, 3, 45, 36, 34, 32, 49, 1, 29, 44, 38, 48, 24, 25, 6, 4, 12, 28, 27, 26, 47, 13, 14, 52, 11, 51, 33, 43, 10, 9, 8, 41, 19, 39, 5, 15, 35, 40, 37, 46, 16, 50, 20, 23, 30, 21, 42, 7, 2, 17, 31, 22]

Individual 79:
  Route length: 9372
  Contribution to Diversity: 0.001141743298754605
  Route: [1, 49, 31, 18, 44, 29, 20, 50, 7, 2, 42, 21, 23, 30, 17, 3, 16, 46, 34, 35, 36, 39, 5, 24, 48, 37, 38, 40, 6, 15, 25, 4, 12, 28, 27, 26, 47, 14, 13, 52, 11, 51, 33, 43, 10, 9, 8, 41, 19, 45, 32, 22]

Individual 80:
  Route length: 9380
  Contribution to Diversity: 0.0007950310137916361
  Route: [17, 21, 42, 2, 7, 30, 23, 20, 50, 29, 16, 46, 44, 34, 35, 36, 45, 32, 49, 5, 15, 6, 43, 33, 51, 11, 13, 52, 14, 47, 26, 27, 28, 12, 25, 4, 39, 48, 24, 38, 37, 40, 10, 9, 8, 41, 19, 1, 18, 3, 31, 22]

Individual 81:
  Route length: 9384
  Contribution to Diversity: 0.0006640146073220166
  Route: [31, 21, 17, 3, 18, 42, 7, 2, 30, 23, 20, 50, 29, 16, 46, 6, 15, 5, 24, 48, 37, 40, 38, 39, 36, 35, 34, 44, 43, 33, 51, 27, 28, 26, 47, 13, 14, 52, 11, 12, 25, 4, 10, 8, 41, 19, 9, 45, 32, 49, 1, 22]

Individual 82:
  Route length: 9414
  Contribution to Diversity: 0.0010233003577226896
  Route: [1, 5, 15, 6, 4, 25, 24, 48, 49, 32, 45, 19, 41, 8, 9, 10, 43, 33, 51, 11, 52, 14, 13, 47, 26, 27, 28, 12, 38, 16, 29, 21, 42, 7, 2, 30, 50, 20, 31, 18, 3, 17, 23, 46, 44, 34, 37, 40, 39, 36, 35, 22]

Individual 83:
  Route length: 9412
  Contribution to Diversity: 0.0018443223878819026
  Route: [1, 41, 8, 24, 37, 5, 15, 6, 4, 44, 35, 34, 38, 48, 40, 36, 39, 25, 12, 28, 27, 26, 47, 13, 14, 52, 11, 51, 33, 43, 10, 9, 19, 45, 32, 49, 16, 46, 29, 50, 20, 23, 30, 2, 7, 42, 21, 17, 3, 18, 31, 22]

Individual 84:
  Route length: 9259
  Contribution to Diversity: 0
  Route: [21, 42, 7, 2, 30, 23, 20, 50, 29, 16, 37, 40, 6, 24, 25, 12, 28, 27, 26, 47, 13, 14, 52, 11, 51, 33, 43, 10, 9, 8, 41, 19, 45, 32, 49, 1, 17, 3, 18, 34, 35, 36, 39, 44, 4, 48, 5, 38, 15, 46, 31, 22]

Individual 85:
  Route length: 9334
  Contribution to Diversity: 0.0009213528161584605
  Route: [38, 48, 36, 35, 5, 24, 39, 40, 37, 1, 44, 46, 16, 29, 50, 20, 23, 30, 2, 7, 42, 17, 21, 3, 32, 49, 34, 15, 6, 4, 25, 12, 28, 27, 14, 26, 47, 13, 52, 11, 51, 33, 43, 10, 9, 8, 41, 19, 45, 18, 31, 22]

Individual 86:
  Route length: 9406
  Contribution to Diversity: 0.0005076159401529168
  Route: [1, 20, 50, 24, 5, 40, 38, 37, 32, 45, 19, 41, 8, 9, 10, 43, 33, 51, 12, 28, 27, 26, 47, 13, 14, 52, 11, 25, 4, 6, 48, 35, 49, 39, 15, 36, 34, 46, 44, 16, 29, 30, 23, 18, 3, 17, 21, 42, 7, 2, 31, 22]

Individual 87:
  Route length: 9396
  Contribution to Diversity: 0.00093684410628736
  Route: [1, 34, 49, 21, 17, 42, 7, 2, 30, 23, 20, 50, 29, 16, 37, 48, 40, 44, 35, 46, 36, 38, 15, 6, 39, 24, 5, 4, 25, 12, 28, 27, 14, 26, 47, 13, 52, 11, 51, 33, 43, 10, 9, 8, 41, 19, 45, 32, 3, 18, 31, 22]

Individual 88:
  Route length: 9015
  Contribution to Diversity: 0
  Route: [1, 32, 45, 49, 44, 36, 15, 5, 48, 24, 37, 40, 39, 19, 41, 8, 9, 10, 43, 33, 51, 11, 52, 14, 13, 27, 26, 47, 28, 12, 25, 4, 6, 46, 34, 35, 38, 20, 16, 29, 50, 23, 30, 2, 7, 42, 21, 17, 3, 18, 31, 22]

Individual 89:
  Route length: 9422
  Contribution to Diversity: 7.289596023873912e-05
  Route: [1, 31, 18, 3, 17, 21, 2, 7, 42, 23, 30, 48, 6, 4, 15, 44, 39, 5, 25, 11, 52, 14, 13, 47, 26, 27, 28, 12, 51, 33, 43, 10, 9, 8, 41, 19, 45, 32, 20, 50, 29, 16, 46, 40, 24, 38, 37, 34, 36, 35, 49, 22]

Individual 90:
  Route length: 9297
  Contribution to Diversity: 0.0010877808512921305
  Route: [3, 18, 45, 19, 41, 8, 9, 10, 43, 33, 51, 11, 52, 14, 13, 26, 47, 27, 28, 12, 25, 6, 15, 38, 48, 37, 36, 46, 16, 29, 50, 20, 23, 30, 42, 7, 2, 21, 17, 1, 31, 39, 44, 5, 4, 24, 34, 35, 40, 49, 32, 22]

Individual 91:
  Route length: 9375
  Contribution to Diversity: 0.0010363242939623873
  Route: [1, 39, 24, 29, 16, 46, 35, 36, 49, 23, 20, 50, 48, 37, 38, 40, 5, 15, 6, 4, 25, 12, 28, 27, 26, 47, 13, 14, 52, 11, 51, 33, 43, 10, 41, 9, 8, 19, 45, 32, 34, 44, 30, 2, 7, 42, 21, 17, 3, 18, 31, 22]

Individual 92:
  Route length: 9369
  Contribution to Diversity: 0.0001668630265205806
  Route: [1, 49, 32, 45, 19, 8, 41, 9, 10, 43, 33, 51, 11, 52, 14, 13, 47, 26, 27, 28, 12, 25, 6, 15, 5, 38, 37, 40, 39, 4, 36, 35, 46, 48, 24, 30, 2, 7, 42, 21, 23, 16, 29, 50, 20, 17, 3, 18, 31, 34, 44, 22]

Individual 93:
  Route length: 9203
  Contribution to Diversity: 0
  Route: [1, 32, 45, 49, 44, 16, 29, 50, 23, 30, 2, 7, 42, 21, 17, 3, 18, 31, 20, 38, 5, 48, 24, 6, 4, 25, 12, 28, 47, 26, 27, 13, 14, 52, 11, 51, 33, 43, 10, 9, 8, 41, 19, 39, 40, 37, 46, 34, 35, 15, 36, 22]

Individual 94:
  Route length: 9342
  Contribution to Diversity: 0
  Route: [49, 45, 32, 1, 44, 37, 40, 39, 19, 41, 8, 9, 10, 43, 33, 51, 11, 52, 14, 13, 27, 26, 47, 28, 12, 25, 4, 6, 24, 48, 5, 15, 36, 46, 34, 35, 38, 20, 31, 18, 3, 17, 21, 42, 7, 2, 30, 23, 50, 29, 16, 22]

Individual 95:
  Route length: 9377
  Contribution to Diversity: 0.0008506667091294773
  Route: [1, 34, 49, 35, 46, 36, 38, 15, 6, 16, 29, 50, 20, 23, 30, 2, 7, 42, 17, 21, 44, 37, 48, 40, 39, 24, 5, 4, 25, 12, 28, 27, 14, 26, 47, 13, 52, 11, 51, 33, 43, 10, 9, 8, 41, 19, 45, 32, 3, 18, 31, 22]

Individual 96:
  Route length: 9283
  Contribution to Diversity: 0
  Route: [29, 16, 46, 44, 34, 35, 19, 41, 8, 9, 10, 43, 33, 51, 11, 52, 14, 13, 47, 26, 27, 28, 12, 25, 4, 39, 48, 6, 15, 5, 24, 37, 38, 36, 45, 40, 32, 49, 1, 3, 17, 21, 42, 2, 7, 30, 50, 20, 23, 18, 31, 22]

Individual 97:
  Route length: 9277
  Contribution to Diversity: 0.00018208584146250928
  Route: [32, 49, 1, 31, 21, 17, 3, 18, 39, 40, 37, 38, 48, 24, 35, 36, 4, 25, 19, 45, 41, 8, 9, 10, 43, 33, 51, 11, 52, 14, 13, 47, 26, 27, 28, 12, 6, 15, 5, 34, 44, 46, 16, 29, 50, 20, 42, 7, 2, 30, 23, 22]

Individual 98:
  Route length: 9420
  Contribution to Diversity: 0
  Route: [1, 32, 45, 49, 44, 36, 15, 5, 48, 24, 37, 40, 39, 19, 41, 8, 9, 10, 43, 33, 51, 11, 52, 14, 13, 27, 26, 47, 28, 12, 25, 4, 6, 46, 34, 35, 38, 20, 31, 18, 3, 17, 21, 42, 7, 2, 30, 50, 23, 29, 16, 22]

Individual 99:
  Route length: 9401
  Contribution to Diversity: 0
  Route: [1, 49, 39, 24, 50, 20, 32, 37, 38, 35, 40, 15, 5, 48, 6, 4, 25, 11, 52, 14, 13, 26, 47, 27, 28, 12, 51, 33, 43, 10, 9, 41, 8, 19, 45, 36, 34, 44, 46, 16, 29, 30, 23, 2, 7, 42, 21, 17, 3, 18, 31, 22]

Total Entropy H: 5.05805160805062
