Individual 0:
  Route length: 22400
  Contribution to Diversity: 0.09362737245849662
  Route: [31, 51, 1, 45, 19, 24, 15, 6, 37, 29, 3, 18, 7, 2, 50, 20, 44, 4, 38, 27, 14, 48, 34, 43, 12, 41, 10, 49, 16, 42, 8, 9, 23, 35, 30, 21, 40, 46, 28, 26, 17, 32, 36, 39, 25, 5, 47, 11, 52, 33, 13, 22]

Individual 1:
  Route length: 22616
  Contribution to Diversity: 0.07993458685628596
  Route: [10, 4, 51, 38, 36, 30, 23, 15, 40, 44, 3, 26, 13, 28, 14, 11, 6, 27, 52, 46, 47, 5, 33, 24, 43, 8, 37, 35, 41, 42, 7, 34, 19, 12, 39, 45, 16, 50, 31, 9, 32, 29, 25, 48, 49, 20, 1, 21, 18, 2, 17, 22]

Individual 2:
  Route length: 21953
  Contribution to Diversity: 0.09528532049905358
  Route: [15, 49, 18, 36, 25, 51, 12, 24, 16, 23, 2, 40, 27, 26, 13, 32, 21, 39, 6, 48, 43, 52, 11, 14, 28, 47, 30, 20, 31, 29, 41, 45, 9, 8, 34, 46, 7, 1, 35, 3, 19, 42, 10, 4, 33, 50, 38, 37, 5, 44, 17, 22]

Individual 3:
  Route length: 22506
  Contribution to Diversity: 0.09250932086925712
  Route: [10, 41, 18, 16, 36, 38, 2, 7, 30, 39, 4, 8, 15, 46, 43, 37, 27, 14, 47, 13, 40, 12, 34, 44, 48, 9, 28, 11, 52, 26, 51, 5, 17, 33, 1, 25, 35, 32, 24, 45, 31, 42, 49, 6, 29, 21, 19, 23, 50, 3, 20, 22]

Individual 4:
  Route length: 21825
  Contribution to Diversity: 0.07881653526704646
  Route: [20, 50, 45, 36, 1, 2, 17, 33, 12, 13, 11, 25, 29, 30, 48, 47, 14, 26, 51, 52, 28, 4, 18, 19, 49, 31, 46, 41, 39, 7, 42, 34, 16, 3, 9, 43, 24, 21, 35, 15, 6, 5, 10, 44, 37, 38, 8, 27, 40, 23, 32, 22]

Individual 5:
  Route length: 21994
  Contribution to Diversity: 0.09401935978792864
  Route: [32, 20, 44, 47, 52, 10, 45, 38, 34, 7, 2, 18, 16, 3, 48, 13, 11, 26, 39, 50, 21, 30, 19, 35, 6, 36, 5, 29, 31, 17, 42, 49, 46, 41, 1, 15, 51, 33, 9, 40, 37, 4, 24, 25, 14, 28, 12, 27, 8, 43, 23, 22]

Individual 6:
  Route length: 21683
  Contribution to Diversity: 0.08882108917115694
  Route: [44, 36, 51, 4, 11, 37, 20, 16, 42, 7, 50, 24, 46, 29, 35, 30, 31, 21, 2, 33, 25, 27, 14, 13, 10, 9, 40, 32, 8, 49, 39, 17, 41, 45, 48, 34, 23, 15, 5, 26, 3, 19, 38, 1, 6, 43, 12, 47, 52, 28, 18, 22]

Individual 7:
  Route length: 21554
  Contribution to Diversity: 0
  Route: [1, 3, 21, 10, 5, 37, 46, 26, 24, 36, 4, 39, 14, 52, 33, 48, 28, 43, 41, 38, 19, 17, 29, 40, 31, 9, 8, 34, 16, 50, 27, 49, 44, 23, 35, 32, 45, 6, 47, 13, 12, 11, 51, 42, 7, 2, 20, 15, 25, 18, 30, 22]

Individual 8:
  Route length: 22204
  Contribution to Diversity: 0.08546693440343578
  Route: [41, 9, 19, 37, 38, 16, 36, 24, 18, 49, 35, 40, 47, 52, 27, 4, 15, 29, 39, 46, 32, 3, 5, 17, 6, 43, 25, 12, 1, 31, 34, 8, 7, 2, 42, 23, 21, 20, 44, 11, 14, 51, 50, 45, 48, 28, 33, 26, 13, 10, 30, 22]

Individual 9:
  Route length: 21324
  Contribution to Diversity: 0
  Route: [1, 3, 7, 42, 51, 11, 12, 13, 47, 6, 45, 32, 35, 23, 44, 49, 27, 50, 16, 34, 8, 9, 31, 40, 29, 17, 19, 38, 41, 43, 28, 14, 52, 33, 48, 39, 4, 36, 24, 26, 46, 37, 5, 10, 21, 2, 20, 15, 25, 18, 30, 22]

Total Entropy H: 5.844509514395779
