Individual 0:
  Route length: 15019
  Contribution to Diversity: 6.0987848183202686e-05
  Route: [1, 3, 51, 33, 6, 15, 5, 37, 45, 19, 41, 8, 9, 10, 43, 7, 2, 30, 23, 18, 32, 25, 12, 39, 17, 11, 52, 14, 13, 47, 26, 27, 28, 36, 35, 34, 44, 50, 29, 16, 46, 38, 48, 24, 40, 21, 42, 4, 49, 20, 31, 22]

Individual 1:
  Route length: 15067
  Contribution to Diversity: 0.0007965119077324445
  Route: [1, 43, 10, 9, 8, 41, 42, 7, 2, 29, 18, 3, 17, 21, 19, 45, 32, 40, 39, 36, 35, 34, 44, 46, 16, 48, 49, 15, 5, 24, 30, 14, 13, 33, 51, 11, 52, 23, 38, 47, 26, 27, 28, 12, 25, 31, 50, 20, 37, 6, 4, 22]

Individual 2:
  Route length: 15022
  Contribution to Diversity: 0.0002617254380155032
  Route: [1, 49, 32, 45, 19, 41, 44, 36, 39, 12, 28, 33, 37, 40, 25, 4, 34, 35, 29, 16, 2, 30, 23, 5, 24, 48, 38, 51, 11, 52, 14, 13, 15, 9, 10, 43, 27, 26, 47, 6, 8, 20, 50, 46, 7, 42, 21, 17, 3, 18, 31, 22]

Individual 3:
  Route length: 15010
  Contribution to Diversity: 0.0009722657412662983
  Route: [1, 48, 24, 5, 19, 41, 6, 4, 25, 12, 28, 8, 15, 45, 36, 35, 23, 30, 2, 7, 50, 16, 46, 44, 34, 20, 29, 42, 21, 17, 3, 10, 9, 27, 26, 47, 13, 32, 49, 38, 37, 40, 39, 14, 52, 11, 51, 33, 43, 18, 31, 22]

Individual 4:
  Route length: 15061
  Contribution to Diversity: 0.0008163156712663877
  Route: [12, 25, 37, 40, 39, 36, 35, 33, 51, 23, 46, 44, 5, 24, 48, 38, 41, 8, 29, 16, 9, 10, 43, 34, 15, 6, 4, 30, 2, 7, 42, 21, 20, 50, 19, 31, 18, 3, 17, 11, 52, 14, 13, 47, 26, 27, 28, 1, 49, 32, 45, 22]

Individual 5:
  Route length: 14876
  Contribution to Diversity: 0.001259246684533366
  Route: [1, 49, 32, 45, 33, 51, 11, 52, 14, 13, 47, 26, 27, 43, 19, 41, 34, 44, 35, 36, 30, 23, 16, 29, 50, 20, 6, 4, 25, 12, 28, 10, 2, 7, 17, 5, 15, 46, 8, 9, 39, 40, 42, 21, 37, 38, 48, 24, 3, 18, 31, 22]

Individual 6:
  Route length: 14754
  Contribution to Diversity: 0.0005745775411361009
  Route: [3, 17, 31, 18, 1, 49, 41, 2, 7, 42, 28, 27, 12, 25, 39, 38, 37, 40, 36, 35, 34, 11, 51, 33, 43, 10, 9, 8, 30, 23, 20, 44, 24, 48, 45, 19, 32, 4, 6, 29, 16, 46, 5, 15, 50, 52, 14, 13, 47, 26, 21, 22]

Individual 7:
  Route length: 14997
  Contribution to Diversity: 0.0003550978714654818
  Route: [1, 44, 46, 16, 29, 50, 20, 24, 5, 15, 6, 4, 18, 31, 45, 32, 49, 34, 30, 2, 17, 21, 42, 7, 33, 43, 39, 13, 47, 52, 11, 51, 3, 25, 12, 28, 27, 26, 14, 40, 37, 38, 48, 23, 35, 36, 10, 9, 8, 41, 19, 22]

Individual 8:
  Route length: 15080
  Contribution to Diversity: 0.00027660870577062013
  Route: [1, 9, 49, 8, 36, 35, 10, 32, 44, 4, 45, 46, 16, 29, 50, 20, 23, 30, 2, 31, 18, 3, 17, 21, 42, 7, 43, 33, 51, 11, 52, 5, 15, 6, 19, 41, 39, 40, 37, 38, 48, 24, 14, 13, 47, 28, 27, 26, 12, 25, 34, 22]

Individual 9:
  Route length: 14918
  Contribution to Diversity: 0.0002163576948772672
  Route: [1, 46, 51, 11, 52, 14, 13, 47, 9, 8, 41, 19, 45, 32, 49, 48, 36, 37, 38, 24, 5, 28, 23, 20, 50, 29, 43, 33, 44, 34, 35, 40, 39, 16, 10, 26, 27, 15, 6, 4, 25, 12, 30, 3, 17, 21, 42, 7, 2, 18, 31, 22]

Individual 10:
  Route length: 14437
  Contribution to Diversity: 0.0011181718082644565
  Route: [26, 27, 28, 7, 42, 2, 41, 19, 45, 48, 24, 5, 12, 25, 39, 29, 50, 34, 35, 36, 16, 46, 13, 14, 52, 11, 51, 33, 43, 10, 9, 8, 30, 23, 20, 1, 47, 44, 49, 32, 38, 4, 40, 37, 6, 15, 21, 17, 3, 18, 31, 22]

Individual 11:
  Route length: 14907
  Contribution to Diversity: 0.0002745513037121228
  Route: [30, 2, 7, 42, 21, 46, 28, 12, 9, 18, 33, 51, 11, 52, 14, 13, 5, 25, 10, 43, 16, 29, 35, 36, 39, 34, 44, 38, 1, 49, 32, 45, 19, 41, 8, 6, 4, 15, 23, 20, 50, 40, 27, 26, 47, 24, 48, 37, 17, 3, 31, 22]

Individual 12:
  Route length: 14915
  Contribution to Diversity: 0.0007028274348916952
  Route: [1, 49, 32, 45, 17, 21, 42, 7, 2, 47, 13, 30, 23, 20, 16, 46, 39, 48, 24, 5, 15, 6, 29, 36, 10, 8, 44, 34, 35, 41, 28, 27, 26, 14, 52, 11, 51, 33, 43, 12, 9, 40, 37, 38, 25, 4, 50, 19, 3, 18, 31, 22]

Individual 13:
  Route length: 14661
  Contribution to Diversity: 0.00023284963410041826
  Route: [44, 46, 16, 50, 7, 2, 30, 18, 3, 17, 21, 42, 29, 20, 31, 40, 39, 14, 52, 11, 51, 33, 43, 10, 9, 27, 26, 47, 13, 32, 49, 1, 15, 8, 28, 12, 25, 34, 35, 36, 45, 19, 41, 6, 4, 5, 24, 48, 38, 37, 23, 22]

Individual 14:
  Route length: 15068
  Contribution to Diversity: 0.0008630472988571114
  Route: [1, 44, 46, 51, 11, 52, 47, 13, 14, 26, 27, 28, 23, 30, 36, 25, 12, 20, 32, 49, 24, 48, 42, 7, 2, 35, 34, 5, 39, 40, 37, 16, 33, 43, 10, 31, 29, 50, 15, 6, 4, 45, 19, 41, 8, 9, 18, 21, 17, 3, 38, 22]

Individual 15:
  Route length: 15049
  Contribution to Diversity: 0.0005640057270204224
  Route: [23, 20, 50, 29, 32, 37, 4, 6, 15, 19, 41, 49, 40, 38, 48, 24, 51, 25, 39, 36, 45, 1, 30, 16, 46, 44, 34, 35, 2, 7, 42, 21, 17, 28, 12, 47, 13, 14, 33, 43, 10, 9, 8, 5, 52, 11, 27, 26, 3, 18, 31, 22]

Individual 16:
  Route length: 15075
  Contribution to Diversity: 0.0011741733289065692
  Route: [16, 46, 51, 11, 52, 14, 13, 47, 9, 8, 41, 19, 45, 32, 49, 48, 38, 37, 36, 40, 35, 34, 44, 33, 43, 29, 50, 20, 23, 28, 5, 24, 1, 10, 26, 27, 15, 6, 39, 4, 25, 12, 30, 3, 17, 21, 42, 7, 2, 18, 31, 22]

Individual 17:
  Route length: 15064
  Contribution to Diversity: 0.0002516327701203025
  Route: [1, 49, 27, 28, 35, 19, 41, 8, 9, 10, 6, 4, 25, 12, 36, 39, 40, 37, 16, 29, 50, 48, 24, 5, 52, 14, 13, 47, 26, 42, 7, 20, 46, 38, 44, 34, 45, 32, 21, 17, 3, 2, 30, 23, 43, 33, 51, 11, 15, 18, 31, 22]

Individual 18:
  Route length: 14615
  Contribution to Diversity: 0.0011695666401045912
  Route: [28, 34, 35, 36, 39, 17, 3, 1, 19, 41, 8, 9, 10, 43, 33, 51, 11, 52, 14, 29, 21, 42, 7, 2, 30, 37, 26, 47, 13, 27, 38, 50, 20, 24, 5, 15, 6, 4, 25, 46, 16, 40, 23, 18, 32, 49, 44, 12, 45, 48, 31, 22]

Individual 19:
  Route length: 15006
  Contribution to Diversity: 0.0013275679983975053
  Route: [1, 49, 21, 17, 37, 16, 29, 50, 34, 8, 9, 42, 28, 27, 26, 47, 13, 14, 52, 11, 51, 33, 43, 10, 7, 2, 32, 12, 25, 4, 6, 38, 41, 19, 46, 40, 39, 36, 35, 30, 23, 20, 44, 45, 48, 24, 5, 15, 3, 18, 31, 22]

Individual 20:
  Route length: 14575
  Contribution to Diversity: 0.0007320579847869269
  Route: [3, 17, 21, 24, 48, 45, 19, 32, 4, 6, 29, 16, 46, 5, 15, 50, 52, 14, 13, 47, 26, 44, 20, 23, 30, 18, 1, 49, 41, 2, 7, 42, 28, 27, 12, 25, 39, 38, 37, 40, 36, 35, 34, 11, 51, 33, 43, 10, 9, 8, 31, 22]

Individual 21:
  Route length: 15001
  Contribution to Diversity: 0.0004767385023569659
  Route: [1, 3, 51, 33, 43, 10, 4, 2, 7, 6, 15, 5, 37, 45, 19, 41, 8, 9, 42, 21, 40, 38, 48, 24, 46, 16, 29, 50, 44, 34, 35, 36, 39, 17, 11, 52, 14, 13, 47, 26, 27, 28, 12, 25, 32, 18, 23, 30, 49, 20, 31, 22]

Individual 22:
  Route length: 14919
  Contribution to Diversity: 0.00029275790265259616
  Route: [45, 16, 49, 6, 15, 5, 20, 50, 31, 25, 12, 28, 27, 26, 47, 2, 29, 18, 3, 17, 21, 42, 7, 13, 14, 52, 11, 51, 33, 46, 32, 30, 1, 19, 41, 8, 9, 10, 43, 44, 34, 35, 36, 39, 40, 37, 38, 24, 48, 23, 4, 22]

Individual 23:
  Route length: 14808
  Contribution to Diversity: 0.001014558058670012
  Route: [1, 21, 34, 36, 39, 5, 24, 20, 30, 2, 7, 42, 3, 50, 29, 45, 46, 16, 48, 11, 47, 13, 14, 52, 26, 27, 25, 12, 28, 4, 6, 15, 19, 38, 37, 17, 41, 8, 9, 10, 43, 33, 51, 31, 49, 44, 35, 40, 23, 18, 32, 22]

Individual 24:
  Route length: 14895
  Contribution to Diversity: 0.0005670316891812632
  Route: [1, 49, 32, 18, 9, 10, 35, 29, 16, 43, 6, 31, 45, 34, 39, 36, 25, 12, 5, 15, 14, 52, 11, 51, 44, 19, 41, 8, 3, 17, 21, 42, 7, 2, 20, 23, 30, 50, 40, 37, 38, 48, 24, 47, 26, 27, 28, 13, 4, 46, 33, 22]

Individual 25:
  Route length: 15054
  Contribution to Diversity: 0.00028443323391069697
  Route: [1, 10, 43, 33, 51, 11, 52, 14, 38, 27, 13, 47, 26, 37, 30, 2, 7, 42, 17, 3, 9, 8, 41, 19, 35, 34, 28, 36, 39, 23, 40, 21, 18, 32, 49, 44, 12, 25, 4, 6, 15, 16, 29, 50, 20, 24, 5, 46, 45, 48, 31, 22]

Individual 26:
  Route length: 15022
  Contribution to Diversity: 0.00044666436154994216
  Route: [1, 49, 32, 30, 23, 41, 8, 9, 10, 11, 51, 52, 43, 33, 12, 26, 27, 28, 47, 37, 38, 48, 24, 40, 35, 36, 39, 34, 44, 46, 15, 5, 13, 14, 7, 2, 45, 19, 20, 50, 29, 16, 6, 4, 25, 42, 21, 17, 3, 18, 31, 22]

Individual 27:
  Route length: 15029
  Contribution to Diversity: 0.0007928065236839643
  Route: [1, 49, 32, 45, 21, 17, 42, 7, 2, 47, 13, 30, 23, 20, 16, 46, 39, 48, 24, 5, 15, 6, 29, 36, 10, 8, 44, 34, 35, 41, 28, 27, 26, 14, 52, 11, 51, 33, 43, 12, 9, 40, 37, 38, 25, 4, 50, 19, 3, 18, 31, 22]

Individual 28:
  Route length: 14945
  Contribution to Diversity: 0.0014663803587886548
  Route: [1, 21, 34, 36, 39, 5, 24, 20, 30, 2, 7, 42, 3, 50, 29, 45, 46, 16, 48, 11, 47, 13, 14, 52, 26, 12, 25, 27, 28, 4, 6, 15, 19, 38, 37, 17, 41, 8, 9, 10, 43, 33, 51, 31, 49, 44, 35, 40, 23, 18, 32, 22]

Individual 29:
  Route length: 14936
  Contribution to Diversity: 0.0004969727444033012
  Route: [26, 27, 28, 7, 42, 2, 41, 19, 45, 48, 50, 29, 39, 25, 12, 5, 24, 34, 35, 36, 16, 46, 13, 14, 52, 11, 51, 33, 43, 10, 9, 8, 30, 32, 49, 44, 47, 1, 20, 23, 38, 37, 40, 4, 6, 15, 21, 17, 3, 18, 31, 22]

Individual 30:
  Route length: 14755
  Contribution to Diversity: 0.0014094498951742196
  Route: [1, 21, 34, 36, 39, 5, 24, 20, 30, 2, 7, 42, 3, 50, 29, 45, 46, 16, 48, 47, 11, 13, 14, 52, 26, 27, 25, 12, 28, 4, 6, 15, 17, 37, 38, 19, 41, 8, 9, 10, 43, 33, 51, 31, 49, 44, 35, 40, 23, 18, 32, 22]

Individual 31:
  Route length: 14896
  Contribution to Diversity: 0.00021810635778418686
  Route: [23, 20, 50, 29, 36, 39, 25, 51, 24, 48, 38, 40, 49, 41, 19, 15, 6, 4, 37, 32, 45, 1, 30, 16, 46, 44, 34, 35, 2, 7, 42, 21, 17, 28, 12, 47, 13, 14, 33, 43, 10, 9, 8, 5, 52, 11, 27, 26, 3, 18, 31, 22]

Individual 32:
  Route length: 15018
  Contribution to Diversity: 0.0016126245599252798
  Route: [1, 9, 49, 8, 3, 18, 20, 50, 29, 16, 46, 45, 4, 44, 33, 51, 11, 52, 5, 15, 6, 19, 41, 17, 21, 42, 7, 2, 30, 43, 32, 10, 35, 36, 23, 31, 39, 40, 37, 38, 48, 24, 14, 13, 47, 26, 27, 28, 12, 25, 34, 22]

Individual 33:
  Route length: 14750
  Contribution to Diversity: 0.0006837499678153947
  Route: [1, 49, 32, 45, 34, 39, 36, 43, 4, 13, 5, 15, 14, 52, 11, 51, 44, 19, 41, 8, 3, 17, 21, 42, 7, 2, 20, 23, 30, 50, 40, 37, 38, 48, 24, 12, 28, 27, 26, 47, 25, 16, 29, 35, 10, 9, 18, 31, 6, 46, 33, 22]

Individual 34:
  Route length: 15040
  Contribution to Diversity: 0.00139634347397255
  Route: [12, 25, 37, 40, 39, 36, 35, 33, 51, 23, 46, 44, 5, 24, 48, 38, 41, 8, 29, 16, 9, 10, 43, 34, 15, 6, 4, 30, 2, 7, 42, 21, 20, 50, 19, 31, 18, 3, 17, 26, 47, 13, 14, 52, 11, 27, 28, 1, 49, 32, 45, 22]

Individual 35:
  Route length: 14745
  Contribution to Diversity: 0.001237177137324963
  Route: [1, 36, 30, 23, 28, 27, 52, 47, 13, 14, 26, 11, 51, 20, 5, 39, 40, 37, 16, 46, 44, 34, 35, 17, 3, 42, 7, 2, 21, 18, 9, 8, 41, 19, 45, 33, 43, 48, 24, 49, 32, 25, 12, 4, 6, 15, 50, 29, 31, 10, 38, 22]

Individual 36:
  Route length: 14925
  Contribution to Diversity: 0.0011604722519020783
  Route: [35, 28, 31, 20, 50, 29, 30, 23, 18, 36, 48, 24, 5, 15, 6, 32, 49, 45, 19, 39, 17, 4, 37, 38, 12, 25, 9, 10, 43, 3, 1, 34, 44, 46, 16, 2, 7, 42, 21, 40, 8, 41, 33, 51, 11, 52, 14, 13, 47, 26, 27, 22]

Individual 37:
  Route length: 14944
  Contribution to Diversity: 0.00042146295887324214
  Route: [1, 38, 6, 24, 48, 49, 32, 45, 19, 21, 41, 8, 9, 10, 43, 33, 29, 50, 51, 11, 52, 36, 39, 40, 37, 20, 2, 7, 42, 3, 17, 18, 31, 25, 23, 35, 34, 44, 46, 16, 4, 30, 14, 13, 47, 26, 27, 28, 12, 15, 5, 22]

Individual 38:
  Route length: 14934
  Contribution to Diversity: 0.0003149543994753756
  Route: [28, 34, 35, 36, 39, 17, 3, 16, 14, 52, 11, 51, 33, 43, 10, 9, 8, 41, 19, 1, 38, 46, 45, 48, 31, 12, 25, 4, 6, 15, 5, 24, 20, 50, 29, 27, 13, 47, 26, 37, 30, 2, 7, 42, 21, 40, 23, 18, 32, 49, 44, 22]

Individual 39:
  Route length: 14936
  Contribution to Diversity: 0.000967464357541914
  Route: [24, 38, 48, 45, 19, 41, 18, 9, 8, 21, 17, 3, 42, 7, 2, 30, 23, 28, 27, 50, 29, 31, 10, 43, 33, 51, 36, 20, 12, 25, 4, 6, 15, 5, 1, 35, 34, 44, 40, 37, 16, 46, 39, 26, 47, 13, 14, 52, 11, 49, 32, 22]

Individual 40:
  Route length: 14928
  Contribution to Diversity: 3.553156709834582e-05
  Route: [1, 3, 17, 42, 7, 2, 30, 37, 26, 47, 13, 27, 38, 14, 52, 11, 51, 33, 43, 10, 9, 8, 41, 19, 39, 36, 28, 34, 35, 23, 40, 21, 18, 32, 49, 44, 12, 25, 4, 6, 16, 15, 29, 50, 20, 24, 5, 46, 45, 48, 31, 22]

Individual 41:
  Route length: 14972
  Contribution to Diversity: 0.00046181326642091847
  Route: [32, 6, 15, 5, 24, 48, 38, 37, 9, 10, 43, 36, 35, 49, 44, 34, 8, 40, 18, 30, 23, 3, 29, 50, 20, 31, 28, 12, 25, 4, 17, 39, 19, 45, 21, 42, 7, 2, 16, 46, 1, 41, 33, 51, 11, 52, 14, 13, 47, 26, 27, 22]

Individual 42:
  Route length: 14963
  Contribution to Diversity: 0.0010998026958919382
  Route: [1, 49, 27, 28, 12, 25, 4, 6, 10, 9, 8, 41, 19, 35, 36, 39, 40, 17, 3, 2, 42, 26, 47, 13, 14, 52, 5, 24, 48, 50, 29, 16, 37, 21, 32, 45, 34, 44, 38, 46, 20, 7, 30, 23, 43, 33, 51, 11, 15, 18, 31, 22]

Individual 43:
  Route length: 14900
  Contribution to Diversity: 0.00017203069705917784
  Route: [1, 3, 17, 42, 7, 2, 30, 37, 26, 47, 13, 27, 38, 14, 52, 11, 51, 33, 43, 10, 9, 8, 41, 19, 39, 36, 48, 45, 46, 5, 24, 20, 50, 29, 15, 16, 6, 4, 25, 12, 44, 49, 32, 18, 21, 40, 23, 35, 34, 28, 31, 22]

Individual 44:
  Route length: 14954
  Contribution to Diversity: 0.0007186465985737911
  Route: [1, 49, 32, 45, 34, 39, 35, 24, 48, 38, 37, 40, 50, 30, 23, 20, 2, 7, 42, 21, 17, 3, 8, 41, 19, 44, 51, 11, 52, 14, 15, 5, 13, 4, 43, 16, 29, 12, 28, 27, 26, 47, 25, 36, 10, 9, 18, 31, 6, 46, 33, 22]

Individual 45:
  Route length: 14868
  Contribution to Diversity: 0.0006547635881091196
  Route: [1, 37, 42, 7, 2, 30, 21, 34, 44, 15, 5, 24, 20, 29, 50, 45, 33, 51, 11, 47, 13, 14, 52, 26, 27, 25, 18, 23, 40, 35, 36, 39, 17, 3, 38, 19, 32, 49, 6, 4, 28, 12, 41, 8, 9, 10, 43, 46, 16, 48, 31, 22]

Individual 46:
  Route length: 14947
  Contribution to Diversity: 0.000365023651657026
  Route: [23, 20, 50, 29, 32, 39, 28, 17, 21, 42, 7, 2, 45, 1, 30, 16, 46, 44, 34, 35, 36, 48, 24, 14, 13, 47, 26, 27, 11, 52, 5, 8, 9, 10, 43, 33, 51, 38, 15, 19, 41, 49, 40, 6, 4, 37, 25, 12, 3, 18, 31, 22]

Individual 47:
  Route length: 14517
  Contribution to Diversity: 0.0004834845467236448
  Route: [21, 17, 51, 33, 43, 25, 4, 6, 52, 11, 14, 13, 47, 26, 7, 2, 30, 23, 20, 50, 29, 16, 27, 28, 12, 10, 9, 8, 42, 32, 1, 49, 18, 3, 15, 5, 24, 48, 38, 37, 45, 19, 41, 46, 44, 34, 35, 36, 40, 39, 31, 22]

Individual 48:
  Route length: 14420
  Contribution to Diversity: 0
  Route: [1, 36, 30, 23, 28, 27, 52, 47, 13, 14, 26, 11, 51, 4, 37, 16, 46, 44, 34, 35, 17, 3, 42, 7, 2, 21, 18, 9, 8, 41, 19, 45, 33, 43, 10, 31, 29, 50, 15, 6, 40, 39, 5, 20, 12, 25, 32, 49, 24, 48, 38, 22]

Individual 49:
  Route length: 14629
  Contribution to Diversity: 0.0002797165231962495
  Route: [7, 2, 45, 1, 30, 16, 46, 25, 39, 36, 35, 34, 44, 43, 10, 9, 8, 19, 41, 49, 40, 38, 48, 12, 33, 51, 28, 17, 21, 42, 23, 20, 50, 29, 32, 37, 4, 6, 15, 5, 52, 11, 27, 26, 47, 13, 14, 24, 3, 18, 31, 22]

Individual 50:
  Route length: 15065
  Contribution to Diversity: 0.0009929230744996076
  Route: [1, 49, 37, 9, 8, 41, 19, 45, 32, 40, 39, 28, 13, 18, 31, 43, 10, 34, 5, 27, 11, 52, 14, 21, 17, 3, 42, 7, 2, 30, 23, 20, 50, 29, 16, 46, 44, 24, 48, 38, 35, 36, 12, 25, 4, 6, 15, 26, 47, 51, 33, 22]

Individual 51:
  Route length: 14849
  Contribution to Diversity: 0.0009322319021443093
  Route: [32, 42, 51, 33, 43, 25, 4, 6, 11, 52, 14, 13, 47, 26, 7, 2, 30, 23, 20, 50, 29, 16, 8, 9, 10, 12, 28, 27, 17, 21, 1, 49, 45, 19, 41, 46, 44, 34, 35, 48, 24, 5, 15, 3, 18, 39, 40, 36, 38, 37, 31, 22]

Individual 52:
  Route length: 14931
  Contribution to Diversity: 0.0009885806135159214
  Route: [21, 17, 51, 33, 43, 25, 4, 6, 27, 28, 12, 10, 9, 8, 16, 29, 50, 20, 23, 30, 2, 7, 26, 47, 13, 14, 11, 52, 42, 32, 1, 49, 18, 3, 15, 5, 24, 34, 35, 36, 40, 39, 37, 38, 48, 44, 46, 41, 19, 45, 31, 22]

Individual 53:
  Route length: 14992
  Contribution to Diversity: 2.804472230177879e-05
  Route: [1, 3, 17, 42, 7, 2, 30, 37, 26, 47, 13, 27, 38, 14, 52, 11, 51, 33, 43, 10, 9, 8, 41, 19, 35, 34, 28, 36, 39, 23, 40, 21, 18, 32, 49, 44, 12, 25, 4, 6, 16, 15, 29, 50, 20, 24, 5, 46, 45, 48, 31, 22]

Individual 54:
  Route length: 14936
  Contribution to Diversity: 0.0002535661953340096
  Route: [1, 49, 6, 4, 25, 19, 45, 9, 18, 36, 35, 34, 44, 46, 37, 40, 39, 15, 12, 20, 47, 13, 14, 52, 11, 51, 33, 43, 10, 31, 16, 29, 50, 5, 24, 26, 27, 28, 23, 2, 30, 7, 42, 3, 32, 41, 8, 17, 21, 48, 38, 22]

Individual 55:
  Route length: 14905
  Contribution to Diversity: 0.0009182794951305695
  Route: [1, 49, 32, 45, 19, 41, 44, 36, 39, 12, 28, 33, 37, 40, 25, 4, 34, 35, 43, 10, 9, 15, 13, 14, 52, 11, 51, 38, 48, 24, 5, 23, 30, 2, 16, 29, 27, 26, 47, 6, 8, 20, 50, 46, 7, 42, 21, 17, 3, 18, 31, 22]

Individual 56:
  Route length: 14824
  Contribution to Diversity: 0.0005072883646271009
  Route: [1, 3, 17, 39, 36, 35, 40, 23, 18, 25, 27, 26, 52, 14, 13, 47, 11, 51, 33, 45, 50, 29, 20, 24, 5, 15, 44, 34, 21, 30, 2, 7, 42, 37, 38, 19, 32, 49, 6, 4, 28, 12, 41, 8, 9, 10, 43, 46, 16, 31, 48, 22]

Individual 57:
  Route length: 14726
  Contribution to Diversity: 0.0004514741939054545
  Route: [7, 2, 45, 1, 30, 16, 20, 23, 42, 21, 17, 28, 51, 33, 12, 48, 38, 40, 49, 41, 19, 8, 9, 10, 43, 25, 39, 36, 35, 34, 44, 46, 50, 29, 32, 37, 4, 6, 15, 5, 52, 11, 27, 26, 47, 13, 14, 24, 3, 18, 31, 22]

Individual 58:
  Route length: 14254
  Contribution to Diversity: 0.00069634899942006
  Route: [1, 36, 30, 23, 28, 27, 12, 52, 47, 13, 14, 26, 11, 51, 4, 6, 15, 50, 29, 34, 35, 17, 3, 42, 7, 2, 21, 18, 9, 8, 41, 19, 45, 33, 43, 10, 31, 49, 32, 25, 20, 5, 39, 40, 37, 16, 46, 44, 24, 48, 38, 22]

Individual 59:
  Route length: 14956
  Contribution to Diversity: 0.00045736283720465565
  Route: [1, 49, 32, 45, 19, 41, 8, 3, 5, 15, 46, 33, 6, 14, 52, 11, 51, 13, 4, 35, 29, 16, 43, 10, 9, 18, 39, 36, 25, 28, 12, 27, 40, 37, 38, 48, 24, 47, 26, 50, 30, 23, 20, 2, 7, 42, 21, 17, 44, 34, 31, 22]

Individual 60:
  Route length: 14845
  Contribution to Diversity: 0.000815377379773885
  Route: [32, 6, 15, 5, 24, 48, 38, 37, 9, 10, 43, 36, 35, 49, 44, 34, 8, 40, 18, 30, 23, 17, 4, 25, 12, 28, 31, 20, 50, 29, 3, 39, 19, 45, 21, 42, 7, 2, 16, 46, 1, 41, 33, 51, 11, 52, 14, 13, 47, 26, 27, 22]

Individual 61:
  Route length: 14985
  Contribution to Diversity: 0.0001557459735295197
  Route: [1, 49, 6, 4, 25, 19, 45, 9, 18, 36, 35, 34, 44, 46, 37, 40, 39, 50, 29, 16, 48, 21, 17, 8, 41, 32, 3, 42, 7, 30, 2, 23, 28, 27, 26, 24, 5, 15, 12, 20, 47, 13, 14, 52, 11, 51, 33, 43, 10, 31, 38, 22]

Individual 62:
  Route length: 14514
  Contribution to Diversity: 0.0005662257968213069
  Route: [1, 38, 36, 52, 11, 51, 15, 5, 24, 10, 9, 8, 41, 21, 19, 45, 32, 49, 48, 43, 33, 12, 28, 27, 26, 47, 13, 14, 30, 16, 46, 44, 34, 35, 17, 18, 31, 25, 6, 23, 29, 2, 7, 42, 3, 20, 50, 39, 40, 37, 4, 22]

Individual 63:
  Route length: 15063
  Contribution to Diversity: 0.0015403671249885065
  Route: [1, 49, 32, 45, 19, 4, 50, 25, 6, 29, 16, 46, 44, 48, 39, 8, 10, 15, 5, 24, 34, 28, 27, 23, 20, 36, 38, 37, 40, 9, 12, 43, 33, 51, 11, 47, 13, 14, 52, 26, 35, 41, 30, 2, 7, 42, 21, 17, 3, 18, 31, 22]

Individual 64:
  Route length: 14822
  Contribution to Diversity: 0.001257448446221332
  Route: [12, 28, 27, 26, 47, 36, 40, 19, 41, 8, 37, 38, 48, 24, 13, 1, 49, 32, 45, 18, 3, 17, 21, 42, 9, 10, 43, 33, 51, 11, 52, 14, 5, 31, 25, 39, 35, 34, 44, 46, 16, 29, 50, 20, 23, 30, 2, 7, 4, 6, 15, 22]

Individual 65:
  Route length: 15066
  Contribution to Diversity: 0.0010815591968533766
  Route: [1, 21, 50, 29, 45, 46, 16, 48, 11, 47, 13, 14, 52, 26, 27, 25, 12, 28, 4, 6, 15, 17, 3, 8, 41, 19, 38, 37, 30, 2, 7, 42, 49, 31, 51, 33, 43, 10, 9, 44, 34, 20, 24, 5, 39, 36, 35, 40, 23, 18, 32, 22]

Individual 66:
  Route length: 14632
  Contribution to Diversity: 0.0013113374095334862
  Route: [1, 32, 45, 19, 41, 8, 9, 10, 43, 33, 51, 11, 52, 23, 30, 2, 12, 28, 27, 26, 47, 39, 36, 35, 50, 29, 16, 46, 44, 34, 20, 14, 13, 40, 37, 3, 17, 21, 18, 49, 38, 48, 24, 5, 15, 31, 42, 7, 25, 4, 6, 22]

Individual 67:
  Route length: 14891
  Contribution to Diversity: 7.737439363708631e-05
  Route: [33, 43, 12, 25, 27, 28, 10, 9, 8, 39, 16, 46, 26, 13, 14, 52, 11, 51, 35, 34, 23, 30, 2, 7, 42, 21, 41, 36, 6, 4, 47, 44, 20, 50, 31, 18, 3, 48, 24, 5, 15, 1, 49, 32, 45, 19, 17, 38, 37, 40, 29, 22]

Individual 68:
  Route length: 14995
  Contribution to Diversity: 0.0010082012224001957
  Route: [1, 44, 46, 16, 29, 50, 20, 48, 38, 37, 40, 14, 26, 27, 28, 12, 25, 3, 51, 11, 52, 47, 13, 39, 43, 33, 7, 42, 21, 17, 2, 30, 34, 49, 32, 45, 31, 18, 4, 6, 15, 5, 24, 23, 35, 36, 10, 9, 8, 41, 19, 22]

Individual 69:
  Route length: 14802
  Contribution to Diversity: 0.0008511143263261189
  Route: [7, 2, 45, 1, 30, 16, 46, 44, 34, 35, 31, 18, 3, 24, 14, 13, 47, 26, 27, 11, 52, 5, 15, 6, 4, 37, 32, 29, 50, 20, 23, 42, 21, 17, 28, 51, 33, 12, 48, 38, 40, 49, 41, 19, 8, 9, 10, 43, 25, 39, 36, 22]

Individual 70:
  Route length: 15010
  Contribution to Diversity: 0
  Route: [44, 46, 16, 50, 7, 30, 2, 40, 39, 41, 19, 45, 36, 35, 34, 1, 49, 15, 5, 24, 48, 38, 37, 14, 52, 11, 51, 33, 43, 10, 9, 18, 3, 17, 21, 42, 29, 20, 23, 4, 6, 28, 12, 25, 8, 32, 13, 47, 26, 27, 31, 22]

Individual 71:
  Route length: 15016
  Contribution to Diversity: 6.6789198518435455e-06
  Route: [28, 10, 9, 8, 41, 21, 42, 7, 2, 30, 23, 34, 35, 51, 11, 52, 14, 13, 25, 12, 43, 33, 27, 26, 46, 16, 39, 36, 32, 49, 1, 15, 5, 24, 48, 3, 18, 31, 50, 20, 44, 47, 4, 6, 45, 19, 17, 38, 37, 40, 29, 22]

Individual 72:
  Route length: 15053
  Contribution to Diversity: 0.0004674301059095498
  Route: [35, 36, 18, 9, 45, 50, 39, 28, 27, 26, 24, 5, 15, 38, 40, 23, 2, 30, 7, 42, 3, 44, 34, 1, 49, 32, 46, 16, 29, 31, 10, 43, 33, 51, 11, 52, 14, 13, 47, 20, 12, 25, 4, 6, 48, 21, 17, 8, 41, 19, 37, 22]

Individual 73:
  Route length: 14971
  Contribution to Diversity: 0
  Route: [1, 49, 25, 33, 29, 47, 13, 4, 32, 45, 19, 41, 8, 6, 15, 5, 50, 20, 23, 30, 2, 36, 35, 34, 7, 42, 21, 17, 3, 18, 31, 24, 48, 38, 37, 40, 39, 44, 46, 16, 43, 10, 9, 14, 52, 11, 26, 27, 28, 12, 51, 22]

Individual 74:
  Route length: 14908
  Contribution to Diversity: 2.0840082513906566e-05
  Route: [1, 43, 33, 12, 28, 27, 26, 13, 47, 14, 30, 16, 46, 44, 34, 35, 17, 18, 31, 25, 6, 23, 38, 48, 49, 32, 45, 19, 21, 41, 8, 9, 10, 24, 5, 15, 51, 11, 52, 36, 39, 40, 37, 20, 50, 29, 2, 7, 42, 3, 4, 22]

Individual 75:
  Route length: 13531
  Contribution to Diversity: 0.0014257920451310468
  Route: [1, 45, 10, 9, 8, 41, 19, 18, 31, 44, 38, 46, 20, 23, 30, 2, 32, 48, 24, 5, 47, 26, 50, 29, 16, 37, 40, 39, 36, 35, 15, 13, 14, 52, 11, 51, 33, 43, 7, 42, 21, 17, 3, 6, 4, 25, 12, 28, 27, 49, 34, 22]

Individual 76:
  Route length: 14612
  Contribution to Diversity: 0.0008257323708980024
  Route: [1, 36, 30, 23, 28, 27, 25, 32, 49, 31, 10, 43, 33, 45, 9, 8, 41, 19, 18, 21, 2, 7, 42, 3, 17, 35, 34, 29, 50, 15, 6, 4, 51, 11, 26, 14, 13, 47, 52, 12, 20, 5, 39, 40, 37, 16, 46, 44, 24, 48, 38, 22]

Individual 77:
  Route length: 14710
  Contribution to Diversity: 0
  Route: [1, 49, 32, 45, 5, 24, 48, 34, 4, 25, 12, 28, 27, 43, 10, 9, 15, 6, 8, 7, 2, 42, 21, 26, 47, 13, 14, 52, 11, 41, 44, 39, 36, 35, 40, 37, 38, 29, 16, 46, 50, 20, 30, 23, 19, 51, 33, 17, 3, 18, 31, 22]

Individual 78:
  Route length: 14856
  Contribution to Diversity: 0
  Route: [2, 7, 6, 36, 35, 39, 4, 25, 12, 28, 40, 37, 38, 29, 16, 52, 11, 51, 33, 5, 15, 42, 30, 23, 20, 50, 48, 24, 43, 10, 9, 8, 41, 19, 3, 18, 44, 14, 13, 47, 26, 27, 34, 46, 31, 45, 32, 49, 1, 21, 17, 22]

Individual 79:
  Route length: 14223
  Contribution to Diversity: 0
  Route: [1, 9, 49, 8, 3, 18, 34, 25, 12, 28, 27, 26, 47, 13, 14, 24, 48, 38, 37, 40, 39, 23, 30, 2, 7, 42, 21, 17, 41, 19, 6, 15, 5, 52, 11, 51, 33, 43, 31, 36, 35, 10, 32, 44, 4, 45, 46, 16, 29, 50, 20, 22]

Individual 80:
  Route length: 15065
  Contribution to Diversity: 0
  Route: [42, 15, 5, 33, 51, 11, 52, 16, 29, 50, 48, 24, 43, 10, 9, 8, 41, 19, 3, 18, 44, 14, 13, 47, 26, 27, 34, 46, 31, 17, 21, 2, 7, 6, 36, 35, 39, 4, 25, 12, 28, 40, 49, 1, 30, 23, 20, 38, 37, 32, 45, 22]

Individual 81:
  Route length: 14226
  Contribution to Diversity: 0.00012562779738534147
  Route: [37, 48, 24, 47, 26, 27, 40, 50, 20, 23, 30, 2, 7, 42, 21, 46, 28, 12, 9, 18, 33, 51, 11, 52, 14, 13, 5, 25, 6, 4, 15, 17, 3, 41, 19, 45, 32, 49, 1, 38, 44, 34, 39, 16, 29, 35, 36, 43, 10, 8, 31, 22]

Individual 82:
  Route length: 14148
  Contribution to Diversity: 0.001951397798872101
  Route: [1, 49, 26, 47, 13, 52, 14, 11, 51, 33, 43, 10, 9, 8, 27, 28, 42, 7, 2, 32, 30, 23, 20, 44, 46, 48, 24, 5, 15, 6, 36, 39, 3, 17, 21, 41, 38, 34, 50, 29, 16, 45, 19, 12, 25, 4, 35, 37, 40, 18, 31, 22]

Individual 83:
  Route length: 14531
  Contribution to Diversity: 0
  Route: [33, 43, 12, 25, 27, 28, 10, 9, 8, 41, 21, 42, 7, 2, 30, 23, 34, 35, 51, 11, 52, 14, 13, 26, 46, 16, 39, 36, 6, 4, 47, 44, 20, 50, 37, 38, 17, 19, 45, 32, 49, 1, 15, 5, 24, 48, 3, 18, 31, 40, 29, 22]

Individual 84:
  Route length: 14878
  Contribution to Diversity: 0.0009888200772385503
  Route: [3, 17, 21, 15, 5, 46, 16, 29, 6, 38, 32, 19, 45, 48, 24, 36, 35, 34, 11, 51, 33, 43, 10, 9, 8, 30, 23, 20, 44, 40, 37, 26, 47, 13, 14, 52, 50, 4, 39, 25, 12, 27, 28, 42, 7, 2, 41, 49, 1, 18, 31, 22]

Individual 85:
  Route length: 14983
  Contribution to Diversity: 0
  Route: [1, 49, 25, 12, 28, 27, 26, 11, 52, 14, 9, 10, 43, 16, 46, 44, 39, 40, 37, 38, 48, 24, 31, 18, 3, 17, 21, 42, 7, 34, 35, 36, 2, 30, 50, 20, 23, 5, 15, 6, 8, 41, 19, 45, 32, 4, 13, 47, 29, 33, 51, 22]

Individual 86:
  Route length: 14793
  Contribution to Diversity: 0.0004421319302077009
  Route: [1, 17, 3, 42, 7, 2, 29, 50, 20, 37, 40, 45, 19, 21, 41, 5, 15, 12, 28, 11, 52, 36, 39, 32, 49, 48, 24, 25, 31, 18, 38, 23, 8, 9, 10, 43, 33, 51, 27, 26, 47, 13, 14, 30, 16, 46, 44, 34, 35, 6, 4, 22]

Individual 87:
  Route length: 15011
  Contribution to Diversity: 0.0004394365836990488
  Route: [32, 6, 15, 5, 24, 48, 38, 37, 9, 10, 43, 36, 39, 17, 4, 25, 12, 28, 31, 20, 50, 29, 3, 23, 30, 18, 40, 8, 34, 44, 49, 35, 19, 45, 21, 42, 7, 2, 16, 46, 1, 41, 33, 51, 11, 52, 14, 13, 47, 26, 27, 22]

Individual 88:
  Route length: 14998
  Contribution to Diversity: 0.00036051454059382593
  Route: [35, 36, 18, 9, 45, 19, 41, 8, 17, 21, 48, 6, 4, 25, 12, 20, 47, 13, 14, 52, 11, 51, 33, 43, 10, 31, 29, 30, 7, 42, 3, 44, 34, 1, 49, 32, 46, 16, 2, 23, 40, 38, 15, 5, 24, 26, 27, 28, 39, 50, 37, 22]

Individual 89:
  Route length: 14641
  Contribution to Diversity: 2.3311601241360336e-05
  Route: [1, 17, 3, 42, 7, 2, 29, 50, 20, 37, 40, 45, 19, 21, 41, 5, 15, 12, 52, 11, 28, 36, 39, 32, 49, 48, 24, 35, 34, 44, 46, 16, 30, 14, 13, 47, 26, 27, 51, 33, 43, 10, 9, 8, 23, 38, 18, 31, 25, 6, 4, 22]

Individual 90:
  Route length: 14781
  Contribution to Diversity: 0.000810676856571213
  Route: [1, 49, 32, 45, 43, 48, 37, 38, 28, 12, 25, 4, 6, 36, 35, 29, 16, 19, 41, 8, 34, 44, 46, 21, 42, 7, 2, 30, 23, 39, 3, 24, 47, 26, 27, 40, 5, 15, 17, 9, 18, 10, 33, 51, 11, 52, 14, 13, 50, 20, 31, 22]

Individual 91:
  Route length: 15063
  Contribution to Diversity: 0.0006519831985221103
  Route: [1, 24, 5, 12, 25, 4, 6, 15, 27, 26, 10, 16, 46, 44, 34, 35, 40, 39, 36, 49, 48, 38, 37, 32, 41, 8, 9, 47, 13, 14, 52, 11, 51, 45, 19, 33, 43, 29, 50, 20, 23, 28, 30, 3, 17, 21, 42, 7, 2, 18, 31, 22]

Individual 92:
  Route length: 14450
  Contribution to Diversity: 0.0001846788762724927
  Route: [1, 49, 32, 37, 40, 39, 25, 36, 35, 48, 24, 5, 15, 6, 23, 30, 4, 20, 50, 29, 44, 46, 41, 8, 9, 10, 43, 33, 51, 28, 12, 2, 7, 42, 21, 17, 19, 45, 38, 34, 16, 3, 14, 52, 11, 27, 26, 47, 13, 18, 31, 22]

Individual 93:
  Route length: 14983
  Contribution to Diversity: 0.0005642547651953933
  Route: [30, 2, 7, 42, 21, 49, 1, 38, 44, 34, 39, 36, 35, 29, 16, 43, 10, 25, 5, 13, 14, 52, 11, 51, 33, 18, 9, 12, 28, 46, 32, 45, 19, 41, 8, 6, 4, 15, 23, 20, 50, 40, 27, 26, 47, 24, 48, 37, 17, 3, 31, 22]

Individual 94:
  Route length: 14615
  Contribution to Diversity: 0
  Route: [1, 49, 25, 12, 28, 27, 26, 11, 52, 14, 13, 4, 32, 45, 19, 41, 8, 6, 15, 5, 23, 20, 50, 30, 2, 36, 35, 34, 7, 42, 21, 17, 3, 18, 31, 24, 48, 38, 37, 40, 39, 44, 46, 16, 43, 10, 9, 47, 29, 33, 51, 22]

Individual 95:
  Route length: 14621
  Contribution to Diversity: 0.00041138444052091216
  Route: [1, 49, 32, 45, 19, 41, 8, 3, 5, 15, 46, 33, 6, 14, 26, 27, 12, 28, 25, 36, 39, 18, 9, 10, 43, 16, 29, 35, 4, 13, 51, 11, 52, 47, 24, 48, 38, 37, 40, 50, 30, 23, 20, 2, 7, 42, 21, 17, 44, 34, 31, 22]

Individual 96:
  Route length: 14803
  Contribution to Diversity: 0
  Route: [42, 15, 5, 33, 51, 11, 52, 16, 29, 38, 37, 40, 28, 12, 25, 4, 39, 35, 36, 6, 7, 2, 30, 23, 20, 50, 48, 24, 34, 27, 26, 47, 13, 14, 44, 18, 3, 19, 41, 8, 9, 10, 43, 46, 31, 17, 21, 1, 49, 32, 45, 22]

Individual 97:
  Route length: 15006
  Contribution to Diversity: 0.0014834381941266628
  Route: [1, 49, 32, 45, 33, 10, 28, 12, 23, 25, 4, 6, 20, 50, 29, 16, 46, 34, 44, 35, 36, 18, 3, 17, 7, 2, 51, 11, 52, 14, 13, 47, 26, 27, 43, 19, 41, 8, 9, 30, 48, 24, 5, 15, 38, 42, 21, 37, 40, 39, 31, 22]

Individual 98:
  Route length: 14610
  Contribution to Diversity: 0
  Route: [1, 49, 32, 45, 9, 10, 43, 27, 26, 47, 13, 14, 52, 11, 41, 44, 39, 36, 35, 23, 30, 20, 50, 46, 16, 29, 42, 2, 7, 8, 6, 15, 5, 24, 48, 34, 4, 25, 12, 28, 21, 38, 37, 40, 19, 51, 33, 17, 3, 18, 31, 22]

Individual 99:
  Route length: 14740
  Contribution to Diversity: 0.002033021465556395
  Route: [36, 39, 34, 44, 2, 7, 42, 12, 28, 27, 26, 5, 15, 33, 6, 4, 25, 21, 17, 3, 8, 45, 19, 41, 51, 46, 30, 23, 20, 50, 40, 37, 38, 48, 24, 47, 13, 14, 52, 11, 32, 49, 1, 35, 29, 16, 43, 10, 9, 18, 31, 22]

Individual 100:
  Route length: 14711
  Contribution to Diversity: 0
  Route: [1, 40, 37, 38, 48, 24, 5, 34, 44, 7, 42, 21, 17, 3, 18, 29, 2, 47, 26, 25, 12, 28, 27, 31, 15, 45, 32, 46, 13, 14, 52, 11, 51, 33, 43, 10, 9, 8, 41, 19, 35, 36, 39, 49, 16, 30, 6, 50, 20, 23, 4, 22]

Individual 101:
  Route length: 14940
  Contribution to Diversity: 0.001347828313180699
  Route: [14, 52, 21, 40, 37, 48, 12, 29, 15, 6, 4, 25, 16, 46, 44, 34, 10, 9, 8, 41, 19, 45, 32, 49, 1, 7, 42, 2, 30, 23, 20, 50, 5, 24, 38, 35, 13, 47, 26, 27, 28, 43, 33, 51, 11, 36, 39, 17, 3, 18, 31, 22]

Individual 102:
  Route length: 15027
  Contribution to Diversity: 0
  Route: [42, 43, 24, 48, 50, 20, 23, 30, 2, 7, 6, 36, 35, 39, 4, 25, 12, 28, 40, 37, 38, 29, 16, 52, 11, 51, 33, 5, 15, 10, 9, 8, 41, 19, 3, 18, 44, 14, 13, 47, 26, 27, 34, 46, 31, 17, 21, 1, 49, 32, 45, 22]

Individual 103:
  Route length: 15062
  Contribution to Diversity: 0.0008369455371477486
  Route: [1, 43, 33, 12, 28, 27, 26, 13, 47, 14, 30, 16, 46, 44, 34, 35, 17, 18, 31, 25, 6, 23, 38, 48, 49, 52, 11, 51, 15, 5, 24, 10, 9, 8, 41, 21, 19, 45, 32, 36, 39, 40, 37, 20, 50, 29, 2, 7, 42, 3, 4, 22]

Individual 104:
  Route length: 15070
  Contribution to Diversity: 0
  Route: [48, 49, 1, 36, 39, 40, 52, 11, 51, 28, 12, 25, 13, 2, 30, 23, 20, 50, 29, 16, 46, 44, 3, 17, 21, 42, 7, 14, 37, 38, 4, 6, 27, 26, 47, 33, 43, 10, 9, 8, 41, 19, 45, 32, 24, 5, 15, 35, 34, 18, 31, 22]

Individual 105:
  Route length: 14726
  Contribution to Diversity: 0.0009360837386038767
  Route: [1, 49, 32, 45, 43, 48, 37, 38, 28, 12, 25, 4, 6, 36, 35, 29, 16, 19, 41, 8, 34, 44, 46, 21, 42, 7, 2, 30, 23, 20, 17, 9, 10, 18, 33, 51, 11, 52, 14, 13, 50, 15, 5, 40, 27, 26, 47, 24, 3, 39, 31, 22]

Individual 106:
  Route length: 14913
  Contribution to Diversity: 0
  Route: [44, 46, 16, 50, 7, 30, 2, 29, 42, 21, 17, 3, 18, 9, 10, 43, 33, 51, 11, 52, 14, 37, 38, 48, 24, 5, 15, 49, 1, 34, 35, 36, 45, 19, 41, 39, 40, 20, 23, 4, 6, 28, 12, 25, 8, 32, 13, 47, 26, 27, 31, 22]

Individual 107:
  Route length: 14693
  Contribution to Diversity: 0.00026187150221801403
  Route: [1, 49, 32, 45, 19, 21, 42, 7, 2, 30, 23, 20, 36, 38, 37, 40, 9, 12, 43, 33, 51, 11, 47, 13, 14, 52, 26, 35, 41, 27, 28, 34, 24, 5, 15, 10, 8, 39, 48, 44, 46, 16, 29, 6, 25, 4, 50, 17, 3, 18, 31, 22]

Individual 108:
  Route length: 14954
  Contribution to Diversity: 0
  Route: [2, 7, 6, 36, 35, 39, 4, 25, 12, 28, 40, 37, 38, 29, 16, 52, 11, 51, 33, 5, 15, 42, 30, 23, 20, 50, 48, 24, 43, 10, 9, 8, 41, 19, 3, 18, 44, 14, 13, 47, 26, 27, 34, 46, 31, 45, 32, 1, 49, 21, 17, 22]

Individual 109:
  Route length: 14626
  Contribution to Diversity: 0.0013121108436227047
  Route: [37, 48, 24, 47, 26, 27, 40, 50, 20, 32, 45, 19, 41, 3, 17, 15, 4, 6, 25, 5, 13, 14, 52, 11, 51, 33, 18, 9, 12, 28, 46, 21, 42, 7, 2, 30, 23, 49, 1, 38, 44, 34, 39, 16, 29, 35, 36, 43, 10, 8, 31, 22]

Individual 110:
  Route length: 14631
  Contribution to Diversity: 0.0009438198966433831
  Route: [3, 17, 35, 34, 44, 46, 16, 37, 4, 51, 11, 26, 14, 13, 47, 52, 27, 28, 23, 30, 36, 1, 42, 7, 2, 21, 18, 9, 8, 41, 19, 45, 33, 43, 10, 31, 29, 50, 15, 6, 40, 39, 5, 20, 12, 25, 32, 49, 24, 48, 38, 22]

Individual 111:
  Route length: 15068
  Contribution to Diversity: 0
  Route: [48, 1, 49, 36, 39, 40, 52, 11, 51, 28, 12, 25, 13, 2, 30, 23, 20, 50, 29, 16, 46, 44, 3, 17, 21, 42, 7, 14, 37, 38, 4, 6, 27, 26, 47, 33, 43, 10, 9, 8, 41, 19, 45, 32, 24, 5, 15, 35, 34, 18, 31, 22]

Individual 112:
  Route length: 14780
  Contribution to Diversity: 0
  Route: [33, 43, 12, 25, 13, 26, 27, 28, 10, 9, 8, 41, 21, 42, 7, 2, 30, 23, 34, 35, 51, 11, 52, 14, 46, 16, 39, 36, 1, 49, 32, 15, 5, 24, 48, 3, 18, 31, 50, 20, 44, 47, 4, 6, 45, 19, 17, 38, 37, 40, 29, 22]

Individual 113:
  Route length: 15028
  Contribution to Diversity: 0.0013878520601338096
  Route: [11, 52, 14, 13, 47, 26, 39, 46, 16, 37, 40, 44, 34, 35, 1, 5, 15, 6, 4, 25, 12, 20, 36, 51, 28, 27, 50, 29, 31, 10, 43, 33, 23, 30, 2, 7, 42, 3, 17, 21, 8, 9, 18, 41, 19, 45, 48, 38, 24, 49, 32, 22]

Individual 114:
  Route length: 14837
  Contribution to Diversity: 0.0001134253349928116
  Route: [1, 9, 49, 8, 3, 18, 34, 25, 12, 28, 51, 11, 52, 5, 15, 6, 19, 41, 17, 21, 42, 7, 2, 30, 23, 39, 40, 37, 38, 48, 24, 14, 13, 47, 26, 27, 33, 43, 31, 36, 35, 10, 32, 44, 4, 45, 46, 16, 29, 50, 20, 22]

Individual 115:
  Route length: 14220
  Contribution to Diversity: 0.00015710908324972905
  Route: [1, 39, 48, 35, 44, 46, 20, 50, 29, 36, 12, 25, 27, 11, 52, 14, 3, 41, 8, 9, 10, 43, 33, 51, 28, 49, 32, 45, 19, 17, 21, 42, 7, 2, 23, 30, 4, 16, 34, 38, 37, 40, 24, 5, 15, 6, 26, 47, 13, 18, 31, 22]

Individual 116:
  Route length: 14950
  Contribution to Diversity: 0.0007742794493719174
  Route: [1, 49, 32, 18, 9, 10, 35, 29, 16, 43, 6, 31, 45, 34, 39, 36, 25, 12, 5, 15, 14, 52, 11, 51, 44, 19, 41, 8, 3, 17, 21, 42, 7, 2, 20, 23, 30, 50, 40, 4, 13, 28, 27, 26, 47, 24, 48, 38, 37, 46, 33, 22]

Individual 117:
  Route length: 14901
  Contribution to Diversity: 0.0005388916842239411
  Route: [1, 17, 3, 42, 7, 2, 29, 50, 20, 37, 40, 45, 19, 21, 41, 5, 15, 12, 52, 11, 47, 13, 14, 30, 16, 46, 44, 34, 35, 24, 48, 49, 32, 39, 36, 28, 26, 27, 51, 33, 43, 10, 9, 8, 23, 38, 18, 31, 25, 6, 4, 22]

Individual 118:
  Route length: 14815
  Contribution to Diversity: 0.001456981115286915
  Route: [1, 39, 48, 35, 44, 46, 20, 50, 24, 5, 15, 6, 25, 12, 36, 29, 40, 37, 38, 34, 16, 4, 30, 23, 2, 7, 42, 21, 17, 19, 45, 32, 33, 51, 28, 49, 43, 10, 9, 8, 41, 3, 14, 52, 11, 27, 26, 47, 13, 18, 31, 22]

Individual 119:
  Route length: 14715
  Contribution to Diversity: 0.0012775855646900425
  Route: [19, 38, 37, 42, 7, 2, 30, 21, 34, 44, 15, 5, 24, 20, 29, 50, 45, 3, 17, 39, 36, 35, 40, 23, 18, 25, 27, 26, 52, 14, 13, 47, 11, 51, 33, 1, 32, 49, 6, 4, 28, 12, 41, 8, 9, 10, 43, 46, 16, 48, 31, 22]

Individual 120:
  Route length: 14264
  Contribution to Diversity: 0
  Route: [1, 9, 49, 8, 3, 18, 34, 25, 12, 28, 27, 26, 47, 13, 14, 24, 4, 44, 32, 10, 35, 36, 31, 43, 33, 51, 11, 52, 5, 15, 6, 19, 41, 17, 21, 42, 7, 2, 30, 23, 39, 40, 37, 38, 48, 45, 46, 16, 29, 50, 20, 22]

Individual 121:
  Route length: 14848
  Contribution to Diversity: 0.0008651340954273223
  Route: [1, 3, 17, 39, 36, 35, 40, 23, 18, 25, 27, 26, 52, 14, 13, 47, 11, 51, 33, 45, 12, 28, 4, 6, 49, 32, 19, 38, 37, 42, 7, 2, 30, 21, 34, 44, 15, 5, 24, 20, 29, 50, 41, 8, 9, 10, 43, 46, 16, 31, 48, 22]

Individual 122:
  Route length: 14918
  Contribution to Diversity: 0.0008980245188654479
  Route: [1, 49, 32, 30, 23, 45, 2, 7, 14, 13, 5, 15, 46, 44, 34, 39, 36, 35, 40, 24, 37, 38, 48, 47, 28, 27, 26, 12, 33, 43, 52, 51, 11, 10, 9, 8, 41, 19, 20, 50, 29, 16, 6, 4, 25, 42, 21, 17, 3, 18, 31, 22]

Individual 123:
  Route length: 13829
  Contribution to Diversity: 0.00018984249139641918
  Route: [1, 45, 32, 35, 36, 39, 50, 20, 7, 2, 29, 9, 10, 43, 33, 51, 11, 52, 14, 13, 47, 26, 24, 48, 38, 40, 49, 19, 31, 18, 3, 44, 34, 37, 4, 6, 15, 5, 27, 28, 17, 21, 42, 23, 30, 16, 46, 12, 25, 8, 41, 22]

Individual 124:
  Route length: 14940
  Contribution to Diversity: 0
  Route: [2, 7, 45, 31, 46, 34, 27, 26, 47, 13, 14, 44, 18, 3, 19, 41, 8, 9, 10, 43, 24, 48, 50, 20, 23, 30, 42, 15, 5, 33, 51, 11, 52, 16, 29, 38, 37, 40, 28, 12, 25, 4, 39, 35, 36, 6, 32, 1, 49, 21, 17, 22]

Individual 125:
  Route length: 14817
  Contribution to Diversity: 0.002567932560000763
  Route: [1, 6, 40, 37, 38, 20, 23, 30, 2, 10, 9, 43, 33, 8, 41, 19, 45, 32, 26, 47, 13, 14, 52, 11, 51, 4, 29, 16, 46, 36, 35, 34, 44, 39, 15, 5, 24, 48, 12, 17, 21, 42, 7, 49, 27, 28, 50, 25, 3, 18, 31, 22]

Individual 126:
  Route length: 14950
  Contribution to Diversity: 6.224272496080374e-05
  Route: [33, 43, 12, 25, 13, 26, 27, 28, 10, 9, 8, 41, 21, 42, 7, 2, 30, 23, 34, 35, 51, 11, 52, 14, 46, 16, 39, 36, 1, 49, 32, 15, 5, 24, 44, 20, 50, 31, 18, 3, 48, 47, 4, 6, 45, 19, 17, 38, 37, 40, 29, 22]

Individual 127:
  Route length: 14717
  Contribution to Diversity: 0.0004733560776575274
  Route: [34, 25, 12, 28, 8, 15, 1, 49, 32, 13, 47, 26, 27, 9, 10, 43, 33, 51, 11, 52, 14, 39, 40, 31, 20, 29, 42, 21, 17, 3, 18, 30, 2, 7, 50, 16, 46, 44, 35, 36, 45, 19, 41, 6, 4, 5, 24, 48, 38, 37, 23, 22]

Individual 128:
  Route length: 15009
  Contribution to Diversity: 0.0006716482843653893
  Route: [35, 36, 18, 9, 45, 19, 41, 8, 17, 21, 48, 6, 4, 25, 12, 20, 47, 13, 14, 52, 11, 51, 33, 43, 10, 31, 29, 30, 7, 42, 3, 44, 34, 49, 1, 32, 46, 16, 2, 23, 40, 38, 15, 5, 24, 26, 27, 28, 39, 50, 37, 22]

Individual 129:
  Route length: 14161
  Contribution to Diversity: 0
  Route: [1, 40, 37, 38, 48, 24, 5, 34, 44, 7, 42, 21, 17, 3, 18, 2, 29, 47, 26, 25, 12, 28, 27, 31, 15, 45, 32, 46, 13, 14, 52, 11, 51, 33, 43, 10, 9, 8, 41, 19, 35, 36, 39, 49, 16, 30, 6, 50, 20, 23, 4, 22]

Individual 130:
  Route length: 14953
  Contribution to Diversity: 0.0006709923409555785
  Route: [31, 18, 38, 23, 8, 9, 10, 43, 33, 51, 27, 26, 47, 13, 14, 30, 16, 46, 44, 34, 35, 24, 48, 49, 32, 39, 36, 17, 3, 42, 7, 2, 29, 50, 20, 37, 40, 45, 19, 21, 52, 11, 28, 12, 15, 5, 41, 1, 25, 6, 4, 22]

Individual 131:
  Route length: 15037
  Contribution to Diversity: 0.0011755413040974716
  Route: [1, 39, 48, 35, 44, 46, 20, 50, 24, 5, 10, 43, 33, 51, 28, 49, 32, 45, 19, 17, 21, 42, 7, 2, 23, 30, 4, 16, 34, 38, 37, 40, 29, 36, 12, 25, 6, 15, 9, 8, 41, 3, 14, 52, 11, 27, 26, 47, 13, 18, 31, 22]

Individual 132:
  Route length: 14831
  Contribution to Diversity: 0.0007333450610529368
  Route: [35, 36, 18, 3, 42, 7, 30, 29, 31, 10, 43, 33, 51, 11, 52, 14, 13, 47, 20, 12, 25, 4, 6, 48, 21, 17, 8, 41, 19, 45, 9, 44, 34, 49, 1, 32, 46, 16, 2, 23, 40, 38, 15, 5, 24, 26, 27, 28, 39, 50, 37, 22]

Individual 133:
  Route length: 14853
  Contribution to Diversity: 0
  Route: [1, 49, 32, 45, 5, 24, 48, 34, 4, 25, 12, 28, 27, 43, 10, 9, 15, 6, 8, 7, 2, 42, 21, 26, 47, 13, 14, 52, 11, 41, 44, 39, 36, 35, 40, 37, 38, 29, 16, 46, 50, 23, 30, 20, 19, 51, 33, 17, 3, 18, 31, 22]

Individual 134:
  Route length: 14596
  Contribution to Diversity: 0
  Route: [38, 48, 24, 5, 36, 14, 13, 47, 27, 26, 32, 49, 1, 37, 40, 28, 12, 25, 4, 6, 2, 19, 10, 9, 8, 41, 43, 15, 45, 39, 52, 11, 51, 33, 20, 35, 34, 44, 46, 16, 29, 50, 23, 30, 7, 42, 21, 17, 3, 18, 31, 22]

Individual 135:
  Route length: 14581
  Contribution to Diversity: 0.00020576320064691345
  Route: [38, 48, 24, 5, 36, 14, 13, 47, 27, 26, 4, 25, 12, 28, 40, 37, 1, 49, 32, 6, 2, 19, 10, 9, 8, 41, 43, 15, 45, 39, 52, 11, 51, 33, 20, 35, 34, 44, 46, 16, 29, 50, 23, 30, 7, 42, 21, 17, 3, 18, 31, 22]

Individual 136:
  Route length: 14558
  Contribution to Diversity: 0
  Route: [42, 15, 5, 33, 51, 11, 52, 16, 29, 38, 37, 40, 28, 12, 25, 4, 39, 35, 36, 6, 19, 41, 8, 9, 10, 43, 24, 48, 50, 20, 23, 30, 2, 7, 3, 18, 44, 14, 13, 47, 26, 27, 34, 46, 31, 17, 21, 1, 49, 32, 45, 22]

Individual 137:
  Route length: 14742
  Contribution to Diversity: 0
  Route: [1, 49, 32, 45, 9, 10, 43, 27, 26, 47, 13, 14, 52, 11, 41, 44, 39, 36, 35, 23, 30, 20, 50, 46, 16, 29, 42, 2, 7, 8, 6, 40, 37, 38, 21, 28, 12, 25, 4, 34, 48, 24, 5, 15, 19, 51, 33, 17, 3, 18, 31, 22]

Individual 138:
  Route length: 14857
  Contribution to Diversity: 0
  Route: [1, 3, 51, 33, 6, 15, 5, 4, 42, 21, 40, 24, 48, 38, 46, 16, 29, 50, 44, 34, 35, 36, 28, 27, 26, 47, 13, 14, 52, 11, 17, 39, 12, 25, 32, 18, 23, 30, 2, 7, 43, 10, 9, 8, 41, 19, 45, 37, 49, 20, 31, 22]

Individual 139:
  Route length: 14619
  Contribution to Diversity: 0.00035881814627369835
  Route: [35, 36, 43, 10, 9, 20, 31, 28, 48, 24, 5, 15, 6, 32, 49, 19, 45, 39, 17, 4, 25, 12, 38, 37, 50, 29, 30, 23, 18, 3, 1, 34, 44, 46, 16, 2, 7, 42, 21, 40, 8, 41, 33, 51, 11, 52, 14, 13, 47, 26, 27, 22]

Individual 140:
  Route length: 14954
  Contribution to Diversity: 0.0006890193234188047
  Route: [1, 49, 32, 45, 19, 41, 8, 3, 50, 40, 37, 38, 48, 24, 47, 52, 11, 51, 13, 4, 35, 29, 16, 43, 10, 9, 18, 39, 36, 25, 28, 12, 27, 26, 14, 6, 33, 46, 15, 5, 30, 23, 20, 2, 7, 42, 21, 17, 44, 34, 31, 22]

Individual 141:
  Route length: 14471
  Contribution to Diversity: 0.00011428732584217727
  Route: [1, 40, 37, 38, 48, 24, 5, 34, 44, 7, 42, 21, 17, 3, 18, 29, 2, 47, 26, 25, 12, 28, 27, 31, 15, 45, 32, 19, 41, 8, 9, 10, 43, 33, 51, 11, 52, 14, 13, 46, 35, 36, 39, 49, 16, 30, 6, 50, 20, 23, 4, 22]

Individual 142:
  Route length: 14615
  Contribution to Diversity: 0.0014928146352906069
  Route: [1, 45, 32, 35, 36, 39, 25, 12, 46, 16, 30, 23, 42, 21, 17, 28, 6, 15, 5, 27, 4, 37, 34, 44, 3, 18, 31, 19, 49, 40, 38, 48, 24, 26, 47, 13, 14, 52, 11, 51, 33, 43, 10, 9, 29, 2, 7, 20, 50, 8, 41, 22]

Individual 143:
  Route length: 14091
  Contribution to Diversity: 0
  Route: [1, 49, 32, 45, 19, 21, 42, 7, 2, 30, 23, 20, 36, 38, 37, 40, 9, 8, 10, 15, 5, 24, 34, 28, 27, 41, 35, 26, 52, 14, 13, 47, 11, 51, 33, 43, 12, 39, 48, 44, 46, 16, 29, 6, 25, 4, 50, 17, 3, 18, 31, 22]

Individual 144:
  Route length: 14953
  Contribution to Diversity: 0.001991136174418706
  Route: [4, 25, 42, 39, 36, 35, 34, 12, 28, 27, 26, 40, 8, 9, 10, 32, 49, 1, 6, 15, 5, 24, 11, 52, 51, 48, 38, 37, 41, 19, 45, 43, 33, 14, 13, 47, 7, 2, 30, 23, 20, 50, 29, 16, 46, 44, 21, 18, 3, 17, 31, 22]

Individual 145:
  Route length: 14949
  Contribution to Diversity: 0
  Route: [33, 43, 12, 25, 13, 26, 27, 28, 10, 9, 8, 41, 21, 42, 7, 2, 29, 40, 37, 38, 17, 19, 45, 6, 4, 47, 44, 20, 50, 31, 18, 3, 48, 24, 5, 15, 32, 49, 1, 36, 39, 16, 46, 14, 52, 11, 51, 35, 34, 23, 30, 22]

Individual 146:
  Route length: 15029
  Contribution to Diversity: 0.0005461442067336009
  Route: [38, 48, 24, 5, 36, 14, 13, 47, 27, 26, 4, 25, 12, 28, 40, 37, 1, 49, 32, 6, 2, 19, 10, 15, 43, 41, 8, 9, 45, 39, 52, 11, 51, 33, 20, 35, 34, 44, 46, 16, 29, 50, 23, 30, 7, 42, 21, 17, 3, 18, 31, 22]

Individual 147:
  Route length: 14995
  Contribution to Diversity: 0
  Route: [2, 7, 6, 36, 35, 18, 3, 19, 41, 8, 9, 10, 43, 24, 48, 50, 20, 23, 30, 42, 15, 5, 33, 51, 11, 52, 16, 29, 38, 37, 40, 28, 12, 25, 4, 39, 44, 14, 13, 47, 26, 27, 34, 46, 31, 45, 32, 1, 49, 21, 17, 22]

Individual 148:
  Route length: 14985
  Contribution to Diversity: 0
  Route: [2, 7, 6, 36, 35, 39, 4, 44, 18, 3, 19, 41, 8, 9, 10, 43, 24, 48, 50, 20, 23, 30, 42, 15, 5, 33, 51, 11, 52, 16, 29, 38, 37, 40, 28, 12, 25, 14, 13, 47, 26, 27, 34, 46, 31, 45, 32, 1, 49, 21, 17, 22]

Individual 149:
  Route length: 15056
  Contribution to Diversity: 0
  Route: [38, 48, 24, 5, 9, 8, 41, 19, 45, 39, 52, 11, 51, 33, 20, 44, 46, 15, 43, 10, 2, 30, 23, 50, 29, 16, 31, 18, 3, 17, 21, 42, 7, 6, 26, 27, 28, 12, 25, 4, 32, 49, 1, 37, 40, 47, 13, 14, 36, 35, 34, 22]

Total Entropy H: 5.651798579411025
