Individual 0:
  Route length: 9284
  Contribution to Diversity: 0.0015259900891155809
  Route: [1, 49, 35, 36, 39, 40, 37, 38, 48, 24, 5, 15, 6, 4, 25, 12, 28, 27, 26, 47, 13, 14, 52, 11, 51, 33, 43, 10, 9, 8, 41, 19, 45, 32, 21, 17, 16, 46, 44, 34, 31, 18, 3, 29, 42, 7, 2, 30, 23, 20, 50, 22]

Individual 1:
  Route length: 9064
  Contribution to Diversity: 0.00019457659545008
  Route: [39, 36, 35, 34, 44, 46, 16, 29, 19, 45, 32, 49, 1, 23, 30, 2, 7, 42, 21, 17, 3, 18, 31, 41, 8, 9, 10, 43, 33, 51, 11, 52, 14, 13, 47, 26, 27, 28, 12, 25, 4, 6, 15, 5, 24, 48, 38, 37, 40, 20, 50, 22]

Individual 2:
  Route length: 9426
  Contribution to Diversity: 0.0005171170568791794
  Route: [1, 49, 32, 45, 19, 41, 8, 9, 10, 15, 6, 4, 25, 12, 28, 27, 26, 47, 13, 14, 52, 11, 51, 33, 43, 29, 16, 46, 44, 34, 35, 36, 39, 40, 37, 38, 48, 24, 20, 50, 5, 31, 18, 3, 17, 21, 42, 7, 2, 30, 23, 22]

Individual 3:
  Route length: 9154
  Contribution to Diversity: 0.00206427912212348
  Route: [4, 25, 15, 5, 24, 48, 10, 9, 8, 41, 19, 45, 32, 49, 1, 39, 40, 38, 37, 43, 33, 12, 28, 27, 26, 47, 13, 14, 52, 11, 51, 6, 36, 35, 34, 44, 46, 16, 29, 50, 20, 23, 30, 2, 7, 42, 21, 17, 3, 18, 31, 22]

Individual 4:
  Route length: 9301
  Contribution to Diversity: 0.001102970346125609
  Route: [4, 6, 15, 5, 24, 48, 38, 37, 40, 39, 36, 1, 43, 33, 51, 11, 52, 14, 13, 47, 26, 27, 28, 12, 25, 10, 9, 8, 41, 19, 45, 32, 49, 21, 42, 7, 2, 30, 23, 20, 50, 29, 16, 46, 44, 34, 35, 17, 3, 18, 31, 22]

Individual 5:
  Route length: 9163
  Contribution to Diversity: 0.00044222547066752327
  Route: [1, 49, 32, 45, 19, 41, 8, 9, 10, 43, 33, 51, 11, 52, 14, 13, 47, 26, 27, 28, 12, 25, 4, 46, 16, 29, 35, 36, 39, 40, 37, 38, 48, 24, 5, 15, 6, 21, 17, 3, 18, 31, 34, 44, 42, 7, 2, 30, 23, 20, 50, 22]

Individual 6:
  Route length: 9350
  Contribution to Diversity: 0.0009603902758001936
  Route: [1, 49, 32, 45, 19, 41, 8, 9, 10, 43, 33, 51, 11, 52, 14, 13, 47, 26, 27, 28, 12, 30, 23, 16, 29, 50, 20, 18, 3, 17, 2, 7, 42, 21, 25, 4, 6, 15, 5, 24, 48, 38, 37, 40, 39, 36, 35, 34, 44, 46, 31, 22]

Individual 7:
  Route length: 9074
  Contribution to Diversity: 0.0010960540495927873
  Route: [1, 49, 32, 45, 19, 41, 8, 9, 10, 43, 33, 51, 11, 52, 14, 13, 47, 26, 27, 28, 12, 25, 4, 6, 15, 37, 38, 48, 24, 5, 20, 23, 30, 2, 7, 42, 21, 40, 50, 29, 16, 46, 44, 34, 35, 36, 39, 31, 18, 3, 17, 22]

Individual 8:
  Route length: 8976
  Contribution to Diversity: 0.0003484612148652033
  Route: [1, 49, 32, 45, 19, 41, 38, 48, 24, 5, 15, 6, 4, 25, 12, 28, 27, 26, 47, 13, 14, 52, 11, 51, 33, 43, 10, 9, 8, 16, 46, 44, 34, 35, 36, 39, 40, 37, 29, 50, 20, 23, 42, 7, 2, 30, 21, 17, 3, 18, 31, 22]

Individual 9:
  Route length: 9283
  Contribution to Diversity: 0.0006477292149087432
  Route: [1, 49, 32, 45, 19, 4, 25, 12, 28, 27, 26, 47, 13, 14, 52, 11, 51, 33, 43, 10, 9, 8, 44, 34, 35, 36, 39, 6, 15, 5, 24, 48, 38, 37, 40, 41, 3, 17, 21, 42, 7, 2, 30, 23, 20, 50, 29, 16, 46, 18, 31, 22]

Individual 10:
  Route length: 8905
  Contribution to Diversity: 0.00017134109663352604
  Route: [1, 49, 32, 45, 19, 41, 8, 9, 10, 43, 33, 51, 11, 52, 14, 13, 27, 26, 47, 25, 12, 28, 4, 6, 15, 50, 29, 16, 46, 44, 34, 35, 36, 39, 40, 37, 38, 48, 24, 5, 20, 23, 30, 2, 7, 42, 21, 17, 3, 18, 31, 22]

Individual 11:
  Route length: 9349
  Contribution to Diversity: 0.000160764448535744
  Route: [1, 49, 32, 45, 19, 41, 8, 9, 10, 43, 33, 51, 11, 52, 14, 13, 47, 26, 27, 28, 12, 4, 25, 44, 37, 38, 48, 24, 5, 15, 6, 39, 36, 35, 34, 50, 20, 23, 30, 2, 7, 42, 40, 29, 16, 46, 21, 17, 3, 18, 31, 22]

Individual 12:
  Route length: 9245
  Contribution to Diversity: 0.0018497916773485557
  Route: [39, 36, 35, 34, 44, 46, 43, 33, 51, 11, 52, 14, 13, 47, 26, 27, 28, 12, 25, 4, 6, 15, 5, 24, 48, 38, 37, 10, 9, 8, 41, 19, 45, 32, 49, 1, 30, 23, 20, 40, 16, 29, 50, 21, 42, 7, 2, 17, 3, 18, 31, 22]

Individual 13:
  Route length: 9401
  Contribution to Diversity: 0
  Route: [1, 49, 32, 45, 19, 41, 9, 8, 43, 10, 11, 51, 33, 52, 14, 13, 47, 26, 27, 28, 12, 25, 4, 6, 15, 5, 24, 48, 38, 37, 40, 39, 36, 35, 34, 44, 46, 16, 29, 50, 20, 23, 30, 2, 7, 42, 21, 17, 3, 18, 31, 22]

Individual 14:
  Route length: 9297
  Contribution to Diversity: 0
  Route: [1, 49, 32, 45, 8, 41, 19, 23, 20, 50, 29, 35, 36, 39, 40, 37, 16, 34, 44, 46, 48, 38, 24, 5, 15, 6, 4, 25, 12, 28, 27, 26, 47, 13, 14, 52, 11, 51, 33, 43, 10, 9, 30, 2, 7, 42, 21, 17, 3, 18, 31, 22]

Individual 15:
  Route length: 9341
  Contribution to Diversity: 0
  Route: [1, 49, 32, 45, 19, 9, 8, 41, 25, 4, 6, 15, 5, 24, 48, 38, 37, 40, 39, 36, 10, 43, 33, 12, 28, 27, 26, 47, 13, 14, 52, 11, 51, 35, 34, 44, 46, 16, 29, 50, 20, 23, 30, 2, 7, 42, 21, 17, 3, 18, 31, 22]

Individual 16:
  Route length: 9194
  Contribution to Diversity: 3.0174213740963296e-05
  Route: [1, 49, 32, 45, 19, 41, 8, 9, 10, 43, 33, 51, 11, 52, 14, 13, 47, 29, 16, 46, 44, 34, 35, 36, 39, 40, 37, 38, 48, 24, 5, 6, 15, 31, 18, 3, 17, 21, 42, 7, 2, 30, 50, 20, 23, 26, 27, 28, 12, 25, 4, 22]

Individual 17:
  Route length: 9054
  Contribution to Diversity: 0
  Route: [1, 49, 38, 37, 36, 39, 40, 35, 9, 8, 41, 19, 45, 32, 48, 24, 5, 15, 6, 4, 25, 12, 28, 27, 26, 47, 13, 14, 52, 11, 51, 33, 43, 10, 34, 44, 46, 16, 29, 50, 20, 23, 30, 2, 7, 42, 21, 17, 3, 18, 31, 22]

Individual 18:
  Route length: 9000
  Contribution to Diversity: 0.00047109380154441993
  Route: [1, 49, 32, 45, 19, 41, 8, 9, 10, 43, 33, 12, 28, 27, 26, 47, 13, 14, 52, 11, 51, 6, 4, 25, 15, 5, 24, 48, 38, 37, 40, 39, 36, 35, 34, 44, 46, 16, 29, 17, 2, 7, 42, 21, 31, 50, 20, 23, 30, 18, 3, 22]

Individual 19:
  Route length: 9124
  Contribution to Diversity: 0.0008734381010908621
  Route: [1, 49, 6, 4, 25, 12, 28, 27, 26, 47, 13, 14, 52, 11, 51, 33, 43, 10, 9, 8, 41, 19, 45, 24, 48, 38, 37, 40, 16, 46, 44, 34, 5, 15, 39, 36, 35, 32, 42, 7, 2, 30, 23, 20, 50, 29, 21, 17, 3, 18, 31, 22]

Individual 20:
  Route length: 8734
  Contribution to Diversity: 0
  Route: [1, 49, 32, 46, 44, 34, 35, 36, 39, 40, 37, 38, 25, 4, 6, 15, 5, 24, 48, 43, 33, 51, 11, 52, 14, 13, 47, 26, 27, 28, 12, 10, 9, 8, 41, 19, 45, 3, 17, 21, 42, 7, 2, 30, 23, 20, 50, 29, 16, 18, 31, 22]

Individual 21:
  Route length: 9102
  Contribution to Diversity: 0.0021453053388897914
  Route: [45, 32, 49, 18, 1, 31, 19, 41, 8, 9, 10, 43, 33, 51, 11, 52, 14, 13, 47, 26, 27, 28, 48, 24, 5, 15, 6, 4, 25, 12, 40, 37, 38, 39, 36, 35, 34, 44, 46, 16, 29, 50, 20, 23, 30, 7, 2, 42, 21, 17, 3, 22]

Individual 22:
  Route length: 9014
  Contribution to Diversity: 0
  Route: [1, 49, 32, 41, 8, 45, 9, 10, 43, 33, 51, 11, 52, 14, 13, 47, 26, 27, 28, 12, 25, 4, 6, 15, 5, 24, 38, 48, 46, 44, 34, 35, 36, 39, 40, 37, 16, 29, 50, 20, 23, 19, 30, 2, 7, 42, 21, 17, 3, 18, 31, 22]

Individual 23:
  Route length: 9126
  Contribution to Diversity: 0.0003605685255427815
  Route: [1, 49, 32, 45, 19, 41, 8, 9, 10, 43, 33, 51, 11, 52, 14, 13, 47, 26, 27, 12, 28, 29, 50, 20, 48, 46, 44, 34, 35, 36, 39, 40, 37, 16, 38, 24, 5, 15, 6, 4, 25, 23, 30, 2, 7, 42, 21, 17, 3, 18, 31, 22]

Individual 24:
  Route length: 8828
  Contribution to Diversity: 0
  Route: [1, 49, 32, 45, 19, 41, 8, 9, 10, 43, 33, 51, 11, 52, 14, 13, 47, 26, 27, 28, 12, 25, 4, 6, 34, 44, 37, 38, 48, 24, 5, 15, 35, 36, 39, 40, 42, 7, 2, 30, 23, 20, 50, 29, 16, 46, 21, 17, 3, 18, 31, 22]

Individual 25:
  Route length: 9318
  Contribution to Diversity: 0.001467494196455199
  Route: [1, 49, 4, 25, 3, 17, 21, 42, 7, 2, 30, 23, 20, 50, 29, 16, 46, 44, 34, 35, 36, 39, 40, 37, 45, 32, 19, 41, 8, 9, 10, 43, 33, 51, 11, 52, 14, 13, 47, 26, 27, 28, 12, 15, 6, 38, 48, 24, 5, 18, 31, 22]

Individual 26:
  Route length: 9205
  Contribution to Diversity: 0.002828619445086389
  Route: [1, 49, 32, 45, 19, 41, 8, 9, 10, 43, 33, 51, 11, 52, 14, 28, 27, 26, 47, 13, 4, 39, 48, 38, 37, 24, 5, 15, 6, 12, 25, 44, 34, 35, 36, 40, 46, 16, 29, 50, 20, 23, 30, 2, 7, 42, 21, 17, 3, 18, 31, 22]

Individual 27:
  Route length: 8933
  Contribution to Diversity: 0.0015399935212414562
  Route: [10, 9, 8, 41, 19, 31, 1, 18, 49, 32, 45, 37, 38, 48, 24, 5, 15, 6, 4, 25, 12, 28, 27, 26, 47, 13, 14, 52, 11, 51, 33, 43, 40, 39, 36, 35, 34, 44, 46, 16, 29, 50, 20, 23, 30, 7, 2, 42, 21, 17, 3, 22]

Individual 28:
  Route length: 9261
  Contribution to Diversity: 6.917200846778826e-05
  Route: [45, 32, 49, 1, 18, 3, 17, 21, 42, 2, 7, 30, 23, 20, 50, 29, 16, 46, 44, 34, 6, 15, 5, 24, 48, 38, 37, 40, 39, 36, 35, 10, 43, 33, 51, 11, 52, 14, 13, 47, 26, 27, 28, 12, 25, 4, 9, 8, 41, 19, 31, 22]

Individual 29:
  Route length: 9108
  Contribution to Diversity: 0.00016464986939901394
  Route: [1, 49, 32, 45, 19, 41, 8, 9, 10, 43, 33, 12, 28, 27, 26, 47, 13, 14, 52, 11, 51, 6, 4, 25, 15, 5, 24, 48, 38, 37, 40, 39, 44, 34, 35, 36, 3, 18, 31, 50, 20, 23, 30, 2, 7, 42, 21, 17, 29, 16, 46, 22]

Individual 30:
  Route length: 9314
  Contribution to Diversity: 0.0023667035536547587
  Route: [1, 49, 32, 45, 25, 12, 28, 27, 26, 47, 13, 14, 52, 11, 51, 33, 43, 10, 9, 8, 41, 19, 36, 39, 40, 37, 38, 48, 24, 5, 15, 6, 4, 35, 44, 34, 23, 20, 30, 46, 16, 29, 50, 7, 2, 42, 21, 17, 3, 18, 31, 22]

Individual 31:
  Route length: 9277
  Contribution to Diversity: 0.0007492206190393702
  Route: [1, 49, 32, 45, 19, 41, 8, 9, 10, 43, 33, 24, 5, 15, 6, 4, 25, 12, 28, 27, 26, 47, 13, 14, 52, 11, 51, 36, 35, 39, 48, 46, 44, 34, 29, 50, 38, 37, 40, 16, 20, 23, 30, 2, 7, 42, 21, 17, 3, 18, 31, 22]

Individual 32:
  Route length: 8384
  Contribution to Diversity: 0
  Route: [1, 49, 32, 45, 19, 41, 8, 9, 10, 43, 33, 15, 6, 4, 25, 12, 28, 27, 26, 47, 13, 14, 52, 11, 51, 40, 37, 39, 5, 24, 48, 38, 35, 36, 34, 44, 46, 16, 29, 50, 20, 23, 30, 2, 7, 42, 21, 17, 3, 18, 31, 22]

Individual 33:
  Route length: 9255
  Contribution to Diversity: 0.0013613846791171724
  Route: [45, 32, 49, 18, 1, 31, 19, 41, 8, 37, 38, 48, 24, 5, 15, 6, 4, 25, 12, 28, 27, 26, 47, 13, 14, 52, 11, 51, 33, 43, 10, 9, 36, 39, 40, 35, 34, 44, 46, 16, 29, 50, 20, 23, 30, 7, 2, 42, 21, 17, 3, 22]

Individual 34:
  Route length: 9394
  Contribution to Diversity: 0.0008643686659270955
  Route: [1, 49, 32, 45, 19, 41, 8, 9, 10, 43, 52, 11, 51, 33, 13, 14, 47, 26, 27, 28, 12, 25, 4, 6, 15, 5, 24, 48, 38, 37, 39, 40, 31, 18, 3, 17, 21, 42, 7, 2, 30, 23, 20, 50, 29, 16, 46, 44, 34, 35, 36, 22]

Individual 35:
  Route length: 9251
  Contribution to Diversity: 0
  Route: [1, 49, 32, 45, 19, 41, 8, 9, 10, 43, 5, 24, 33, 15, 6, 4, 25, 12, 28, 27, 26, 47, 13, 14, 52, 11, 51, 36, 35, 34, 44, 46, 48, 39, 40, 37, 38, 50, 29, 16, 20, 23, 30, 2, 7, 42, 21, 17, 3, 18, 31, 22]

Individual 36:
  Route length: 9148
  Contribution to Diversity: 0
  Route: [1, 45, 32, 49, 18, 3, 17, 21, 42, 7, 2, 30, 23, 20, 50, 29, 16, 46, 44, 34, 35, 36, 39, 40, 4, 6, 15, 5, 24, 48, 38, 37, 8, 9, 10, 43, 33, 51, 11, 52, 14, 13, 47, 26, 27, 28, 12, 25, 41, 19, 31, 22]

Individual 37:
  Route length: 9371
  Contribution to Diversity: 0
  Route: [1, 49, 32, 45, 19, 41, 8, 9, 5, 15, 6, 4, 25, 12, 28, 27, 26, 47, 13, 14, 52, 11, 51, 33, 43, 10, 38, 48, 16, 46, 44, 34, 35, 36, 39, 40, 37, 24, 18, 3, 17, 21, 42, 7, 2, 30, 23, 20, 50, 29, 31, 22]

Individual 38:
  Route length: 8705
  Contribution to Diversity: 0
  Route: [1, 49, 33, 43, 10, 9, 8, 41, 19, 45, 32, 39, 5, 24, 48, 38, 37, 40, 51, 11, 52, 14, 13, 47, 26, 27, 28, 12, 25, 4, 6, 15, 36, 35, 34, 44, 46, 16, 29, 50, 20, 23, 30, 2, 7, 42, 21, 17, 3, 18, 31, 22]

Individual 39:
  Route length: 9188
  Contribution to Diversity: 0.0005896675776622118
  Route: [1, 49, 44, 46, 32, 31, 18, 16, 29, 50, 20, 23, 30, 2, 7, 42, 21, 17, 3, 45, 19, 41, 8, 9, 10, 43, 33, 51, 11, 52, 14, 13, 12, 28, 27, 26, 47, 35, 36, 39, 40, 37, 38, 48, 24, 5, 15, 6, 4, 25, 34, 22]

Individual 40:
  Route length: 9098
  Contribution to Diversity: 0.001492554476413055
  Route: [1, 49, 32, 45, 19, 41, 8, 9, 10, 33, 43, 4, 6, 51, 11, 52, 14, 13, 47, 26, 27, 28, 12, 25, 15, 5, 24, 48, 38, 37, 40, 39, 44, 34, 35, 36, 3, 18, 31, 50, 20, 23, 30, 2, 7, 42, 21, 17, 29, 16, 46, 22]

Individual 41:
  Route length: 9201
  Contribution to Diversity: 0.0005783338758948986
  Route: [1, 17, 21, 42, 7, 2, 30, 23, 20, 50, 29, 16, 18, 31, 32, 46, 44, 49, 24, 5, 15, 6, 4, 25, 12, 28, 27, 26, 47, 13, 14, 52, 11, 51, 33, 43, 10, 9, 8, 41, 19, 45, 3, 48, 38, 37, 40, 39, 36, 35, 34, 22]

Individual 42:
  Route length: 8935
  Contribution to Diversity: 5.6722724082192144e-05
  Route: [1, 49, 32, 8, 41, 19, 45, 17, 21, 42, 7, 2, 30, 50, 20, 23, 37, 40, 39, 36, 35, 34, 46, 44, 29, 16, 38, 48, 24, 5, 15, 6, 4, 25, 12, 28, 27, 26, 47, 13, 14, 52, 11, 51, 33, 43, 10, 9, 3, 18, 31, 22]

Individual 43:
  Route length: 9360
  Contribution to Diversity: 3.8065322977232086e-05
  Route: [1, 49, 32, 45, 37, 40, 39, 36, 10, 43, 33, 9, 8, 41, 19, 44, 34, 35, 51, 11, 52, 14, 13, 47, 26, 27, 28, 12, 25, 4, 6, 15, 5, 24, 48, 38, 46, 16, 29, 50, 20, 23, 30, 2, 7, 42, 21, 17, 3, 18, 31, 22]

Individual 44:
  Route length: 9414
  Contribution to Diversity: 0.0008398379376624021
  Route: [1, 49, 32, 46, 44, 34, 35, 36, 39, 40, 37, 38, 48, 45, 3, 17, 21, 42, 7, 2, 30, 19, 41, 8, 9, 10, 43, 33, 51, 11, 52, 14, 13, 47, 26, 27, 28, 12, 25, 4, 6, 15, 5, 24, 18, 16, 29, 50, 23, 20, 31, 22]

Individual 45:
  Route length: 9073
  Contribution to Diversity: 0
  Route: [1, 49, 32, 45, 3, 17, 21, 42, 7, 2, 30, 23, 20, 16, 29, 50, 38, 37, 40, 39, 48, 46, 44, 34, 35, 36, 51, 11, 52, 14, 13, 47, 26, 27, 28, 12, 25, 4, 6, 15, 5, 24, 33, 43, 10, 9, 8, 41, 19, 18, 31, 22]

Individual 46:
  Route length: 9095
  Contribution to Diversity: 0
  Route: [1, 49, 32, 29, 16, 46, 44, 34, 35, 36, 39, 40, 37, 12, 28, 27, 26, 47, 13, 14, 52, 11, 51, 33, 43, 10, 9, 8, 41, 19, 45, 17, 21, 42, 7, 2, 30, 50, 20, 23, 25, 4, 6, 15, 5, 24, 48, 38, 3, 18, 31, 22]

Individual 47:
  Route length: 8802
  Contribution to Diversity: 0
  Route: [1, 49, 19, 45, 32, 41, 8, 9, 10, 43, 33, 15, 6, 4, 25, 12, 28, 27, 26, 47, 13, 14, 52, 11, 51, 40, 37, 38, 48, 24, 5, 39, 36, 35, 34, 44, 46, 16, 29, 50, 20, 23, 30, 2, 7, 42, 21, 17, 3, 31, 18, 22]

Individual 48:
  Route length: 9332
  Contribution to Diversity: 0.0039030803464488173
  Route: [45, 32, 49, 18, 1, 31, 19, 41, 8, 37, 38, 48, 24, 5, 15, 6, 4, 25, 12, 28, 27, 26, 47, 13, 14, 52, 11, 51, 33, 43, 10, 9, 36, 39, 40, 34, 35, 46, 44, 16, 29, 50, 20, 23, 30, 7, 2, 42, 21, 17, 3, 22]

Individual 49:
  Route length: 9182
  Contribution to Diversity: 0.0006101759155452413
  Route: [1, 49, 32, 45, 19, 41, 8, 9, 10, 15, 33, 51, 11, 52, 14, 13, 47, 26, 27, 28, 12, 25, 4, 6, 5, 48, 24, 40, 37, 38, 39, 36, 35, 34, 44, 46, 16, 29, 43, 50, 20, 23, 30, 2, 7, 42, 21, 17, 3, 18, 31, 22]

Individual 50:
  Route length: 9019
  Contribution to Diversity: 0
  Route: [1, 49, 32, 45, 19, 41, 8, 9, 10, 43, 33, 51, 11, 52, 14, 13, 47, 38, 48, 24, 36, 35, 34, 44, 29, 16, 46, 26, 27, 28, 12, 25, 4, 6, 15, 5, 40, 39, 37, 23, 20, 50, 30, 2, 7, 42, 21, 17, 3, 18, 31, 22]

Individual 51:
  Route length: 9397
  Contribution to Diversity: 0.0010460604761428627
  Route: [1, 49, 6, 11, 52, 14, 13, 47, 26, 27, 28, 12, 25, 4, 39, 36, 35, 32, 40, 37, 38, 48, 24, 45, 19, 41, 8, 9, 10, 43, 33, 51, 15, 5, 34, 44, 46, 16, 29, 50, 20, 23, 30, 2, 7, 42, 21, 17, 3, 18, 31, 22]

Individual 52:
  Route length: 9240
  Contribution to Diversity: 0
  Route: [1, 49, 32, 43, 33, 51, 11, 52, 14, 13, 47, 26, 27, 28, 12, 25, 4, 6, 15, 5, 9, 8, 41, 19, 45, 36, 39, 40, 37, 24, 48, 38, 10, 35, 34, 44, 46, 16, 29, 50, 20, 23, 30, 2, 7, 42, 21, 17, 3, 18, 31, 22]

Individual 53:
  Route length: 9110
  Contribution to Diversity: 0.00025573118185917565
  Route: [1, 49, 32, 25, 12, 28, 27, 26, 47, 13, 14, 52, 11, 51, 33, 43, 10, 9, 8, 41, 19, 45, 36, 39, 40, 35, 34, 44, 46, 16, 29, 50, 20, 37, 38, 48, 24, 5, 15, 6, 4, 31, 18, 3, 17, 21, 42, 7, 2, 23, 30, 22]

Individual 54:
  Route length: 9227
  Contribution to Diversity: 0.0017731610050653046
  Route: [1, 49, 37, 40, 39, 15, 6, 4, 25, 12, 28, 27, 35, 36, 24, 5, 48, 26, 47, 13, 14, 52, 11, 51, 33, 43, 10, 9, 8, 41, 19, 45, 32, 38, 34, 44, 46, 16, 29, 50, 20, 23, 30, 2, 7, 42, 21, 17, 3, 18, 31, 22]

Individual 55:
  Route length: 9110
  Contribution to Diversity: 0.0014127351236608021
  Route: [1, 49, 32, 45, 19, 41, 8, 9, 33, 43, 10, 12, 28, 27, 26, 47, 13, 14, 52, 11, 51, 25, 4, 5, 15, 6, 24, 48, 38, 37, 40, 39, 23, 20, 50, 29, 16, 46, 44, 34, 35, 36, 30, 2, 7, 42, 21, 17, 3, 18, 31, 22]

Individual 56:
  Route length: 9009
  Contribution to Diversity: 0.0003474171199648879
  Route: [1, 49, 32, 45, 19, 41, 8, 9, 10, 43, 33, 51, 11, 52, 14, 13, 47, 38, 24, 48, 36, 35, 34, 44, 29, 16, 46, 26, 27, 28, 12, 25, 4, 6, 15, 5, 40, 39, 37, 23, 20, 50, 30, 2, 7, 42, 21, 17, 3, 18, 31, 22]

Individual 57:
  Route length: 8555
  Contribution to Diversity: 0
  Route: [1, 49, 32, 45, 19, 41, 8, 9, 10, 43, 33, 24, 5, 15, 6, 4, 25, 12, 28, 27, 26, 47, 13, 14, 52, 11, 51, 44, 46, 48, 38, 34, 35, 36, 39, 40, 37, 16, 29, 50, 20, 23, 30, 2, 7, 42, 21, 17, 3, 18, 31, 22]

Individual 58:
  Route length: 9365
  Contribution to Diversity: 0.0013734488325702898
  Route: [1, 49, 32, 45, 19, 41, 8, 9, 10, 43, 24, 48, 38, 37, 44, 34, 35, 36, 39, 40, 42, 7, 2, 30, 23, 20, 50, 29, 4, 25, 12, 28, 27, 26, 47, 13, 14, 52, 11, 51, 33, 6, 15, 5, 46, 16, 21, 17, 3, 18, 31, 22]

Individual 59:
  Route length: 9182
  Contribution to Diversity: 0
  Route: [1, 49, 32, 45, 19, 41, 33, 43, 10, 9, 8, 27, 26, 47, 13, 14, 52, 11, 51, 28, 12, 25, 4, 6, 15, 5, 24, 38, 48, 46, 44, 34, 35, 36, 39, 40, 37, 16, 29, 50, 20, 23, 30, 2, 7, 42, 21, 17, 3, 18, 31, 22]

Individual 60:
  Route length: 9102
  Contribution to Diversity: 0.00018211551781721624
  Route: [1, 49, 6, 4, 25, 12, 28, 27, 26, 47, 13, 14, 52, 11, 51, 33, 43, 10, 9, 8, 41, 19, 45, 24, 48, 38, 37, 40, 32, 35, 36, 39, 15, 5, 34, 44, 46, 3, 17, 21, 42, 7, 2, 30, 23, 20, 50, 29, 16, 18, 31, 22]

Individual 61:
  Route length: 9366
  Contribution to Diversity: 0.00021067413996700424
  Route: [1, 49, 32, 45, 19, 41, 8, 9, 10, 43, 33, 51, 11, 52, 14, 13, 47, 26, 27, 28, 12, 25, 4, 6, 15, 5, 24, 48, 38, 37, 35, 34, 44, 46, 16, 29, 50, 20, 42, 21, 17, 3, 18, 31, 36, 39, 40, 7, 2, 23, 30, 22]

Individual 62:
  Route length: 9023
  Contribution to Diversity: 0.0019408178340176718
  Route: [49, 1, 15, 6, 4, 25, 12, 28, 27, 26, 47, 13, 14, 52, 11, 51, 33, 43, 10, 41, 8, 9, 19, 45, 32, 5, 24, 38, 48, 29, 16, 46, 44, 34, 35, 36, 39, 40, 37, 50, 20, 23, 30, 2, 7, 42, 21, 17, 3, 18, 31, 22]

Individual 63:
  Route length: 9092
  Contribution to Diversity: 0
  Route: [1, 49, 32, 45, 8, 41, 19, 23, 20, 50, 29, 16, 37, 40, 24, 38, 48, 46, 44, 34, 35, 36, 39, 6, 15, 5, 4, 25, 12, 28, 27, 26, 47, 13, 14, 52, 11, 51, 33, 43, 10, 9, 30, 2, 7, 42, 21, 17, 3, 18, 31, 22]

Individual 64:
  Route length: 9080
  Contribution to Diversity: 0
  Route: [1, 49, 32, 45, 19, 41, 8, 9, 10, 15, 5, 24, 33, 43, 46, 44, 51, 11, 52, 14, 13, 47, 26, 27, 28, 12, 25, 4, 6, 48, 38, 34, 35, 36, 39, 40, 37, 16, 29, 50, 20, 23, 30, 2, 7, 42, 21, 17, 3, 18, 31, 22]

Individual 65:
  Route length: 8970
  Contribution to Diversity: 0
  Route: [1, 49, 32, 45, 8, 9, 10, 43, 33, 41, 19, 37, 40, 39, 36, 35, 34, 44, 46, 48, 38, 24, 5, 15, 6, 4, 25, 12, 28, 51, 11, 52, 14, 13, 47, 26, 27, 16, 29, 50, 20, 23, 30, 2, 7, 42, 21, 17, 3, 18, 31, 22]

Individual 66:
  Route length: 9355
  Contribution to Diversity: 0.0013257724156909845
  Route: [1, 49, 32, 45, 19, 41, 8, 9, 10, 43, 33, 38, 48, 24, 5, 15, 6, 4, 25, 12, 28, 27, 26, 47, 13, 14, 52, 11, 51, 36, 44, 34, 46, 16, 29, 50, 20, 37, 35, 39, 40, 30, 23, 2, 7, 42, 21, 17, 3, 18, 31, 22]

Individual 67:
  Route length: 9163
  Contribution to Diversity: 0.001820331628952232
  Route: [1, 49, 32, 45, 19, 41, 8, 9, 10, 43, 33, 25, 12, 28, 27, 26, 47, 13, 14, 52, 11, 51, 48, 24, 5, 15, 6, 4, 38, 37, 20, 50, 29, 16, 46, 34, 44, 36, 35, 39, 40, 30, 23, 2, 7, 42, 21, 17, 3, 18, 31, 22]

Individual 68:
  Route length: 8884
  Contribution to Diversity: 0.0010079708054657743
  Route: [1, 49, 6, 4, 25, 38, 48, 24, 45, 19, 41, 8, 9, 10, 43, 33, 51, 11, 52, 14, 13, 47, 26, 27, 28, 12, 36, 35, 32, 40, 37, 39, 15, 5, 34, 44, 46, 16, 29, 50, 20, 23, 30, 2, 7, 42, 21, 17, 3, 18, 31, 22]

Individual 69:
  Route length: 9114
  Contribution to Diversity: 0
  Route: [1, 49, 32, 45, 8, 41, 19, 23, 20, 50, 29, 16, 37, 40, 39, 36, 35, 34, 44, 46, 48, 38, 24, 5, 15, 6, 4, 25, 12, 28, 27, 26, 47, 13, 14, 52, 11, 51, 43, 33, 10, 9, 30, 2, 7, 42, 21, 17, 3, 18, 31, 22]

Individual 70:
  Route length: 9095
  Contribution to Diversity: 0.002284967985287878
  Route: [1, 49, 32, 45, 19, 41, 8, 9, 10, 43, 33, 51, 11, 52, 14, 13, 47, 26, 27, 28, 12, 25, 24, 5, 15, 46, 44, 34, 4, 6, 38, 37, 20, 50, 29, 16, 48, 35, 36, 39, 40, 30, 23, 2, 7, 42, 21, 17, 3, 18, 31, 22]

Individual 71:
  Route length: 9384
  Contribution to Diversity: 0
  Route: [1, 49, 32, 45, 19, 41, 10, 43, 33, 51, 11, 52, 14, 13, 47, 26, 27, 28, 12, 25, 4, 6, 15, 5, 24, 48, 38, 37, 44, 34, 35, 36, 39, 40, 42, 7, 2, 30, 23, 20, 50, 29, 16, 46, 21, 17, 8, 9, 3, 18, 31, 22]

Individual 72:
  Route length: 9047
  Contribution to Diversity: 0
  Route: [1, 49, 32, 45, 19, 41, 8, 9, 10, 43, 33, 51, 11, 52, 14, 13, 47, 38, 48, 24, 34, 35, 36, 39, 40, 5, 15, 6, 4, 25, 12, 28, 27, 26, 46, 16, 29, 44, 37, 23, 20, 50, 30, 2, 7, 42, 21, 17, 3, 18, 31, 22]

Individual 73:
  Route length: 9179
  Contribution to Diversity: 0.0014255292798148744
  Route: [1, 49, 19, 45, 32, 21, 42, 7, 2, 30, 23, 20, 50, 29, 16, 46, 44, 34, 35, 36, 39, 5, 24, 48, 38, 37, 40, 51, 11, 52, 14, 13, 47, 26, 27, 28, 12, 25, 4, 6, 15, 33, 43, 10, 9, 8, 41, 31, 3, 17, 18, 22]

Individual 74:
  Route length: 9416
  Contribution to Diversity: 0.00018541392799686918
  Route: [1, 49, 32, 45, 19, 5, 24, 33, 43, 10, 9, 8, 41, 44, 51, 11, 52, 14, 13, 47, 26, 27, 28, 12, 25, 4, 6, 15, 46, 48, 38, 34, 35, 36, 39, 40, 37, 16, 29, 50, 20, 23, 30, 2, 7, 42, 21, 17, 3, 18, 31, 22]

Individual 75:
  Route length: 8793
  Contribution to Diversity: 0.00031143967990932
  Route: [1, 49, 32, 45, 19, 41, 8, 9, 10, 43, 33, 51, 11, 52, 14, 13, 47, 26, 27, 12, 28, 20, 50, 29, 16, 37, 48, 46, 44, 34, 35, 36, 39, 40, 38, 24, 5, 15, 6, 4, 25, 23, 30, 2, 7, 42, 21, 17, 3, 18, 31, 22]

Individual 76:
  Route length: 9310
  Contribution to Diversity: 0.000297116111608986
  Route: [1, 49, 32, 45, 19, 41, 9, 8, 36, 39, 40, 35, 34, 44, 46, 16, 29, 50, 20, 37, 38, 48, 24, 5, 15, 6, 4, 25, 12, 28, 27, 26, 47, 13, 14, 52, 11, 51, 33, 43, 10, 31, 18, 3, 17, 21, 42, 7, 2, 23, 30, 22]

Individual 77:
  Route length: 9397
  Contribution to Diversity: 0.0013693273424815189
  Route: [1, 49, 38, 37, 36, 39, 40, 35, 9, 8, 41, 19, 4, 6, 15, 5, 24, 48, 32, 45, 10, 43, 33, 51, 11, 52, 14, 13, 47, 26, 27, 28, 12, 25, 34, 44, 46, 16, 29, 50, 20, 23, 30, 2, 7, 42, 21, 17, 3, 18, 31, 22]

Individual 78:
  Route length: 9372
  Contribution to Diversity: 0.0003520606387965586
  Route: [1, 49, 32, 45, 8, 9, 10, 15, 5, 24, 38, 48, 46, 44, 34, 35, 36, 39, 40, 37, 19, 41, 33, 43, 6, 4, 25, 12, 28, 51, 11, 52, 14, 13, 47, 26, 27, 16, 29, 50, 20, 23, 30, 2, 7, 42, 21, 17, 3, 18, 31, 22]

Individual 79:
  Route length: 9376
  Contribution to Diversity: 0.0010368917464083083
  Route: [1, 49, 32, 45, 19, 41, 8, 9, 10, 43, 33, 51, 11, 52, 14, 13, 47, 38, 48, 24, 36, 46, 16, 29, 44, 34, 35, 26, 27, 28, 12, 25, 4, 6, 15, 5, 40, 39, 37, 23, 20, 50, 30, 2, 7, 42, 21, 17, 3, 18, 31, 22]

Individual 80:
  Route length: 9425
  Contribution to Diversity: 0.0022182593477548807
  Route: [1, 49, 32, 6, 15, 25, 12, 28, 27, 26, 47, 13, 14, 52, 11, 51, 33, 43, 10, 9, 8, 41, 19, 45, 24, 48, 34, 35, 36, 39, 40, 37, 38, 4, 17, 21, 42, 7, 2, 30, 23, 20, 50, 29, 16, 46, 44, 5, 3, 18, 31, 22]

Individual 81:
  Route length: 8532
  Contribution to Diversity: 0
  Route: [18, 31, 32, 46, 44, 49, 1, 5, 15, 6, 4, 25, 12, 28, 27, 26, 47, 13, 14, 52, 11, 51, 33, 43, 10, 9, 8, 41, 19, 45, 3, 17, 21, 42, 7, 2, 30, 23, 20, 50, 29, 16, 24, 48, 38, 37, 40, 39, 36, 35, 34, 22]

Individual 82:
  Route length: 9148
  Contribution to Diversity: 0.0017180237801008857
  Route: [1, 37, 23, 20, 50, 30, 2, 7, 42, 21, 17, 45, 19, 41, 8, 32, 49, 39, 40, 36, 35, 34, 44, 46, 16, 29, 38, 48, 24, 5, 15, 6, 4, 25, 12, 28, 27, 26, 47, 13, 14, 52, 11, 51, 33, 43, 10, 9, 3, 18, 31, 22]

Individual 83:
  Route length: 9367
  Contribution to Diversity: 0.0024358654440765903
  Route: [1, 49, 32, 45, 25, 12, 28, 27, 26, 47, 13, 14, 52, 11, 51, 33, 43, 10, 9, 8, 41, 19, 36, 39, 40, 37, 38, 48, 24, 5, 15, 6, 4, 35, 44, 34, 23, 20, 29, 50, 31, 18, 3, 17, 21, 42, 7, 2, 30, 46, 16, 22]

Individual 84:
  Route length: 9103
  Contribution to Diversity: 0.0008439630734731196
  Route: [29, 16, 18, 31, 32, 46, 44, 49, 1, 21, 42, 7, 2, 30, 23, 20, 50, 17, 3, 45, 19, 41, 8, 9, 10, 43, 33, 51, 11, 52, 14, 13, 47, 26, 27, 28, 12, 25, 4, 6, 15, 5, 24, 48, 38, 37, 40, 39, 36, 35, 34, 22]

Individual 85:
  Route length: 8879
  Contribution to Diversity: 0
  Route: [1, 49, 44, 46, 32, 31, 18, 16, 29, 50, 20, 23, 30, 2, 7, 42, 21, 17, 3, 38, 48, 24, 5, 15, 6, 4, 25, 12, 28, 27, 26, 47, 13, 14, 52, 11, 51, 33, 43, 10, 9, 8, 41, 19, 45, 34, 35, 36, 39, 40, 37, 22]

Individual 86:
  Route length: 8654
  Contribution to Diversity: 0.0006502639238075147
  Route: [32, 49, 1, 39, 37, 40, 51, 11, 52, 14, 13, 47, 26, 27, 28, 12, 25, 4, 6, 15, 33, 43, 10, 9, 8, 41, 19, 45, 5, 24, 48, 38, 35, 36, 34, 44, 46, 16, 29, 50, 20, 23, 30, 2, 7, 42, 21, 17, 3, 18, 31, 22]

Individual 87:
  Route length: 9320
  Contribution to Diversity: 0.0009594026066039874
  Route: [1, 49, 32, 41, 8, 45, 9, 10, 43, 33, 51, 11, 52, 14, 13, 47, 26, 27, 28, 12, 25, 4, 6, 15, 5, 24, 38, 48, 46, 20, 50, 29, 16, 37, 40, 39, 36, 35, 34, 44, 23, 19, 30, 2, 7, 42, 21, 17, 3, 18, 31, 22]

Individual 88:
  Route length: 9404
  Contribution to Diversity: 0
  Route: [1, 49, 32, 41, 19, 45, 20, 50, 29, 16, 46, 21, 23, 30, 2, 7, 42, 40, 39, 36, 35, 34, 44, 37, 38, 48, 24, 5, 15, 6, 4, 25, 12, 28, 27, 26, 47, 13, 14, 52, 11, 51, 33, 43, 10, 9, 8, 17, 3, 18, 31, 22]

Individual 89:
  Route length: 9241
  Contribution to Diversity: 0.0019559775480635366
  Route: [1, 49, 32, 45, 19, 41, 8, 9, 10, 15, 33, 51, 11, 52, 14, 13, 47, 26, 27, 28, 12, 25, 4, 37, 40, 24, 48, 5, 6, 43, 29, 16, 46, 44, 34, 35, 36, 39, 38, 50, 20, 23, 30, 2, 7, 42, 21, 17, 3, 18, 31, 22]

Individual 90:
  Route length: 9306
  Contribution to Diversity: 0.0007594870913925078
  Route: [1, 32, 49, 24, 5, 15, 6, 4, 25, 23, 20, 50, 30, 2, 7, 42, 21, 17, 45, 19, 41, 8, 9, 10, 43, 33, 51, 11, 52, 14, 13, 47, 26, 27, 28, 12, 37, 40, 39, 36, 35, 34, 44, 46, 16, 29, 48, 38, 3, 18, 31, 22]

Individual 91:
  Route length: 9123
  Contribution to Diversity: 0.0003467254734026426
  Route: [1, 49, 44, 43, 10, 9, 8, 41, 19, 45, 3, 17, 21, 42, 7, 2, 30, 23, 20, 50, 29, 16, 18, 31, 32, 46, 28, 27, 26, 47, 13, 14, 52, 11, 51, 33, 12, 25, 4, 6, 15, 5, 24, 48, 38, 37, 40, 39, 36, 35, 34, 22]

Individual 92:
  Route length: 9289
  Contribution to Diversity: 0.0014766352914028502
  Route: [18, 31, 32, 46, 51, 11, 52, 14, 13, 47, 26, 27, 28, 12, 25, 4, 6, 15, 5, 1, 49, 44, 33, 43, 10, 9, 8, 41, 19, 45, 3, 17, 21, 42, 7, 2, 30, 23, 20, 50, 29, 16, 24, 48, 38, 37, 40, 39, 36, 35, 34, 22]

Individual 93:
  Route length: 8828
  Contribution to Diversity: 0
  Route: [1, 49, 32, 45, 19, 41, 8, 9, 10, 43, 33, 24, 5, 15, 6, 4, 25, 12, 28, 27, 26, 47, 13, 14, 52, 11, 51, 44, 46, 48, 38, 34, 35, 36, 39, 40, 37, 16, 29, 50, 20, 23, 30, 2, 7, 42, 18, 3, 17, 21, 31, 22]

Individual 94:
  Route length: 9176
  Contribution to Diversity: 0.001443397048891626
  Route: [45, 32, 49, 1, 18, 3, 17, 21, 42, 2, 7, 30, 23, 20, 50, 29, 16, 46, 44, 34, 6, 15, 43, 10, 35, 36, 39, 40, 37, 38, 48, 24, 5, 4, 25, 12, 28, 27, 26, 47, 13, 14, 52, 11, 51, 33, 9, 8, 41, 19, 31, 22]

Individual 95:
  Route length: 9037
  Contribution to Diversity: 0
  Route: [1, 49, 32, 41, 8, 45, 9, 10, 43, 33, 51, 11, 52, 14, 13, 47, 26, 27, 28, 12, 25, 4, 6, 15, 5, 24, 38, 48, 46, 44, 34, 35, 36, 39, 40, 37, 16, 29, 50, 20, 23, 19, 30, 7, 2, 42, 21, 17, 3, 18, 31, 22]

Individual 96:
  Route length: 9046
  Contribution to Diversity: 0
  Route: [1, 49, 44, 46, 32, 31, 18, 16, 4, 25, 12, 28, 27, 26, 47, 13, 14, 52, 11, 51, 33, 43, 10, 9, 8, 41, 19, 45, 3, 17, 21, 42, 7, 2, 30, 23, 20, 50, 29, 40, 37, 38, 48, 24, 5, 15, 6, 39, 36, 35, 34, 22]

Individual 97:
  Route length: 9370
  Contribution to Diversity: 0.0024382215318548006
  Route: [20, 50, 34, 35, 36, 39, 6, 15, 5, 24, 48, 38, 37, 44, 25, 4, 12, 28, 27, 26, 47, 13, 14, 52, 11, 51, 33, 43, 10, 9, 8, 41, 19, 45, 32, 49, 1, 46, 16, 29, 40, 42, 7, 2, 30, 23, 21, 17, 3, 18, 31, 22]

Individual 98:
  Route length: 9330
  Contribution to Diversity: 0.0030257190685754054
  Route: [32, 49, 1, 37, 38, 48, 24, 5, 15, 25, 4, 6, 51, 11, 52, 14, 13, 47, 26, 27, 28, 12, 33, 43, 10, 9, 8, 41, 19, 45, 40, 39, 36, 35, 34, 44, 46, 16, 29, 17, 2, 7, 42, 21, 31, 50, 20, 23, 30, 18, 3, 22]

Individual 99:
  Route length: 9358
  Contribution to Diversity: 0.0009250883238571816
  Route: [1, 49, 33, 41, 8, 9, 10, 43, 45, 19, 32, 39, 5, 24, 48, 38, 37, 40, 51, 11, 52, 14, 13, 47, 26, 27, 28, 12, 25, 4, 6, 15, 36, 35, 34, 44, 46, 16, 29, 50, 20, 23, 30, 2, 7, 42, 21, 17, 3, 18, 31, 22]

Total Entropy H: 4.604459379040311
