Individual 0:
  Route length: 13194
  Contribution to Diversity: 0.03086508825172274
  Route: [9, 10, 8, 41, 19, 45, 49, 40, 36, 39, 44, 48, 24, 37, 31, 18, 17, 3, 42, 23, 30, 2, 7, 21, 1, 50, 34, 16, 29, 20, 32, 35, 38, 46, 28, 27, 26, 47, 14, 13, 52, 25, 33, 11, 43, 6, 12, 51, 4, 15, 5, 22]

Individual 1:
  Route length: 13137
  Contribution to Diversity: 0.02243210488152414
  Route: [48, 24, 5, 40, 36, 38, 37, 34, 44, 6, 51, 25, 28, 11, 14, 13, 47, 26, 27, 12, 52, 4, 35, 39, 1, 16, 29, 50, 20, 2, 7, 42, 21, 30, 46, 43, 33, 10, 9, 8, 41, 19, 3, 18, 49, 32, 23, 17, 45, 15, 31, 22]

Individual 2:
  Route length: 13095
  Contribution to Diversity: 0.02607467112845363
  Route: [17, 42, 7, 2, 50, 44, 32, 1, 46, 34, 38, 40, 3, 45, 41, 19, 15, 48, 49, 29, 16, 35, 36, 8, 9, 10, 43, 33, 51, 11, 52, 14, 4, 27, 28, 26, 47, 13, 12, 24, 5, 6, 25, 37, 21, 30, 20, 23, 31, 18, 39, 22]

Individual 3:
  Route length: 13170
  Contribution to Diversity: 0.0212720026478479
  Route: [1, 50, 39, 5, 15, 48, 51, 12, 25, 40, 37, 46, 44, 6, 27, 28, 38, 32, 49, 3, 17, 23, 31, 18, 45, 7, 2, 21, 30, 42, 20, 35, 16, 29, 26, 47, 13, 14, 52, 11, 33, 43, 10, 9, 8, 41, 19, 34, 4, 24, 36, 22]

Individual 4:
  Route length: 13120
  Contribution to Diversity: 0.01630950177642365
  Route: [44, 35, 49, 39, 42, 7, 2, 30, 20, 50, 34, 17, 21, 40, 48, 15, 31, 18, 3, 23, 38, 36, 1, 32, 46, 5, 37, 43, 10, 9, 19, 41, 8, 45, 24, 6, 33, 25, 4, 51, 11, 52, 14, 12, 28, 27, 13, 47, 26, 29, 16, 22]

Individual 5:
  Route length: 13087
  Contribution to Diversity: 0.015185905637602914
  Route: [35, 12, 28, 26, 14, 13, 47, 27, 4, 25, 5, 39, 40, 37, 15, 6, 24, 48, 46, 33, 10, 9, 8, 41, 19, 1, 49, 32, 45, 52, 51, 11, 16, 29, 38, 43, 31, 23, 30, 2, 7, 42, 21, 17, 3, 18, 36, 34, 44, 50, 20, 22]

Individual 6:
  Route length: 13177
  Contribution to Diversity: 0.011305948304511482
  Route: [1, 36, 6, 48, 24, 44, 23, 30, 2, 7, 42, 21, 17, 50, 29, 16, 15, 37, 28, 12, 5, 27, 13, 47, 46, 25, 51, 11, 52, 14, 26, 33, 4, 43, 10, 9, 8, 41, 19, 32, 45, 49, 20, 35, 34, 3, 18, 38, 39, 40, 31, 22]

Individual 7:
  Route length: 13058
  Contribution to Diversity: 0.015639641544770377
  Route: [24, 39, 46, 34, 44, 35, 43, 10, 9, 17, 21, 42, 7, 2, 30, 29, 16, 5, 15, 36, 23, 41, 8, 19, 45, 32, 49, 4, 6, 38, 37, 18, 20, 50, 33, 48, 12, 28, 27, 26, 47, 13, 14, 52, 11, 51, 25, 1, 3, 40, 31, 22]

Individual 8:
  Route length: 13135
  Contribution to Diversity: 0.02205770984679223
  Route: [1, 18, 3, 23, 30, 42, 7, 2, 21, 17, 19, 8, 32, 31, 16, 29, 20, 50, 35, 40, 12, 14, 52, 27, 26, 47, 13, 25, 48, 34, 39, 6, 36, 37, 5, 4, 46, 44, 24, 38, 15, 33, 43, 10, 9, 41, 45, 11, 51, 28, 49, 22]

Individual 9:
  Route length: 13187
  Contribution to Diversity: 0.007679885874549264
  Route: [1, 44, 46, 51, 4, 25, 37, 5, 34, 35, 36, 31, 50, 29, 21, 20, 43, 40, 38, 15, 49, 45, 32, 16, 52, 14, 13, 47, 26, 27, 28, 12, 11, 39, 48, 6, 24, 33, 10, 9, 8, 41, 19, 23, 42, 7, 2, 30, 17, 3, 18, 22]

Individual 10:
  Route length: 13083
  Contribution to Diversity: 0.014921274533187479
  Route: [1, 21, 41, 8, 39, 34, 35, 36, 30, 38, 40, 44, 20, 50, 29, 49, 10, 9, 19, 5, 4, 43, 45, 23, 17, 3, 18, 37, 46, 6, 15, 33, 51, 11, 52, 14, 13, 47, 26, 27, 28, 12, 25, 48, 24, 32, 16, 2, 42, 7, 31, 22]

Individual 11:
  Route length: 12774
  Contribution to Diversity: 0.02356831342008725
  Route: [49, 18, 31, 21, 20, 1, 16, 50, 40, 24, 35, 36, 9, 10, 19, 45, 41, 8, 3, 17, 42, 7, 2, 29, 30, 23, 5, 27, 12, 28, 13, 14, 52, 11, 51, 43, 33, 4, 15, 6, 47, 26, 32, 39, 37, 38, 46, 44, 25, 48, 34, 22]

Individual 12:
  Route length: 13131
  Contribution to Diversity: 0.007983973709619008
  Route: [34, 1, 23, 30, 21, 32, 4, 5, 15, 49, 37, 48, 39, 24, 18, 6, 46, 40, 36, 45, 19, 41, 10, 9, 8, 3, 42, 7, 2, 17, 44, 16, 12, 11, 51, 33, 43, 38, 25, 28, 47, 52, 13, 14, 27, 26, 29, 50, 20, 31, 35, 22]

Individual 13:
  Route length: 13121
  Contribution to Diversity: 0.0064843056951842115
  Route: [24, 39, 48, 37, 49, 15, 5, 4, 32, 21, 30, 23, 1, 34, 8, 9, 10, 41, 19, 45, 36, 6, 46, 40, 43, 33, 51, 11, 12, 28, 47, 52, 13, 14, 27, 26, 29, 50, 18, 3, 42, 7, 2, 17, 16, 44, 25, 38, 20, 31, 35, 22]

Individual 14:
  Route length: 13047
  Contribution to Diversity: 0.028515937604140618
  Route: [20, 46, 24, 38, 34, 5, 15, 32, 3, 17, 37, 44, 47, 26, 27, 14, 13, 52, 11, 12, 28, 36, 21, 50, 42, 7, 2, 29, 16, 48, 4, 43, 33, 51, 25, 6, 40, 39, 23, 30, 31, 49, 41, 8, 10, 9, 19, 45, 35, 18, 1, 22]

Individual 15:
  Route length: 13176
  Contribution to Diversity: 0.016170235611450146
  Route: [18, 3, 37, 36, 45, 19, 41, 10, 9, 8, 38, 39, 24, 50, 23, 20, 5, 25, 4, 6, 48, 34, 35, 1, 44, 32, 15, 40, 47, 13, 14, 52, 27, 26, 46, 17, 21, 31, 16, 29, 28, 12, 11, 51, 33, 43, 49, 42, 7, 2, 30, 22]

Individual 16:
  Route length: 13113
  Contribution to Diversity: 0.0016199318320362366
  Route: [34, 37, 38, 12, 11, 51, 33, 43, 10, 24, 40, 15, 25, 4, 5, 32, 19, 41, 8, 45, 48, 36, 46, 44, 20, 23, 29, 50, 28, 52, 14, 13, 47, 26, 27, 6, 35, 49, 39, 16, 21, 42, 2, 7, 30, 1, 17, 3, 9, 18, 31, 22]

Individual 17:
  Route length: 13103
  Contribution to Diversity: 0.01636851852859511
  Route: [32, 23, 16, 25, 52, 11, 51, 14, 13, 47, 26, 27, 28, 12, 41, 19, 17, 3, 18, 20, 30, 31, 21, 2, 7, 42, 37, 38, 4, 15, 5, 34, 49, 35, 36, 40, 1, 43, 8, 9, 10, 33, 45, 39, 48, 24, 6, 44, 46, 29, 50, 22]

Individual 18:
  Route length: 13024
  Contribution to Diversity: 0.0021495352164127013
  Route: [46, 44, 20, 23, 29, 50, 28, 52, 14, 13, 47, 26, 27, 6, 35, 49, 39, 16, 21, 42, 2, 7, 30, 24, 40, 15, 25, 4, 5, 32, 19, 41, 8, 45, 10, 43, 33, 51, 11, 12, 38, 37, 34, 36, 48, 1, 17, 3, 9, 18, 31, 22]

Individual 19:
  Route length: 13136
  Contribution to Diversity: 0.02144280416915212
  Route: [45, 19, 41, 36, 39, 43, 33, 8, 10, 9, 30, 2, 7, 42, 21, 23, 16, 29, 20, 3, 17, 18, 25, 4, 6, 48, 50, 32, 40, 15, 1, 49, 24, 46, 38, 35, 5, 12, 11, 51, 28, 27, 26, 47, 13, 14, 52, 37, 34, 44, 31, 22]

Total Entropy H: 5.671055795477299
