Individual 0:
  Route length: 13137
  Contribution to Diversity: 0.012694988809384355
  Route: [48, 24, 5, 40, 36, 38, 37, 34, 44, 6, 51, 25, 28, 11, 14, 13, 47, 26, 27, 12, 52, 4, 35, 39, 1, 16, 29, 50, 20, 2, 7, 42, 21, 30, 46, 43, 33, 10, 9, 8, 41, 19, 3, 18, 49, 32, 23, 17, 45, 15, 31, 22]

Individual 1:
  Route length: 13170
  Contribution to Diversity: 0.014328481908841617
  Route: [1, 50, 39, 5, 15, 48, 51, 12, 25, 40, 37, 46, 44, 6, 27, 28, 38, 32, 49, 3, 17, 23, 31, 18, 45, 7, 2, 21, 30, 42, 20, 35, 16, 29, 26, 47, 13, 14, 52, 11, 33, 43, 10, 9, 8, 41, 19, 34, 4, 24, 36, 22]

Individual 2:
  Route length: 12977
  Contribution to Diversity: 0.028134273695394896
  Route: [20, 46, 24, 38, 34, 15, 5, 32, 3, 17, 36, 28, 12, 11, 52, 13, 14, 27, 26, 47, 44, 37, 23, 39, 40, 6, 25, 51, 33, 43, 4, 48, 16, 29, 2, 7, 42, 50, 21, 30, 31, 49, 41, 8, 10, 9, 19, 45, 35, 18, 1, 22]

Individual 3:
  Route length: 13080
  Contribution to Diversity: 0.02182435355831558
  Route: [46, 44, 20, 23, 29, 32, 19, 41, 8, 45, 10, 43, 33, 51, 11, 12, 38, 37, 34, 36, 27, 26, 47, 13, 14, 52, 28, 50, 35, 49, 39, 16, 21, 42, 2, 7, 30, 24, 40, 15, 25, 4, 5, 6, 48, 1, 9, 3, 17, 18, 31, 22]

Individual 4:
  Route length: 13136
  Contribution to Diversity: 0.020850911043373443
  Route: [17, 42, 7, 2, 50, 44, 46, 1, 32, 25, 6, 5, 24, 12, 13, 47, 26, 28, 27, 4, 14, 52, 11, 51, 33, 43, 10, 9, 8, 36, 35, 16, 29, 49, 48, 15, 19, 41, 45, 3, 40, 38, 34, 37, 21, 30, 20, 23, 31, 18, 39, 22]

Individual 5:
  Route length: 13121
  Contribution to Diversity: 0.015677622201075714
  Route: [44, 35, 42, 7, 2, 30, 20, 50, 34, 40, 21, 17, 46, 32, 1, 36, 38, 37, 15, 48, 5, 6, 31, 39, 49, 18, 3, 23, 24, 19, 41, 8, 45, 9, 10, 43, 33, 25, 4, 51, 11, 52, 14, 12, 28, 27, 13, 47, 26, 29, 16, 22]

Individual 6:
  Route length: 13029
  Contribution to Diversity: 0.01653907052642989
  Route: [1, 21, 32, 16, 39, 34, 37, 46, 6, 43, 45, 8, 3, 19, 5, 4, 29, 50, 20, 44, 40, 38, 30, 36, 35, 15, 33, 51, 11, 52, 14, 13, 47, 26, 27, 28, 12, 25, 24, 48, 41, 9, 10, 49, 18, 17, 23, 2, 42, 7, 31, 22]

Individual 7:
  Route length: 12809
  Contribution to Diversity: 0.006981969302220392
  Route: [1, 44, 46, 31, 36, 35, 34, 5, 43, 40, 16, 32, 45, 49, 15, 38, 24, 6, 48, 39, 11, 12, 28, 27, 26, 47, 13, 14, 52, 51, 4, 25, 37, 21, 20, 29, 50, 33, 10, 9, 8, 41, 19, 23, 42, 7, 2, 30, 17, 3, 18, 22]

Individual 8:
  Route length: 12852
  Contribution to Diversity: 0.02488511604914123
  Route: [9, 10, 8, 41, 19, 45, 49, 32, 35, 38, 46, 28, 27, 26, 47, 14, 13, 11, 33, 25, 52, 51, 12, 6, 43, 4, 15, 5, 40, 36, 39, 44, 48, 24, 37, 31, 18, 17, 3, 21, 1, 50, 34, 16, 29, 20, 7, 2, 30, 23, 42, 22]

Individual 9:
  Route length: 13183
  Contribution to Diversity: 0.02583950503235588
  Route: [18, 3, 41, 19, 45, 39, 38, 8, 9, 10, 35, 34, 46, 26, 27, 52, 14, 13, 47, 4, 6, 48, 36, 37, 42, 7, 2, 17, 21, 31, 16, 29, 28, 12, 11, 51, 33, 43, 40, 15, 32, 44, 1, 5, 25, 24, 50, 23, 20, 49, 30, 22]

Individual 10:
  Route length: 13062
  Contribution to Diversity: 0.02081761474335586
  Route: [5, 15, 49, 34, 4, 32, 18, 45, 19, 41, 8, 9, 10, 3, 42, 7, 2, 17, 44, 16, 1, 23, 30, 21, 31, 20, 50, 29, 26, 27, 14, 11, 51, 33, 43, 38, 25, 28, 47, 52, 13, 12, 37, 48, 39, 24, 36, 40, 46, 6, 35, 22]

Individual 11:
  Route length: 13030
  Contribution to Diversity: 0.010871806616103541
  Route: [35, 39, 5, 25, 4, 6, 12, 28, 26, 14, 13, 47, 27, 45, 32, 49, 1, 19, 41, 8, 9, 10, 33, 46, 48, 24, 40, 37, 15, 52, 51, 11, 16, 29, 38, 43, 31, 23, 30, 2, 7, 42, 21, 17, 3, 18, 36, 34, 44, 50, 20, 22]

Individual 12:
  Route length: 12990
  Contribution to Diversity: 0.001084214596438926
  Route: [31, 18, 49, 36, 5, 23, 30, 29, 2, 7, 42, 17, 3, 8, 41, 9, 10, 19, 45, 40, 50, 16, 20, 21, 25, 48, 28, 13, 14, 52, 11, 51, 12, 27, 46, 44, 34, 1, 38, 37, 39, 32, 26, 47, 6, 15, 4, 33, 43, 24, 35, 22]

Individual 13:
  Route length: 13073
  Contribution to Diversity: 0.01666365266820513
  Route: [49, 21, 20, 38, 25, 24, 34, 35, 31, 23, 30, 1, 32, 16, 44, 45, 36, 46, 6, 40, 43, 33, 51, 11, 12, 28, 47, 52, 13, 14, 27, 26, 29, 50, 3, 18, 17, 2, 7, 42, 39, 48, 37, 15, 5, 4, 41, 19, 10, 9, 8, 22]

Individual 14:
  Route length: 12906
  Contribution to Diversity: 0.015930324008004426
  Route: [45, 41, 19, 18, 17, 3, 20, 29, 16, 36, 38, 46, 5, 1, 15, 40, 39, 6, 48, 50, 32, 49, 24, 4, 25, 12, 11, 51, 28, 27, 26, 47, 13, 14, 52, 23, 21, 42, 7, 2, 30, 9, 10, 8, 33, 43, 35, 37, 34, 44, 31, 22]

Individual 15:
  Route length: 13035
  Contribution to Diversity: 0.0014555710137953426
  Route: [31, 18, 49, 36, 5, 23, 30, 29, 2, 7, 42, 17, 45, 19, 10, 9, 41, 8, 3, 32, 39, 37, 38, 1, 34, 44, 46, 27, 12, 51, 11, 52, 14, 13, 28, 48, 25, 21, 20, 16, 50, 40, 26, 47, 6, 15, 4, 33, 43, 24, 35, 22]

Individual 16:
  Route length: 13126
  Contribution to Diversity: 0.021556876880220344
  Route: [38, 37, 4, 15, 1, 45, 21, 2, 7, 42, 31, 30, 20, 18, 3, 17, 19, 41, 32, 23, 16, 25, 52, 11, 51, 14, 13, 47, 26, 27, 28, 12, 43, 8, 9, 10, 33, 44, 6, 24, 48, 39, 5, 34, 49, 35, 36, 40, 46, 29, 50, 22]

Individual 17:
  Route length: 12827
  Contribution to Diversity: 0.011508113696263145
  Route: [1, 36, 49, 45, 32, 19, 41, 8, 9, 10, 43, 24, 44, 40, 39, 48, 37, 15, 6, 11, 51, 25, 5, 38, 46, 20, 35, 34, 3, 18, 50, 16, 12, 28, 4, 33, 26, 14, 52, 27, 13, 47, 29, 17, 21, 42, 7, 2, 30, 23, 31, 22]

Individual 18:
  Route length: 13185
  Contribution to Diversity: 0.02014977165323728
  Route: [25, 51, 11, 52, 14, 13, 47, 26, 27, 28, 12, 30, 16, 29, 4, 43, 10, 9, 19, 8, 41, 45, 20, 50, 38, 6, 5, 35, 44, 34, 49, 32, 33, 1, 15, 40, 3, 31, 17, 2, 7, 42, 21, 18, 36, 48, 46, 39, 24, 37, 23, 22]

Individual 19:
  Route length: 12951
  Contribution to Diversity: 0.020992018829996795
  Route: [1, 18, 3, 23, 30, 42, 7, 2, 21, 17, 19, 8, 32, 31, 16, 29, 20, 50, 35, 40, 5, 37, 36, 6, 39, 34, 48, 25, 13, 47, 26, 27, 52, 14, 12, 45, 41, 9, 10, 43, 33, 15, 38, 24, 44, 46, 4, 11, 51, 28, 49, 22]

Total Entropy H: 5.696466269009396
