Individual 0:
  Route length: 22615
  Contribution to Diversity: 0.03384626909365451
  Route: [45, 5, 50, 37, 23, 35, 42, 7, 17, 10, 16, 24, 18, 13, 52, 51, 11, 3, 27, 4, 33, 46, 21, 48, 25, 6, 49, 29, 43, 30, 36, 31, 32, 34, 28, 14, 47, 12, 26, 44, 15, 39, 9, 8, 41, 19, 40, 38, 2, 20, 1, 22]

Individual 1:
  Route length: 22493
  Contribution to Diversity: 0.026459252954034618
  Route: [37, 18, 43, 48, 12, 52, 13, 24, 23, 39, 35, 32, 6, 40, 45, 25, 30, 42, 11, 51, 50, 20, 49, 46, 16, 36, 3, 1, 2, 7, 47, 4, 29, 34, 21, 31, 17, 33, 28, 14, 26, 44, 38, 5, 41, 9, 27, 15, 19, 8, 10, 22]

Individual 2:
  Route length: 22442
  Contribution to Diversity: 0.036695163956538046
  Route: [20, 30, 7, 2, 4, 1, 36, 6, 5, 37, 31, 21, 41, 48, 34, 16, 42, 25, 26, 10, 40, 9, 35, 17, 47, 38, 32, 19, 18, 8, 3, 46, 27, 52, 33, 43, 39, 13, 14, 51, 12, 49, 44, 50, 45, 15, 24, 11, 28, 29, 23, 22]

Individual 3:
  Route length: 22012
  Contribution to Diversity: 0.032159965483238295
  Route: [6, 45, 18, 17, 8, 30, 12, 51, 50, 25, 46, 40, 35, 16, 31, 44, 41, 3, 10, 34, 2, 4, 38, 9, 5, 15, 33, 19, 48, 24, 39, 28, 27, 13, 52, 11, 32, 49, 47, 26, 14, 1, 20, 42, 23, 36, 37, 43, 21, 7, 29, 22]

Individual 4:
  Route length: 22509
  Contribution to Diversity: 0.03536209422771197
  Route: [31, 26, 13, 40, 46, 25, 48, 16, 50, 32, 12, 19, 17, 8, 33, 28, 37, 43, 38, 45, 3, 15, 24, 44, 5, 27, 11, 52, 47, 20, 41, 49, 4, 51, 23, 34, 6, 14, 10, 21, 1, 30, 29, 36, 9, 39, 35, 42, 2, 7, 18, 22]

Individual 5:
  Route length: 22295
  Contribution to Diversity: 0.03630860780686529
  Route: [37, 17, 39, 30, 35, 24, 34, 40, 42, 2, 23, 18, 48, 51, 11, 33, 43, 4, 21, 8, 19, 29, 16, 36, 50, 14, 25, 41, 3, 44, 6, 12, 46, 26, 47, 9, 32, 20, 1, 45, 28, 52, 13, 27, 5, 10, 15, 49, 38, 7, 31, 22]

Individual 6:
  Route length: 22509
  Contribution to Diversity: 0.025028689767925272
  Route: [26, 14, 13, 40, 45, 10, 18, 17, 32, 38, 39, 15, 6, 51, 27, 20, 3, 50, 49, 16, 30, 21, 34, 36, 42, 12, 35, 29, 52, 11, 33, 43, 19, 9, 47, 23, 2, 7, 48, 31, 1, 8, 46, 4, 24, 44, 28, 5, 25, 37, 41, 22]

Individual 7:
  Route length: 22541
  Contribution to Diversity: 0.031505932275947224
  Route: [7, 42, 23, 34, 5, 39, 35, 14, 52, 33, 21, 45, 20, 32, 18, 3, 49, 26, 13, 1, 51, 9, 48, 2, 30, 47, 29, 10, 46, 40, 37, 19, 43, 50, 17, 31, 44, 16, 36, 15, 4, 12, 11, 25, 24, 38, 6, 27, 28, 41, 8, 22]

Individual 8:
  Route length: 22283
  Contribution to Diversity: 0.02694330256099242
  Route: [23, 2, 7, 17, 45, 49, 37, 21, 19, 46, 25, 29, 48, 27, 14, 13, 11, 43, 5, 9, 44, 52, 26, 30, 50, 41, 28, 33, 4, 31, 35, 42, 18, 34, 15, 47, 6, 40, 32, 1, 8, 10, 24, 39, 38, 16, 20, 3, 51, 12, 36, 22]

Individual 9:
  Route length: 22178
  Contribution to Diversity: 0.026617499921055554
  Route: [29, 43, 11, 52, 14, 26, 38, 13, 47, 25, 16, 46, 41, 45, 7, 21, 42, 49, 12, 27, 35, 51, 8, 19, 9, 10, 1, 36, 37, 33, 5, 6, 48, 44, 23, 24, 50, 30, 31, 3, 39, 40, 17, 18, 4, 2, 32, 34, 15, 20, 28, 22]

Individual 10:
  Route length: 21708
  Contribution to Diversity: 0.03299724897179157
  Route: [39, 46, 18, 8, 38, 20, 3, 9, 50, 21, 42, 11, 51, 40, 37, 35, 36, 49, 27, 23, 19, 41, 32, 29, 1, 25, 44, 16, 34, 14, 52, 24, 48, 33, 6, 31, 30, 7, 17, 2, 15, 43, 12, 28, 13, 47, 26, 5, 4, 45, 10, 22]

Individual 11:
  Route length: 22343
  Contribution to Diversity: 0.03043741680129486
  Route: [24, 48, 45, 1, 41, 8, 19, 27, 51, 10, 33, 40, 3, 34, 9, 36, 17, 42, 30, 5, 37, 16, 49, 43, 4, 11, 46, 31, 35, 23, 6, 2, 7, 44, 15, 20, 18, 32, 38, 25, 29, 14, 52, 12, 28, 47, 39, 50, 26, 13, 21, 22]

Individual 12:
  Route length: 22228
  Contribution to Diversity: 0.029290025281151877
  Route: [30, 20, 29, 51, 27, 26, 40, 6, 48, 4, 43, 33, 16, 39, 12, 35, 46, 18, 42, 32, 28, 13, 14, 52, 24, 47, 11, 15, 3, 23, 34, 50, 45, 31, 1, 5, 41, 44, 10, 25, 36, 9, 19, 37, 8, 21, 7, 2, 38, 17, 49, 22]

Individual 13:
  Route length: 22358
  Contribution to Diversity: 0.025929649569657265
  Route: [23, 18, 33, 41, 2, 50, 4, 31, 48, 5, 35, 30, 46, 1, 40, 38, 37, 52, 14, 26, 28, 47, 45, 36, 16, 39, 9, 8, 34, 17, 20, 49, 15, 44, 29, 32, 24, 27, 13, 51, 10, 3, 21, 19, 43, 6, 42, 7, 25, 12, 11, 22]

Individual 14:
  Route length: 22157
  Contribution to Diversity: 0.02767670668981026
  Route: [52, 27, 24, 38, 36, 11, 28, 51, 17, 30, 50, 44, 45, 31, 4, 23, 20, 29, 42, 46, 40, 37, 34, 32, 7, 2, 41, 9, 1, 10, 8, 19, 35, 5, 25, 43, 33, 12, 16, 26, 49, 21, 18, 3, 47, 13, 6, 14, 15, 48, 39, 22]

Individual 15:
  Route length: 21982
  Contribution to Diversity: 0.03985466172703678
  Route: [39, 37, 26, 24, 16, 18, 21, 4, 51, 33, 17, 36, 32, 28, 25, 35, 8, 45, 41, 42, 7, 9, 3, 43, 10, 29, 1, 15, 34, 46, 20, 5, 40, 2, 30, 50, 13, 14, 11, 47, 27, 52, 49, 44, 48, 6, 12, 38, 23, 31, 19, 22]

Individual 16:
  Route length: 22193
  Contribution to Diversity: 0
  Route: [52, 26, 13, 4, 24, 46, 31, 18, 34, 28, 36, 1, 8, 9, 14, 47, 51, 12, 43, 6, 20, 50, 49, 27, 11, 40, 17, 3, 32, 10, 33, 15, 44, 35, 7, 19, 41, 16, 23, 39, 29, 45, 42, 30, 21, 2, 37, 38, 25, 48, 5, 22]

Individual 17:
  Route length: 22531
  Contribution to Diversity: 0
  Route: [52, 26, 13, 4, 24, 46, 31, 18, 34, 28, 36, 1, 8, 9, 14, 47, 51, 12, 43, 6, 20, 50, 49, 27, 11, 7, 35, 44, 15, 33, 10, 32, 3, 17, 40, 37, 2, 21, 30, 42, 45, 29, 39, 23, 16, 41, 19, 38, 25, 48, 5, 22]

Individual 18:
  Route length: 22038
  Contribution to Diversity: 0.029776997691555174
  Route: [40, 24, 34, 13, 26, 12, 28, 51, 33, 1, 10, 38, 50, 37, 2, 42, 3, 8, 39, 43, 4, 15, 36, 29, 21, 49, 19, 20, 48, 5, 52, 11, 27, 41, 23, 31, 9, 25, 32, 6, 46, 16, 47, 14, 30, 17, 44, 35, 18, 45, 7, 22]

Individual 19:
  Route length: 21703
  Contribution to Diversity: 0.029405641274200534
  Route: [20, 40, 51, 14, 13, 25, 24, 35, 5, 19, 31, 32, 29, 12, 11, 26, 52, 46, 48, 17, 45, 18, 6, 42, 49, 39, 37, 36, 44, 21, 1, 38, 10, 8, 9, 4, 16, 30, 3, 50, 7, 2, 23, 41, 33, 47, 15, 27, 28, 43, 34, 22]

Total Entropy H: 6.345731057838509
