Individual 0:
  Route length: 14506
  Contribution to Diversity: 0.0012230749505128813
  Route: [1, 49, 6, 15, 26, 47, 13, 32, 45, 20, 23, 30, 2, 7, 42, 21, 33, 51, 11, 52, 43, 10, 9, 8, 41, 19, 18, 46, 44, 34, 35, 36, 39, 40, 37, 38, 48, 24, 5, 25, 12, 28, 27, 4, 14, 17, 3, 31, 50, 29, 16, 22]

Individual 1:
  Route length: 14072
  Contribution to Diversity: 0.0011544456003820258
  Route: [1, 29, 45, 47, 13, 14, 52, 32, 49, 17, 21, 42, 7, 2, 30, 23, 20, 5, 15, 6, 4, 9, 10, 43, 33, 51, 11, 16, 46, 44, 34, 35, 26, 27, 28, 12, 25, 50, 41, 19, 36, 39, 40, 37, 38, 48, 24, 8, 3, 18, 31, 22]

Individual 2:
  Route length: 14520
  Contribution to Diversity: 0.0007098231383411147
  Route: [1, 49, 32, 45, 19, 47, 13, 14, 52, 11, 51, 33, 43, 10, 30, 2, 26, 27, 40, 39, 36, 35, 34, 44, 46, 16, 12, 28, 18, 31, 25, 4, 6, 15, 5, 24, 48, 38, 37, 3, 17, 21, 42, 7, 41, 8, 9, 20, 23, 50, 29, 22]

Individual 3:
  Route length: 14819
  Contribution to Diversity: 0.00048664741857873395
  Route: [14, 1, 43, 10, 9, 8, 41, 19, 45, 32, 49, 21, 42, 7, 2, 30, 23, 20, 50, 29, 16, 46, 44, 34, 35, 36, 39, 40, 37, 47, 26, 27, 28, 12, 25, 6, 4, 11, 51, 33, 52, 15, 5, 24, 48, 38, 18, 3, 17, 13, 31, 22]

Individual 4:
  Route length: 12004
  Contribution to Diversity: 0.0005317565552553916
  Route: [1, 49, 15, 4, 25, 12, 28, 45, 19, 41, 8, 9, 32, 46, 44, 34, 35, 36, 39, 2, 7, 42, 21, 17, 30, 23, 20, 50, 6, 16, 29, 27, 26, 47, 13, 14, 52, 11, 51, 33, 43, 10, 31, 18, 3, 40, 37, 38, 48, 24, 5, 22]

Individual 5:
  Route length: 13603
  Contribution to Diversity: 0.0005050509734587649
  Route: [1, 49, 32, 45, 19, 47, 13, 14, 52, 11, 51, 33, 4, 6, 15, 5, 24, 48, 38, 37, 3, 17, 21, 42, 7, 41, 8, 9, 10, 43, 46, 16, 12, 28, 18, 31, 25, 44, 34, 35, 36, 39, 40, 27, 26, 2, 30, 23, 20, 50, 29, 22]

Individual 6:
  Route length: 13432
  Contribution to Diversity: 0.0005890436786950559
  Route: [21, 42, 7, 2, 30, 23, 20, 50, 25, 12, 52, 14, 13, 47, 45, 29, 1, 28, 27, 26, 35, 34, 44, 46, 16, 32, 49, 17, 11, 51, 33, 43, 10, 9, 4, 6, 15, 5, 24, 48, 38, 37, 40, 39, 36, 19, 41, 8, 3, 18, 31, 22]

Individual 7:
  Route length: 14210
  Contribution to Diversity: 0.0008480814196962783
  Route: [1, 49, 32, 45, 19, 41, 8, 9, 38, 37, 40, 39, 11, 17, 21, 42, 7, 2, 44, 46, 16, 29, 50, 20, 23, 30, 48, 24, 5, 15, 6, 4, 18, 3, 26, 47, 13, 10, 43, 33, 51, 14, 52, 27, 28, 12, 25, 36, 35, 34, 31, 22]

Individual 8:
  Route length: 14084
  Contribution to Diversity: 0.0005769637241384018
  Route: [1, 49, 6, 15, 26, 47, 13, 32, 45, 20, 23, 30, 2, 42, 7, 21, 33, 51, 11, 52, 43, 10, 9, 8, 41, 19, 18, 3, 17, 14, 4, 27, 28, 12, 25, 5, 24, 48, 38, 37, 40, 39, 36, 35, 34, 44, 46, 16, 29, 50, 31, 22]

Individual 9:
  Route length: 12024
  Contribution to Diversity: 0.0008432090615499988
  Route: [1, 49, 32, 45, 19, 24, 5, 31, 18, 3, 17, 8, 9, 10, 43, 33, 51, 47, 13, 14, 52, 11, 36, 35, 34, 44, 46, 15, 6, 4, 25, 12, 28, 27, 26, 21, 42, 7, 2, 30, 23, 20, 41, 39, 40, 37, 38, 48, 50, 29, 16, 22]

Individual 10:
  Route length: 14424
  Contribution to Diversity: 0.001205596747695381
  Route: [1, 49, 32, 43, 38, 48, 24, 5, 15, 6, 4, 25, 12, 29, 16, 46, 47, 26, 27, 28, 10, 9, 8, 44, 7, 2, 30, 50, 20, 23, 37, 40, 39, 33, 51, 11, 52, 14, 34, 35, 36, 45, 19, 41, 13, 42, 21, 17, 3, 18, 31, 22]

Individual 11:
  Route length: 13897
  Contribution to Diversity: 0.0002527450543139409
  Route: [1, 49, 32, 45, 19, 41, 8, 9, 10, 43, 33, 51, 14, 46, 44, 25, 12, 28, 27, 52, 16, 29, 50, 20, 23, 30, 2, 7, 42, 21, 17, 11, 39, 40, 37, 38, 48, 24, 5, 15, 6, 4, 18, 3, 26, 47, 13, 36, 35, 34, 31, 22]

Individual 12:
  Route length: 13693
  Contribution to Diversity: 0.0008694630080530175
  Route: [5, 24, 48, 38, 37, 40, 45, 19, 16, 46, 44, 34, 35, 36, 39, 7, 2, 30, 41, 29, 50, 32, 49, 1, 4, 6, 15, 25, 12, 28, 27, 26, 47, 13, 14, 8, 9, 10, 43, 33, 51, 11, 52, 23, 20, 42, 21, 17, 3, 18, 31, 22]

Individual 13:
  Route length: 13169
  Contribution to Diversity: 1.4225500193809637e-05
  Route: [32, 49, 1, 51, 4, 6, 15, 5, 24, 26, 47, 13, 14, 52, 11, 45, 19, 41, 8, 9, 10, 43, 33, 21, 42, 7, 36, 35, 34, 44, 46, 16, 29, 50, 20, 23, 30, 2, 48, 39, 40, 37, 38, 27, 28, 12, 25, 17, 3, 18, 31, 22]

Individual 14:
  Route length: 14437
  Contribution to Diversity: 0.0011233090857487582
  Route: [1, 49, 32, 45, 19, 41, 16, 29, 52, 11, 51, 24, 48, 38, 37, 36, 39, 40, 20, 50, 31, 18, 3, 17, 6, 15, 5, 44, 34, 35, 23, 8, 9, 10, 43, 33, 46, 30, 2, 7, 42, 21, 13, 47, 26, 27, 28, 12, 25, 4, 14, 22]

Individual 15:
  Route length: 14447
  Contribution to Diversity: 0.0015978921793537992
  Route: [1, 49, 32, 35, 36, 44, 23, 20, 50, 29, 16, 46, 3, 40, 37, 38, 48, 24, 5, 15, 6, 4, 25, 12, 10, 9, 8, 41, 19, 45, 31, 18, 52, 14, 13, 39, 11, 51, 33, 43, 7, 2, 30, 17, 21, 42, 28, 27, 26, 47, 34, 22]

Individual 16:
  Route length: 13402
  Contribution to Diversity: 6.76827035137606e-05
  Route: [1, 49, 32, 45, 38, 23, 30, 2, 7, 42, 26, 27, 48, 24, 5, 15, 6, 4, 25, 12, 28, 19, 41, 8, 9, 10, 43, 33, 51, 11, 52, 39, 40, 37, 18, 47, 13, 14, 35, 36, 34, 44, 46, 16, 29, 50, 20, 3, 17, 21, 31, 22]

Individual 17:
  Route length: 13790
  Contribution to Diversity: 0.0006359018433306218
  Route: [25, 4, 6, 15, 5, 24, 35, 36, 39, 40, 37, 38, 48, 31, 18, 13, 14, 52, 11, 51, 33, 43, 10, 9, 8, 12, 28, 27, 26, 47, 2, 19, 41, 7, 1, 42, 21, 17, 3, 45, 32, 49, 30, 23, 20, 50, 29, 16, 46, 44, 34, 22]

Individual 18:
  Route length: 11621
  Contribution to Diversity: 0.001302342039337212
  Route: [1, 49, 32, 45, 25, 12, 52, 14, 47, 26, 27, 28, 11, 51, 13, 48, 38, 37, 40, 39, 36, 35, 34, 44, 46, 15, 6, 4, 31, 18, 3, 17, 24, 5, 19, 41, 8, 9, 10, 43, 33, 21, 42, 7, 2, 30, 23, 20, 50, 29, 16, 22]

Individual 19:
  Route length: 14770
  Contribution to Diversity: 0.002149092089291038
  Route: [1, 49, 32, 14, 52, 27, 46, 44, 25, 12, 28, 24, 5, 15, 6, 4, 51, 33, 43, 10, 13, 47, 26, 3, 18, 45, 19, 41, 8, 9, 38, 37, 40, 39, 11, 17, 21, 42, 7, 2, 30, 23, 20, 50, 29, 16, 48, 36, 35, 34, 31, 22]

Individual 20:
  Route length: 13126
  Contribution to Diversity: 0
  Route: [12, 28, 27, 26, 47, 9, 10, 43, 33, 51, 11, 52, 14, 13, 1, 49, 32, 19, 38, 48, 41, 8, 37, 40, 45, 24, 5, 15, 6, 4, 2, 7, 42, 21, 17, 3, 18, 31, 16, 46, 44, 34, 35, 36, 39, 25, 29, 50, 20, 23, 30, 22]

Individual 21:
  Route length: 14743
  Contribution to Diversity: 0
  Route: [1, 49, 32, 45, 19, 47, 26, 10, 24, 5, 15, 6, 35, 34, 27, 28, 21, 42, 7, 2, 30, 23, 20, 50, 29, 16, 46, 44, 12, 41, 8, 9, 13, 14, 52, 11, 51, 33, 43, 17, 36, 39, 40, 37, 38, 48, 25, 4, 3, 18, 31, 22]

Individual 22:
  Route length: 14798
  Contribution to Diversity: 0.0008731665625099083
  Route: [1, 49, 32, 45, 4, 25, 26, 28, 27, 3, 17, 21, 42, 7, 10, 43, 33, 51, 36, 12, 18, 31, 19, 41, 8, 9, 44, 46, 16, 29, 50, 20, 23, 30, 2, 34, 35, 24, 48, 38, 37, 40, 39, 47, 13, 14, 52, 11, 5, 15, 6, 22]

Individual 23:
  Route length: 14772
  Contribution to Diversity: 0.00011817172009465082
  Route: [1, 49, 26, 27, 28, 12, 25, 4, 52, 11, 51, 33, 14, 13, 10, 38, 37, 40, 39, 41, 19, 45, 32, 35, 34, 44, 46, 16, 29, 50, 20, 23, 30, 2, 7, 43, 9, 8, 48, 24, 5, 15, 6, 47, 36, 42, 21, 17, 3, 18, 31, 22]

Individual 24:
  Route length: 13653
  Contribution to Diversity: 0.0018086670530008675
  Route: [1, 49, 32, 45, 19, 41, 11, 10, 9, 8, 33, 51, 43, 28, 26, 47, 13, 14, 52, 27, 50, 29, 16, 21, 40, 39, 36, 35, 34, 6, 4, 25, 12, 44, 46, 42, 7, 2, 30, 23, 20, 15, 5, 24, 48, 38, 37, 31, 18, 3, 17, 22]

Individual 25:
  Route length: 11832
  Contribution to Diversity: 0
  Route: [1, 49, 32, 45, 19, 41, 23, 51, 33, 43, 10, 9, 8, 25, 12, 28, 27, 26, 47, 13, 14, 52, 11, 46, 16, 4, 31, 18, 3, 17, 21, 42, 7, 2, 30, 24, 48, 38, 35, 36, 39, 40, 37, 34, 44, 20, 50, 29, 5, 15, 6, 22]

Individual 26:
  Route length: 12668
  Contribution to Diversity: 0
  Route: [1, 49, 32, 45, 19, 41, 47, 26, 27, 9, 8, 13, 14, 52, 11, 51, 33, 43, 10, 48, 38, 37, 40, 39, 36, 35, 34, 44, 4, 25, 12, 28, 24, 5, 15, 6, 18, 3, 17, 21, 31, 46, 16, 29, 50, 20, 23, 30, 2, 7, 42, 22]

Individual 27:
  Route length: 13989
  Contribution to Diversity: 0
  Route: [1, 49, 6, 15, 48, 5, 24, 30, 2, 7, 42, 21, 33, 51, 11, 52, 43, 10, 9, 8, 41, 44, 34, 35, 36, 39, 40, 37, 38, 23, 20, 50, 29, 16, 46, 12, 28, 27, 26, 47, 13, 32, 45, 19, 25, 4, 14, 17, 3, 18, 31, 22]

Individual 28:
  Route length: 11030
  Contribution to Diversity: 0
  Route: [1, 49, 34, 10, 9, 8, 41, 19, 45, 32, 40, 39, 36, 35, 27, 26, 47, 13, 14, 52, 37, 38, 48, 24, 5, 15, 28, 12, 25, 4, 6, 11, 51, 33, 43, 18, 3, 17, 21, 42, 7, 2, 30, 23, 20, 50, 29, 16, 46, 44, 31, 22]

Individual 29:
  Route length: 14646
  Contribution to Diversity: 0.0001482627671665071
  Route: [19, 45, 32, 49, 42, 21, 17, 3, 4, 6, 15, 5, 52, 14, 13, 25, 12, 28, 27, 26, 47, 24, 48, 38, 37, 40, 39, 36, 35, 34, 44, 46, 50, 29, 16, 30, 23, 20, 2, 1, 10, 9, 8, 41, 7, 43, 33, 51, 11, 18, 31, 22]

Individual 30:
  Route length: 13703
  Contribution to Diversity: 0.0004967876308539232
  Route: [1, 49, 6, 15, 48, 5, 24, 30, 2, 7, 42, 21, 40, 39, 36, 35, 34, 44, 41, 8, 9, 10, 43, 52, 11, 51, 33, 19, 45, 32, 13, 47, 26, 27, 28, 12, 46, 16, 29, 50, 20, 23, 38, 37, 25, 4, 14, 17, 3, 18, 31, 22]

Individual 31:
  Route length: 12937
  Contribution to Diversity: 0
  Route: [19, 45, 32, 49, 1, 2, 20, 23, 30, 16, 29, 50, 46, 44, 34, 35, 36, 39, 40, 37, 38, 48, 24, 47, 26, 27, 28, 12, 25, 4, 6, 15, 13, 14, 52, 5, 18, 3, 17, 21, 42, 7, 41, 8, 9, 10, 43, 33, 51, 11, 31, 22]

Individual 32:
  Route length: 15059
  Contribution to Diversity: 0.00021830515509257964
  Route: [12, 28, 27, 26, 47, 9, 10, 43, 33, 51, 11, 16, 31, 18, 3, 17, 21, 42, 7, 2, 4, 6, 15, 5, 24, 45, 40, 37, 8, 41, 48, 38, 19, 32, 49, 1, 13, 14, 52, 23, 20, 50, 29, 25, 39, 36, 35, 34, 44, 46, 30, 22]

Individual 33:
  Route length: 13673
  Contribution to Diversity: 0
  Route: [1, 49, 32, 51, 11, 52, 10, 38, 37, 40, 39, 41, 19, 45, 46, 16, 29, 50, 20, 23, 30, 2, 7, 43, 9, 8, 48, 24, 5, 15, 6, 4, 25, 12, 28, 27, 26, 47, 13, 14, 33, 44, 34, 35, 36, 42, 21, 17, 3, 18, 31, 22]

Individual 34:
  Route length: 12556
  Contribution to Diversity: 0
  Route: [1, 49, 51, 50, 29, 32, 45, 19, 41, 8, 9, 10, 43, 33, 18, 3, 4, 25, 12, 44, 46, 16, 11, 52, 14, 13, 47, 26, 28, 27, 34, 35, 6, 15, 5, 24, 48, 38, 37, 40, 39, 36, 17, 21, 42, 7, 2, 30, 23, 20, 31, 22]

Individual 35:
  Route length: 14587
  Contribution to Diversity: 0.00019993624601166715
  Route: [34, 35, 36, 39, 40, 37, 38, 48, 5, 24, 15, 6, 49, 1, 47, 26, 27, 28, 12, 46, 16, 29, 50, 20, 23, 30, 2, 7, 42, 21, 33, 51, 11, 52, 43, 10, 9, 8, 41, 44, 13, 32, 45, 19, 25, 4, 14, 17, 3, 18, 31, 22]

Individual 36:
  Route length: 12128
  Contribution to Diversity: 0
  Route: [12, 28, 27, 26, 47, 19, 32, 49, 1, 13, 14, 52, 11, 51, 33, 46, 44, 34, 35, 36, 39, 25, 4, 6, 15, 5, 24, 45, 40, 37, 38, 48, 41, 8, 9, 10, 43, 16, 31, 18, 3, 17, 21, 42, 7, 2, 30, 23, 20, 50, 29, 22]

Individual 37:
  Route length: 11503
  Contribution to Diversity: 0.0010514381065425127
  Route: [1, 12, 28, 27, 14, 13, 47, 26, 33, 51, 11, 52, 43, 10, 9, 8, 41, 48, 31, 18, 49, 32, 45, 19, 37, 38, 40, 39, 36, 35, 24, 5, 15, 6, 4, 25, 3, 17, 21, 42, 7, 2, 30, 23, 20, 50, 29, 16, 46, 44, 34, 22]

Individual 38:
  Route length: 12746
  Contribution to Diversity: 0
  Route: [12, 28, 27, 26, 47, 19, 32, 49, 1, 13, 14, 52, 11, 51, 33, 30, 2, 7, 42, 21, 17, 3, 18, 31, 16, 43, 10, 9, 8, 41, 48, 38, 37, 40, 45, 24, 5, 15, 6, 4, 25, 39, 36, 35, 34, 44, 46, 50, 20, 23, 29, 22]

Individual 39:
  Route length: 13393
  Contribution to Diversity: 8.978770353351706e-05
  Route: [1, 49, 32, 45, 4, 43, 10, 9, 8, 41, 19, 18, 7, 2, 30, 23, 20, 50, 29, 39, 40, 42, 21, 17, 3, 47, 16, 46, 44, 34, 35, 36, 12, 28, 27, 26, 25, 51, 33, 11, 52, 14, 13, 31, 37, 38, 48, 24, 5, 15, 6, 22]

Individual 40:
  Route length: 14442
  Contribution to Diversity: 0.0006508449979500952
  Route: [1, 49, 32, 8, 50, 29, 16, 46, 44, 45, 19, 41, 11, 52, 39, 40, 37, 38, 48, 24, 28, 12, 25, 4, 6, 15, 5, 20, 23, 30, 2, 7, 42, 26, 27, 51, 33, 43, 10, 9, 34, 36, 35, 14, 13, 47, 18, 3, 17, 21, 31, 22]

Individual 41:
  Route length: 12595
  Contribution to Diversity: 0
  Route: [1, 49, 51, 33, 43, 10, 9, 8, 41, 19, 45, 32, 29, 50, 20, 23, 30, 2, 7, 42, 21, 17, 36, 39, 40, 5, 24, 48, 38, 37, 52, 14, 13, 47, 26, 28, 27, 34, 35, 6, 15, 11, 16, 46, 44, 12, 25, 4, 3, 18, 31, 22]

Individual 42:
  Route length: 15026
  Contribution to Diversity: 0.0015319546093985892
  Route: [14, 1, 43, 12, 25, 39, 40, 37, 38, 48, 24, 5, 15, 52, 33, 51, 11, 4, 6, 19, 45, 32, 49, 21, 42, 7, 2, 30, 23, 20, 50, 29, 16, 46, 44, 34, 35, 36, 41, 8, 9, 10, 27, 28, 26, 47, 13, 17, 3, 18, 31, 22]

Individual 43:
  Route length: 12978
  Contribution to Diversity: 0
  Route: [23, 20, 50, 29, 16, 46, 31, 21, 17, 3, 18, 6, 15, 5, 24, 28, 12, 25, 4, 44, 34, 35, 36, 39, 40, 37, 38, 48, 10, 43, 33, 51, 11, 52, 14, 13, 8, 9, 27, 26, 47, 41, 19, 45, 32, 49, 1, 30, 2, 7, 42, 22]

Individual 44:
  Route length: 14531
  Contribution to Diversity: 0.001713682008173123
  Route: [14, 1, 37, 40, 39, 36, 35, 34, 44, 46, 16, 29, 50, 20, 23, 30, 2, 7, 42, 21, 49, 32, 45, 19, 41, 8, 9, 10, 43, 5, 24, 48, 38, 15, 52, 51, 33, 17, 13, 47, 26, 27, 28, 12, 25, 6, 4, 11, 3, 18, 31, 22]

Individual 45:
  Route length: 13709
  Contribution to Diversity: 0
  Route: [12, 49, 32, 19, 47, 26, 27, 28, 29, 50, 20, 23, 30, 2, 7, 42, 21, 17, 3, 18, 31, 16, 46, 44, 34, 35, 36, 39, 25, 4, 6, 15, 5, 41, 48, 38, 37, 40, 45, 24, 51, 33, 43, 10, 9, 8, 11, 52, 14, 13, 1, 22]

Individual 46:
  Route length: 13377
  Contribution to Diversity: 0
  Route: [1, 49, 32, 45, 19, 41, 47, 26, 27, 9, 8, 13, 14, 52, 11, 51, 33, 43, 10, 48, 38, 37, 40, 39, 36, 35, 34, 44, 18, 6, 15, 5, 24, 28, 12, 25, 4, 17, 3, 21, 31, 46, 16, 29, 50, 20, 23, 30, 2, 7, 42, 22]

Individual 47:
  Route length: 13393
  Contribution to Diversity: 0
  Route: [1, 49, 32, 45, 38, 37, 40, 39, 52, 11, 51, 33, 43, 10, 9, 8, 41, 19, 28, 12, 31, 21, 17, 3, 18, 47, 13, 14, 35, 36, 34, 44, 46, 16, 29, 50, 20, 23, 30, 2, 7, 42, 26, 27, 48, 24, 5, 15, 6, 4, 25, 22]

Individual 48:
  Route length: 12361
  Contribution to Diversity: 0.000618050556615124
  Route: [43, 10, 9, 8, 40, 37, 38, 48, 33, 51, 23, 16, 46, 11, 52, 14, 13, 47, 26, 27, 28, 12, 25, 4, 31, 18, 3, 17, 21, 42, 7, 2, 30, 24, 1, 49, 32, 45, 19, 41, 34, 35, 36, 39, 44, 20, 50, 29, 5, 15, 6, 22]

Individual 49:
  Route length: 10255
  Contribution to Diversity: 0
  Route: [6, 4, 25, 12, 28, 27, 26, 47, 13, 14, 52, 11, 51, 33, 43, 37, 38, 48, 24, 5, 15, 29, 50, 20, 23, 30, 41, 8, 9, 10, 46, 44, 34, 35, 36, 39, 40, 16, 1, 49, 32, 45, 19, 7, 2, 42, 21, 17, 3, 18, 31, 22]

Individual 50:
  Route length: 13499
  Contribution to Diversity: 0.0013302714327654286
  Route: [32, 6, 4, 51, 1, 49, 7, 42, 21, 33, 43, 10, 9, 8, 41, 19, 45, 11, 52, 14, 13, 47, 26, 24, 5, 15, 36, 35, 34, 44, 46, 16, 29, 50, 20, 23, 30, 2, 48, 39, 40, 37, 38, 27, 28, 12, 25, 17, 3, 18, 31, 22]

Individual 51:
  Route length: 14922
  Contribution to Diversity: 0.002434332336667566
  Route: [1, 49, 32, 43, 38, 48, 24, 5, 15, 6, 4, 25, 12, 29, 16, 46, 47, 26, 27, 28, 10, 9, 8, 44, 37, 23, 20, 50, 30, 2, 7, 19, 45, 36, 35, 34, 14, 52, 11, 51, 33, 39, 40, 41, 13, 42, 21, 17, 3, 18, 31, 22]

Individual 52:
  Route length: 10631
  Contribution to Diversity: 0
  Route: [6, 4, 25, 12, 28, 27, 26, 47, 13, 14, 52, 11, 51, 33, 43, 37, 39, 36, 35, 34, 44, 46, 10, 9, 8, 41, 30, 23, 20, 50, 29, 15, 5, 24, 48, 38, 19, 45, 32, 49, 1, 16, 40, 7, 2, 42, 21, 17, 3, 18, 31, 22]

Individual 53:
  Route length: 14205
  Contribution to Diversity: 0.000944201234901243
  Route: [12, 27, 26, 47, 19, 32, 49, 20, 50, 29, 28, 23, 30, 2, 7, 42, 21, 17, 3, 18, 31, 16, 46, 44, 34, 35, 36, 39, 25, 4, 6, 15, 5, 41, 48, 38, 37, 40, 45, 24, 51, 33, 43, 10, 9, 8, 11, 52, 14, 13, 1, 22]

Individual 54:
  Route length: 14553
  Contribution to Diversity: 0.0002716612128956797
  Route: [1, 49, 32, 51, 37, 38, 48, 24, 16, 29, 50, 20, 35, 34, 27, 28, 26, 47, 13, 5, 15, 6, 4, 25, 12, 44, 46, 42, 7, 2, 30, 23, 36, 39, 11, 52, 14, 21, 40, 18, 3, 17, 33, 43, 10, 9, 8, 41, 19, 45, 31, 22]

Individual 55:
  Route length: 14499
  Contribution to Diversity: 0.0016961031831472795
  Route: [1, 49, 32, 45, 19, 41, 16, 29, 23, 35, 34, 44, 5, 15, 6, 17, 3, 18, 31, 50, 20, 40, 39, 36, 37, 38, 48, 24, 51, 11, 52, 47, 13, 21, 42, 7, 2, 30, 46, 33, 43, 10, 9, 8, 26, 27, 28, 12, 25, 4, 14, 22]

Individual 56:
  Route length: 11704
  Contribution to Diversity: 0
  Route: [36, 12, 28, 27, 26, 25, 4, 45, 32, 49, 1, 3, 17, 21, 42, 7, 2, 30, 23, 20, 50, 29, 16, 46, 44, 34, 35, 18, 31, 19, 41, 8, 9, 10, 43, 33, 51, 11, 52, 24, 48, 38, 37, 40, 39, 47, 13, 14, 5, 15, 6, 22]

Individual 57:
  Route length: 10483
  Contribution to Diversity: 0
  Route: [1, 49, 32, 45, 19, 9, 8, 41, 24, 48, 44, 34, 35, 36, 39, 40, 37, 38, 46, 16, 29, 50, 20, 2, 30, 23, 21, 42, 7, 25, 4, 6, 15, 5, 12, 28, 27, 26, 47, 13, 14, 52, 11, 51, 33, 43, 10, 17, 3, 18, 31, 22]

Individual 58:
  Route length: 13494
  Contribution to Diversity: 0
  Route: [1, 49, 32, 51, 33, 43, 10, 9, 8, 41, 19, 45, 11, 52, 14, 21, 40, 39, 36, 23, 30, 2, 7, 42, 44, 46, 4, 25, 12, 6, 15, 5, 13, 47, 26, 28, 27, 34, 35, 20, 50, 29, 16, 24, 48, 38, 37, 31, 18, 3, 17, 22]

Individual 59:
  Route length: 14070
  Contribution to Diversity: 0
  Route: [12, 28, 27, 26, 47, 19, 32, 49, 1, 13, 14, 52, 11, 51, 33, 46, 44, 34, 35, 36, 39, 25, 4, 6, 15, 5, 24, 45, 40, 37, 38, 48, 41, 8, 9, 10, 7, 42, 21, 17, 3, 18, 31, 16, 43, 20, 23, 30, 2, 50, 29, 22]

Individual 60:
  Route length: 13250
  Contribution to Diversity: 0.00101614548052531
  Route: [1, 49, 32, 45, 4, 35, 34, 44, 46, 16, 47, 39, 40, 42, 21, 17, 3, 18, 7, 2, 30, 23, 20, 50, 29, 19, 41, 8, 9, 10, 43, 6, 15, 5, 24, 48, 38, 37, 31, 13, 14, 52, 11, 33, 51, 25, 26, 27, 28, 12, 36, 22]

Individual 61:
  Route length: 14130
  Contribution to Diversity: 0
  Route: [1, 49, 32, 45, 19, 41, 8, 9, 10, 43, 33, 51, 11, 52, 7, 42, 13, 14, 34, 35, 36, 39, 40, 21, 16, 29, 50, 20, 23, 30, 2, 27, 28, 26, 47, 48, 24, 5, 15, 6, 4, 25, 12, 44, 46, 38, 37, 31, 18, 3, 17, 22]

Individual 62:
  Route length: 14301
  Contribution to Diversity: 0.001568863864552128
  Route: [1, 49, 32, 45, 4, 43, 10, 9, 8, 41, 19, 18, 7, 2, 30, 23, 20, 50, 29, 39, 40, 42, 21, 17, 3, 47, 16, 46, 44, 34, 35, 36, 12, 28, 27, 51, 25, 26, 15, 5, 24, 48, 38, 37, 31, 13, 14, 52, 11, 33, 6, 22]

Individual 63:
  Route length: 13240
  Contribution to Diversity: 0
  Route: [1, 49, 32, 45, 19, 41, 39, 40, 37, 38, 10, 52, 11, 51, 33, 14, 13, 47, 26, 27, 28, 12, 25, 4, 6, 15, 5, 24, 48, 8, 9, 43, 7, 2, 30, 23, 20, 50, 29, 16, 46, 44, 35, 34, 42, 36, 21, 17, 3, 18, 31, 22]

Individual 64:
  Route length: 12975
  Contribution to Diversity: 0.001652273013901251
  Route: [43, 10, 9, 8, 40, 37, 38, 48, 50, 20, 44, 39, 36, 35, 34, 41, 19, 45, 32, 49, 1, 24, 30, 2, 7, 42, 21, 17, 3, 18, 31, 4, 25, 12, 28, 27, 26, 47, 13, 14, 52, 11, 46, 16, 23, 51, 33, 5, 29, 15, 6, 22]

Individual 65:
  Route length: 14178
  Contribution to Diversity: 0
  Route: [1, 49, 32, 45, 19, 41, 8, 9, 10, 11, 51, 33, 43, 42, 13, 14, 52, 7, 2, 30, 23, 20, 50, 29, 16, 21, 40, 39, 36, 35, 34, 27, 28, 26, 47, 48, 24, 5, 15, 6, 4, 25, 12, 44, 46, 38, 37, 31, 18, 3, 17, 22]

Individual 66:
  Route length: 12178
  Contribution to Diversity: 0
  Route: [1, 49, 16, 29, 50, 20, 40, 39, 36, 37, 38, 48, 45, 32, 51, 11, 52, 14, 13, 47, 26, 27, 19, 41, 24, 28, 12, 25, 4, 6, 15, 5, 44, 34, 35, 23, 8, 9, 10, 43, 33, 46, 30, 2, 7, 42, 21, 17, 3, 18, 31, 22]

Individual 67:
  Route length: 14736
  Contribution to Diversity: 0.0011483401544101213
  Route: [34, 35, 36, 39, 40, 37, 38, 46, 12, 28, 27, 26, 47, 1, 49, 6, 15, 24, 5, 48, 19, 45, 32, 13, 44, 41, 8, 9, 10, 43, 52, 11, 51, 33, 21, 42, 7, 2, 30, 23, 20, 50, 29, 16, 25, 4, 14, 17, 3, 18, 31, 22]

Individual 68:
  Route length: 13965
  Contribution to Diversity: 0.001095856030159048
  Route: [1, 49, 32, 45, 4, 43, 10, 9, 8, 41, 19, 29, 50, 20, 23, 30, 2, 7, 40, 31, 13, 14, 52, 11, 33, 51, 25, 26, 27, 28, 12, 36, 35, 34, 44, 46, 16, 47, 39, 15, 5, 24, 48, 38, 37, 42, 21, 17, 3, 18, 6, 22]

Individual 69:
  Route length: 10239
  Contribution to Diversity: 0
  Route: [1, 49, 32, 45, 50, 29, 16, 46, 38, 37, 40, 34, 35, 36, 39, 9, 10, 43, 33, 51, 11, 52, 14, 13, 47, 26, 27, 28, 12, 25, 4, 6, 15, 5, 24, 48, 44, 8, 41, 19, 20, 2, 30, 23, 21, 42, 7, 17, 3, 18, 31, 22]

Individual 70:
  Route length: 11768
  Contribution to Diversity: 0
  Route: [1, 49, 32, 45, 19, 41, 8, 9, 10, 34, 35, 36, 39, 40, 20, 23, 30, 2, 7, 42, 21, 17, 3, 18, 43, 33, 51, 27, 28, 12, 25, 4, 6, 11, 29, 16, 46, 15, 5, 24, 48, 38, 37, 52, 14, 13, 47, 26, 50, 44, 31, 22]

Individual 71:
  Route length: 13776
  Contribution to Diversity: 0
  Route: [19, 45, 32, 49, 16, 30, 23, 20, 2, 1, 25, 12, 28, 27, 26, 47, 24, 48, 38, 37, 40, 7, 42, 21, 17, 3, 4, 6, 15, 5, 52, 14, 13, 29, 50, 46, 44, 34, 35, 36, 39, 41, 8, 9, 10, 43, 33, 51, 11, 18, 31, 22]

Individual 72:
  Route length: 15029
  Contribution to Diversity: 0.000904393845138074
  Route: [19, 45, 32, 49, 16, 30, 23, 20, 2, 1, 25, 12, 28, 46, 50, 29, 13, 14, 52, 5, 15, 6, 4, 3, 17, 21, 42, 7, 40, 37, 38, 48, 24, 47, 26, 27, 33, 43, 10, 9, 8, 41, 39, 36, 35, 34, 44, 51, 11, 18, 31, 22]

Individual 73:
  Route length: 14496
  Contribution to Diversity: 0.0013932715833506748
  Route: [1, 49, 32, 33, 51, 36, 12, 28, 27, 26, 25, 4, 45, 16, 46, 44, 9, 8, 41, 19, 31, 18, 3, 17, 21, 42, 7, 10, 43, 29, 50, 20, 23, 30, 2, 34, 35, 24, 48, 38, 37, 40, 39, 47, 13, 14, 52, 11, 5, 15, 6, 22]

Individual 74:
  Route length: 9835
  Contribution to Diversity: 0
  Route: [40, 34, 35, 36, 39, 9, 10, 43, 33, 51, 11, 52, 14, 13, 47, 26, 27, 28, 12, 25, 4, 6, 15, 5, 24, 48, 44, 8, 41, 19, 45, 32, 49, 1, 31, 18, 3, 17, 7, 42, 21, 23, 30, 2, 20, 50, 29, 16, 46, 38, 37, 22]

Individual 75:
  Route length: 12400
  Contribution to Diversity: 0.0012831035861911033
  Route: [1, 39, 36, 35, 34, 44, 25, 23, 30, 8, 9, 10, 43, 33, 51, 11, 52, 14, 13, 47, 26, 27, 28, 12, 37, 38, 48, 24, 2, 49, 4, 6, 15, 5, 41, 19, 45, 32, 46, 16, 29, 50, 20, 40, 7, 42, 21, 17, 3, 18, 31, 22]

Individual 76:
  Route length: 11547
  Contribution to Diversity: 0.0012520528640544981
  Route: [1, 49, 32, 16, 46, 44, 39, 36, 35, 34, 48, 38, 37, 40, 24, 5, 15, 6, 4, 25, 21, 17, 13, 14, 52, 11, 51, 33, 43, 10, 9, 8, 41, 47, 26, 27, 28, 12, 23, 20, 50, 29, 30, 2, 7, 42, 45, 19, 3, 18, 31, 22]

Individual 77:
  Route length: 12734
  Contribution to Diversity: 0.0002826154986008689
  Route: [1, 49, 16, 29, 50, 20, 40, 39, 36, 37, 38, 48, 45, 32, 12, 28, 24, 41, 19, 27, 26, 47, 13, 14, 52, 11, 51, 35, 34, 44, 5, 15, 6, 4, 25, 23, 8, 9, 10, 43, 33, 46, 30, 2, 7, 42, 21, 17, 3, 18, 31, 22]

Individual 78:
  Route length: 13481
  Contribution to Diversity: 0.0007630675360479344
  Route: [1, 8, 34, 44, 46, 9, 49, 12, 38, 48, 24, 5, 15, 6, 4, 25, 35, 36, 39, 40, 37, 52, 14, 13, 47, 26, 27, 28, 41, 19, 45, 32, 11, 51, 33, 43, 10, 50, 29, 16, 20, 23, 30, 2, 7, 42, 21, 17, 3, 18, 31, 22]

Individual 79:
  Route length: 13654
  Contribution to Diversity: 0.0012999879217527877
  Route: [1, 19, 45, 32, 49, 42, 7, 2, 30, 23, 20, 50, 29, 16, 21, 40, 39, 36, 35, 34, 27, 52, 14, 13, 47, 26, 28, 43, 51, 33, 8, 9, 10, 11, 41, 46, 44, 12, 25, 4, 6, 15, 5, 24, 48, 38, 37, 31, 18, 3, 17, 22]

Individual 80:
  Route length: 13194
  Contribution to Diversity: 0.000951150691076208
  Route: [1, 50, 51, 49, 24, 5, 15, 6, 35, 34, 27, 28, 26, 47, 13, 14, 52, 11, 16, 46, 44, 12, 25, 4, 3, 18, 33, 43, 10, 9, 8, 41, 19, 45, 32, 29, 48, 38, 37, 40, 39, 36, 17, 21, 42, 7, 2, 30, 23, 20, 31, 22]

Individual 81:
  Route length: 10883
  Contribution to Diversity: 0
  Route: [6, 4, 25, 12, 28, 27, 26, 47, 13, 14, 52, 11, 51, 33, 43, 41, 8, 9, 10, 15, 29, 50, 20, 23, 30, 5, 24, 48, 38, 44, 34, 35, 36, 39, 40, 37, 17, 21, 42, 2, 7, 19, 45, 32, 49, 1, 16, 46, 3, 18, 31, 22]

Individual 82:
  Route length: 13704
  Contribution to Diversity: 0.0013716686333893335
  Route: [1, 49, 32, 45, 19, 41, 23, 51, 33, 43, 10, 9, 8, 47, 26, 27, 28, 12, 25, 18, 31, 4, 16, 46, 11, 52, 14, 13, 3, 17, 21, 42, 7, 2, 30, 24, 48, 38, 35, 36, 39, 40, 37, 34, 44, 20, 50, 29, 5, 15, 6, 22]

Individual 83:
  Route length: 13978
  Contribution to Diversity: 0.0014062804657459793
  Route: [25, 4, 6, 15, 5, 24, 35, 36, 40, 39, 13, 18, 31, 48, 38, 37, 14, 52, 11, 51, 33, 43, 10, 9, 8, 41, 19, 2, 47, 26, 27, 28, 12, 1, 7, 42, 21, 17, 3, 45, 32, 49, 30, 23, 20, 50, 29, 16, 46, 44, 34, 22]

Individual 84:
  Route length: 10948
  Contribution to Diversity: 0.00010432395487836033
  Route: [40, 34, 35, 36, 39, 10, 9, 42, 7, 17, 3, 18, 31, 1, 49, 32, 45, 19, 41, 8, 44, 48, 24, 5, 15, 6, 4, 25, 12, 28, 27, 26, 47, 13, 14, 52, 11, 51, 33, 43, 21, 23, 30, 2, 20, 50, 29, 16, 46, 38, 37, 22]

Individual 85:
  Route length: 14014
  Contribution to Diversity: 0.0025922307293893
  Route: [1, 23, 47, 26, 50, 29, 16, 46, 44, 51, 33, 43, 10, 9, 8, 41, 19, 45, 32, 49, 3, 17, 21, 42, 7, 11, 52, 14, 13, 6, 4, 25, 12, 28, 27, 39, 40, 20, 36, 37, 38, 48, 24, 5, 15, 30, 2, 34, 35, 18, 31, 22]

Individual 86:
  Route length: 14815
  Contribution to Diversity: 0.0003949368357378802
  Route: [7, 2, 30, 23, 20, 50, 29, 32, 45, 19, 41, 8, 9, 10, 43, 33, 51, 49, 1, 26, 47, 13, 14, 52, 37, 38, 48, 24, 5, 40, 39, 36, 17, 21, 42, 28, 27, 34, 35, 6, 15, 11, 16, 46, 44, 12, 25, 4, 3, 18, 31, 22]

Individual 87:
  Route length: 13014
  Contribution to Diversity: 0.00011789689972729889
  Route: [1, 42, 7, 2, 30, 23, 20, 50, 29, 16, 46, 37, 40, 28, 41, 19, 44, 34, 35, 36, 39, 4, 6, 15, 5, 24, 48, 38, 45, 52, 14, 13, 47, 26, 27, 25, 12, 49, 32, 11, 51, 33, 43, 10, 9, 8, 21, 17, 3, 18, 31, 22]

Individual 88:
  Route length: 14872
  Contribution to Diversity: 0
  Route: [1, 49, 32, 45, 19, 41, 38, 37, 40, 39, 7, 43, 9, 8, 48, 24, 5, 15, 6, 47, 26, 27, 28, 12, 25, 4, 52, 11, 51, 33, 14, 13, 10, 2, 30, 23, 20, 50, 29, 16, 46, 44, 34, 35, 36, 42, 21, 17, 3, 18, 31, 22]

Individual 89:
  Route length: 13598
  Contribution to Diversity: 0.0009908059930943125
  Route: [1, 50, 29, 16, 46, 44, 45, 19, 41, 8, 32, 49, 42, 7, 2, 30, 23, 20, 26, 27, 28, 36, 34, 9, 10, 43, 33, 51, 11, 52, 39, 40, 37, 38, 48, 24, 5, 15, 6, 4, 25, 12, 18, 47, 13, 14, 35, 3, 17, 21, 31, 22]

Individual 90:
  Route length: 12285
  Contribution to Diversity: 0
  Route: [12, 28, 27, 26, 47, 9, 10, 43, 33, 51, 11, 52, 14, 13, 1, 49, 32, 19, 38, 48, 46, 44, 34, 35, 36, 39, 25, 4, 6, 15, 5, 24, 45, 40, 37, 8, 41, 29, 50, 20, 23, 30, 2, 7, 42, 21, 17, 3, 18, 31, 16, 22]

Individual 91:
  Route length: 14685
  Contribution to Diversity: 0.0024949660521453865
  Route: [21, 42, 7, 2, 30, 25, 50, 20, 23, 51, 11, 17, 49, 32, 16, 46, 44, 34, 35, 26, 27, 28, 1, 29, 45, 47, 13, 14, 52, 12, 33, 43, 10, 9, 4, 6, 15, 5, 24, 48, 38, 37, 40, 39, 36, 19, 41, 8, 3, 18, 31, 22]

Individual 92:
  Route length: 11385
  Contribution to Diversity: 0.00011179135213623681
  Route: [1, 51, 33, 43, 10, 9, 8, 41, 19, 45, 32, 49, 15, 6, 4, 36, 35, 34, 47, 26, 27, 28, 12, 25, 42, 7, 2, 30, 23, 50, 20, 39, 40, 37, 38, 48, 24, 5, 11, 52, 14, 13, 29, 16, 46, 44, 21, 17, 3, 18, 31, 22]

Individual 93:
  Route length: 14153
  Contribution to Diversity: 0
  Route: [1, 42, 7, 2, 30, 36, 39, 40, 37, 46, 16, 29, 50, 20, 23, 13, 47, 26, 27, 28, 41, 19, 44, 34, 35, 14, 52, 45, 38, 48, 24, 5, 15, 6, 4, 25, 12, 49, 32, 11, 51, 33, 43, 10, 9, 8, 21, 17, 3, 18, 31, 22]

Individual 94:
  Route length: 14877
  Contribution to Diversity: 0.0014023833533345353
  Route: [1, 24, 48, 38, 37, 51, 32, 49, 31, 45, 19, 41, 8, 9, 10, 43, 33, 17, 3, 18, 40, 21, 14, 52, 11, 39, 36, 23, 30, 2, 7, 42, 46, 44, 12, 25, 4, 6, 15, 5, 13, 47, 26, 28, 27, 34, 35, 20, 50, 29, 16, 22]

Individual 95:
  Route length: 13479
  Contribution to Diversity: 0.00019494487779070369
  Route: [12, 28, 27, 26, 49, 1, 13, 14, 52, 11, 51, 33, 43, 10, 9, 47, 44, 46, 48, 38, 19, 32, 34, 35, 36, 39, 25, 4, 6, 15, 5, 24, 45, 40, 37, 8, 41, 29, 50, 20, 23, 30, 2, 7, 42, 21, 17, 3, 18, 31, 16, 22]

Individual 96:
  Route length: 12754
  Contribution to Diversity: 0.001716279259237119
  Route: [45, 19, 41, 8, 9, 28, 27, 47, 26, 24, 50, 29, 16, 46, 44, 34, 35, 36, 39, 40, 5, 15, 6, 4, 1, 49, 32, 13, 14, 52, 11, 51, 33, 43, 10, 20, 23, 30, 2, 7, 42, 48, 38, 37, 25, 12, 21, 17, 3, 18, 31, 22]

Individual 97:
  Route length: 14629
  Contribution to Diversity: 0.00258579719071772
  Route: [1, 49, 32, 45, 4, 43, 10, 9, 8, 41, 19, 35, 34, 44, 46, 16, 47, 3, 17, 21, 42, 40, 39, 29, 50, 20, 23, 30, 2, 7, 18, 36, 12, 28, 27, 51, 25, 26, 15, 5, 24, 48, 38, 37, 31, 13, 14, 52, 11, 33, 6, 22]

Individual 98:
  Route length: 14450
  Contribution to Diversity: 0.000728418841663192
  Route: [1, 49, 32, 34, 35, 36, 39, 40, 37, 38, 48, 10, 43, 33, 51, 11, 52, 14, 13, 8, 9, 27, 26, 47, 41, 19, 45, 28, 24, 5, 15, 6, 18, 44, 12, 25, 4, 17, 3, 21, 31, 46, 16, 29, 50, 20, 23, 30, 2, 7, 42, 22]

Individual 99:
  Route length: 12607
  Contribution to Diversity: 0.0010180527105676518
  Route: [1, 49, 32, 9, 8, 41, 23, 20, 50, 6, 15, 4, 25, 12, 28, 45, 19, 43, 33, 51, 11, 52, 14, 13, 47, 26, 27, 29, 16, 46, 44, 34, 35, 36, 30, 17, 21, 42, 7, 2, 39, 10, 31, 18, 3, 40, 37, 38, 48, 24, 5, 22]

Individual 100:
  Route length: 14506
  Contribution to Diversity: 0.001133399424245951
  Route: [1, 8, 41, 19, 45, 32, 49, 11, 51, 33, 26, 35, 36, 39, 40, 37, 38, 48, 24, 5, 15, 6, 4, 25, 12, 28, 27, 20, 50, 29, 16, 46, 44, 34, 52, 9, 10, 43, 13, 47, 14, 31, 18, 3, 17, 21, 42, 7, 2, 30, 23, 22]

Individual 101:
  Route length: 13280
  Contribution to Diversity: 0
  Route: [12, 28, 27, 26, 47, 9, 10, 43, 33, 51, 11, 52, 14, 13, 1, 40, 45, 24, 5, 15, 6, 4, 25, 39, 36, 35, 34, 44, 46, 48, 38, 19, 32, 49, 30, 23, 20, 50, 29, 41, 8, 37, 2, 7, 42, 21, 17, 3, 18, 31, 16, 22]

Individual 102:
  Route length: 14855
  Contribution to Diversity: 0.0003878878895315907
  Route: [1, 49, 32, 51, 41, 8, 9, 10, 43, 33, 36, 39, 40, 21, 14, 52, 11, 45, 19, 23, 30, 2, 7, 42, 46, 44, 12, 25, 4, 6, 15, 5, 13, 47, 26, 28, 27, 34, 35, 20, 50, 29, 16, 24, 48, 38, 37, 31, 18, 3, 17, 22]

Individual 103:
  Route length: 14625
  Contribution to Diversity: 0.0011283891748199437
  Route: [1, 49, 32, 51, 33, 43, 10, 9, 12, 25, 4, 46, 44, 42, 7, 2, 30, 23, 36, 39, 40, 21, 14, 52, 11, 45, 19, 41, 8, 18, 31, 37, 38, 48, 24, 16, 29, 50, 20, 35, 34, 27, 28, 26, 47, 13, 5, 15, 6, 3, 17, 22]

Individual 104:
  Route length: 14290
  Contribution to Diversity: 0.001224984803692486
  Route: [19, 49, 32, 45, 15, 6, 4, 3, 17, 21, 42, 7, 40, 37, 38, 48, 24, 47, 26, 27, 28, 12, 25, 1, 2, 20, 23, 30, 16, 5, 52, 14, 13, 29, 50, 46, 44, 34, 35, 36, 39, 41, 8, 9, 10, 43, 33, 51, 11, 18, 31, 22]

Individual 105:
  Route length: 12058
  Contribution to Diversity: 0
  Route: [49, 1, 14, 13, 47, 26, 27, 28, 52, 11, 51, 33, 44, 34, 35, 36, 39, 25, 12, 2, 30, 23, 46, 16, 29, 50, 20, 4, 6, 15, 5, 24, 48, 38, 37, 40, 43, 10, 9, 8, 41, 19, 45, 32, 7, 42, 21, 17, 3, 18, 31, 22]

Individual 106:
  Route length: 13209
  Contribution to Diversity: 0.001202587237899344
  Route: [1, 8, 9, 46, 44, 34, 45, 19, 41, 28, 27, 26, 47, 13, 14, 52, 37, 40, 39, 36, 35, 25, 4, 6, 15, 5, 24, 48, 32, 49, 12, 38, 16, 29, 50, 10, 43, 33, 51, 11, 20, 23, 30, 2, 7, 42, 21, 17, 3, 18, 31, 22]

Individual 107:
  Route length: 12058
  Contribution to Diversity: 0
  Route: [6, 4, 27, 28, 12, 25, 9, 10, 43, 33, 51, 11, 52, 14, 13, 47, 26, 8, 41, 19, 48, 24, 1, 16, 46, 44, 34, 35, 49, 32, 45, 30, 23, 20, 50, 29, 15, 5, 36, 39, 40, 37, 38, 2, 7, 42, 21, 17, 3, 18, 31, 22]

Individual 108:
  Route length: 13739
  Contribution to Diversity: 0.0018137578782573271
  Route: [1, 50, 29, 16, 46, 32, 8, 41, 19, 45, 44, 35, 14, 13, 47, 18, 12, 25, 4, 6, 15, 5, 24, 48, 38, 37, 40, 39, 52, 11, 51, 33, 43, 10, 9, 34, 36, 28, 27, 26, 20, 23, 30, 2, 7, 42, 49, 3, 17, 21, 31, 22]

Individual 109:
  Route length: 11997
  Contribution to Diversity: 0
  Route: [1, 49, 32, 45, 19, 41, 8, 9, 27, 26, 47, 13, 14, 44, 34, 35, 36, 39, 40, 37, 38, 48, 10, 43, 33, 51, 28, 12, 25, 4, 52, 11, 24, 5, 15, 6, 18, 3, 17, 21, 42, 7, 2, 30, 23, 20, 50, 29, 16, 46, 31, 22]

Individual 110:
  Route length: 15010
  Contribution to Diversity: 0.0009369860186048129
  Route: [1, 49, 32, 45, 19, 23, 20, 50, 36, 39, 40, 37, 38, 48, 24, 41, 8, 9, 10, 43, 2, 7, 29, 16, 11, 52, 14, 13, 6, 4, 25, 12, 28, 30, 51, 33, 27, 26, 47, 17, 21, 42, 35, 34, 44, 46, 5, 15, 3, 18, 31, 22]

Individual 111:
  Route length: 14498
  Contribution to Diversity: 0.0008159250269947904
  Route: [1, 49, 32, 45, 19, 16, 29, 7, 2, 43, 10, 9, 8, 4, 25, 12, 28, 30, 23, 20, 50, 36, 39, 40, 37, 38, 48, 24, 41, 6, 13, 14, 52, 11, 51, 33, 27, 26, 47, 17, 21, 42, 35, 34, 44, 46, 5, 15, 3, 18, 31, 22]

Individual 112:
  Route length: 11691
  Contribution to Diversity: 0
  Route: [1, 49, 32, 45, 36, 39, 40, 33, 43, 10, 9, 8, 41, 19, 2, 30, 23, 20, 50, 29, 16, 46, 44, 34, 35, 48, 38, 37, 7, 5, 24, 15, 6, 4, 25, 12, 28, 27, 26, 47, 13, 14, 52, 11, 51, 21, 42, 17, 3, 18, 31, 22]

Individual 113:
  Route length: 14589
  Contribution to Diversity: 0
  Route: [1, 49, 32, 45, 19, 14, 13, 10, 38, 37, 40, 39, 41, 24, 5, 15, 6, 47, 26, 27, 28, 12, 25, 4, 52, 11, 51, 33, 48, 8, 9, 43, 7, 2, 30, 23, 20, 50, 29, 16, 46, 44, 34, 35, 36, 42, 21, 17, 3, 18, 31, 22]

Individual 114:
  Route length: 11325
  Contribution to Diversity: 0
  Route: [6, 4, 25, 12, 28, 24, 48, 19, 41, 8, 9, 10, 43, 33, 51, 11, 52, 14, 13, 47, 26, 27, 18, 3, 17, 21, 42, 7, 2, 38, 37, 40, 39, 36, 5, 15, 29, 50, 20, 23, 30, 45, 32, 49, 35, 34, 44, 46, 16, 1, 31, 22]

Individual 115:
  Route length: 12671
  Contribution to Diversity: 0.002162302487619172
  Route: [1, 49, 32, 35, 29, 16, 46, 44, 36, 4, 40, 37, 38, 48, 24, 39, 13, 14, 52, 11, 51, 33, 43, 7, 2, 30, 23, 20, 50, 6, 15, 5, 25, 12, 10, 9, 8, 41, 19, 45, 31, 18, 3, 17, 21, 42, 28, 27, 26, 47, 34, 22]

Individual 116:
  Route length: 14909
  Contribution to Diversity: 0.00044964151848869705
  Route: [1, 49, 9, 43, 7, 2, 30, 23, 20, 50, 29, 16, 46, 45, 19, 41, 39, 40, 37, 38, 10, 52, 11, 51, 32, 42, 36, 35, 34, 44, 33, 14, 13, 47, 26, 27, 28, 12, 25, 4, 6, 15, 5, 24, 48, 8, 21, 17, 3, 18, 31, 22]

Individual 117:
  Route length: 13752
  Contribution to Diversity: 0.000908270029960967
  Route: [1, 49, 32, 45, 38, 34, 36, 35, 14, 13, 47, 18, 3, 17, 21, 31, 12, 28, 19, 41, 8, 9, 10, 43, 33, 51, 11, 52, 39, 40, 37, 4, 6, 15, 5, 24, 48, 27, 26, 42, 7, 2, 30, 23, 20, 50, 29, 16, 46, 44, 25, 22]

Individual 118:
  Route length: 13589
  Contribution to Diversity: 0.0017012557907643
  Route: [1, 49, 32, 33, 51, 11, 52, 14, 34, 35, 36, 39, 40, 37, 23, 20, 50, 30, 2, 46, 16, 44, 8, 9, 10, 28, 27, 26, 47, 13, 41, 19, 45, 6, 15, 5, 24, 48, 38, 43, 4, 25, 12, 29, 7, 42, 21, 17, 3, 18, 31, 22]

Individual 119:
  Route length: 11810
  Contribution to Diversity: 0
  Route: [49, 1, 14, 13, 47, 26, 27, 16, 29, 50, 20, 4, 6, 15, 5, 24, 48, 38, 37, 40, 43, 10, 9, 8, 41, 19, 45, 32, 52, 11, 51, 33, 44, 34, 35, 36, 39, 25, 12, 28, 46, 23, 30, 2, 7, 42, 21, 17, 3, 18, 31, 22]

Individual 120:
  Route length: 12279
  Contribution to Diversity: 0
  Route: [6, 4, 25, 12, 28, 27, 26, 47, 13, 14, 52, 11, 51, 33, 43, 41, 8, 17, 37, 40, 39, 36, 35, 34, 44, 38, 48, 24, 5, 30, 23, 20, 50, 29, 15, 10, 9, 42, 21, 2, 7, 19, 45, 32, 49, 1, 16, 46, 3, 18, 31, 22]

Individual 121:
  Route length: 14724
  Contribution to Diversity: 0.0005280048802589477
  Route: [12, 28, 27, 26, 47, 19, 32, 49, 1, 13, 14, 52, 11, 51, 33, 30, 2, 7, 9, 10, 43, 16, 31, 18, 3, 17, 21, 42, 37, 38, 48, 41, 8, 40, 45, 24, 5, 15, 6, 4, 25, 39, 36, 35, 34, 44, 46, 50, 20, 23, 29, 22]

Individual 122:
  Route length: 11275
  Contribution to Diversity: 0
  Route: [6, 4, 25, 12, 28, 27, 26, 47, 13, 14, 52, 11, 51, 33, 43, 10, 24, 48, 19, 41, 8, 9, 23, 30, 45, 32, 49, 35, 34, 44, 46, 16, 1, 20, 50, 29, 15, 5, 36, 39, 40, 37, 38, 2, 7, 42, 21, 17, 3, 18, 31, 22]

Individual 123:
  Route length: 13779
  Contribution to Diversity: 9.114408370614058e-05
  Route: [1, 49, 32, 51, 33, 43, 10, 9, 8, 41, 19, 45, 11, 52, 14, 21, 40, 39, 36, 15, 6, 12, 25, 4, 46, 44, 42, 7, 2, 30, 23, 35, 34, 27, 28, 26, 47, 13, 5, 20, 50, 29, 16, 24, 48, 38, 37, 31, 18, 3, 17, 22]

Individual 124:
  Route length: 11746
  Contribution to Diversity: 0
  Route: [6, 4, 25, 12, 28, 30, 23, 20, 50, 29, 15, 5, 24, 48, 38, 37, 43, 33, 51, 11, 52, 14, 13, 47, 26, 27, 42, 2, 7, 19, 45, 32, 49, 1, 16, 40, 39, 36, 35, 34, 44, 46, 10, 9, 8, 41, 21, 17, 3, 18, 31, 22]

Individual 125:
  Route length: 14935
  Contribution to Diversity: 0.0007970152051255397
  Route: [12, 28, 37, 8, 41, 48, 38, 19, 32, 49, 1, 13, 14, 52, 11, 51, 33, 43, 10, 9, 47, 26, 27, 17, 21, 42, 7, 2, 4, 6, 15, 5, 24, 45, 40, 3, 18, 31, 16, 46, 44, 34, 35, 36, 39, 25, 29, 50, 20, 23, 30, 22]

Individual 126:
  Route length: 12812
  Contribution to Diversity: 0.0005214803498976295
  Route: [6, 4, 25, 12, 28, 27, 26, 47, 13, 14, 52, 11, 51, 33, 43, 41, 8, 17, 37, 40, 39, 36, 35, 34, 23, 30, 5, 24, 48, 38, 44, 7, 2, 21, 42, 9, 10, 15, 29, 50, 20, 19, 45, 32, 49, 1, 16, 46, 3, 18, 31, 22]

Individual 127:
  Route length: 13594
  Contribution to Diversity: 0.001021912539221681
  Route: [1, 42, 7, 2, 30, 23, 20, 50, 29, 16, 46, 37, 40, 28, 41, 19, 44, 34, 35, 6, 4, 39, 36, 27, 26, 47, 13, 14, 52, 45, 38, 48, 24, 5, 15, 25, 12, 49, 32, 11, 51, 33, 43, 10, 9, 8, 21, 17, 3, 18, 31, 22]

Individual 128:
  Route length: 12169
  Contribution to Diversity: 0.000629585765426377
  Route: [1, 16, 46, 33, 51, 11, 6, 4, 25, 12, 28, 27, 26, 47, 13, 14, 52, 37, 38, 48, 24, 5, 15, 2, 7, 42, 21, 17, 3, 18, 43, 30, 23, 20, 40, 39, 36, 35, 34, 10, 9, 8, 41, 19, 45, 32, 49, 44, 50, 29, 31, 22]

Individual 129:
  Route length: 13571
  Contribution to Diversity: 0.000420400375684693
  Route: [1, 49, 32, 37, 38, 48, 35, 34, 44, 46, 16, 29, 50, 20, 23, 30, 2, 19, 41, 8, 9, 10, 43, 33, 40, 39, 36, 45, 14, 13, 47, 26, 27, 28, 12, 25, 4, 6, 15, 24, 5, 7, 52, 11, 51, 21, 42, 17, 3, 18, 31, 22]

Individual 130:
  Route length: 14149
  Contribution to Diversity: 0.000450005111671814
  Route: [19, 45, 32, 49, 1, 21, 42, 7, 2, 30, 23, 20, 50, 29, 16, 35, 6, 15, 5, 24, 10, 43, 33, 51, 11, 52, 14, 13, 9, 8, 41, 12, 44, 46, 27, 34, 28, 26, 47, 17, 36, 39, 40, 37, 38, 48, 25, 4, 3, 18, 31, 22]

Individual 131:
  Route length: 10730
  Contribution to Diversity: 0.0006493956617621421
  Route: [40, 34, 35, 36, 39, 9, 10, 43, 33, 51, 11, 52, 14, 13, 47, 26, 27, 28, 12, 5, 15, 6, 4, 25, 20, 2, 30, 23, 21, 42, 7, 17, 3, 18, 31, 1, 49, 32, 45, 19, 41, 8, 44, 48, 24, 50, 29, 16, 46, 38, 37, 22]

Individual 132:
  Route length: 14233
  Contribution to Diversity: 0.001049528320741011
  Route: [19, 45, 32, 49, 1, 21, 42, 7, 2, 5, 24, 10, 43, 33, 51, 11, 52, 14, 13, 9, 8, 41, 12, 44, 46, 16, 29, 50, 20, 23, 30, 40, 39, 36, 17, 47, 26, 28, 27, 34, 35, 6, 15, 37, 38, 48, 25, 4, 3, 18, 31, 22]

Individual 133:
  Route length: 11899
  Contribution to Diversity: 0
  Route: [4, 6, 41, 43, 33, 51, 11, 52, 14, 13, 47, 26, 27, 28, 12, 25, 8, 9, 10, 15, 29, 50, 20, 23, 30, 5, 24, 48, 38, 44, 34, 35, 36, 39, 40, 37, 17, 21, 42, 2, 7, 19, 45, 32, 49, 1, 16, 46, 3, 18, 31, 22]

Individual 134:
  Route length: 10753
  Contribution to Diversity: 0
  Route: [1, 49, 32, 45, 19, 9, 16, 29, 50, 20, 2, 30, 23, 21, 42, 7, 41, 8, 38, 46, 37, 40, 39, 36, 35, 34, 44, 48, 24, 5, 15, 6, 4, 25, 12, 28, 27, 26, 47, 13, 14, 52, 11, 51, 33, 43, 10, 17, 3, 18, 31, 22]

Individual 135:
  Route length: 14452
  Contribution to Diversity: 0
  Route: [12, 28, 27, 26, 47, 19, 32, 49, 1, 13, 14, 16, 31, 18, 3, 17, 21, 42, 7, 2, 30, 33, 51, 11, 52, 10, 43, 9, 8, 41, 48, 38, 37, 40, 45, 24, 5, 15, 6, 4, 25, 39, 36, 35, 34, 44, 46, 50, 20, 23, 29, 22]

Individual 136:
  Route length: 14458
  Contribution to Diversity: 0.0004990634948276451
  Route: [6, 4, 25, 12, 28, 27, 26, 47, 13, 14, 52, 42, 9, 10, 15, 29, 50, 20, 23, 30, 5, 24, 48, 38, 44, 34, 35, 36, 39, 40, 37, 17, 8, 41, 43, 33, 51, 11, 49, 32, 45, 19, 7, 2, 21, 1, 16, 46, 3, 18, 31, 22]

Individual 137:
  Route length: 13560
  Contribution to Diversity: 0
  Route: [49, 1, 14, 13, 47, 26, 27, 16, 29, 50, 20, 4, 6, 15, 5, 24, 48, 38, 37, 40, 43, 10, 9, 8, 41, 19, 45, 32, 52, 11, 51, 33, 44, 34, 35, 36, 39, 25, 12, 28, 2, 30, 23, 46, 3, 17, 21, 42, 7, 18, 31, 22]

Individual 138:
  Route length: 14172
  Contribution to Diversity: 0.0017152864982366012
  Route: [1, 49, 32, 45, 19, 30, 28, 12, 25, 4, 8, 9, 10, 43, 2, 7, 29, 16, 47, 26, 27, 33, 51, 11, 52, 14, 13, 6, 41, 24, 48, 38, 37, 40, 39, 36, 50, 20, 23, 17, 21, 42, 35, 34, 44, 46, 5, 15, 3, 18, 31, 22]

Individual 139:
  Route length: 14561
  Contribution to Diversity: 0.002473847526907491
  Route: [1, 49, 25, 4, 15, 6, 50, 14, 52, 11, 9, 32, 46, 8, 41, 19, 45, 28, 12, 16, 29, 27, 26, 47, 13, 20, 23, 30, 2, 7, 42, 21, 17, 3, 18, 31, 10, 43, 33, 51, 44, 34, 35, 36, 39, 40, 37, 38, 48, 24, 5, 22]

Individual 140:
  Route length: 14913
  Contribution to Diversity: 0.0018260809338510597
  Route: [19, 45, 32, 49, 1, 21, 42, 7, 2, 30, 23, 20, 50, 29, 16, 35, 28, 34, 27, 46, 44, 12, 41, 8, 9, 13, 14, 52, 11, 51, 33, 43, 10, 24, 5, 15, 6, 25, 48, 38, 37, 40, 39, 36, 17, 47, 26, 4, 3, 18, 31, 22]

Individual 141:
  Route length: 14033
  Contribution to Diversity: 0.0006654900020350851
  Route: [1, 49, 32, 51, 33, 43, 10, 9, 8, 41, 19, 45, 11, 52, 14, 21, 40, 31, 37, 38, 48, 24, 16, 29, 50, 20, 35, 34, 27, 28, 26, 47, 13, 5, 15, 6, 12, 25, 4, 46, 44, 42, 7, 2, 30, 23, 36, 39, 17, 3, 18, 22]

Individual 142:
  Route length: 14930
  Contribution to Diversity: 0.00129523353692651
  Route: [19, 45, 32, 49, 16, 30, 23, 20, 2, 1, 25, 12, 28, 27, 26, 47, 24, 48, 38, 37, 40, 7, 42, 21, 17, 3, 4, 6, 41, 39, 36, 35, 34, 44, 46, 50, 29, 13, 14, 52, 5, 15, 31, 18, 11, 51, 33, 43, 10, 9, 8, 22]

Individual 143:
  Route length: 14330
  Contribution to Diversity: 0.0009837396682961241
  Route: [12, 28, 27, 26, 47, 9, 10, 43, 33, 51, 11, 52, 14, 13, 44, 34, 35, 36, 39, 25, 4, 6, 15, 5, 24, 45, 40, 1, 7, 2, 37, 8, 41, 29, 50, 20, 23, 30, 49, 32, 19, 38, 48, 46, 42, 21, 17, 3, 18, 31, 16, 22]

Individual 144:
  Route length: 15050
  Contribution to Diversity: 0.0015689288201743423
  Route: [21, 42, 7, 2, 30, 23, 20, 50, 25, 12, 52, 14, 13, 47, 45, 29, 1, 28, 27, 16, 46, 44, 34, 35, 26, 10, 43, 33, 51, 11, 17, 49, 32, 9, 4, 6, 15, 5, 24, 48, 38, 37, 40, 39, 36, 19, 41, 8, 3, 18, 31, 22]

Individual 145:
  Route length: 14552
  Contribution to Diversity: 0.0017076625794905098
  Route: [1, 49, 32, 51, 33, 41, 8, 9, 10, 43, 40, 21, 14, 52, 11, 45, 19, 31, 37, 38, 48, 24, 16, 29, 50, 20, 35, 34, 27, 28, 26, 47, 13, 5, 15, 6, 12, 25, 4, 46, 44, 42, 7, 2, 30, 23, 36, 39, 17, 3, 18, 22]

Individual 146:
  Route length: 14685
  Contribution to Diversity: 0.001485564159372288
  Route: [6, 4, 25, 12, 28, 27, 26, 47, 13, 14, 52, 42, 35, 34, 44, 38, 48, 24, 5, 30, 23, 20, 50, 29, 15, 10, 9, 39, 36, 40, 37, 17, 8, 41, 43, 33, 51, 11, 49, 32, 45, 19, 7, 2, 21, 1, 16, 46, 3, 18, 31, 22]

Individual 147:
  Route length: 14043
  Contribution to Diversity: 0.0018024121210027388
  Route: [1, 49, 16, 29, 50, 20, 40, 39, 36, 37, 38, 48, 45, 32, 12, 28, 13, 47, 26, 27, 19, 41, 24, 30, 46, 33, 43, 10, 9, 8, 23, 25, 4, 6, 15, 5, 44, 34, 35, 51, 11, 52, 14, 2, 7, 42, 21, 17, 3, 18, 31, 22]

Individual 148:
  Route length: 12720
  Contribution to Diversity: 0
  Route: [49, 1, 14, 13, 47, 26, 27, 28, 52, 11, 51, 33, 44, 34, 35, 36, 39, 25, 12, 2, 30, 23, 46, 16, 29, 50, 20, 4, 6, 15, 5, 24, 48, 38, 37, 40, 17, 21, 42, 7, 32, 45, 19, 41, 8, 9, 10, 43, 3, 18, 31, 22]

Individual 149:
  Route length: 12821
  Contribution to Diversity: 0.0009795718866261183
  Route: [1, 49, 32, 9, 8, 41, 23, 20, 50, 6, 39, 19, 45, 28, 12, 25, 4, 15, 29, 16, 46, 44, 34, 35, 36, 30, 17, 21, 42, 7, 2, 27, 26, 47, 13, 14, 52, 11, 51, 33, 43, 10, 31, 18, 3, 40, 37, 38, 48, 24, 5, 22]

Total Entropy H: 5.100722453685265
