Individual 0:
  Route length: 22594
  Contribution to Diversity: 0.001545880112963971
  Route: [1, 43, 15, 37, 44, 33, 4, 5, 46, 48, 24, 30, 23, 50, 20, 49, 32, 45, 52, 17, 3, 9, 16, 19, 41, 10, 7, 42, 2, 18, 39, 6, 36, 21, 26, 51, 31, 29, 25, 12, 11, 8, 47, 28, 27, 14, 40, 13, 34, 35, 38, 22]

Individual 1:
  Route length: 22583
  Contribution to Diversity: 0.0009661993937619684
  Route: [9, 26, 13, 14, 52, 11, 16, 32, 50, 25, 29, 12, 46, 36, 44, 30, 38, 49, 1, 35, 33, 28, 39, 4, 8, 34, 20, 18, 31, 7, 42, 21, 37, 6, 47, 27, 15, 10, 23, 43, 51, 17, 3, 5, 2, 40, 41, 45, 19, 24, 48, 22]

Individual 2:
  Route length: 22614
  Contribution to Diversity: 0.000618935857166214
  Route: [28, 51, 25, 20, 38, 36, 15, 49, 37, 40, 48, 24, 11, 14, 44, 2, 34, 19, 45, 32, 46, 10, 16, 35, 29, 12, 50, 1, 5, 6, 21, 17, 18, 23, 3, 9, 8, 41, 31, 7, 33, 43, 13, 47, 4, 39, 26, 27, 52, 30, 42, 22]

Individual 3:
  Route length: 22365
  Contribution to Diversity: 0.0012750657317930347
  Route: [1, 32, 3, 46, 44, 34, 7, 42, 21, 52, 16, 26, 47, 48, 4, 25, 12, 23, 30, 2, 24, 38, 33, 14, 15, 27, 11, 5, 18, 19, 39, 40, 51, 28, 29, 17, 35, 37, 6, 41, 8, 9, 10, 13, 31, 20, 50, 43, 45, 49, 36, 22]

Individual 4:
  Route length: 22576
  Contribution to Diversity: 0.0007419060240039244
  Route: [40, 48, 41, 1, 18, 15, 34, 51, 9, 29, 11, 19, 8, 45, 28, 44, 37, 46, 31, 20, 6, 4, 16, 35, 49, 43, 33, 10, 17, 2, 30, 27, 23, 32, 13, 14, 52, 12, 3, 7, 42, 21, 24, 5, 26, 47, 50, 38, 36, 25, 39, 22]

Individual 5:
  Route length: 22021
  Contribution to Diversity: 0.0011187564294541374
  Route: [1, 21, 45, 43, 35, 49, 34, 9, 30, 2, 7, 31, 40, 15, 18, 17, 24, 3, 32, 42, 6, 10, 33, 11, 13, 46, 16, 19, 51, 50, 29, 52, 28, 27, 26, 47, 44, 8, 48, 39, 36, 5, 41, 37, 25, 12, 38, 4, 14, 23, 20, 22]

Individual 6:
  Route length: 22518
  Contribution to Diversity: 0.001258898528969432
  Route: [39, 48, 25, 11, 52, 4, 46, 3, 44, 34, 35, 12, 47, 26, 50, 27, 24, 20, 5, 16, 29, 32, 40, 2, 7, 38, 14, 18, 6, 36, 43, 51, 33, 45, 19, 10, 15, 1, 49, 31, 23, 17, 9, 8, 41, 42, 21, 28, 13, 37, 30, 22]

Individual 7:
  Route length: 22487
  Contribution to Diversity: 0.0012893994796980834
  Route: [37, 10, 16, 44, 6, 1, 48, 36, 26, 41, 15, 24, 40, 35, 5, 34, 19, 51, 47, 13, 30, 23, 45, 32, 8, 7, 42, 28, 14, 12, 27, 4, 2, 21, 49, 38, 50, 29, 20, 9, 3, 17, 18, 31, 46, 39, 25, 52, 11, 43, 33, 22]

Individual 8:
  Route length: 22494
  Contribution to Diversity: 0.0008854022318232069
  Route: [14, 51, 6, 35, 36, 8, 39, 33, 43, 44, 31, 46, 52, 18, 9, 30, 2, 1, 40, 25, 47, 28, 27, 17, 3, 4, 37, 13, 11, 12, 16, 20, 49, 41, 45, 10, 7, 42, 21, 32, 19, 26, 34, 38, 48, 24, 5, 15, 29, 50, 23, 22]

Individual 9:
  Route length: 22399
  Contribution to Diversity: 0.0004489969205296873
  Route: [42, 34, 32, 7, 29, 26, 4, 51, 23, 19, 43, 41, 8, 2, 13, 14, 52, 45, 11, 33, 35, 49, 30, 17, 10, 9, 3, 25, 12, 28, 20, 47, 27, 38, 16, 48, 50, 46, 15, 6, 21, 36, 40, 37, 24, 5, 39, 18, 31, 1, 44, 22]

Individual 10:
  Route length: 22619
  Contribution to Diversity: 0.0018971497320317
  Route: [6, 35, 36, 39, 29, 38, 17, 25, 4, 47, 2, 7, 42, 19, 34, 43, 5, 24, 48, 15, 33, 12, 44, 9, 8, 46, 30, 32, 40, 45, 20, 23, 31, 16, 3, 28, 10, 50, 1, 18, 13, 11, 52, 26, 27, 51, 14, 49, 21, 41, 37, 22]

Individual 11:
  Route length: 22419
  Contribution to Diversity: 0.001144898961606522
  Route: [16, 34, 44, 51, 26, 36, 21, 18, 17, 3, 48, 38, 37, 14, 27, 28, 47, 25, 24, 12, 11, 2, 45, 10, 7, 42, 4, 35, 19, 41, 1, 49, 13, 32, 6, 15, 5, 33, 43, 46, 8, 9, 31, 30, 23, 50, 20, 52, 40, 39, 29, 22]

Individual 12:
  Route length: 22587
  Contribution to Diversity: 0.001120821762275348
  Route: [45, 9, 49, 5, 38, 23, 30, 2, 37, 51, 12, 31, 32, 27, 40, 39, 36, 35, 34, 52, 26, 47, 18, 3, 6, 11, 46, 14, 28, 4, 15, 13, 48, 8, 43, 10, 1, 19, 41, 24, 25, 44, 7, 42, 21, 16, 20, 50, 29, 17, 33, 22]

Individual 13:
  Route length: 21480
  Contribution to Diversity: 0.0006055499401149689
  Route: [17, 10, 43, 4, 19, 6, 18, 2, 30, 21, 20, 23, 32, 25, 13, 52, 14, 38, 37, 40, 49, 36, 47, 26, 29, 24, 7, 50, 39, 8, 41, 16, 44, 46, 11, 35, 1, 3, 51, 12, 28, 27, 15, 9, 33, 48, 42, 34, 5, 31, 45, 22]

Individual 14:
  Route length: 21999
  Contribution to Diversity: 0.0005098420551554739
  Route: [42, 19, 52, 14, 5, 15, 38, 26, 27, 28, 13, 51, 40, 4, 48, 24, 36, 35, 32, 1, 47, 29, 45, 20, 7, 23, 30, 2, 25, 16, 44, 34, 6, 37, 39, 21, 41, 12, 49, 33, 10, 9, 8, 31, 18, 3, 43, 17, 46, 50, 11, 22]

Individual 15:
  Route length: 22421
  Contribution to Diversity: 0.001048091181743871
  Route: [18, 6, 19, 4, 43, 10, 17, 45, 31, 5, 34, 42, 48, 33, 9, 28, 12, 51, 3, 1, 35, 11, 46, 44, 16, 41, 8, 39, 50, 7, 15, 27, 24, 29, 26, 47, 36, 49, 40, 37, 38, 14, 52, 13, 25, 32, 23, 20, 21, 30, 2, 22]

Individual 16:
  Route length: 22362
  Contribution to Diversity: 0.0004328708669882886
  Route: [1, 44, 37, 7, 30, 20, 39, 46, 48, 9, 33, 43, 10, 3, 51, 13, 52, 14, 38, 5, 2, 29, 11, 21, 34, 50, 25, 32, 35, 4, 40, 42, 26, 47, 17, 18, 24, 36, 8, 41, 6, 49, 15, 23, 16, 27, 28, 12, 19, 45, 31, 22]

Individual 17:
  Route length: 22572
  Contribution to Diversity: 0.0015415175892590227
  Route: [1, 29, 38, 5, 17, 3, 18, 51, 11, 52, 14, 39, 7, 9, 8, 43, 33, 37, 25, 36, 24, 15, 34, 50, 20, 40, 48, 49, 47, 13, 6, 27, 26, 45, 44, 2, 23, 12, 28, 30, 4, 21, 10, 16, 46, 35, 19, 32, 41, 31, 42, 22]

Individual 18:
  Route length: 22349
  Contribution to Diversity: 0.0015579117995292435
  Route: [50, 39, 28, 11, 51, 36, 3, 47, 21, 30, 33, 43, 10, 48, 24, 9, 52, 27, 26, 12, 37, 32, 18, 31, 19, 45, 1, 7, 2, 49, 34, 23, 8, 38, 16, 29, 41, 35, 25, 46, 42, 14, 13, 40, 4, 6, 15, 5, 20, 17, 44, 22]

Individual 19:
  Route length: 22390
  Contribution to Diversity: 0.0012763439936307464
  Route: [41, 8, 10, 12, 20, 35, 24, 3, 31, 21, 17, 16, 48, 14, 52, 11, 51, 27, 25, 29, 15, 43, 23, 50, 36, 2, 7, 26, 47, 5, 39, 9, 40, 37, 18, 4, 33, 34, 13, 6, 1, 49, 28, 42, 46, 38, 30, 44, 19, 45, 32, 22]

Individual 20:
  Route length: 22390
  Contribution to Diversity: 0.0011371511275939383
  Route: [8, 19, 20, 13, 39, 48, 36, 5, 45, 46, 34, 15, 51, 50, 29, 44, 12, 25, 4, 43, 47, 52, 26, 11, 14, 42, 38, 10, 9, 6, 32, 1, 3, 18, 31, 2, 7, 17, 21, 16, 23, 33, 28, 30, 49, 41, 27, 24, 35, 37, 40, 22]

Individual 21:
  Route length: 22626
  Contribution to Diversity: 0.0009454187791249069
  Route: [26, 47, 48, 11, 6, 37, 36, 33, 43, 28, 27, 12, 20, 32, 49, 31, 24, 39, 45, 18, 1, 40, 4, 10, 51, 13, 23, 42, 3, 19, 25, 34, 16, 38, 17, 21, 44, 46, 50, 15, 5, 29, 52, 14, 41, 35, 8, 9, 7, 30, 2, 22]

Individual 22:
  Route length: 22501
  Contribution to Diversity: 0.0015177028305792817
  Route: [15, 31, 18, 30, 2, 17, 7, 50, 32, 24, 20, 40, 21, 42, 3, 8, 12, 1, 9, 10, 39, 44, 34, 38, 16, 25, 26, 47, 48, 14, 37, 29, 6, 5, 36, 52, 11, 13, 46, 51, 33, 43, 27, 49, 41, 4, 28, 35, 19, 45, 23, 22]

Individual 23:
  Route length: 22197
  Contribution to Diversity: 0.0015172530314000454
  Route: [37, 33, 51, 43, 38, 19, 41, 1, 15, 6, 8, 31, 50, 20, 2, 30, 52, 13, 47, 26, 9, 45, 17, 3, 42, 7, 18, 34, 25, 46, 40, 5, 44, 4, 48, 39, 35, 29, 16, 32, 49, 11, 10, 36, 21, 28, 23, 27, 12, 24, 14, 22]

Individual 24:
  Route length: 22358
  Contribution to Diversity: 0.0010364324294940275
  Route: [33, 45, 34, 5, 15, 31, 24, 29, 39, 48, 47, 25, 49, 32, 20, 12, 28, 27, 13, 51, 41, 14, 52, 43, 35, 36, 3, 42, 23, 17, 21, 44, 11, 6, 37, 16, 46, 38, 50, 18, 19, 9, 8, 10, 4, 1, 40, 26, 7, 30, 2, 22]

Individual 25:
  Route length: 22223
  Contribution to Diversity: 0.0013012864406087843
  Route: [50, 29, 16, 34, 45, 38, 24, 2, 7, 42, 1, 20, 36, 49, 32, 21, 17, 14, 5, 37, 52, 13, 9, 23, 41, 47, 28, 27, 40, 35, 26, 11, 15, 39, 12, 25, 6, 10, 3, 46, 48, 44, 30, 4, 51, 19, 8, 43, 33, 31, 18, 22]

Individual 26:
  Route length: 22548
  Contribution to Diversity: 0.0007334416381130637
  Route: [20, 50, 28, 27, 12, 13, 52, 25, 51, 30, 29, 18, 37, 40, 23, 10, 49, 7, 31, 41, 5, 48, 24, 32, 21, 17, 1, 34, 19, 45, 43, 26, 3, 44, 42, 2, 9, 8, 14, 11, 46, 4, 6, 16, 15, 47, 35, 36, 38, 33, 39, 22]

Individual 27:
  Route length: 22434
  Contribution to Diversity: 0.0008817657352144792
  Route: [26, 47, 48, 11, 6, 37, 36, 33, 43, 28, 27, 12, 20, 32, 49, 31, 24, 39, 45, 18, 1, 40, 4, 10, 51, 13, 23, 42, 3, 19, 16, 34, 25, 50, 46, 44, 21, 17, 38, 15, 5, 29, 52, 14, 41, 35, 8, 9, 7, 30, 2, 22]

Individual 28:
  Route length: 22522
  Contribution to Diversity: 0.0017777174999551448
  Route: [34, 44, 41, 36, 33, 43, 24, 5, 28, 27, 40, 26, 15, 12, 2, 9, 10, 8, 1, 7, 20, 16, 39, 51, 6, 4, 25, 48, 46, 37, 38, 14, 13, 47, 11, 23, 21, 45, 31, 42, 49, 3, 30, 50, 29, 35, 32, 17, 18, 19, 52, 22]

Individual 29:
  Route length: 22271
  Contribution to Diversity: 0.0008590468322084988
  Route: [17, 50, 40, 15, 30, 18, 20, 21, 7, 2, 14, 4, 23, 49, 34, 32, 28, 51, 47, 13, 26, 27, 29, 16, 31, 11, 3, 41, 19, 24, 38, 48, 46, 12, 6, 35, 42, 8, 9, 45, 33, 25, 5, 36, 44, 37, 43, 10, 39, 52, 1, 22]

Individual 30:
  Route length: 22498
  Contribution to Diversity: 0.0004702281719906054
  Route: [8, 10, 40, 50, 28, 27, 26, 44, 35, 6, 16, 1, 36, 31, 30, 29, 4, 48, 33, 24, 23, 20, 43, 5, 38, 32, 49, 45, 25, 3, 41, 42, 7, 19, 15, 18, 9, 47, 13, 14, 2, 21, 37, 17, 34, 11, 52, 39, 46, 51, 12, 22]

Individual 31:
  Route length: 22358
  Contribution to Diversity: 0.0011159643766118776
  Route: [17, 50, 40, 15, 30, 18, 20, 21, 7, 2, 14, 4, 23, 49, 34, 32, 28, 51, 47, 13, 26, 27, 46, 48, 38, 24, 19, 41, 3, 11, 31, 16, 29, 44, 36, 5, 25, 33, 45, 9, 8, 42, 35, 6, 12, 37, 43, 10, 39, 52, 1, 22]

Individual 32:
  Route length: 22145
  Contribution to Diversity: 0.0006229559915071903
  Route: [9, 48, 21, 23, 34, 42, 29, 28, 33, 31, 30, 1, 49, 17, 3, 8, 41, 51, 47, 26, 4, 25, 24, 2, 7, 20, 32, 45, 19, 52, 11, 5, 44, 46, 36, 50, 40, 37, 38, 10, 35, 16, 6, 27, 15, 12, 14, 13, 39, 18, 43, 22]

Individual 33:
  Route length: 21862
  Contribution to Diversity: 0.0016583906322740205
  Route: [24, 48, 50, 34, 46, 10, 49, 32, 21, 7, 42, 19, 45, 12, 47, 11, 52, 14, 36, 35, 31, 5, 33, 43, 29, 16, 37, 1, 2, 17, 39, 41, 51, 27, 18, 3, 20, 30, 25, 40, 38, 8, 9, 44, 15, 6, 26, 23, 28, 13, 4, 22]

Individual 34:
  Route length: 22625
  Contribution to Diversity: 0.0010685485127037708
  Route: [7, 2, 49, 15, 46, 44, 4, 10, 43, 38, 21, 42, 31, 17, 28, 27, 26, 51, 52, 12, 25, 45, 18, 36, 40, 37, 34, 14, 30, 24, 19, 32, 33, 16, 29, 47, 13, 48, 3, 50, 20, 39, 1, 41, 9, 6, 35, 23, 5, 8, 11, 22]

Individual 35:
  Route length: 22457
  Contribution to Diversity: 0.0007364274260890369
  Route: [42, 44, 40, 4, 8, 31, 48, 13, 51, 20, 25, 37, 39, 11, 7, 2, 19, 45, 41, 1, 16, 46, 6, 47, 33, 28, 27, 29, 18, 3, 17, 49, 12, 30, 23, 21, 50, 5, 26, 14, 52, 32, 38, 24, 34, 36, 9, 10, 43, 35, 15, 22]

Individual 36:
  Route length: 22496
  Contribution to Diversity: 0.0010608755887346888
  Route: [41, 43, 39, 40, 7, 42, 30, 46, 38, 26, 16, 17, 2, 5, 35, 1, 4, 34, 24, 36, 11, 52, 14, 10, 45, 18, 21, 6, 3, 49, 8, 31, 50, 44, 15, 37, 47, 13, 25, 29, 9, 48, 51, 33, 23, 20, 12, 28, 27, 32, 19, 22]

Individual 37:
  Route length: 22180
  Contribution to Diversity: 0.001373871441581187
  Route: [50, 18, 17, 35, 36, 4, 43, 41, 44, 21, 34, 19, 31, 42, 9, 8, 49, 28, 13, 15, 25, 37, 10, 48, 46, 29, 1, 45, 7, 27, 11, 52, 14, 47, 12, 40, 24, 23, 39, 16, 3, 33, 51, 26, 2, 30, 5, 32, 38, 6, 20, 22]

Individual 38:
  Route length: 22594
  Contribution to Diversity: 0.0005365673855752817
  Route: [42, 34, 32, 7, 29, 26, 4, 51, 23, 19, 43, 41, 8, 2, 13, 14, 52, 45, 11, 33, 35, 49, 30, 17, 10, 9, 3, 25, 12, 28, 20, 46, 50, 48, 16, 38, 27, 47, 40, 36, 21, 6, 15, 37, 24, 5, 39, 18, 31, 1, 44, 22]

Individual 39:
  Route length: 22399
  Contribution to Diversity: 0.0010074866067197874
  Route: [11, 51, 17, 21, 5, 49, 26, 13, 14, 52, 43, 4, 47, 48, 23, 1, 38, 44, 18, 28, 6, 39, 25, 27, 15, 42, 16, 20, 30, 35, 46, 34, 19, 41, 8, 36, 24, 40, 3, 10, 9, 33, 31, 37, 29, 2, 7, 12, 32, 45, 50, 22]

Individual 40:
  Route length: 21768
  Contribution to Diversity: 5.935663666267743e-05
  Route: [35, 34, 43, 4, 36, 41, 2, 30, 46, 9, 10, 44, 18, 31, 19, 48, 50, 11, 12, 28, 47, 29, 33, 24, 8, 32, 38, 21, 17, 20, 23, 1, 49, 5, 7, 42, 40, 37, 27, 52, 16, 3, 26, 13, 14, 25, 15, 6, 51, 39, 45, 22]

Individual 41:
  Route length: 22405
  Contribution to Diversity: 0.0008544637227734242
  Route: [1, 29, 46, 34, 7, 35, 36, 4, 32, 44, 41, 50, 33, 51, 26, 2, 30, 47, 14, 52, 11, 27, 24, 40, 43, 45, 39, 16, 10, 19, 31, 42, 25, 15, 13, 28, 49, 5, 21, 23, 8, 9, 17, 38, 6, 20, 18, 3, 12, 48, 37, 22]

Individual 42:
  Route length: 21990
  Contribution to Diversity: 0.00197692539829486
  Route: [1, 42, 19, 41, 46, 38, 23, 16, 2, 37, 51, 40, 29, 8, 9, 10, 43, 33, 11, 14, 52, 32, 49, 34, 48, 30, 47, 18, 31, 20, 28, 24, 45, 15, 5, 13, 26, 6, 12, 25, 44, 7, 3, 17, 21, 50, 36, 35, 39, 27, 4, 22]

Individual 43:
  Route length: 22440
  Contribution to Diversity: 0.0010375638704900325
  Route: [21, 44, 26, 27, 3, 17, 12, 6, 49, 4, 24, 37, 50, 20, 7, 2, 40, 30, 10, 33, 9, 32, 42, 5, 15, 18, 35, 14, 52, 47, 13, 29, 34, 25, 45, 11, 51, 16, 36, 46, 19, 41, 8, 38, 43, 31, 23, 48, 28, 39, 1, 22]

Individual 44:
  Route length: 22315
  Contribution to Diversity: 0.000587604500947414
  Route: [23, 20, 8, 38, 26, 47, 34, 35, 33, 13, 14, 5, 39, 36, 46, 44, 15, 24, 29, 1, 49, 30, 28, 11, 16, 48, 43, 6, 4, 41, 9, 27, 51, 19, 32, 10, 18, 52, 40, 25, 12, 37, 3, 45, 2, 7, 50, 42, 21, 17, 31, 22]

Individual 45:
  Route length: 22327
  Contribution to Diversity: 0.0002586868517200358
  Route: [33, 37, 45, 32, 40, 39, 12, 48, 24, 21, 18, 52, 14, 34, 44, 23, 1, 49, 7, 47, 19, 3, 26, 20, 25, 35, 13, 27, 28, 11, 43, 10, 9, 8, 41, 30, 4, 6, 36, 29, 17, 42, 2, 31, 51, 5, 38, 16, 46, 15, 50, 22]

Individual 46:
  Route length: 22429
  Contribution to Diversity: 0.0013422427406926118
  Route: [8, 19, 20, 36, 48, 39, 13, 28, 33, 10, 2, 7, 17, 21, 16, 23, 30, 5, 45, 46, 34, 15, 51, 50, 29, 4, 25, 12, 44, 14, 11, 26, 52, 47, 43, 42, 38, 18, 31, 3, 1, 9, 6, 32, 49, 41, 27, 24, 35, 37, 40, 22]

Individual 47:
  Route length: 22610
  Contribution to Diversity: 0.0005450437410372544
  Route: [3, 48, 26, 34, 44, 1, 40, 7, 42, 20, 10, 31, 37, 38, 18, 9, 39, 33, 36, 51, 28, 19, 41, 8, 4, 2, 30, 23, 47, 12, 35, 49, 46, 27, 13, 29, 24, 25, 11, 52, 14, 16, 50, 21, 5, 32, 15, 43, 6, 17, 45, 22]

Individual 48:
  Route length: 22614
  Contribution to Diversity: 0.0005026817110724835
  Route: [46, 51, 33, 43, 48, 47, 26, 25, 16, 38, 34, 14, 4, 28, 35, 15, 31, 18, 30, 2, 17, 7, 50, 32, 24, 20, 40, 21, 42, 3, 12, 41, 49, 27, 44, 52, 11, 13, 1, 9, 10, 39, 36, 5, 6, 29, 37, 8, 19, 45, 23, 22]

Individual 49:
  Route length: 22608
  Contribution to Diversity: 0.001321515727129352
  Route: [44, 40, 33, 12, 51, 6, 4, 3, 28, 10, 26, 27, 35, 32, 15, 25, 50, 1, 18, 43, 5, 24, 48, 38, 29, 39, 36, 23, 20, 45, 31, 16, 9, 8, 46, 30, 17, 52, 13, 11, 42, 7, 2, 47, 14, 49, 21, 34, 19, 41, 37, 22]

Individual 50:
  Route length: 22419
  Contribution to Diversity: 0.0014498086299443713
  Route: [4, 12, 17, 18, 9, 10, 14, 52, 11, 51, 33, 43, 40, 19, 47, 13, 15, 25, 37, 38, 34, 21, 20, 1, 24, 2, 27, 28, 16, 3, 29, 32, 50, 26, 6, 48, 35, 36, 44, 46, 45, 30, 23, 8, 41, 49, 5, 7, 39, 42, 31, 22]

Individual 51:
  Route length: 22592
  Contribution to Diversity: 0.0018054558551900968
  Route: [18, 40, 10, 45, 49, 8, 9, 34, 1, 17, 35, 32, 33, 37, 23, 16, 15, 47, 13, 12, 51, 25, 43, 26, 27, 28, 50, 2, 42, 44, 7, 31, 46, 4, 6, 41, 38, 36, 5, 48, 24, 52, 20, 11, 14, 3, 21, 19, 29, 30, 39, 22]

Individual 52:
  Route length: 21901
  Contribution to Diversity: 0.0015056718566706095
  Route: [39, 9, 2, 3, 21, 24, 26, 27, 47, 44, 34, 12, 25, 28, 15, 46, 6, 7, 33, 52, 14, 13, 49, 35, 16, 17, 36, 23, 20, 29, 30, 43, 10, 32, 37, 4, 8, 41, 19, 45, 1, 31, 18, 50, 48, 40, 51, 11, 5, 42, 38, 22]

Individual 53:
  Route length: 22524
  Contribution to Diversity: 0.00025494498661871035
  Route: [9, 35, 23, 24, 5, 33, 25, 46, 16, 7, 28, 32, 45, 42, 21, 38, 8, 34, 31, 17, 3, 11, 51, 14, 52, 13, 47, 26, 48, 40, 39, 18, 19, 41, 50, 44, 20, 27, 37, 36, 43, 2, 30, 1, 29, 10, 15, 12, 49, 6, 4, 22]

Individual 54:
  Route length: 22241
  Contribution to Diversity: 0
  Route: [42, 1, 31, 4, 45, 25, 8, 9, 10, 33, 49, 3, 18, 17, 26, 27, 28, 13, 51, 40, 21, 39, 6, 24, 37, 35, 36, 38, 7, 29, 47, 16, 44, 34, 12, 14, 52, 46, 2, 30, 23, 48, 20, 41, 5, 43, 32, 15, 19, 50, 11, 22]

Individual 55:
  Route length: 22303
  Contribution to Diversity: 0.0002522509230500347
  Route: [49, 21, 29, 45, 42, 26, 44, 13, 17, 50, 15, 25, 46, 47, 16, 28, 27, 52, 14, 20, 40, 43, 34, 48, 6, 23, 1, 35, 3, 18, 30, 32, 4, 24, 11, 33, 5, 19, 36, 38, 12, 51, 2, 7, 37, 10, 9, 8, 41, 39, 31, 22]

Individual 56:
  Route length: 22152
  Contribution to Diversity: 0
  Route: [42, 40, 4, 31, 1, 35, 36, 38, 7, 29, 47, 16, 44, 34, 12, 14, 52, 46, 2, 30, 23, 48, 20, 41, 5, 43, 32, 15, 45, 25, 8, 9, 10, 33, 49, 3, 18, 17, 26, 27, 28, 13, 51, 37, 24, 6, 39, 21, 19, 50, 11, 22]

Individual 57:
  Route length: 22542
  Contribution to Diversity: 0.000781048427212383
  Route: [1, 29, 46, 16, 39, 45, 19, 44, 41, 50, 33, 51, 26, 2, 30, 47, 14, 52, 11, 27, 24, 40, 43, 17, 31, 42, 25, 15, 13, 28, 49, 5, 23, 8, 9, 21, 34, 7, 35, 36, 4, 32, 10, 38, 6, 20, 18, 3, 12, 48, 37, 22]

Individual 58:
  Route length: 22351
  Contribution to Diversity: 0.00023890171345364308
  Route: [1, 51, 27, 25, 12, 46, 33, 18, 40, 15, 36, 24, 43, 10, 17, 44, 4, 5, 20, 13, 16, 28, 11, 26, 52, 9, 31, 29, 47, 39, 50, 23, 8, 37, 49, 45, 6, 42, 7, 2, 30, 21, 32, 3, 19, 41, 14, 48, 38, 34, 35, 22]

Individual 59:
  Route length: 22516
  Contribution to Diversity: 0.00026767968777452467
  Route: [9, 35, 23, 24, 5, 33, 25, 46, 16, 7, 28, 32, 45, 20, 27, 37, 36, 43, 2, 30, 11, 51, 14, 52, 13, 47, 26, 48, 40, 39, 18, 3, 17, 31, 34, 8, 38, 21, 42, 44, 50, 41, 19, 1, 29, 10, 15, 12, 49, 6, 4, 22]

Individual 60:
  Route length: 22224
  Contribution to Diversity: 0.0006476282128344835
  Route: [16, 42, 2, 21, 1, 46, 29, 20, 4, 47, 13, 10, 43, 14, 11, 35, 23, 18, 17, 9, 3, 44, 28, 27, 12, 51, 25, 48, 24, 40, 5, 6, 50, 32, 45, 8, 41, 15, 49, 31, 7, 33, 38, 26, 36, 30, 52, 34, 19, 37, 39, 22]

Individual 61:
  Route length: 22456
  Contribution to Diversity: 0.0009125023531533216
  Route: [20, 43, 26, 51, 25, 52, 13, 12, 50, 28, 27, 40, 37, 18, 29, 30, 32, 24, 44, 42, 2, 45, 19, 34, 1, 17, 21, 23, 10, 49, 7, 31, 41, 5, 48, 38, 36, 35, 47, 15, 16, 6, 4, 46, 11, 14, 8, 9, 3, 33, 39, 22]

Individual 62:
  Route length: 21961
  Contribution to Diversity: 0.00011761676210131355
  Route: [49, 21, 29, 50, 17, 13, 44, 26, 42, 45, 3, 35, 1, 23, 6, 48, 34, 43, 40, 20, 14, 52, 27, 28, 16, 47, 46, 25, 15, 18, 30, 32, 4, 24, 11, 33, 5, 19, 36, 38, 12, 51, 2, 7, 37, 10, 9, 8, 41, 39, 31, 22]

Individual 63:
  Route length: 22517
  Contribution to Diversity: 0.000558051115876701
  Route: [23, 34, 35, 33, 13, 14, 10, 5, 52, 24, 9, 6, 25, 29, 16, 18, 17, 51, 31, 37, 12, 26, 47, 36, 39, 40, 1, 30, 50, 8, 21, 42, 7, 2, 20, 49, 46, 38, 44, 15, 32, 19, 41, 45, 43, 11, 28, 4, 27, 3, 48, 22]

Individual 64:
  Route length: 22596
  Contribution to Diversity: 0.0014074039082796475
  Route: [18, 15, 39, 46, 16, 29, 13, 14, 11, 52, 23, 20, 9, 5, 24, 40, 30, 37, 50, 47, 43, 6, 49, 48, 1, 33, 41, 26, 8, 2, 19, 10, 27, 12, 31, 36, 35, 51, 28, 34, 44, 4, 25, 38, 7, 42, 21, 17, 3, 45, 32, 22]

Individual 65:
  Route length: 22447
  Contribution to Diversity: 0.0020775676683992828
  Route: [1, 27, 51, 6, 15, 11, 41, 5, 12, 46, 13, 21, 3, 50, 30, 37, 29, 23, 20, 44, 34, 39, 2, 17, 24, 48, 49, 32, 45, 19, 42, 7, 16, 18, 47, 26, 10, 33, 43, 40, 28, 25, 4, 38, 8, 9, 36, 35, 52, 14, 31, 22]

Individual 66:
  Route length: 22581
  Contribution to Diversity: 0.0011005462639062102
  Route: [39, 18, 31, 1, 34, 32, 7, 11, 33, 35, 49, 30, 2, 3, 40, 5, 19, 36, 41, 43, 25, 12, 47, 27, 28, 42, 37, 24, 26, 46, 15, 20, 17, 9, 10, 8, 4, 51, 23, 29, 38, 16, 6, 21, 50, 48, 13, 14, 52, 45, 44, 22]

Individual 67:
  Route length: 22426
  Contribution to Diversity: 0.0007446215792556998
  Route: [23, 34, 35, 45, 41, 19, 44, 15, 32, 3, 48, 40, 1, 30, 50, 16, 18, 17, 51, 31, 2, 7, 42, 21, 8, 6, 25, 29, 9, 24, 52, 5, 10, 14, 13, 33, 38, 46, 20, 49, 37, 12, 26, 47, 36, 39, 27, 4, 28, 11, 43, 22]

Individual 68:
  Route length: 22356
  Contribution to Diversity: 0.00092785372149784
  Route: [39, 48, 49, 29, 40, 38, 16, 2, 7, 19, 41, 8, 9, 52, 11, 25, 12, 47, 26, 4, 28, 13, 17, 23, 31, 35, 5, 50, 27, 44, 15, 10, 42, 21, 14, 24, 37, 34, 32, 45, 33, 51, 43, 36, 6, 18, 46, 3, 20, 1, 30, 22]

Individual 69:
  Route length: 21965
  Contribution to Diversity: 0.0007060040126454226
  Route: [51, 26, 11, 13, 47, 24, 19, 8, 18, 37, 40, 36, 14, 21, 27, 28, 12, 5, 23, 35, 45, 25, 43, 38, 49, 1, 41, 32, 50, 17, 29, 16, 33, 10, 9, 15, 44, 4, 6, 46, 39, 48, 3, 30, 2, 7, 42, 52, 31, 34, 20, 22]

Individual 70:
  Route length: 22565
  Contribution to Diversity: 0.00039819923765183063
  Route: [37, 48, 8, 50, 39, 18, 30, 20, 33, 51, 47, 13, 1, 6, 49, 38, 11, 52, 10, 40, 5, 34, 46, 2, 23, 25, 29, 16, 15, 24, 43, 17, 3, 36, 26, 4, 28, 14, 12, 27, 31, 9, 45, 44, 35, 21, 42, 7, 32, 19, 41, 22]

Individual 71:
  Route length: 22491
  Contribution to Diversity: 0.0004187014872982786
  Route: [21, 17, 30, 36, 4, 51, 41, 23, 49, 50, 2, 7, 42, 29, 47, 28, 52, 16, 10, 9, 25, 12, 15, 5, 37, 40, 33, 43, 13, 24, 34, 39, 46, 3, 8, 27, 20, 6, 14, 1, 11, 26, 35, 32, 48, 44, 19, 45, 38, 31, 18, 22]

Individual 72:
  Route length: 22317
  Contribution to Diversity: 0.00042653113923485364
  Route: [26, 13, 14, 52, 10, 9, 21, 51, 11, 18, 47, 48, 16, 5, 44, 50, 1, 23, 20, 27, 8, 29, 2, 7, 42, 12, 33, 17, 32, 46, 45, 19, 41, 35, 3, 25, 4, 38, 37, 30, 34, 40, 24, 6, 15, 49, 43, 28, 36, 39, 31, 22]

Individual 73:
  Route length: 22432
  Contribution to Diversity: 0.0006647235995256295
  Route: [18, 31, 8, 36, 1, 7, 42, 40, 41, 23, 20, 17, 19, 39, 51, 6, 15, 27, 33, 46, 50, 48, 37, 43, 4, 32, 35, 34, 49, 52, 2, 30, 16, 3, 45, 26, 11, 47, 13, 14, 25, 28, 12, 9, 10, 44, 29, 24, 38, 21, 5, 22]

Individual 74:
  Route length: 21657
  Contribution to Diversity: 0
  Route: [35, 34, 43, 4, 36, 41, 2, 30, 46, 9, 10, 44, 42, 7, 5, 49, 1, 23, 20, 17, 21, 38, 32, 8, 24, 33, 29, 47, 28, 12, 11, 50, 48, 19, 31, 18, 39, 51, 6, 15, 25, 14, 13, 26, 3, 16, 52, 27, 37, 40, 45, 22]

Individual 75:
  Route length: 21914
  Contribution to Diversity: 0.0006702184480138484
  Route: [43, 39, 51, 6, 15, 41, 31, 18, 49, 5, 50, 4, 25, 47, 13, 14, 29, 24, 11, 17, 33, 27, 52, 16, 32, 38, 3, 10, 8, 19, 2, 30, 23, 20, 44, 34, 1, 45, 48, 35, 21, 37, 36, 46, 12, 28, 26, 9, 40, 42, 7, 22]

Individual 76:
  Route length: 21519
  Contribution to Diversity: 0.0007473977659087083
  Route: [29, 2, 7, 24, 48, 18, 49, 26, 25, 5, 21, 17, 52, 43, 6, 15, 42, 1, 23, 4, 27, 12, 33, 31, 37, 39, 38, 36, 9, 10, 8, 41, 50, 20, 30, 35, 44, 40, 3, 19, 34, 46, 45, 32, 51, 11, 16, 14, 13, 47, 28, 22]

Individual 77:
  Route length: 22015
  Contribution to Diversity: 0.00011277324853686821
  Route: [26, 13, 14, 52, 10, 9, 21, 51, 11, 18, 47, 48, 16, 5, 44, 50, 1, 23, 20, 27, 15, 6, 24, 40, 34, 30, 37, 38, 4, 25, 3, 35, 41, 19, 45, 12, 33, 17, 32, 46, 49, 43, 28, 8, 29, 2, 7, 42, 36, 39, 31, 22]

Individual 78:
  Route length: 22574
  Contribution to Diversity: 0.001442022534902776
  Route: [29, 16, 40, 39, 36, 45, 9, 50, 14, 13, 28, 52, 51, 48, 32, 21, 47, 11, 37, 5, 12, 26, 27, 43, 34, 24, 8, 19, 33, 30, 25, 15, 6, 46, 20, 1, 17, 3, 42, 23, 10, 2, 41, 4, 49, 44, 31, 38, 35, 18, 7, 22]

Individual 79:
  Route length: 21692
  Contribution to Diversity: 0.00036803353830272556
  Route: [8, 9, 32, 14, 52, 11, 10, 43, 40, 49, 1, 3, 18, 24, 48, 27, 15, 21, 25, 13, 42, 7, 41, 19, 17, 31, 50, 5, 2, 46, 44, 34, 35, 36, 45, 51, 33, 20, 39, 16, 28, 37, 38, 12, 6, 4, 26, 47, 29, 23, 30, 22]

Individual 80:
  Route length: 22562
  Contribution to Diversity: 0.0012463917499045962
  Route: [25, 51, 12, 47, 13, 23, 35, 11, 14, 42, 2, 21, 1, 46, 29, 20, 4, 48, 24, 36, 16, 8, 41, 15, 49, 52, 7, 31, 26, 27, 28, 44, 3, 9, 17, 30, 43, 10, 18, 37, 34, 19, 45, 32, 50, 6, 5, 40, 39, 33, 38, 22]

Individual 81:
  Route length: 22062
  Contribution to Diversity: 0.0006963510736257561
  Route: [27, 6, 28, 26, 47, 30, 3, 43, 23, 50, 31, 21, 42, 7, 2, 12, 38, 19, 46, 36, 14, 51, 11, 52, 48, 16, 17, 5, 15, 4, 37, 18, 13, 34, 29, 20, 1, 33, 32, 45, 39, 49, 44, 41, 8, 9, 40, 24, 25, 10, 35, 22]

Individual 82:
  Route length: 22590
  Contribution to Diversity: 0.00027928803717891526
  Route: [45, 9, 28, 48, 40, 37, 14, 13, 47, 23, 20, 42, 21, 17, 52, 11, 27, 34, 50, 29, 1, 10, 6, 15, 32, 44, 5, 38, 41, 24, 49, 35, 2, 8, 36, 25, 51, 33, 12, 43, 3, 4, 46, 19, 26, 7, 30, 16, 39, 18, 31, 22]

Individual 83:
  Route length: 22169
  Contribution to Diversity: 0.0009670190776001064
  Route: [23, 20, 11, 51, 21, 36, 9, 10, 52, 14, 13, 47, 17, 1, 31, 39, 3, 5, 46, 43, 28, 8, 35, 38, 4, 25, 33, 12, 34, 19, 45, 41, 42, 44, 32, 26, 29, 2, 7, 40, 24, 6, 15, 27, 50, 16, 49, 18, 30, 48, 37, 22]

Individual 84:
  Route length: 22428
  Contribution to Diversity: 0.00018087807044775417
  Route: [21, 14, 1, 25, 11, 51, 8, 44, 24, 35, 3, 9, 10, 37, 4, 26, 38, 30, 6, 33, 43, 40, 18, 2, 7, 16, 29, 50, 42, 17, 41, 19, 45, 48, 31, 5, 28, 52, 15, 20, 36, 39, 34, 32, 49, 23, 27, 13, 46, 12, 47, 22]

Individual 85:
  Route length: 22501
  Contribution to Diversity: 0.000988533351973686
  Route: [5, 15, 31, 17, 44, 39, 20, 2, 6, 3, 30, 8, 43, 45, 32, 1, 14, 48, 25, 13, 47, 26, 27, 28, 16, 24, 12, 51, 11, 37, 52, 49, 18, 41, 36, 19, 42, 21, 7, 50, 29, 38, 35, 40, 33, 46, 4, 23, 34, 9, 10, 22]

Individual 86:
  Route length: 22297
  Contribution to Diversity: 0.00020299152111036278
  Route: [45, 9, 28, 48, 27, 11, 52, 17, 21, 42, 20, 23, 47, 13, 14, 37, 40, 39, 16, 30, 7, 26, 12, 43, 3, 4, 46, 19, 51, 33, 25, 36, 8, 2, 35, 49, 24, 41, 38, 5, 44, 32, 15, 6, 10, 1, 29, 50, 34, 18, 31, 22]

Individual 87:
  Route length: 22402
  Contribution to Diversity: 0.0015378433262442925
  Route: [30, 21, 8, 40, 50, 29, 16, 44, 25, 38, 5, 35, 43, 49, 9, 46, 19, 10, 39, 23, 37, 24, 12, 6, 1, 41, 17, 3, 42, 36, 31, 18, 28, 27, 14, 13, 33, 26, 45, 32, 51, 11, 52, 47, 34, 2, 15, 48, 7, 20, 4, 22]

Individual 88:
  Route length: 22616
  Contribution to Diversity: 0.00059726268006699
  Route: [41, 43, 39, 40, 7, 42, 30, 46, 38, 26, 8, 31, 50, 16, 17, 2, 5, 35, 1, 4, 9, 29, 25, 13, 47, 37, 15, 44, 34, 24, 36, 11, 52, 14, 10, 45, 18, 21, 6, 3, 49, 48, 51, 33, 23, 20, 12, 28, 27, 32, 19, 22]

Individual 89:
  Route length: 21877
  Contribution to Diversity: 0.0012509453419253802
  Route: [37, 39, 50, 8, 48, 32, 1, 6, 49, 38, 11, 52, 10, 40, 5, 34, 46, 2, 23, 25, 29, 16, 15, 24, 43, 17, 3, 36, 12, 14, 28, 4, 26, 13, 31, 27, 47, 51, 33, 20, 30, 18, 7, 42, 21, 35, 44, 45, 9, 19, 41, 22]

Individual 90:
  Route length: 22342
  Contribution to Diversity: 0.00016094440583369618
  Route: [21, 14, 1, 25, 11, 51, 8, 40, 43, 33, 6, 30, 38, 26, 4, 37, 10, 9, 3, 35, 24, 44, 39, 36, 20, 15, 52, 28, 5, 31, 48, 45, 19, 41, 17, 42, 50, 29, 16, 7, 2, 18, 34, 32, 49, 23, 27, 13, 46, 12, 47, 22]

Individual 91:
  Route length: 22356
  Contribution to Diversity: 0.0004540207596495094
  Route: [27, 6, 16, 17, 5, 15, 4, 37, 18, 13, 34, 29, 20, 1, 33, 32, 45, 39, 49, 44, 41, 8, 9, 30, 47, 43, 23, 50, 31, 21, 42, 7, 2, 3, 35, 10, 28, 26, 12, 38, 19, 46, 36, 14, 51, 11, 52, 48, 25, 24, 40, 22]

Individual 92:
  Route length: 22172
  Contribution to Diversity: 0.00039555326330642515
  Route: [6, 4, 25, 23, 20, 45, 40, 47, 2, 7, 42, 39, 26, 27, 51, 14, 49, 21, 41, 36, 35, 32, 17, 10, 28, 12, 33, 38, 48, 24, 5, 43, 34, 19, 44, 9, 8, 46, 30, 16, 3, 37, 31, 50, 1, 18, 52, 11, 13, 29, 15, 22]

Individual 93:
  Route length: 21681
  Contribution to Diversity: 0.0006327311590439422
  Route: [18, 40, 43, 25, 51, 12, 13, 47, 11, 14, 3, 9, 8, 49, 45, 10, 5, 36, 38, 41, 6, 4, 46, 31, 7, 44, 42, 2, 50, 28, 27, 26, 48, 24, 52, 20, 15, 16, 23, 37, 33, 32, 35, 17, 1, 34, 19, 21, 29, 30, 39, 22]

Individual 94:
  Route length: 22559
  Contribution to Diversity: 0.0001133447529770848
  Route: [21, 14, 36, 39, 44, 24, 35, 3, 9, 10, 37, 4, 26, 38, 30, 6, 33, 43, 40, 8, 51, 11, 25, 1, 13, 27, 23, 49, 32, 34, 18, 2, 7, 16, 29, 50, 42, 17, 41, 19, 45, 48, 31, 5, 28, 52, 15, 20, 46, 12, 47, 22]

Individual 95:
  Route length: 21985
  Contribution to Diversity: 0.0004521449642647113
  Route: [18, 19, 39, 10, 9, 30, 17, 1, 32, 20, 14, 13, 38, 12, 40, 41, 8, 15, 25, 6, 37, 44, 45, 47, 46, 24, 23, 36, 31, 43, 16, 49, 21, 7, 42, 29, 3, 35, 2, 5, 26, 4, 50, 51, 11, 52, 27, 28, 33, 34, 48, 22]

Individual 96:
  Route length: 22541
  Contribution to Diversity: 0.000425152036256371
  Route: [21, 17, 30, 36, 4, 51, 41, 23, 49, 50, 2, 7, 42, 29, 47, 28, 52, 37, 5, 15, 12, 25, 9, 10, 16, 13, 43, 33, 40, 24, 34, 39, 46, 3, 8, 27, 20, 6, 14, 1, 11, 26, 35, 32, 48, 44, 19, 45, 38, 31, 18, 22]

Individual 97:
  Route length: 21062
  Contribution to Diversity: 0.0004999461569150654
  Route: [32, 20, 50, 29, 48, 24, 43, 33, 19, 45, 18, 35, 40, 23, 3, 41, 8, 42, 31, 6, 4, 14, 26, 1, 49, 16, 7, 25, 9, 2, 30, 17, 44, 46, 11, 51, 52, 47, 13, 36, 39, 10, 5, 38, 37, 34, 12, 15, 28, 27, 21, 22]

Individual 98:
  Route length: 22497
  Contribution to Diversity: 0.00016412287851874652
  Route: [28, 5, 11, 27, 44, 31, 37, 49, 17, 21, 50, 13, 14, 52, 47, 51, 48, 34, 35, 15, 16, 26, 6, 24, 46, 39, 3, 36, 42, 18, 12, 43, 40, 7, 2, 29, 10, 1, 23, 20, 30, 32, 4, 8, 38, 9, 25, 45, 19, 41, 33, 22]

Individual 99:
  Route length: 21240
  Contribution to Diversity: 0.00010981058356307472
  Route: [30, 5, 51, 15, 17, 49, 18, 10, 33, 45, 19, 23, 7, 37, 1, 43, 41, 8, 50, 9, 12, 6, 40, 25, 38, 20, 29, 16, 46, 3, 42, 2, 35, 13, 14, 27, 28, 26, 39, 48, 4, 47, 52, 11, 44, 21, 24, 32, 31, 36, 34, 22]

Individual 100:
  Route length: 21047
  Contribution to Diversity: 0.0003632722770827712
  Route: [30, 7, 23, 19, 45, 33, 10, 18, 49, 17, 15, 51, 5, 37, 1, 42, 3, 46, 16, 29, 20, 38, 25, 40, 6, 12, 9, 50, 8, 41, 43, 24, 21, 44, 11, 52, 47, 4, 48, 39, 26, 28, 27, 14, 13, 35, 2, 32, 31, 36, 34, 22]

Individual 101:
  Route length: 21437
  Contribution to Diversity: 0
  Route: [30, 20, 48, 17, 44, 7, 42, 50, 35, 13, 14, 52, 26, 27, 24, 9, 10, 5, 4, 45, 28, 47, 51, 11, 37, 40, 16, 29, 12, 32, 6, 8, 36, 31, 34, 41, 19, 33, 3, 46, 39, 15, 49, 21, 18, 2, 43, 38, 25, 1, 23, 22]

Individual 102:
  Route length: 22100
  Contribution to Diversity: 0.0007501584907032566
  Route: [11, 1, 5, 4, 33, 44, 37, 31, 51, 26, 29, 45, 2, 42, 7, 32, 41, 19, 16, 12, 38, 15, 43, 34, 10, 6, 39, 17, 3, 49, 20, 9, 8, 52, 14, 13, 40, 18, 50, 23, 30, 48, 24, 27, 28, 47, 25, 46, 35, 21, 36, 22]

Individual 103:
  Route length: 21792
  Contribution to Diversity: 0
  Route: [30, 20, 48, 17, 44, 7, 42, 50, 35, 13, 14, 52, 26, 27, 24, 9, 10, 16, 40, 37, 11, 51, 47, 28, 45, 4, 5, 3, 33, 19, 41, 34, 31, 36, 8, 6, 32, 12, 29, 46, 39, 15, 49, 21, 18, 2, 43, 38, 25, 1, 23, 22]

Individual 104:
  Route length: 22500
  Contribution to Diversity: 0.0011133350420573507
  Route: [40, 48, 41, 32, 23, 27, 30, 2, 17, 10, 33, 43, 49, 35, 16, 4, 6, 20, 31, 46, 37, 44, 28, 45, 8, 19, 11, 29, 9, 51, 34, 15, 18, 1, 24, 21, 42, 7, 3, 12, 52, 14, 13, 5, 26, 47, 50, 38, 36, 25, 39, 22]

Individual 105:
  Route length: 22557
  Contribution to Diversity: 0.00028868459283160064
  Route: [43, 39, 51, 6, 15, 49, 18, 31, 41, 27, 52, 16, 32, 38, 3, 10, 8, 19, 2, 30, 23, 20, 33, 17, 11, 24, 29, 14, 13, 47, 25, 4, 50, 5, 36, 37, 21, 35, 48, 45, 1, 34, 44, 46, 12, 28, 26, 9, 40, 42, 7, 22]

Individual 106:
  Route length: 21408
  Contribution to Diversity: 0
  Route: [1, 26, 20, 40, 23, 44, 46, 35, 18, 3, 34, 6, 15, 4, 25, 9, 27, 39, 32, 10, 41, 8, 45, 37, 17, 5, 30, 42, 7, 21, 2, 49, 36, 48, 38, 33, 43, 47, 16, 24, 11, 29, 14, 52, 13, 50, 51, 28, 12, 19, 31, 22]

Individual 107:
  Route length: 22560
  Contribution to Diversity: 0.0010076785492554308
  Route: [21, 17, 30, 4, 45, 38, 8, 19, 51, 11, 52, 37, 5, 29, 16, 34, 26, 35, 40, 27, 12, 25, 44, 48, 46, 3, 10, 6, 14, 39, 15, 36, 49, 32, 42, 7, 2, 50, 20, 1, 28, 47, 41, 23, 9, 13, 24, 43, 33, 31, 18, 22]

Individual 108:
  Route length: 22339
  Contribution to Diversity: 0.0008862138431089406
  Route: [1, 31, 42, 14, 13, 33, 43, 17, 32, 24, 18, 19, 45, 8, 25, 4, 6, 51, 39, 21, 20, 16, 50, 30, 29, 27, 44, 35, 36, 5, 28, 11, 47, 34, 3, 49, 9, 10, 48, 46, 26, 23, 40, 37, 38, 15, 12, 2, 7, 41, 52, 22]

Individual 109:
  Route length: 21508
  Contribution to Diversity: 0
  Route: [16, 1, 35, 44, 26, 27, 28, 50, 40, 10, 8, 9, 18, 15, 19, 7, 42, 41, 3, 25, 45, 49, 32, 38, 5, 43, 20, 23, 24, 33, 48, 36, 31, 30, 29, 4, 6, 47, 13, 14, 2, 21, 37, 17, 34, 11, 52, 39, 46, 51, 12, 22]

Individual 110:
  Route length: 22195
  Contribution to Diversity: 0.000897456867577695
  Route: [31, 42, 18, 49, 32, 8, 41, 3, 2, 33, 13, 47, 16, 35, 40, 23, 25, 5, 21, 15, 28, 27, 19, 30, 7, 6, 4, 11, 48, 24, 39, 10, 43, 36, 29, 50, 20, 46, 44, 14, 26, 1, 38, 37, 34, 12, 52, 51, 9, 45, 17, 22]

Individual 111:
  Route length: 22482
  Contribution to Diversity: 0.0004942978339350645
  Route: [3, 42, 21, 40, 20, 24, 32, 50, 7, 17, 2, 30, 18, 12, 41, 49, 27, 44, 52, 11, 13, 46, 51, 33, 43, 48, 47, 26, 25, 16, 38, 34, 14, 4, 28, 35, 15, 31, 36, 39, 10, 9, 1, 5, 6, 29, 37, 8, 19, 45, 23, 22]

Individual 112:
  Route length: 22232
  Contribution to Diversity: 0.001169175404239553
  Route: [30, 44, 11, 52, 47, 4, 48, 39, 27, 14, 13, 35, 2, 42, 23, 7, 32, 19, 45, 33, 26, 28, 31, 3, 46, 16, 29, 20, 38, 25, 40, 6, 12, 9, 50, 8, 41, 24, 21, 43, 1, 37, 5, 51, 15, 17, 49, 18, 10, 36, 34, 22]

Individual 113:
  Route length: 22451
  Contribution to Diversity: 0.0009020398075287872
  Route: [42, 44, 40, 4, 8, 31, 25, 20, 51, 13, 48, 49, 17, 3, 18, 29, 27, 28, 33, 47, 6, 46, 16, 1, 41, 45, 19, 2, 7, 11, 39, 37, 12, 30, 23, 21, 50, 5, 26, 14, 52, 32, 38, 24, 34, 36, 9, 10, 43, 35, 15, 22]

Individual 114:
  Route length: 22173
  Contribution to Diversity: 0.0001566360337221795
  Route: [28, 5, 11, 27, 44, 31, 21, 17, 49, 37, 24, 6, 26, 16, 15, 35, 34, 48, 51, 47, 52, 14, 13, 50, 46, 39, 3, 36, 42, 18, 12, 43, 40, 7, 2, 29, 10, 1, 23, 20, 30, 32, 4, 8, 38, 9, 25, 45, 19, 41, 33, 22]

Individual 115:
  Route length: 21748
  Contribution to Diversity: 5.029676044898679e-05
  Route: [17, 50, 10, 9, 8, 33, 11, 6, 12, 2, 29, 35, 24, 16, 1, 25, 15, 34, 30, 23, 42, 47, 46, 38, 36, 7, 37, 39, 26, 20, 3, 18, 31, 44, 40, 49, 19, 27, 28, 51, 13, 52, 14, 5, 4, 21, 41, 43, 48, 32, 45, 22]

Individual 116:
  Route length: 21275
  Contribution to Diversity: 0
  Route: [1, 26, 43, 33, 38, 48, 36, 49, 2, 21, 7, 42, 30, 5, 17, 37, 45, 8, 41, 10, 32, 39, 27, 9, 25, 4, 15, 6, 34, 3, 18, 35, 46, 44, 23, 40, 20, 13, 52, 14, 29, 11, 24, 16, 47, 50, 51, 28, 12, 19, 31, 22]

Individual 117:
  Route length: 22037
  Contribution to Diversity: 0
  Route: [30, 20, 4, 45, 28, 47, 51, 11, 37, 40, 16, 10, 9, 24, 27, 26, 52, 14, 13, 35, 50, 42, 7, 44, 17, 48, 12, 32, 6, 8, 36, 31, 34, 41, 19, 33, 3, 5, 29, 46, 39, 15, 49, 21, 18, 2, 43, 38, 25, 1, 23, 22]

Individual 118:
  Route length: 21580
  Contribution to Diversity: 0.0008435000427358119
  Route: [21, 28, 25, 38, 35, 16, 8, 45, 19, 32, 36, 39, 40, 26, 14, 12, 31, 34, 2, 17, 7, 50, 1, 20, 29, 44, 15, 43, 33, 48, 49, 46, 41, 10, 9, 5, 18, 30, 3, 37, 13, 51, 4, 6, 52, 11, 27, 23, 42, 47, 24, 22]

Individual 119:
  Route length: 22037
  Contribution to Diversity: 0
  Route: [1, 51, 27, 25, 12, 41, 19, 3, 32, 21, 30, 2, 7, 42, 6, 45, 49, 37, 8, 23, 50, 29, 47, 39, 13, 16, 28, 11, 26, 52, 9, 31, 20, 5, 4, 44, 17, 10, 43, 24, 36, 15, 40, 18, 33, 46, 48, 14, 38, 34, 35, 22]

Individual 120:
  Route length: 20483
  Contribution to Diversity: 0
  Route: [11, 1, 41, 10, 13, 34, 43, 40, 31, 37, 44, 4, 33, 9, 8, 18, 50, 23, 30, 24, 48, 32, 7, 42, 2, 45, 36, 21, 35, 46, 25, 47, 28, 27, 14, 52, 51, 26, 29, 3, 17, 39, 19, 16, 12, 38, 15, 6, 5, 20, 49, 22]

Individual 121:
  Route length: 22570
  Contribution to Diversity: 0.0006745177718894269
  Route: [18, 19, 39, 10, 15, 8, 41, 40, 12, 38, 13, 14, 20, 32, 1, 17, 30, 9, 31, 43, 16, 49, 21, 7, 42, 29, 3, 35, 2, 5, 26, 4, 50, 51, 11, 52, 27, 28, 33, 45, 44, 37, 6, 25, 36, 23, 24, 46, 47, 34, 48, 22]

Individual 122:
  Route length: 22163
  Contribution to Diversity: 0.0013306193152153867
  Route: [7, 2, 30, 12, 52, 51, 26, 27, 28, 17, 31, 42, 21, 38, 43, 10, 4, 14, 25, 45, 18, 36, 32, 19, 24, 47, 13, 48, 3, 34, 50, 1, 41, 9, 6, 39, 37, 40, 11, 8, 5, 23, 35, 33, 16, 29, 49, 15, 46, 44, 20, 22]

Individual 123:
  Route length: 22147
  Contribution to Diversity: 0
  Route: [27, 28, 31, 1, 49, 34, 44, 37, 35, 29, 36, 6, 33, 5, 24, 4, 12, 9, 48, 41, 40, 39, 20, 38, 50, 16, 43, 19, 45, 26, 23, 13, 47, 14, 52, 17, 18, 46, 3, 15, 8, 51, 11, 10, 21, 42, 7, 2, 30, 25, 32, 22]

Individual 124:
  Route length: 21064
  Contribution to Diversity: 8.681828398238167e-05
  Route: [11, 1, 41, 10, 13, 34, 43, 40, 31, 37, 44, 4, 33, 9, 8, 18, 50, 23, 2, 42, 7, 32, 48, 24, 30, 25, 46, 35, 21, 36, 45, 47, 28, 27, 14, 52, 51, 26, 29, 3, 17, 39, 19, 16, 12, 38, 15, 6, 5, 20, 49, 22]

Individual 125:
  Route length: 21290
  Contribution to Diversity: 0
  Route: [16, 30, 34, 44, 13, 51, 11, 41, 33, 46, 4, 25, 48, 38, 32, 45, 2, 17, 21, 29, 27, 12, 31, 52, 14, 28, 23, 15, 6, 42, 7, 36, 39, 8, 37, 40, 49, 20, 50, 1, 3, 18, 35, 19, 47, 26, 24, 43, 10, 9, 5, 22]

Individual 126:
  Route length: 22098
  Contribution to Diversity: 0.0010995671752702663
  Route: [31, 42, 18, 49, 32, 8, 41, 3, 2, 33, 13, 47, 16, 35, 40, 23, 29, 36, 43, 10, 39, 24, 48, 11, 4, 6, 7, 30, 19, 27, 28, 15, 21, 5, 25, 44, 46, 20, 50, 14, 26, 1, 38, 37, 34, 12, 52, 51, 9, 45, 17, 22]

Individual 127:
  Route length: 22559
  Contribution to Diversity: 0
  Route: [50, 48, 52, 11, 51, 14, 38, 40, 37, 13, 44, 30, 20, 35, 24, 46, 47, 39, 5, 18, 21, 17, 19, 25, 3, 31, 45, 32, 33, 43, 23, 16, 49, 1, 6, 28, 10, 8, 41, 4, 9, 12, 26, 34, 27, 15, 2, 7, 42, 36, 29, 22]

Individual 128:
  Route length: 20194
  Contribution to Diversity: 0
  Route: [16, 1, 35, 44, 43, 5, 38, 32, 49, 45, 25, 3, 41, 42, 7, 19, 15, 18, 9, 8, 10, 40, 50, 28, 27, 26, 14, 13, 47, 6, 4, 29, 30, 31, 36, 48, 33, 24, 23, 20, 2, 21, 37, 17, 34, 11, 52, 39, 46, 51, 12, 22]

Individual 129:
  Route length: 21556
  Contribution to Diversity: 0.0007099856128895965
  Route: [16, 42, 2, 21, 1, 46, 29, 20, 4, 47, 13, 10, 43, 14, 11, 35, 23, 18, 17, 9, 3, 44, 28, 27, 12, 51, 25, 48, 24, 40, 5, 6, 50, 32, 45, 8, 41, 7, 31, 49, 15, 38, 33, 26, 36, 30, 52, 34, 19, 37, 39, 22]

Individual 130:
  Route length: 22479
  Contribution to Diversity: 0.0008534629746064226
  Route: [8, 31, 7, 20, 50, 12, 34, 6, 28, 39, 36, 46, 49, 37, 24, 38, 1, 25, 4, 15, 27, 45, 32, 42, 23, 16, 3, 17, 44, 26, 11, 51, 35, 43, 33, 9, 29, 40, 30, 2, 21, 48, 18, 10, 52, 14, 47, 13, 41, 19, 5, 22]

Individual 131:
  Route length: 21981
  Contribution to Diversity: 0.0004676507688738951
  Route: [17, 50, 10, 9, 8, 33, 11, 35, 29, 2, 12, 6, 28, 27, 19, 49, 40, 5, 4, 26, 39, 37, 7, 36, 38, 46, 47, 42, 23, 30, 34, 15, 25, 20, 3, 18, 31, 44, 48, 43, 41, 21, 1, 16, 24, 51, 13, 52, 14, 32, 45, 22]

Individual 132:
  Route length: 21563
  Contribution to Diversity: 0
  Route: [27, 28, 31, 1, 49, 34, 44, 37, 35, 29, 36, 6, 33, 5, 24, 4, 12, 9, 48, 41, 40, 39, 20, 38, 50, 16, 43, 19, 45, 26, 23, 17, 52, 14, 47, 13, 46, 18, 3, 15, 8, 51, 11, 10, 21, 42, 7, 2, 30, 25, 32, 22]

Individual 133:
  Route length: 22597
  Contribution to Diversity: 0.0013034904476665332
  Route: [8, 49, 32, 45, 20, 23, 39, 24, 48, 2, 16, 40, 6, 44, 51, 1, 36, 33, 46, 11, 52, 42, 7, 34, 38, 19, 3, 4, 29, 30, 5, 14, 13, 47, 15, 50, 9, 10, 43, 41, 25, 12, 21, 35, 26, 27, 28, 37, 17, 18, 31, 22]

Individual 134:
  Route length: 21413
  Contribution to Diversity: 0
  Route: [16, 30, 34, 40, 37, 8, 39, 36, 7, 42, 6, 15, 23, 28, 14, 52, 31, 12, 27, 29, 21, 17, 2, 45, 32, 38, 48, 25, 4, 46, 33, 41, 11, 51, 13, 44, 26, 47, 19, 35, 18, 3, 1, 50, 20, 49, 24, 43, 10, 9, 5, 22]

Individual 135:
  Route length: 22616
  Contribution to Diversity: 0.0012106185917115653
  Route: [21, 44, 26, 27, 20, 50, 37, 24, 4, 49, 6, 12, 17, 3, 25, 34, 29, 13, 47, 52, 14, 35, 18, 15, 5, 42, 32, 9, 33, 10, 30, 40, 2, 7, 45, 16, 51, 11, 48, 23, 31, 43, 38, 8, 41, 19, 46, 36, 28, 39, 1, 22]

Individual 136:
  Route length: 21905
  Contribution to Diversity: 0
  Route: [27, 28, 31, 1, 49, 34, 41, 17, 29, 35, 37, 44, 38, 20, 39, 40, 50, 16, 43, 19, 45, 26, 23, 13, 47, 14, 52, 24, 4, 12, 9, 48, 5, 33, 6, 36, 30, 2, 7, 42, 21, 10, 11, 51, 8, 15, 3, 46, 18, 25, 32, 22]

Individual 137:
  Route length: 22625
  Contribution to Diversity: 0.0008281312236055882
  Route: [30, 10, 24, 35, 20, 42, 46, 38, 39, 5, 47, 26, 7, 2, 28, 16, 4, 15, 6, 1, 49, 3, 31, 21, 17, 23, 43, 48, 12, 19, 44, 18, 37, 40, 9, 29, 25, 27, 51, 11, 52, 14, 36, 50, 45, 32, 41, 8, 33, 34, 13, 22]

Individual 138:
  Route length: 22156
  Contribution to Diversity: 7.194090571438494e-05
  Route: [50, 48, 52, 11, 51, 14, 38, 40, 37, 13, 44, 30, 20, 35, 24, 46, 47, 39, 5, 18, 21, 17, 19, 49, 16, 23, 43, 33, 32, 45, 31, 3, 25, 28, 6, 1, 10, 8, 41, 4, 9, 12, 26, 34, 27, 15, 2, 7, 42, 36, 29, 22]

Individual 139:
  Route length: 22001
  Contribution to Diversity: 0
  Route: [3, 48, 26, 34, 44, 1, 49, 35, 12, 47, 51, 28, 19, 41, 8, 4, 2, 30, 23, 39, 33, 36, 9, 18, 38, 37, 31, 10, 20, 42, 7, 40, 43, 15, 32, 5, 21, 50, 16, 14, 52, 11, 25, 24, 29, 13, 27, 46, 6, 17, 45, 22]

Individual 140:
  Route length: 22617
  Contribution to Diversity: 0
  Route: [3, 48, 51, 28, 19, 41, 8, 4, 2, 30, 23, 47, 12, 35, 49, 1, 44, 34, 26, 20, 10, 31, 37, 38, 18, 9, 39, 33, 36, 42, 7, 40, 43, 15, 32, 5, 21, 50, 16, 14, 52, 11, 25, 24, 29, 13, 27, 46, 6, 17, 45, 22]

Individual 141:
  Route length: 21580
  Contribution to Diversity: 0
  Route: [33, 37, 45, 32, 40, 39, 12, 26, 3, 19, 47, 7, 49, 1, 23, 44, 34, 14, 52, 18, 21, 24, 48, 41, 8, 9, 10, 43, 11, 28, 27, 13, 35, 25, 20, 30, 4, 6, 36, 29, 17, 42, 2, 31, 51, 5, 38, 16, 46, 15, 50, 22]

Individual 142:
  Route length: 22585
  Contribution to Diversity: 0.0011113720025361928
  Route: [30, 10, 24, 35, 34, 6, 15, 13, 1, 49, 3, 31, 21, 20, 42, 46, 38, 39, 5, 47, 26, 7, 2, 28, 16, 4, 18, 37, 40, 9, 48, 43, 23, 17, 8, 33, 41, 32, 45, 50, 29, 25, 27, 51, 11, 52, 14, 36, 12, 19, 44, 22]

Individual 143:
  Route length: 22518
  Contribution to Diversity: 0.0014638835960170127
  Route: [5, 15, 31, 37, 52, 44, 39, 20, 2, 35, 40, 33, 25, 49, 18, 41, 1, 36, 19, 42, 21, 17, 32, 45, 43, 8, 30, 3, 6, 11, 7, 50, 29, 38, 51, 27, 28, 16, 24, 12, 14, 13, 47, 26, 48, 4, 46, 23, 34, 9, 10, 22]

Individual 144:
  Route length: 21734
  Contribution to Diversity: 0
  Route: [27, 28, 31, 1, 49, 34, 44, 37, 35, 29, 17, 41, 40, 39, 20, 38, 16, 50, 48, 9, 12, 4, 24, 52, 14, 47, 13, 23, 26, 45, 19, 43, 5, 33, 6, 36, 30, 2, 7, 42, 21, 10, 11, 51, 8, 15, 3, 46, 18, 25, 32, 22]

Individual 145:
  Route length: 21534
  Contribution to Diversity: 0
  Route: [1, 26, 20, 40, 23, 44, 47, 43, 33, 38, 48, 36, 49, 2, 21, 7, 42, 30, 5, 17, 37, 45, 8, 41, 10, 32, 39, 27, 9, 25, 4, 15, 6, 34, 3, 18, 35, 46, 16, 24, 11, 29, 14, 52, 13, 50, 51, 28, 12, 19, 31, 22]

Individual 146:
  Route length: 22367
  Contribution to Diversity: 0
  Route: [1, 51, 27, 25, 12, 41, 19, 31, 9, 52, 26, 11, 28, 16, 13, 39, 47, 29, 50, 23, 8, 37, 49, 45, 6, 42, 7, 2, 30, 21, 32, 3, 20, 5, 4, 44, 17, 10, 43, 24, 36, 15, 40, 18, 33, 46, 48, 14, 38, 34, 35, 22]

Individual 147:
  Route length: 21977
  Contribution to Diversity: 0.000493278007895448
  Route: [21, 28, 25, 38, 35, 16, 8, 45, 19, 32, 36, 39, 40, 26, 14, 12, 31, 34, 2, 17, 7, 50, 1, 20, 29, 44, 15, 43, 33, 48, 49, 46, 41, 6, 4, 51, 13, 37, 3, 30, 18, 5, 9, 10, 11, 52, 27, 23, 42, 47, 24, 22]

Individual 148:
  Route length: 22385
  Contribution to Diversity: 0.0008265855264237842
  Route: [29, 16, 40, 39, 36, 48, 51, 52, 28, 13, 14, 50, 9, 45, 46, 20, 1, 17, 3, 42, 23, 33, 5, 12, 26, 27, 41, 37, 11, 47, 21, 32, 6, 15, 25, 30, 2, 10, 19, 8, 24, 34, 43, 44, 49, 4, 31, 38, 35, 18, 7, 22]

Individual 149:
  Route length: 22431
  Contribution to Diversity: 0
  Route: [34, 44, 16, 47, 29, 7, 38, 36, 35, 37, 24, 6, 39, 21, 40, 51, 13, 28, 27, 26, 17, 18, 3, 49, 33, 10, 9, 8, 25, 45, 4, 31, 1, 42, 5, 41, 20, 48, 23, 30, 2, 46, 52, 14, 12, 43, 32, 15, 19, 50, 11, 22]

Total Entropy H: 6.822749953828318
