Individual 0:
  Route length: 9409
  Contribution to Diversity: 0.006058304789984703
  Route: [1, 49, 18, 3, 8, 9, 10, 43, 33, 51, 11, 52, 14, 13, 47, 26, 27, 28, 12, 25, 4, 5, 15, 6, 39, 24, 34, 44, 32, 36, 38, 48, 37, 46, 16, 29, 50, 20, 23, 30, 2, 7, 42, 21, 17, 45, 19, 41, 40, 35, 31, 22]

Individual 1:
  Route length: 9344
  Contribution to Diversity: 0.01567634110050875
  Route: [1, 49, 36, 35, 37, 48, 44, 24, 40, 38, 32, 19, 41, 45, 17, 21, 42, 7, 2, 30, 23, 20, 50, 29, 16, 46, 34, 31, 39, 5, 15, 6, 4, 25, 12, 28, 27, 26, 47, 13, 14, 52, 11, 51, 33, 43, 10, 9, 8, 3, 18, 22]

Individual 2:
  Route length: 9378
  Contribution to Diversity: 0.001399068318153951
  Route: [46, 44, 34, 35, 48, 38, 36, 39, 40, 37, 15, 5, 24, 6, 4, 25, 12, 28, 27, 26, 47, 14, 13, 52, 11, 51, 33, 43, 45, 19, 10, 9, 8, 41, 32, 49, 1, 20, 23, 30, 50, 29, 16, 21, 17, 42, 2, 7, 31, 3, 18, 22]

Individual 3:
  Route length: 9370
  Contribution to Diversity: 0.007084699977405684
  Route: [1, 49, 10, 9, 8, 41, 19, 43, 33, 51, 11, 52, 14, 13, 47, 26, 27, 28, 12, 25, 4, 6, 15, 5, 24, 48, 34, 44, 46, 40, 37, 38, 39, 36, 35, 45, 32, 17, 3, 18, 21, 42, 7, 2, 30, 31, 20, 23, 16, 29, 50, 22]

Individual 4:
  Route length: 9371
  Contribution to Diversity: 0.006673094653685041
  Route: [1, 34, 16, 29, 20, 50, 23, 18, 17, 42, 7, 2, 30, 21, 31, 45, 19, 41, 8, 9, 10, 43, 33, 51, 11, 52, 13, 14, 47, 26, 27, 28, 12, 25, 4, 24, 48, 6, 15, 5, 38, 37, 39, 36, 35, 46, 32, 3, 40, 49, 44, 22]

Individual 5:
  Route length: 9393
  Contribution to Diversity: 0.0035788256017941222
  Route: [1, 49, 35, 34, 44, 18, 3, 31, 7, 2, 42, 17, 21, 20, 23, 30, 50, 29, 16, 46, 12, 28, 27, 26, 47, 14, 13, 52, 11, 51, 33, 43, 4, 25, 6, 24, 5, 40, 37, 15, 48, 38, 36, 39, 45, 19, 10, 9, 8, 41, 32, 22]

Individual 6:
  Route length: 9373
  Contribution to Diversity: 0.008331967022446207
  Route: [1, 40, 49, 44, 23, 18, 17, 42, 7, 2, 30, 21, 31, 45, 19, 41, 8, 9, 10, 43, 33, 51, 11, 52, 13, 14, 47, 26, 27, 28, 12, 25, 4, 24, 48, 6, 15, 5, 38, 37, 39, 36, 35, 46, 50, 20, 29, 16, 34, 3, 32, 22]

Individual 7:
  Route length: 9415
  Contribution to Diversity: 0.013070678595174634
  Route: [1, 17, 21, 42, 2, 7, 30, 23, 50, 20, 29, 16, 24, 5, 46, 38, 44, 49, 32, 45, 19, 41, 8, 9, 10, 43, 33, 51, 11, 52, 14, 13, 47, 26, 27, 28, 12, 25, 48, 35, 40, 34, 4, 15, 6, 37, 39, 36, 18, 31, 3, 22]

Individual 8:
  Route length: 9375
  Contribution to Diversity: 0.013959814383787794
  Route: [32, 37, 44, 29, 20, 50, 23, 31, 1, 24, 15, 6, 4, 25, 12, 28, 27, 26, 47, 13, 14, 52, 11, 51, 33, 43, 10, 9, 8, 41, 19, 45, 49, 16, 46, 48, 5, 40, 38, 35, 34, 39, 36, 3, 21, 30, 2, 7, 42, 17, 18, 22]

Individual 9:
  Route length: 9378
  Contribution to Diversity: 0.0014534995620234525
  Route: [1, 49, 32, 45, 19, 41, 8, 9, 10, 43, 33, 51, 11, 52, 14, 13, 47, 26, 27, 28, 12, 25, 44, 4, 15, 6, 48, 37, 38, 35, 36, 39, 40, 34, 24, 5, 46, 50, 20, 23, 30, 2, 7, 42, 21, 17, 29, 16, 18, 31, 3, 22]

Individual 10:
  Route length: 9420
  Contribution to Diversity: 0.01219959841608187
  Route: [49, 39, 6, 4, 25, 12, 28, 27, 26, 47, 13, 14, 52, 11, 51, 16, 29, 50, 20, 23, 30, 42, 7, 2, 21, 44, 40, 5, 15, 24, 38, 37, 46, 48, 43, 33, 10, 9, 8, 41, 19, 45, 32, 1, 34, 35, 36, 17, 3, 18, 31, 22]

Individual 11:
  Route length: 9304
  Contribution to Diversity: 0.003049222217415881
  Route: [1, 49, 35, 34, 44, 18, 3, 31, 21, 17, 42, 2, 7, 20, 23, 30, 50, 29, 16, 46, 12, 28, 27, 26, 47, 14, 13, 52, 11, 51, 33, 43, 4, 25, 6, 24, 5, 40, 37, 15, 48, 38, 36, 39, 45, 19, 10, 9, 8, 41, 32, 22]

Individual 12:
  Route length: 9423
  Contribution to Diversity: 0.007695474918683942
  Route: [1, 49, 32, 35, 48, 34, 39, 40, 8, 9, 10, 33, 43, 41, 19, 45, 38, 46, 44, 36, 24, 37, 5, 15, 6, 4, 25, 26, 27, 28, 12, 51, 11, 52, 14, 13, 47, 16, 29, 50, 20, 23, 30, 2, 7, 42, 21, 17, 3, 18, 31, 22]

Individual 13:
  Route length: 9381
  Contribution to Diversity: 0.007247167526663212
  Route: [1, 32, 45, 19, 41, 43, 33, 10, 9, 8, 40, 35, 49, 34, 39, 36, 44, 46, 38, 24, 37, 5, 15, 6, 4, 25, 48, 16, 47, 13, 14, 52, 11, 51, 12, 28, 27, 26, 29, 50, 20, 23, 30, 2, 7, 42, 21, 17, 3, 18, 31, 22]

Individual 14:
  Route length: 9407
  Contribution to Diversity: 0.005844974008011761
  Route: [1, 31, 23, 50, 20, 29, 44, 5, 15, 6, 4, 24, 48, 46, 16, 37, 49, 45, 19, 41, 8, 9, 10, 43, 33, 51, 11, 52, 14, 13, 47, 26, 27, 28, 12, 25, 38, 40, 35, 34, 39, 36, 3, 32, 17, 42, 7, 2, 30, 21, 18, 22]

Individual 15:
  Route length: 9389
  Contribution to Diversity: 0.006832536047473248
  Route: [1, 49, 32, 45, 19, 41, 8, 9, 10, 43, 33, 51, 11, 52, 14, 13, 47, 26, 27, 28, 16, 20, 50, 29, 18, 3, 17, 21, 42, 7, 2, 30, 23, 31, 36, 39, 34, 35, 5, 15, 6, 4, 12, 25, 37, 24, 38, 48, 40, 44, 46, 22]

Individual 16:
  Route length: 9397
  Contribution to Diversity: 0.010585409817239544
  Route: [1, 19, 45, 32, 49, 37, 40, 39, 36, 34, 41, 8, 9, 10, 51, 11, 52, 14, 13, 47, 26, 27, 28, 12, 25, 4, 6, 46, 5, 33, 43, 15, 24, 48, 38, 35, 44, 16, 29, 50, 20, 23, 30, 2, 7, 42, 21, 17, 3, 18, 31, 22]

Individual 17:
  Route length: 9325
  Contribution to Diversity: 0.013215460362603793
  Route: [1, 49, 35, 34, 44, 46, 16, 29, 50, 30, 20, 31, 32, 41, 10, 9, 8, 19, 45, 48, 38, 36, 39, 40, 37, 15, 5, 24, 6, 4, 25, 12, 28, 27, 26, 47, 13, 14, 52, 11, 51, 33, 43, 18, 3, 17, 21, 7, 2, 42, 23, 22]

Individual 18:
  Route length: 9330
  Contribution to Diversity: 0.0040311075709311694
  Route: [1, 3, 40, 37, 38, 48, 6, 15, 5, 24, 4, 25, 12, 28, 27, 26, 47, 13, 14, 52, 11, 51, 33, 43, 10, 9, 8, 41, 19, 45, 35, 36, 39, 49, 44, 34, 46, 16, 20, 29, 50, 23, 32, 18, 31, 42, 7, 2, 30, 21, 17, 22]

Individual 19:
  Route length: 9259
  Contribution to Diversity: 0.008681287694920492
  Route: [1, 39, 37, 38, 15, 46, 16, 29, 50, 20, 35, 34, 40, 23, 30, 42, 7, 2, 21, 17, 49, 36, 32, 45, 19, 41, 8, 9, 10, 43, 33, 51, 11, 52, 14, 13, 47, 26, 27, 28, 12, 25, 4, 6, 48, 24, 5, 44, 3, 18, 31, 22]

Total Entropy H: 4.9409988875350495
