Individual 0:
  Route length: 7911
  Contribution to Diversity: 0.0019834887551182234
  Route: [1, 49, 32, 45, 41, 19, 10, 9, 8, 43, 33, 51, 11, 52, 14, 13, 47, 26, 27, 28, 12, 25, 4, 6, 15, 5, 24, 48, 38, 37, 40, 39, 36, 35, 34, 44, 46, 16, 29, 50, 20, 23, 30, 2, 7, 42, 21, 17, 3, 18, 31, 22]

Individual 1:
  Route length: 7905
  Contribution to Diversity: 0.0027903874360770686
  Route: [1, 49, 32, 45, 19, 41, 8, 9, 10, 43, 33, 51, 11, 52, 14, 13, 47, 26, 27, 28, 12, 25, 4, 38, 48, 24, 5, 15, 6, 44, 37, 40, 39, 36, 35, 34, 46, 16, 29, 50, 20, 23, 30, 2, 7, 42, 21, 17, 3, 18, 31, 22]

Individual 2:
  Route length: 7850
  Contribution to Diversity: 0.00014550897328557966
  Route: [1, 49, 32, 34, 35, 36, 39, 40, 37, 38, 48, 24, 5, 15, 6, 4, 25, 12, 28, 27, 26, 47, 13, 14, 52, 11, 51, 33, 43, 10, 9, 8, 41, 19, 45, 31, 18, 3, 17, 21, 42, 7, 2, 30, 23, 20, 50, 29, 16, 46, 44, 22]

Individual 3:
  Route length: 7851
  Contribution to Diversity: 0.001634588122450431
  Route: [1, 49, 32, 45, 19, 41, 8, 9, 10, 43, 33, 51, 11, 52, 14, 13, 47, 26, 27, 28, 12, 25, 4, 6, 15, 5, 24, 48, 40, 39, 37, 38, 36, 35, 34, 44, 46, 16, 29, 50, 20, 23, 30, 2, 7, 42, 17, 21, 3, 18, 31, 22]

Individual 4:
  Route length: 7918
  Contribution to Diversity: 0.00545761338046713
  Route: [1, 49, 3, 17, 21, 42, 7, 2, 30, 23, 20, 50, 29, 16, 46, 44, 34, 35, 36, 39, 40, 37, 38, 48, 6, 15, 5, 24, 4, 25, 12, 28, 27, 26, 47, 13, 14, 52, 11, 51, 33, 43, 10, 9, 8, 41, 19, 45, 32, 18, 31, 22]

Individual 5:
  Route length: 7897
  Contribution to Diversity: 0.0013644006748760873
  Route: [1, 49, 32, 45, 19, 41, 8, 9, 10, 43, 33, 28, 27, 26, 47, 13, 14, 52, 11, 51, 12, 25, 4, 6, 15, 5, 24, 48, 38, 37, 39, 40, 36, 35, 34, 44, 46, 16, 29, 50, 20, 23, 30, 2, 7, 42, 21, 17, 3, 18, 31, 22]

Individual 6:
  Route length: 7912
  Contribution to Diversity: 0.0058311465060079115
  Route: [32, 49, 1, 39, 40, 24, 48, 38, 37, 15, 5, 6, 4, 25, 12, 28, 27, 26, 47, 13, 14, 52, 11, 51, 33, 43, 10, 9, 8, 41, 19, 45, 36, 35, 34, 44, 46, 16, 29, 50, 20, 23, 30, 2, 7, 42, 21, 17, 3, 18, 31, 22]

Individual 7:
  Route length: 7908
  Contribution to Diversity: 0.004533956815981455
  Route: [1, 49, 37, 48, 38, 40, 39, 36, 35, 34, 32, 45, 19, 41, 8, 9, 10, 43, 33, 51, 11, 52, 14, 13, 47, 26, 27, 28, 12, 25, 4, 6, 15, 5, 24, 44, 46, 16, 29, 50, 20, 23, 30, 2, 7, 42, 21, 17, 3, 18, 31, 22]

Individual 8:
  Route length: 7853
  Contribution to Diversity: 0.005213800769126031
  Route: [1, 37, 40, 39, 38, 48, 24, 5, 15, 6, 4, 25, 12, 28, 27, 47, 26, 13, 14, 52, 11, 51, 33, 43, 10, 9, 8, 41, 19, 45, 32, 49, 36, 35, 34, 44, 46, 16, 29, 50, 20, 23, 30, 2, 7, 42, 21, 17, 3, 18, 31, 22]

Individual 9:
  Route length: 7848
  Contribution to Diversity: 0.001475816198082569
  Route: [32, 49, 1, 34, 45, 19, 41, 8, 9, 10, 43, 33, 51, 11, 52, 14, 13, 47, 26, 27, 28, 12, 25, 4, 6, 15, 5, 24, 48, 38, 37, 40, 39, 36, 35, 44, 46, 16, 29, 50, 20, 23, 30, 2, 7, 42, 21, 17, 3, 18, 31, 22]

Individual 10:
  Route length: 7821
  Contribution to Diversity: 0
  Route: [1, 49, 32, 45, 19, 41, 8, 9, 10, 43, 33, 51, 11, 52, 14, 13, 47, 26, 27, 28, 12, 25, 4, 6, 15, 5, 24, 37, 38, 48, 40, 39, 36, 35, 34, 44, 46, 16, 29, 50, 20, 23, 42, 7, 2, 30, 21, 17, 3, 18, 31, 22]

Individual 11:
  Route length: 7904
  Contribution to Diversity: 0.005946978154705462
  Route: [1, 49, 32, 45, 19, 41, 8, 9, 10, 43, 33, 51, 11, 52, 14, 13, 47, 26, 27, 28, 12, 25, 15, 6, 4, 5, 38, 48, 24, 36, 35, 34, 44, 39, 40, 37, 46, 16, 29, 50, 20, 23, 30, 2, 7, 42, 21, 17, 3, 18, 31, 22]

Individual 12:
  Route length: 7907
  Contribution to Diversity: 0.0006019005953508128
  Route: [1, 49, 32, 45, 19, 41, 8, 9, 10, 43, 33, 51, 11, 52, 14, 13, 47, 26, 27, 28, 12, 25, 4, 6, 15, 37, 24, 5, 38, 48, 40, 39, 36, 35, 34, 44, 46, 16, 29, 50, 20, 23, 42, 7, 2, 30, 21, 17, 3, 18, 31, 22]

Individual 13:
  Route length: 7889
  Contribution to Diversity: 0.0028892245319580567
  Route: [1, 34, 5, 24, 48, 38, 15, 6, 4, 25, 12, 28, 27, 26, 47, 13, 14, 52, 11, 51, 33, 43, 10, 9, 8, 41, 19, 45, 32, 49, 36, 35, 39, 40, 37, 44, 46, 16, 29, 50, 20, 23, 30, 2, 7, 42, 21, 17, 3, 18, 31, 22]

Individual 14:
  Route length: 7878
  Contribution to Diversity: 0.005691262324137192
  Route: [1, 49, 32, 45, 19, 41, 8, 9, 10, 43, 33, 51, 11, 52, 14, 13, 47, 26, 27, 28, 12, 25, 4, 48, 38, 5, 15, 6, 24, 36, 35, 34, 44, 39, 40, 37, 46, 16, 29, 50, 20, 23, 30, 2, 7, 42, 21, 17, 3, 18, 31, 22]

Individual 15:
  Route length: 7906
  Contribution to Diversity: 0
  Route: [37, 1, 49, 32, 45, 19, 41, 8, 9, 10, 43, 33, 51, 11, 52, 14, 13, 47, 26, 27, 28, 12, 25, 4, 6, 15, 5, 24, 48, 38, 40, 39, 36, 35, 34, 44, 46, 16, 29, 50, 20, 23, 30, 2, 7, 42, 21, 17, 3, 18, 31, 22]

Individual 16:
  Route length: 7897
  Contribution to Diversity: 0.00480588929737813
  Route: [1, 34, 15, 38, 48, 24, 5, 6, 4, 25, 12, 28, 27, 26, 47, 13, 14, 52, 11, 51, 33, 43, 10, 9, 8, 41, 19, 45, 32, 49, 36, 35, 39, 40, 37, 44, 46, 16, 29, 50, 20, 23, 30, 2, 7, 42, 21, 17, 3, 18, 31, 22]

Individual 17:
  Route length: 7854
  Contribution to Diversity: 0.0030261960677231414
  Route: [1, 49, 32, 45, 19, 41, 8, 9, 10, 43, 33, 51, 11, 52, 14, 13, 47, 26, 27, 28, 12, 25, 4, 6, 5, 15, 48, 38, 37, 24, 40, 39, 36, 35, 34, 44, 46, 16, 29, 50, 20, 23, 42, 7, 2, 30, 21, 17, 3, 18, 31, 22]

Individual 18:
  Route length: 7898
  Contribution to Diversity: 0
  Route: [37, 35, 36, 39, 40, 38, 48, 24, 5, 15, 6, 4, 25, 12, 28, 27, 26, 47, 13, 14, 52, 11, 51, 33, 43, 10, 9, 8, 41, 19, 45, 32, 49, 1, 34, 44, 46, 16, 29, 50, 20, 23, 30, 2, 7, 42, 21, 17, 3, 18, 31, 22]

Individual 19:
  Route length: 7800
  Contribution to Diversity: 0.005882764788121442
  Route: [1, 49, 32, 45, 19, 41, 8, 9, 10, 43, 33, 51, 11, 52, 14, 13, 47, 26, 27, 28, 12, 25, 4, 6, 15, 5, 48, 24, 38, 37, 39, 40, 36, 35, 34, 44, 46, 16, 29, 50, 20, 23, 30, 2, 7, 42, 17, 21, 3, 18, 31, 22]

Total Entropy H: 4.253603227859211
