Individual 0:
  Route length: 13152
  Contribution to Diversity: 0.00524371374214283
  Route: [33, 8, 41, 19, 45, 32, 49, 1, 13, 36, 39, 40, 37, 38, 48, 24, 5, 15, 6, 4, 25, 12, 28, 27, 26, 47, 46, 35, 44, 34, 21, 42, 7, 2, 30, 23, 20, 50, 29, 16, 17, 3, 18, 9, 10, 43, 14, 52, 11, 51, 31, 22]

Individual 1:
  Route length: 13082
  Contribution to Diversity: 0.0008432531252315911
  Route: [1, 49, 32, 45, 19, 41, 8, 9, 10, 43, 33, 51, 11, 52, 14, 5, 15, 6, 42, 21, 17, 3, 28, 12, 25, 4, 40, 39, 36, 7, 2, 30, 23, 20, 50, 29, 16, 46, 44, 34, 35, 37, 27, 26, 47, 13, 24, 48, 18, 38, 31, 22]

Individual 2:
  Route length: 13135
  Contribution to Diversity: 0.00593024548166543
  Route: [34, 52, 14, 13, 47, 26, 27, 37, 49, 1, 25, 4, 6, 15, 19, 41, 8, 9, 38, 48, 40, 39, 36, 35, 5, 10, 43, 33, 51, 11, 12, 28, 50, 20, 23, 29, 16, 46, 44, 45, 32, 21, 42, 7, 2, 30, 24, 17, 3, 18, 31, 22]

Individual 3:
  Route length: 13038
  Contribution to Diversity: 0.0021714476866288024
  Route: [1, 24, 49, 32, 45, 19, 41, 8, 23, 30, 2, 7, 42, 21, 17, 3, 18, 37, 40, 39, 36, 35, 34, 46, 44, 50, 20, 33, 43, 10, 9, 16, 29, 52, 14, 12, 28, 27, 26, 47, 13, 25, 4, 6, 5, 15, 48, 38, 11, 51, 31, 22]

Individual 4:
  Route length: 13080
  Contribution to Diversity: 0.01410303224721332
  Route: [1, 49, 32, 45, 19, 41, 8, 9, 10, 43, 33, 51, 48, 27, 26, 47, 13, 14, 52, 11, 7, 2, 30, 23, 20, 50, 29, 16, 40, 37, 38, 44, 46, 36, 24, 6, 15, 5, 39, 42, 17, 21, 4, 25, 12, 28, 3, 35, 34, 18, 31, 22]

Individual 5:
  Route length: 13078
  Contribution to Diversity: 0.008701177449942143
  Route: [43, 33, 51, 11, 12, 28, 50, 20, 23, 29, 16, 1, 49, 48, 38, 37, 35, 34, 52, 14, 13, 47, 40, 5, 24, 17, 3, 18, 45, 19, 41, 8, 9, 10, 15, 6, 4, 25, 44, 46, 26, 27, 30, 2, 7, 42, 21, 32, 39, 36, 31, 22]

Individual 6:
  Route length: 13022
  Contribution to Diversity: 0.014874858678960656
  Route: [1, 49, 48, 38, 37, 40, 39, 5, 27, 26, 47, 13, 14, 52, 34, 32, 21, 10, 9, 8, 41, 19, 45, 36, 25, 4, 6, 15, 35, 50, 16, 29, 23, 20, 46, 44, 28, 12, 11, 51, 33, 43, 3, 17, 24, 30, 2, 7, 42, 18, 31, 22]

Individual 7:
  Route length: 12945
  Contribution to Diversity: 0.00675411549602245
  Route: [1, 49, 9, 10, 43, 33, 51, 11, 52, 14, 13, 47, 26, 5, 27, 46, 44, 25, 4, 6, 15, 16, 29, 23, 20, 50, 28, 12, 41, 8, 48, 38, 37, 34, 40, 39, 36, 35, 19, 45, 32, 21, 42, 7, 2, 30, 24, 17, 3, 18, 31, 22]

Individual 8:
  Route length: 13147
  Contribution to Diversity: 0.0071266918245092015
  Route: [1, 24, 23, 30, 2, 7, 42, 21, 17, 34, 44, 46, 16, 29, 32, 49, 45, 19, 41, 8, 39, 36, 35, 25, 50, 20, 33, 9, 10, 43, 37, 40, 3, 18, 38, 48, 15, 5, 6, 4, 13, 47, 26, 27, 28, 12, 14, 52, 11, 51, 31, 22]

Individual 9:
  Route length: 12909
  Contribution to Diversity: 0.015015753996695302
  Route: [1, 6, 39, 4, 25, 12, 28, 20, 50, 29, 16, 52, 44, 46, 43, 33, 10, 9, 8, 41, 19, 45, 32, 49, 51, 11, 26, 27, 47, 13, 14, 40, 37, 38, 48, 24, 5, 15, 36, 35, 34, 30, 23, 2, 7, 42, 21, 17, 3, 18, 31, 22]

Individual 10:
  Route length: 12945
  Contribution to Diversity: 0.014248390621401263
  Route: [1, 20, 50, 29, 16, 46, 44, 34, 52, 11, 51, 31, 21, 35, 36, 15, 5, 24, 48, 38, 6, 4, 33, 43, 10, 9, 18, 3, 17, 30, 2, 7, 42, 37, 40, 39, 14, 13, 47, 26, 27, 28, 12, 25, 32, 45, 19, 41, 8, 23, 49, 22]

Individual 11:
  Route length: 13143
  Contribution to Diversity: 0.006096194917217801
  Route: [1, 42, 7, 2, 30, 5, 45, 19, 41, 8, 32, 49, 11, 40, 52, 14, 13, 47, 26, 27, 28, 12, 25, 4, 6, 15, 51, 9, 10, 43, 33, 24, 48, 38, 29, 16, 46, 44, 34, 35, 36, 39, 37, 18, 3, 17, 21, 23, 20, 50, 31, 22]

Individual 12:
  Route length: 12843
  Contribution to Diversity: 0.006934825301795122
  Route: [1, 49, 31, 18, 3, 17, 24, 30, 27, 26, 47, 13, 14, 52, 34, 35, 36, 45, 19, 41, 8, 9, 10, 43, 33, 51, 11, 12, 28, 50, 16, 29, 23, 20, 37, 40, 5, 39, 2, 7, 42, 21, 32, 46, 44, 25, 4, 6, 15, 38, 48, 22]

Individual 13:
  Route length: 13043
  Contribution to Diversity: 0.012923834556379354
  Route: [1, 49, 32, 8, 41, 19, 45, 15, 6, 46, 16, 37, 34, 35, 38, 48, 24, 5, 10, 9, 51, 11, 43, 33, 7, 2, 30, 23, 20, 50, 29, 39, 36, 52, 14, 13, 47, 26, 27, 28, 12, 25, 4, 44, 40, 42, 21, 17, 3, 18, 31, 22]

Individual 14:
  Route length: 12868
  Contribution to Diversity: 0.004743077902189086
  Route: [41, 19, 45, 32, 49, 1, 44, 15, 5, 24, 3, 17, 21, 42, 7, 8, 9, 10, 43, 33, 51, 11, 52, 14, 2, 30, 23, 20, 50, 29, 6, 35, 4, 25, 12, 28, 27, 26, 47, 13, 46, 36, 39, 40, 37, 16, 34, 38, 48, 31, 18, 22]

Individual 15:
  Route length: 12988
  Contribution to Diversity: 0.007182521991349056
  Route: [1, 24, 49, 32, 29, 16, 46, 44, 34, 17, 21, 42, 7, 2, 30, 23, 8, 41, 19, 45, 39, 35, 36, 18, 3, 40, 37, 43, 10, 9, 33, 20, 50, 25, 38, 48, 15, 5, 6, 4, 13, 47, 26, 27, 28, 12, 14, 52, 11, 51, 31, 22]

Individual 16:
  Route length: 13019
  Contribution to Diversity: 0.02085099539266011
  Route: [39, 6, 15, 52, 4, 25, 46, 43, 33, 10, 9, 8, 41, 19, 45, 32, 49, 1, 3, 18, 30, 5, 24, 2, 7, 42, 21, 17, 23, 20, 50, 29, 16, 38, 37, 40, 48, 12, 28, 27, 26, 47, 13, 14, 51, 11, 44, 34, 35, 36, 31, 22]

Individual 17:
  Route length: 13092
  Contribution to Diversity: 0.014369285549685529
  Route: [1, 49, 32, 39, 45, 19, 41, 8, 10, 9, 43, 42, 7, 2, 30, 5, 52, 14, 13, 47, 26, 27, 28, 12, 51, 4, 25, 21, 23, 20, 36, 35, 46, 16, 29, 50, 15, 40, 11, 33, 24, 48, 6, 34, 44, 38, 37, 17, 3, 18, 31, 22]

Individual 18:
  Route length: 12788
  Contribution to Diversity: 0.004114055989695942
  Route: [41, 19, 45, 32, 49, 1, 44, 15, 5, 24, 3, 17, 21, 42, 7, 8, 9, 10, 43, 33, 51, 11, 52, 14, 2, 30, 23, 20, 50, 29, 35, 6, 39, 36, 46, 13, 47, 26, 27, 28, 12, 25, 4, 40, 37, 16, 34, 38, 48, 31, 18, 22]

Individual 19:
  Route length: 12393
  Contribution to Diversity: 0.012177068418506742
  Route: [45, 19, 41, 8, 10, 9, 43, 42, 7, 2, 30, 5, 52, 14, 13, 47, 26, 27, 28, 12, 51, 4, 25, 32, 49, 1, 34, 44, 38, 37, 39, 6, 48, 24, 33, 11, 40, 15, 50, 29, 16, 46, 35, 36, 20, 23, 21, 17, 3, 18, 31, 22]

Total Entropy H: 4.973850901415825
