Individual 0:
  Route length: 9332
  Contribution to Diversity: 0.0008374862081845791
  Route: [45, 32, 49, 18, 1, 31, 19, 41, 8, 37, 38, 48, 24, 5, 15, 6, 4, 25, 12, 28, 27, 26, 47, 13, 14, 52, 11, 51, 33, 43, 10, 9, 36, 39, 40, 34, 35, 46, 44, 16, 29, 50, 20, 23, 30, 7, 2, 42, 21, 17, 3, 22]

Individual 1:
  Route length: 9355
  Contribution to Diversity: 0.0003128030541716953
  Route: [1, 49, 32, 45, 19, 41, 8, 9, 10, 43, 33, 38, 48, 24, 5, 15, 6, 4, 25, 12, 28, 27, 26, 47, 13, 14, 52, 11, 51, 36, 44, 34, 46, 16, 29, 50, 20, 37, 35, 39, 40, 30, 23, 2, 7, 42, 21, 17, 3, 18, 31, 22]

Individual 2:
  Route length: 9397
  Contribution to Diversity: 0.0008263849685299363
  Route: [1, 49, 38, 37, 36, 39, 40, 35, 9, 8, 41, 19, 4, 6, 15, 5, 24, 48, 32, 45, 10, 43, 33, 51, 11, 52, 14, 13, 47, 26, 27, 28, 12, 25, 34, 44, 46, 16, 29, 50, 20, 23, 30, 2, 7, 42, 21, 17, 3, 18, 31, 22]

Individual 3:
  Route length: 9404
  Contribution to Diversity: 9.026560146896401e-05
  Route: [1, 49, 32, 41, 19, 45, 20, 50, 29, 16, 46, 21, 23, 30, 2, 7, 42, 40, 39, 36, 35, 34, 44, 37, 38, 48, 24, 5, 15, 6, 4, 25, 12, 28, 27, 26, 47, 13, 14, 52, 11, 51, 33, 43, 10, 9, 8, 17, 3, 18, 31, 22]

Individual 4:
  Route length: 9370
  Contribution to Diversity: 0.0014656699230153336
  Route: [20, 50, 34, 35, 36, 39, 6, 15, 5, 24, 48, 38, 37, 44, 25, 4, 12, 28, 27, 26, 47, 13, 14, 52, 11, 51, 33, 43, 10, 9, 8, 41, 19, 45, 32, 49, 1, 46, 16, 29, 40, 42, 7, 2, 30, 23, 21, 17, 3, 18, 31, 22]

Individual 5:
  Route length: 9330
  Contribution to Diversity: 0.001882035315080799
  Route: [32, 49, 1, 37, 38, 48, 24, 5, 15, 25, 4, 6, 51, 11, 52, 14, 13, 47, 26, 27, 28, 12, 33, 43, 10, 9, 8, 41, 19, 45, 40, 39, 36, 35, 34, 44, 46, 16, 29, 17, 2, 7, 42, 21, 31, 50, 20, 23, 30, 18, 3, 22]

Individual 6:
  Route length: 9367
  Contribution to Diversity: 0.0009899660977126246
  Route: [45, 32, 1, 18, 49, 23, 20, 50, 29, 16, 46, 44, 34, 35, 36, 39, 38, 37, 40, 12, 25, 4, 6, 15, 5, 24, 48, 28, 27, 26, 47, 13, 14, 52, 11, 51, 33, 43, 10, 9, 8, 41, 19, 31, 30, 7, 2, 42, 21, 17, 3, 22]

Individual 7:
  Route length: 9307
  Contribution to Diversity: 0.0012135491162315049
  Route: [1, 49, 32, 45, 19, 41, 8, 9, 10, 43, 33, 25, 12, 28, 27, 26, 47, 13, 14, 52, 11, 51, 48, 24, 37, 38, 4, 6, 15, 5, 35, 36, 44, 34, 46, 16, 29, 50, 20, 39, 40, 30, 23, 2, 7, 42, 21, 17, 3, 18, 31, 22]

Individual 8:
  Route length: 9402
  Contribution to Diversity: 0.00048328876594005976
  Route: [1, 49, 32, 34, 44, 35, 4, 6, 15, 5, 24, 48, 38, 37, 40, 39, 36, 19, 41, 8, 9, 10, 43, 33, 51, 11, 52, 14, 13, 47, 26, 27, 28, 12, 25, 45, 50, 29, 16, 46, 30, 20, 23, 7, 2, 42, 21, 17, 3, 18, 31, 22]

Individual 9:
  Route length: 9362
  Contribution to Diversity: 0.001167323713247903
  Route: [1, 49, 32, 45, 19, 41, 8, 9, 10, 33, 43, 40, 37, 38, 48, 24, 5, 15, 25, 4, 6, 51, 11, 52, 14, 13, 47, 26, 27, 28, 12, 39, 36, 35, 34, 44, 46, 16, 29, 17, 2, 7, 42, 21, 31, 50, 20, 23, 30, 18, 3, 22]

Individual 10:
  Route length: 9347
  Contribution to Diversity: 4.3162426717202607e-05
  Route: [10, 9, 8, 41, 19, 31, 1, 16, 46, 44, 34, 35, 36, 39, 40, 43, 33, 51, 11, 52, 14, 13, 47, 26, 27, 28, 12, 25, 4, 6, 15, 5, 24, 48, 38, 37, 45, 32, 49, 18, 29, 50, 20, 23, 30, 7, 2, 42, 21, 17, 3, 22]

Individual 11:
  Route length: 9370
  Contribution to Diversity: 0.00038949556618650405
  Route: [36, 35, 34, 44, 46, 48, 20, 50, 29, 28, 12, 27, 26, 47, 13, 14, 52, 11, 51, 33, 43, 10, 9, 8, 41, 19, 45, 32, 49, 1, 39, 40, 37, 16, 38, 24, 5, 15, 6, 4, 25, 23, 30, 2, 7, 42, 21, 17, 3, 18, 31, 22]

Individual 12:
  Route length: 9343
  Contribution to Diversity: 0.0001589057653088588
  Route: [1, 49, 32, 15, 5, 24, 38, 48, 46, 34, 44, 35, 36, 39, 40, 37, 16, 29, 50, 20, 23, 19, 41, 8, 45, 9, 10, 33, 43, 51, 11, 52, 14, 13, 47, 26, 27, 28, 12, 25, 4, 6, 30, 2, 7, 42, 21, 17, 3, 18, 31, 22]

Individual 13:
  Route length: 9407
  Contribution to Diversity: 0.0010277370393740881
  Route: [1, 49, 32, 18, 31, 10, 43, 33, 51, 11, 52, 14, 13, 47, 26, 27, 28, 12, 25, 4, 6, 15, 5, 24, 48, 38, 37, 20, 50, 29, 16, 46, 44, 34, 35, 40, 39, 36, 8, 9, 41, 19, 45, 3, 17, 21, 42, 7, 2, 23, 30, 22]

Individual 14:
  Route length: 9293
  Contribution to Diversity: 0.001447463144715222
  Route: [1, 49, 32, 45, 19, 41, 8, 9, 33, 10, 43, 5, 4, 25, 51, 11, 52, 14, 13, 47, 26, 27, 28, 12, 15, 6, 24, 48, 38, 37, 40, 39, 35, 34, 44, 46, 16, 29, 50, 20, 23, 3, 17, 21, 42, 7, 2, 30, 36, 18, 31, 22]

Individual 15:
  Route length: 9368
  Contribution to Diversity: 0.0002309504837372245
  Route: [18, 31, 32, 46, 51, 11, 52, 14, 13, 47, 26, 27, 28, 12, 25, 4, 6, 15, 5, 1, 49, 44, 33, 43, 9, 10, 8, 41, 19, 45, 3, 17, 21, 42, 7, 2, 30, 23, 20, 50, 29, 16, 24, 48, 38, 37, 40, 39, 36, 35, 34, 22]

Individual 16:
  Route length: 9379
  Contribution to Diversity: 0.00012098924355807839
  Route: [1, 49, 44, 43, 10, 9, 8, 41, 19, 45, 3, 17, 21, 42, 7, 2, 30, 23, 20, 50, 29, 16, 18, 31, 32, 46, 28, 27, 26, 47, 13, 14, 52, 11, 51, 33, 12, 25, 4, 6, 40, 37, 38, 48, 24, 5, 15, 35, 36, 39, 34, 22]

Individual 17:
  Route length: 9136
  Contribution to Diversity: 0.00017656677363575568
  Route: [1, 49, 32, 45, 19, 41, 8, 9, 10, 39, 36, 34, 35, 40, 15, 5, 24, 33, 43, 46, 44, 51, 11, 52, 14, 13, 47, 26, 27, 28, 12, 25, 4, 6, 48, 38, 37, 16, 29, 50, 20, 23, 30, 2, 7, 42, 21, 17, 3, 18, 31, 22]

Individual 18:
  Route length: 9303
  Contribution to Diversity: 0.0015188322081574057
  Route: [1, 49, 35, 36, 39, 40, 37, 38, 48, 24, 15, 5, 6, 4, 25, 12, 28, 27, 26, 47, 13, 14, 52, 11, 51, 33, 43, 10, 9, 8, 41, 19, 45, 32, 21, 17, 16, 46, 44, 34, 31, 18, 3, 29, 42, 7, 2, 30, 23, 20, 50, 22]

Individual 19:
  Route length: 9343
  Contribution to Diversity: 0.0011086443658818723
  Route: [1, 37, 23, 20, 50, 30, 2, 7, 42, 21, 17, 45, 19, 41, 8, 32, 49, 35, 36, 40, 39, 24, 48, 38, 29, 16, 46, 44, 34, 5, 15, 6, 4, 25, 12, 28, 27, 26, 47, 13, 14, 52, 11, 51, 33, 43, 10, 9, 3, 18, 31, 22]

Individual 20:
  Route length: 9413
  Contribution to Diversity: 0.0010361528606885884
  Route: [1, 49, 23, 19, 18, 30, 7, 2, 42, 21, 17, 3, 32, 41, 8, 45, 9, 10, 43, 33, 51, 11, 52, 14, 13, 47, 26, 27, 28, 12, 25, 4, 6, 15, 5, 24, 38, 48, 46, 44, 34, 35, 36, 39, 40, 37, 16, 29, 50, 20, 31, 22]

Individual 21:
  Route length: 9351
  Contribution to Diversity: 0.0002698336380664301
  Route: [1, 49, 10, 9, 8, 41, 19, 45, 5, 24, 48, 37, 40, 51, 11, 52, 14, 13, 47, 26, 27, 28, 12, 25, 4, 6, 39, 32, 35, 38, 15, 33, 43, 36, 34, 44, 46, 16, 29, 50, 20, 23, 30, 2, 7, 42, 21, 17, 3, 18, 31, 22]

Individual 22:
  Route length: 9408
  Contribution to Diversity: 0.00048718574681672067
  Route: [1, 49, 32, 45, 8, 41, 19, 9, 10, 43, 28, 27, 26, 47, 13, 52, 14, 11, 51, 33, 48, 24, 5, 15, 6, 4, 25, 12, 46, 44, 38, 34, 35, 36, 39, 40, 37, 16, 29, 50, 20, 23, 30, 2, 7, 42, 21, 17, 3, 18, 31, 22]

Individual 23:
  Route length: 9414
  Contribution to Diversity: 0.0004078426132467783
  Route: [1, 49, 32, 44, 34, 35, 36, 39, 40, 37, 16, 29, 50, 20, 46, 5, 24, 38, 48, 15, 6, 4, 25, 12, 28, 27, 26, 47, 13, 14, 52, 11, 51, 33, 43, 10, 9, 45, 8, 41, 3, 17, 21, 42, 7, 2, 30, 19, 23, 18, 31, 22]

Individual 24:
  Route length: 9368
  Contribution to Diversity: 0.002821235110459064
  Route: [5, 24, 1, 44, 34, 36, 15, 6, 4, 33, 43, 10, 9, 8, 41, 19, 45, 49, 32, 39, 37, 40, 51, 11, 52, 14, 13, 47, 26, 27, 28, 12, 25, 35, 38, 48, 46, 16, 29, 50, 20, 23, 30, 2, 7, 42, 21, 17, 3, 18, 31, 22]

Individual 25:
  Route length: 9383
  Contribution to Diversity: 0.0008336095087999595
  Route: [45, 32, 1, 18, 49, 23, 20, 50, 29, 16, 46, 44, 34, 35, 36, 39, 38, 37, 40, 12, 25, 4, 6, 15, 5, 24, 48, 28, 27, 26, 47, 13, 14, 52, 11, 51, 33, 43, 10, 9, 8, 41, 19, 31, 3, 17, 21, 42, 2, 7, 30, 22]

Individual 26:
  Route length: 9278
  Contribution to Diversity: 0.0008165419962429254
  Route: [32, 49, 1, 21, 17, 42, 7, 2, 30, 23, 20, 50, 29, 16, 27, 26, 47, 13, 14, 52, 11, 51, 28, 12, 25, 4, 6, 15, 5, 24, 38, 48, 46, 44, 34, 35, 36, 39, 40, 37, 19, 41, 33, 43, 10, 9, 8, 45, 3, 18, 31, 22]

Individual 27:
  Route length: 9414
  Contribution to Diversity: 0.0028303067100301504
  Route: [1, 49, 32, 45, 19, 41, 8, 9, 10, 15, 33, 51, 11, 52, 14, 13, 47, 26, 27, 28, 12, 25, 4, 37, 40, 24, 48, 5, 6, 43, 29, 16, 46, 44, 34, 35, 36, 39, 38, 50, 20, 23, 30, 2, 7, 42, 21, 3, 17, 18, 31, 22]

Individual 28:
  Route length: 9391
  Contribution to Diversity: 0.0025108958668660364
  Route: [1, 49, 32, 45, 19, 41, 8, 9, 10, 43, 33, 51, 11, 52, 14, 13, 27, 47, 26, 38, 6, 15, 48, 24, 5, 20, 25, 12, 28, 4, 40, 37, 39, 36, 35, 34, 44, 46, 16, 29, 50, 23, 30, 2, 7, 42, 21, 17, 3, 18, 31, 22]

Individual 29:
  Route length: 9030
  Contribution to Diversity: 0
  Route: [1, 49, 34, 44, 46, 16, 37, 40, 32, 35, 36, 12, 28, 27, 26, 47, 13, 14, 52, 11, 51, 33, 43, 10, 9, 8, 41, 19, 45, 24, 48, 38, 25, 4, 6, 5, 15, 39, 29, 50, 20, 23, 30, 2, 7, 42, 21, 17, 3, 18, 31, 22]

Individual 30:
  Route length: 9228
  Contribution to Diversity: 0
  Route: [1, 49, 32, 39, 6, 4, 25, 12, 28, 27, 26, 47, 13, 14, 52, 11, 51, 40, 37, 48, 38, 15, 33, 43, 10, 9, 8, 41, 19, 45, 5, 24, 29, 16, 46, 44, 34, 35, 36, 23, 20, 50, 30, 2, 7, 42, 21, 17, 3, 18, 31, 22]

Individual 31:
  Route length: 9394
  Contribution to Diversity: 0.00018291954507798636
  Route: [1, 49, 37, 40, 51, 11, 52, 14, 13, 47, 26, 27, 28, 12, 25, 4, 6, 15, 33, 43, 10, 9, 8, 41, 19, 45, 39, 32, 31, 42, 7, 2, 30, 23, 20, 50, 29, 16, 46, 44, 34, 36, 35, 38, 48, 24, 5, 18, 3, 17, 21, 22]

Individual 32:
  Route length: 9204
  Contribution to Diversity: 0
  Route: [18, 31, 32, 46, 51, 11, 52, 14, 13, 47, 26, 27, 28, 12, 25, 4, 6, 15, 5, 1, 49, 44, 43, 33, 9, 10, 8, 41, 19, 45, 3, 17, 21, 42, 7, 2, 30, 23, 20, 50, 29, 16, 24, 48, 38, 37, 40, 39, 36, 35, 34, 22]

Individual 33:
  Route length: 9339
  Contribution to Diversity: 0.0021052845655473718
  Route: [45, 32, 49, 34, 44, 46, 16, 29, 50, 20, 23, 30, 7, 2, 42, 21, 17, 3, 18, 1, 10, 43, 15, 6, 35, 36, 40, 39, 38, 37, 48, 24, 5, 4, 25, 12, 28, 27, 26, 47, 13, 14, 52, 11, 51, 33, 9, 8, 41, 19, 31, 22]

Individual 34:
  Route length: 9213
  Contribution to Diversity: 0.0010507095780143416
  Route: [18, 31, 32, 46, 44, 49, 1, 25, 24, 12, 28, 27, 26, 47, 13, 14, 52, 11, 51, 33, 43, 10, 9, 8, 41, 19, 45, 3, 17, 21, 42, 7, 2, 30, 23, 20, 50, 29, 16, 5, 15, 6, 4, 37, 38, 48, 35, 36, 39, 40, 34, 22]

Individual 35:
  Route length: 9167
  Contribution to Diversity: 0.0021867840146301276
  Route: [45, 32, 1, 18, 49, 23, 20, 50, 29, 16, 46, 44, 34, 35, 36, 39, 38, 37, 40, 48, 24, 5, 15, 6, 4, 25, 12, 52, 14, 13, 47, 26, 27, 28, 11, 51, 33, 43, 10, 9, 8, 41, 19, 31, 3, 17, 21, 42, 2, 7, 30, 22]

Individual 36:
  Route length: 9288
  Contribution to Diversity: 0.0011383346386075743
  Route: [46, 16, 29, 50, 20, 23, 39, 40, 37, 38, 48, 24, 6, 15, 12, 28, 27, 26, 47, 13, 14, 52, 11, 51, 25, 4, 5, 43, 10, 33, 9, 8, 41, 19, 45, 32, 49, 1, 36, 35, 34, 44, 30, 2, 7, 42, 21, 17, 3, 18, 31, 22]

Individual 37:
  Route length: 9401
  Contribution to Diversity: 0.0015975826704739404
  Route: [1, 49, 32, 45, 19, 41, 8, 9, 33, 10, 43, 4, 5, 35, 34, 44, 46, 16, 29, 50, 20, 23, 39, 40, 37, 38, 48, 24, 6, 15, 12, 28, 27, 26, 47, 13, 14, 52, 11, 51, 25, 36, 30, 2, 7, 42, 21, 17, 3, 18, 31, 22]

Individual 38:
  Route length: 9365
  Contribution to Diversity: 0.002402461621458407
  Route: [1, 49, 32, 45, 19, 41, 8, 9, 10, 43, 25, 4, 6, 15, 5, 40, 39, 37, 48, 24, 38, 47, 13, 14, 52, 11, 51, 33, 12, 28, 27, 26, 46, 16, 29, 44, 34, 35, 36, 3, 17, 21, 42, 7, 2, 30, 50, 20, 23, 18, 31, 22]

Individual 39:
  Route length: 9257
  Contribution to Diversity: 0.00030305945017516933
  Route: [1, 49, 45, 19, 41, 8, 9, 10, 43, 33, 15, 6, 4, 25, 12, 28, 27, 26, 47, 13, 14, 52, 11, 51, 40, 37, 39, 32, 31, 42, 7, 2, 30, 23, 20, 50, 29, 16, 46, 44, 34, 36, 35, 38, 48, 5, 24, 18, 3, 17, 21, 22]

Individual 40:
  Route length: 9304
  Contribution to Diversity: 0
  Route: [1, 49, 6, 40, 32, 35, 36, 39, 15, 5, 34, 44, 46, 20, 50, 29, 16, 37, 38, 48, 24, 4, 25, 12, 28, 27, 26, 47, 13, 14, 52, 11, 51, 33, 43, 10, 9, 8, 41, 19, 45, 21, 17, 3, 42, 7, 2, 30, 23, 18, 31, 22]

Individual 41:
  Route length: 9361
  Contribution to Diversity: 0
  Route: [1, 49, 32, 45, 8, 41, 3, 17, 21, 42, 7, 2, 30, 23, 20, 50, 29, 16, 37, 40, 39, 36, 35, 34, 38, 44, 46, 48, 24, 15, 5, 27, 28, 12, 25, 4, 6, 26, 47, 13, 14, 52, 11, 51, 33, 43, 10, 9, 19, 18, 31, 22]

Individual 42:
  Route length: 9338
  Contribution to Diversity: 0.0004520124424898242
  Route: [10, 9, 8, 41, 19, 31, 1, 16, 46, 44, 34, 35, 36, 39, 40, 43, 33, 51, 11, 52, 14, 13, 47, 26, 27, 28, 12, 25, 4, 6, 15, 5, 24, 48, 38, 37, 45, 32, 49, 18, 20, 50, 29, 23, 30, 7, 2, 42, 21, 17, 3, 22]

Individual 43:
  Route length: 9316
  Contribution to Diversity: 0.00011616719388474195
  Route: [1, 49, 6, 40, 32, 35, 36, 16, 29, 50, 20, 46, 44, 34, 5, 15, 39, 37, 38, 48, 24, 4, 25, 12, 28, 27, 26, 47, 13, 14, 52, 11, 51, 33, 43, 10, 9, 8, 41, 19, 45, 21, 17, 3, 42, 7, 2, 30, 23, 18, 31, 22]

Individual 44:
  Route length: 9397
  Contribution to Diversity: 0.0008634236123983285
  Route: [1, 49, 32, 39, 6, 4, 13, 14, 52, 11, 51, 47, 26, 27, 28, 12, 25, 46, 44, 34, 36, 35, 38, 15, 33, 43, 10, 9, 8, 41, 19, 45, 5, 24, 48, 37, 40, 16, 29, 50, 20, 23, 30, 2, 7, 42, 21, 17, 3, 18, 31, 22]

Individual 45:
  Route length: 9102
  Contribution to Diversity: 0
  Route: [41, 8, 45, 32, 49, 1, 15, 6, 4, 25, 12, 28, 27, 26, 47, 13, 14, 52, 11, 51, 33, 43, 10, 9, 19, 5, 24, 38, 44, 46, 48, 35, 34, 36, 39, 40, 37, 16, 29, 50, 20, 23, 30, 2, 7, 42, 21, 17, 3, 18, 31, 22]

Individual 46:
  Route length: 9344
  Contribution to Diversity: 0.0018575871005781508
  Route: [18, 31, 32, 6, 4, 25, 12, 28, 27, 26, 47, 13, 14, 52, 11, 51, 33, 43, 10, 9, 8, 41, 19, 45, 3, 17, 21, 42, 7, 2, 30, 23, 20, 50, 29, 15, 5, 1, 49, 39, 40, 46, 37, 36, 44, 35, 34, 38, 48, 24, 16, 22]

Individual 47:
  Route length: 9030
  Contribution to Diversity: 0
  Route: [1, 49, 32, 15, 6, 46, 44, 38, 34, 35, 36, 39, 40, 37, 16, 45, 8, 41, 19, 9, 10, 43, 33, 51, 11, 52, 14, 13, 47, 26, 27, 28, 12, 25, 4, 5, 24, 48, 29, 50, 20, 23, 30, 2, 7, 42, 21, 17, 3, 18, 31, 22]

Individual 48:
  Route length: 9245
  Contribution to Diversity: 0
  Route: [1, 49, 6, 40, 32, 35, 36, 39, 37, 16, 29, 50, 20, 46, 44, 34, 5, 15, 38, 48, 24, 4, 25, 12, 28, 27, 26, 47, 13, 14, 52, 11, 51, 33, 43, 10, 9, 8, 41, 19, 45, 21, 17, 3, 42, 7, 2, 30, 23, 18, 31, 22]

Individual 49:
  Route length: 9264
  Contribution to Diversity: 0
  Route: [41, 8, 45, 32, 49, 1, 15, 6, 24, 5, 19, 9, 10, 43, 33, 51, 11, 52, 14, 13, 47, 26, 27, 28, 12, 25, 4, 46, 48, 44, 38, 34, 35, 36, 39, 40, 37, 16, 29, 50, 20, 23, 30, 2, 7, 42, 21, 17, 3, 18, 31, 22]

Individual 50:
  Route length: 9350
  Contribution to Diversity: 0.0006014752936893686
  Route: [49, 1, 38, 48, 24, 5, 15, 6, 4, 25, 23, 20, 46, 44, 34, 35, 36, 39, 40, 37, 12, 28, 27, 26, 47, 13, 14, 52, 11, 51, 33, 43, 10, 9, 8, 41, 19, 45, 17, 21, 42, 7, 2, 30, 50, 16, 29, 32, 3, 18, 31, 22]

Individual 51:
  Route length: 9397
  Contribution to Diversity: 0.0007692183902836547
  Route: [18, 31, 32, 46, 44, 49, 1, 25, 24, 48, 38, 37, 4, 6, 15, 5, 43, 10, 9, 8, 41, 19, 45, 3, 17, 21, 42, 7, 2, 30, 23, 20, 50, 29, 16, 12, 28, 27, 26, 47, 13, 14, 52, 11, 51, 33, 40, 39, 36, 35, 34, 22]

Individual 52:
  Route length: 9173
  Contribution to Diversity: 0
  Route: [1, 49, 32, 45, 8, 15, 6, 4, 25, 12, 28, 27, 26, 47, 13, 14, 52, 11, 51, 33, 43, 10, 9, 19, 41, 17, 21, 42, 7, 2, 30, 23, 20, 50, 29, 16, 37, 35, 36, 39, 40, 38, 34, 44, 46, 48, 24, 5, 3, 18, 31, 22]

Individual 53:
  Route length: 9312
  Contribution to Diversity: 0.0010922311788235106
  Route: [1, 16, 29, 50, 20, 23, 30, 2, 7, 42, 17, 3, 46, 44, 34, 5, 15, 39, 36, 35, 32, 40, 6, 49, 37, 38, 48, 24, 4, 25, 12, 28, 27, 26, 47, 13, 14, 52, 11, 51, 33, 43, 10, 9, 8, 41, 19, 45, 21, 31, 18, 22]

Individual 54:
  Route length: 9399
  Contribution to Diversity: 0
  Route: [41, 8, 45, 4, 6, 15, 1, 49, 32, 44, 46, 48, 24, 5, 19, 9, 10, 43, 33, 51, 11, 52, 14, 13, 47, 26, 27, 28, 12, 25, 38, 34, 35, 36, 39, 40, 37, 16, 29, 50, 20, 23, 30, 2, 7, 42, 21, 17, 3, 18, 31, 22]

Individual 55:
  Route length: 9399
  Contribution to Diversity: 0.0017359640383904917
  Route: [1, 49, 32, 45, 19, 41, 8, 9, 10, 43, 33, 51, 11, 52, 14, 13, 27, 26, 47, 15, 6, 4, 28, 12, 25, 20, 5, 24, 40, 34, 48, 38, 37, 39, 36, 35, 44, 46, 16, 29, 50, 23, 30, 2, 7, 42, 21, 17, 3, 18, 31, 22]

Individual 56:
  Route length: 9423
  Contribution to Diversity: 0
  Route: [44, 38, 24, 5, 19, 9, 10, 43, 33, 51, 11, 52, 14, 13, 47, 26, 27, 28, 12, 25, 4, 6, 15, 1, 49, 32, 45, 8, 41, 31, 18, 3, 17, 21, 42, 7, 2, 30, 23, 20, 50, 29, 16, 37, 40, 39, 36, 34, 35, 48, 46, 22]

Individual 57:
  Route length: 9353
  Contribution to Diversity: 0.0002494711374936287
  Route: [1, 49, 32, 45, 19, 51, 11, 52, 14, 13, 47, 26, 27, 28, 12, 25, 4, 6, 15, 48, 46, 44, 34, 35, 36, 41, 8, 9, 10, 43, 33, 24, 5, 37, 40, 39, 38, 50, 29, 16, 20, 23, 30, 2, 7, 42, 21, 17, 3, 18, 31, 22]

Individual 58:
  Route length: 9366
  Contribution to Diversity: 0.001728755812159477
  Route: [1, 49, 19, 45, 15, 6, 4, 25, 12, 28, 27, 26, 47, 13, 14, 52, 11, 51, 40, 37, 38, 48, 24, 5, 39, 36, 35, 34, 44, 46, 16, 29, 50, 20, 23, 30, 2, 7, 42, 21, 32, 43, 33, 10, 9, 8, 41, 31, 3, 17, 18, 22]

Individual 59:
  Route length: 9237
  Contribution to Diversity: 0.001163013257809986
  Route: [49, 1, 20, 23, 25, 4, 6, 15, 5, 24, 48, 38, 39, 36, 35, 34, 44, 46, 40, 37, 12, 28, 27, 26, 47, 13, 14, 52, 11, 51, 33, 43, 10, 9, 8, 41, 19, 45, 17, 21, 42, 7, 2, 30, 50, 16, 29, 32, 3, 18, 31, 22]

Individual 60:
  Route length: 9275
  Contribution to Diversity: 0.0011694268006845476
  Route: [18, 31, 32, 46, 5, 1, 49, 44, 16, 29, 50, 15, 6, 4, 25, 12, 28, 27, 26, 47, 13, 14, 52, 11, 51, 33, 43, 10, 9, 8, 41, 19, 45, 3, 17, 21, 42, 7, 2, 30, 23, 20, 48, 24, 39, 40, 37, 38, 36, 35, 34, 22]

Individual 61:
  Route length: 9325
  Contribution to Diversity: 0
  Route: [41, 8, 45, 32, 49, 1, 15, 6, 24, 5, 37, 40, 39, 36, 35, 34, 38, 44, 48, 46, 4, 25, 12, 28, 27, 26, 47, 13, 14, 52, 11, 51, 33, 43, 10, 9, 19, 23, 20, 50, 29, 16, 30, 2, 7, 42, 21, 17, 3, 18, 31, 22]

Individual 62:
  Route length: 9320
  Contribution to Diversity: 0.0015186773475610593
  Route: [1, 49, 32, 17, 21, 42, 7, 2, 30, 29, 50, 20, 23, 16, 27, 26, 47, 13, 14, 52, 11, 51, 28, 12, 25, 4, 6, 15, 5, 24, 38, 48, 46, 44, 34, 35, 36, 39, 40, 37, 43, 33, 41, 19, 10, 9, 8, 45, 3, 18, 31, 22]

Individual 63:
  Route length: 9200
  Contribution to Diversity: 0
  Route: [1, 49, 33, 43, 10, 9, 8, 41, 19, 45, 32, 39, 5, 15, 6, 4, 25, 12, 28, 27, 26, 47, 13, 14, 52, 11, 51, 44, 34, 35, 36, 46, 16, 24, 48, 38, 37, 40, 23, 20, 50, 29, 30, 2, 7, 42, 21, 17, 3, 18, 31, 22]

Individual 64:
  Route length: 9363
  Contribution to Diversity: 0.0007596937454366071
  Route: [1, 49, 44, 43, 10, 9, 8, 41, 19, 45, 3, 17, 21, 42, 7, 2, 30, 23, 20, 50, 29, 16, 18, 31, 32, 37, 40, 6, 4, 25, 12, 33, 51, 11, 52, 14, 13, 47, 26, 27, 28, 46, 15, 5, 24, 48, 38, 35, 36, 39, 34, 22]

Individual 65:
  Route length: 9268
  Contribution to Diversity: 0
  Route: [1, 5, 24, 31, 18, 3, 17, 21, 42, 7, 2, 30, 23, 20, 50, 29, 16, 46, 48, 38, 35, 36, 37, 39, 32, 49, 44, 34, 40, 51, 11, 52, 14, 13, 47, 26, 27, 28, 12, 25, 4, 6, 15, 33, 43, 10, 9, 8, 41, 19, 45, 22]

Individual 66:
  Route length: 9381
  Contribution to Diversity: 0
  Route: [41, 8, 45, 32, 49, 38, 24, 5, 19, 9, 10, 43, 33, 51, 11, 52, 14, 13, 47, 26, 27, 28, 12, 25, 4, 6, 15, 1, 46, 44, 48, 35, 34, 36, 39, 40, 37, 16, 29, 50, 20, 23, 30, 2, 7, 42, 21, 17, 3, 18, 31, 22]

Individual 67:
  Route length: 9291
  Contribution to Diversity: 0.0003079236825414
  Route: [4, 25, 15, 5, 24, 48, 10, 9, 8, 41, 19, 45, 32, 49, 6, 51, 11, 52, 14, 13, 47, 26, 27, 28, 12, 33, 43, 37, 38, 40, 39, 1, 36, 35, 34, 44, 46, 16, 29, 50, 20, 23, 30, 2, 7, 42, 21, 17, 3, 18, 31, 22]

Individual 68:
  Route length: 9298
  Contribution to Diversity: 0.0009290294051664816
  Route: [18, 31, 32, 46, 51, 11, 52, 14, 13, 47, 26, 27, 28, 12, 25, 4, 6, 15, 5, 1, 49, 44, 43, 33, 9, 10, 8, 41, 19, 45, 3, 17, 2, 7, 42, 21, 30, 23, 20, 50, 29, 16, 24, 48, 38, 37, 40, 39, 36, 35, 34, 22]

Individual 69:
  Route length: 9355
  Contribution to Diversity: 0
  Route: [1, 49, 34, 44, 46, 16, 37, 40, 32, 35, 36, 12, 28, 27, 26, 47, 13, 14, 52, 11, 51, 33, 43, 10, 9, 8, 41, 19, 45, 24, 48, 38, 39, 15, 5, 6, 4, 25, 30, 23, 20, 50, 29, 2, 7, 42, 21, 17, 3, 18, 31, 22]

Individual 70:
  Route length: 9287
  Contribution to Diversity: 0.0008171385713744428
  Route: [1, 5, 24, 31, 18, 3, 17, 21, 42, 7, 2, 30, 23, 20, 50, 29, 16, 46, 48, 38, 35, 36, 40, 37, 39, 32, 49, 44, 34, 4, 25, 12, 51, 11, 52, 14, 13, 47, 26, 27, 28, 6, 15, 33, 43, 10, 9, 8, 41, 19, 45, 22]

Individual 71:
  Route length: 9405
  Contribution to Diversity: 0.0015983552564957648
  Route: [1, 49, 32, 45, 19, 41, 8, 9, 10, 43, 33, 51, 11, 52, 14, 28, 27, 26, 47, 13, 4, 39, 48, 38, 37, 24, 5, 15, 6, 12, 25, 44, 34, 35, 36, 40, 46, 16, 50, 29, 23, 20, 30, 2, 7, 42, 21, 17, 3, 18, 31, 22]

Individual 72:
  Route length: 9186
  Contribution to Diversity: 0
  Route: [41, 8, 45, 1, 49, 32, 5, 19, 9, 10, 43, 33, 51, 11, 52, 14, 13, 47, 26, 27, 28, 12, 25, 4, 6, 15, 24, 38, 44, 46, 48, 35, 34, 36, 39, 40, 37, 16, 29, 50, 20, 23, 30, 2, 7, 42, 21, 17, 3, 18, 31, 22]

Individual 73:
  Route length: 9240
  Contribution to Diversity: 0
  Route: [1, 49, 32, 45, 25, 12, 28, 27, 26, 47, 13, 14, 52, 11, 51, 33, 43, 10, 9, 8, 41, 19, 36, 39, 40, 37, 38, 48, 24, 5, 15, 6, 4, 35, 44, 34, 23, 20, 30, 46, 16, 29, 50, 21, 42, 2, 7, 17, 3, 18, 31, 22]

Individual 74:
  Route length: 9299
  Contribution to Diversity: 0.0007071152969313488
  Route: [1, 46, 36, 49, 44, 39, 6, 15, 5, 24, 48, 38, 37, 40, 29, 50, 20, 23, 30, 2, 7, 42, 21, 17, 3, 45, 19, 41, 8, 9, 10, 43, 33, 51, 11, 52, 14, 13, 47, 26, 27, 28, 12, 25, 4, 16, 18, 31, 32, 35, 34, 22]

Individual 75:
  Route length: 9404
  Contribution to Diversity: 0.0006838510427220612
  Route: [41, 8, 45, 32, 49, 1, 15, 6, 24, 5, 40, 37, 35, 36, 39, 34, 38, 44, 48, 46, 4, 25, 12, 28, 27, 26, 47, 13, 14, 52, 11, 51, 33, 43, 10, 9, 19, 23, 20, 50, 29, 16, 30, 2, 7, 42, 21, 17, 3, 18, 31, 22]

Individual 76:
  Route length: 9393
  Contribution to Diversity: 0.0022269240760381948
  Route: [1, 49, 32, 45, 19, 41, 8, 9, 10, 43, 33, 51, 11, 52, 14, 13, 47, 26, 27, 28, 12, 4, 34, 44, 46, 15, 5, 24, 25, 37, 38, 6, 20, 50, 29, 16, 48, 35, 36, 39, 40, 30, 23, 2, 7, 42, 21, 17, 3, 18, 31, 22]

Individual 77:
  Route length: 9148
  Contribution to Diversity: 0.00036089313362275277
  Route: [1, 49, 35, 34, 38, 44, 46, 6, 15, 32, 16, 37, 40, 39, 36, 45, 8, 41, 19, 9, 10, 43, 33, 51, 11, 52, 14, 13, 47, 26, 27, 28, 12, 25, 4, 5, 24, 48, 29, 50, 20, 23, 30, 2, 7, 42, 21, 17, 3, 18, 31, 22]

Individual 78:
  Route length: 9386
  Contribution to Diversity: 0.0011683863802378625
  Route: [1, 49, 32, 6, 15, 25, 12, 28, 27, 26, 47, 13, 14, 52, 11, 51, 33, 43, 24, 48, 34, 35, 36, 39, 40, 37, 38, 4, 17, 21, 42, 7, 2, 30, 23, 20, 50, 29, 16, 46, 44, 5, 45, 19, 41, 8, 9, 10, 3, 18, 31, 22]

Individual 79:
  Route length: 9292
  Contribution to Diversity: 0.0003146483822584756
  Route: [45, 19, 41, 8, 9, 10, 43, 33, 51, 11, 52, 14, 13, 47, 26, 27, 28, 12, 25, 4, 24, 48, 38, 15, 5, 34, 44, 46, 20, 50, 29, 16, 37, 39, 36, 35, 32, 40, 6, 49, 1, 31, 18, 23, 30, 2, 7, 42, 3, 17, 21, 22]

Individual 80:
  Route length: 9400
  Contribution to Diversity: 0.001653516135790234
  Route: [1, 49, 37, 40, 39, 15, 48, 5, 24, 36, 35, 27, 28, 12, 25, 4, 6, 44, 46, 34, 38, 32, 45, 19, 41, 8, 9, 10, 43, 33, 51, 11, 52, 14, 13, 47, 26, 16, 29, 50, 20, 23, 30, 2, 7, 42, 21, 17, 3, 18, 31, 22]

Individual 81:
  Route length: 9230
  Contribution to Diversity: 0
  Route: [1, 49, 33, 43, 10, 9, 8, 41, 19, 45, 32, 39, 5, 15, 6, 4, 25, 12, 28, 27, 26, 47, 13, 14, 52, 11, 51, 44, 34, 35, 36, 46, 16, 38, 48, 24, 37, 40, 23, 20, 50, 29, 30, 2, 7, 42, 21, 17, 3, 18, 31, 22]

Individual 82:
  Route length: 9135
  Contribution to Diversity: 0
  Route: [1, 49, 32, 45, 8, 41, 19, 9, 10, 43, 33, 51, 11, 52, 14, 13, 26, 47, 25, 4, 6, 12, 28, 27, 5, 15, 24, 48, 46, 44, 38, 34, 35, 36, 39, 40, 37, 16, 29, 50, 20, 23, 30, 2, 7, 42, 21, 17, 3, 18, 31, 22]

Individual 83:
  Route length: 9377
  Contribution to Diversity: 0.0012627253494414958
  Route: [1, 49, 32, 45, 19, 41, 8, 9, 10, 43, 33, 51, 11, 52, 14, 28, 27, 26, 47, 13, 4, 39, 48, 40, 36, 24, 5, 15, 6, 12, 25, 44, 34, 35, 37, 38, 46, 16, 29, 50, 20, 23, 30, 2, 7, 42, 21, 17, 3, 18, 31, 22]

Individual 84:
  Route length: 9357
  Contribution to Diversity: 0.0010180195648299417
  Route: [45, 32, 49, 18, 1, 31, 19, 41, 8, 37, 35, 34, 40, 39, 36, 9, 10, 43, 33, 51, 11, 52, 14, 13, 47, 26, 27, 28, 12, 25, 4, 6, 15, 5, 24, 48, 38, 46, 44, 16, 29, 50, 20, 23, 30, 7, 2, 42, 21, 17, 3, 22]

Individual 85:
  Route length: 9288
  Contribution to Diversity: 0.001045580679623015
  Route: [39, 36, 35, 34, 44, 46, 43, 33, 51, 11, 52, 14, 13, 47, 26, 27, 28, 12, 25, 4, 6, 15, 5, 37, 38, 48, 24, 20, 23, 30, 1, 49, 32, 45, 19, 41, 8, 9, 10, 40, 16, 29, 50, 21, 42, 7, 2, 17, 3, 18, 31, 22]

Individual 86:
  Route length: 8905
  Contribution to Diversity: 0
  Route: [1, 49, 36, 46, 4, 25, 12, 28, 27, 26, 47, 13, 14, 52, 11, 51, 33, 43, 10, 9, 8, 41, 19, 45, 3, 17, 21, 42, 7, 2, 30, 23, 20, 50, 29, 40, 37, 38, 48, 24, 5, 15, 6, 39, 44, 16, 18, 31, 32, 35, 34, 22]

Individual 87:
  Route length: 9349
  Contribution to Diversity: 9.174594476579756e-05
  Route: [1, 49, 32, 45, 8, 41, 3, 17, 21, 42, 7, 2, 30, 23, 20, 50, 29, 16, 37, 40, 39, 36, 35, 34, 38, 44, 46, 48, 24, 15, 5, 12, 28, 27, 25, 4, 6, 26, 47, 13, 14, 52, 11, 51, 33, 43, 10, 9, 19, 18, 31, 22]

Individual 88:
  Route length: 9387
  Contribution to Diversity: 0.0012285568361143362
  Route: [1, 37, 23, 20, 50, 30, 2, 7, 42, 21, 17, 45, 19, 41, 8, 32, 49, 35, 36, 40, 39, 38, 48, 24, 6, 15, 5, 34, 44, 46, 16, 29, 4, 25, 12, 28, 27, 26, 47, 13, 14, 52, 11, 51, 33, 43, 10, 9, 3, 18, 31, 22]

Individual 89:
  Route length: 9236
  Contribution to Diversity: 0.0005365948442168644
  Route: [4, 25, 15, 5, 24, 48, 10, 9, 8, 41, 19, 45, 32, 49, 1, 31, 18, 3, 17, 21, 42, 7, 2, 30, 23, 20, 50, 29, 16, 46, 44, 34, 35, 36, 6, 51, 11, 52, 14, 13, 47, 26, 27, 28, 12, 33, 43, 37, 38, 40, 39, 22]

Individual 90:
  Route length: 9278
  Contribution to Diversity: 0
  Route: [1, 40, 37, 24, 48, 38, 16, 46, 36, 35, 34, 44, 51, 11, 52, 14, 13, 47, 26, 27, 28, 12, 25, 4, 6, 15, 5, 39, 32, 45, 19, 41, 8, 9, 10, 43, 33, 49, 31, 18, 3, 17, 21, 42, 7, 2, 30, 29, 50, 20, 23, 22]

Individual 91:
  Route length: 9390
  Contribution to Diversity: 0.001791388834148755
  Route: [17, 3, 45, 19, 41, 8, 9, 10, 43, 33, 51, 11, 52, 14, 13, 47, 26, 27, 28, 12, 25, 4, 6, 32, 31, 18, 21, 42, 7, 2, 30, 23, 20, 50, 29, 15, 5, 1, 49, 39, 40, 37, 46, 44, 36, 35, 34, 38, 48, 24, 16, 22]

Individual 92:
  Route length: 9271
  Contribution to Diversity: 0.001387149123539544
  Route: [1, 40, 37, 24, 48, 44, 34, 35, 36, 46, 16, 38, 5, 15, 6, 4, 25, 12, 28, 27, 26, 47, 13, 14, 52, 11, 51, 39, 32, 45, 19, 41, 8, 9, 10, 43, 33, 49, 31, 18, 3, 17, 21, 42, 7, 2, 30, 29, 50, 20, 23, 22]

Individual 93:
  Route length: 9384
  Contribution to Diversity: 0
  Route: [1, 49, 33, 43, 10, 9, 8, 41, 19, 45, 32, 39, 15, 5, 40, 37, 24, 48, 38, 16, 46, 36, 35, 34, 44, 51, 11, 52, 14, 13, 47, 26, 27, 28, 12, 25, 4, 6, 23, 20, 50, 29, 30, 2, 7, 42, 21, 17, 3, 18, 31, 22]

Individual 94:
  Route length: 9237
  Contribution to Diversity: 0
  Route: [1, 49, 6, 40, 32, 35, 36, 39, 15, 5, 34, 44, 16, 29, 50, 20, 46, 48, 38, 37, 24, 4, 25, 12, 28, 27, 26, 47, 13, 14, 52, 11, 51, 33, 43, 10, 9, 8, 41, 19, 45, 21, 17, 3, 42, 7, 2, 30, 23, 18, 31, 22]

Individual 95:
  Route length: 9403
  Contribution to Diversity: 0.0013652353647035653
  Route: [1, 49, 32, 45, 25, 12, 28, 27, 26, 47, 13, 14, 52, 11, 51, 33, 43, 10, 9, 8, 41, 19, 36, 39, 40, 37, 6, 15, 5, 24, 48, 38, 4, 35, 44, 34, 23, 20, 30, 46, 16, 29, 50, 21, 42, 2, 7, 17, 3, 18, 31, 22]

Individual 96:
  Route length: 9384
  Contribution to Diversity: 0.00013185632067003183
  Route: [1, 49, 32, 45, 25, 12, 28, 27, 26, 47, 13, 14, 52, 11, 51, 33, 43, 10, 9, 8, 41, 19, 36, 39, 40, 37, 38, 48, 24, 5, 15, 6, 4, 35, 44, 34, 23, 20, 30, 7, 2, 42, 21, 50, 29, 16, 46, 3, 17, 18, 31, 22]

Individual 97:
  Route length: 9226
  Contribution to Diversity: 0.0018731514252960935
  Route: [44, 46, 16, 1, 31, 19, 41, 8, 9, 10, 45, 37, 38, 48, 24, 5, 15, 6, 4, 25, 12, 28, 27, 26, 47, 13, 14, 52, 11, 51, 33, 43, 40, 39, 36, 35, 34, 32, 49, 18, 20, 50, 29, 23, 30, 7, 2, 42, 21, 17, 3, 22]

Individual 98:
  Route length: 9421
  Contribution to Diversity: 0.0006893780243233394
  Route: [1, 49, 34, 44, 46, 16, 37, 40, 32, 35, 36, 24, 45, 19, 41, 8, 9, 10, 43, 33, 51, 11, 52, 14, 13, 47, 26, 27, 28, 12, 38, 48, 39, 15, 5, 6, 4, 25, 30, 23, 20, 50, 29, 2, 7, 42, 21, 17, 3, 18, 31, 22]

Individual 99:
  Route length: 9309
  Contribution to Diversity: 0
  Route: [41, 8, 45, 32, 49, 1, 15, 6, 38, 24, 5, 19, 9, 10, 43, 33, 51, 11, 52, 14, 13, 47, 26, 27, 28, 12, 25, 4, 36, 34, 35, 48, 46, 44, 39, 40, 37, 16, 29, 50, 20, 23, 30, 2, 7, 42, 21, 17, 3, 18, 31, 22]

Total Entropy H: 4.821064085214973
