Individual 0:
  Route length: 9374
  Contribution to Diversity: 0.00014756452366793127
  Route: [39, 40, 37, 24, 48, 35, 36, 20, 23, 30, 2, 7, 42, 21, 17, 50, 29, 16, 46, 44, 1, 49, 3, 18, 38, 34, 5, 15, 6, 4, 25, 12, 28, 27, 26, 47, 13, 14, 52, 11, 51, 33, 43, 10, 9, 8, 41, 19, 45, 32, 31, 22]

Individual 1:
  Route length: 9399
  Contribution to Diversity: 0
  Route: [1, 23, 20, 50, 29, 16, 46, 34, 35, 24, 5, 15, 6, 4, 25, 12, 28, 27, 26, 47, 13, 14, 52, 11, 51, 33, 43, 10, 9, 8, 41, 19, 17, 3, 48, 38, 37, 40, 39, 49, 32, 45, 21, 42, 7, 2, 30, 36, 44, 18, 31, 22]

Individual 2:
  Route length: 9427
  Contribution to Diversity: 3.942253655875305e-05
  Route: [1, 32, 49, 46, 44, 34, 19, 45, 16, 40, 39, 36, 35, 37, 38, 48, 24, 5, 15, 6, 4, 25, 28, 12, 27, 26, 47, 13, 14, 52, 11, 51, 33, 43, 10, 9, 8, 41, 20, 50, 29, 23, 30, 2, 7, 42, 21, 17, 3, 18, 31, 22]

Individual 3:
  Route length: 9247
  Contribution to Diversity: 0.0003637168806340796
  Route: [1, 49, 32, 28, 12, 27, 26, 47, 13, 14, 52, 11, 51, 33, 43, 10, 9, 8, 41, 19, 45, 38, 48, 24, 5, 15, 25, 4, 6, 37, 40, 39, 35, 36, 3, 34, 44, 46, 16, 29, 50, 20, 23, 30, 2, 7, 42, 21, 17, 31, 18, 22]

Individual 4:
  Route length: 9383
  Contribution to Diversity: 0.0001888792878368406
  Route: [1, 49, 32, 45, 19, 41, 8, 9, 10, 43, 33, 25, 14, 52, 11, 51, 12, 28, 27, 26, 47, 13, 4, 6, 15, 5, 24, 48, 38, 37, 40, 39, 36, 35, 46, 44, 34, 18, 3, 17, 21, 42, 7, 2, 30, 23, 20, 50, 29, 16, 31, 22]

Individual 5:
  Route length: 9381
  Contribution to Diversity: 0.0004900112628520858
  Route: [1, 32, 3, 18, 30, 2, 7, 42, 21, 15, 6, 4, 24, 5, 36, 35, 34, 44, 46, 16, 29, 50, 20, 23, 39, 40, 37, 38, 48, 25, 12, 28, 27, 26, 47, 13, 14, 52, 11, 51, 33, 43, 10, 9, 8, 41, 19, 45, 49, 17, 31, 22]

Individual 6:
  Route length: 9346
  Contribution to Diversity: 0.00017229002882768185
  Route: [1, 49, 32, 45, 19, 41, 8, 9, 10, 43, 33, 51, 11, 52, 27, 28, 12, 25, 5, 48, 24, 40, 4, 6, 26, 47, 13, 14, 37, 38, 15, 39, 36, 35, 34, 44, 46, 16, 29, 50, 20, 23, 30, 2, 7, 42, 21, 17, 3, 18, 31, 22]

Individual 7:
  Route length: 9425
  Contribution to Diversity: 0.00043153872920687064
  Route: [34, 39, 36, 35, 5, 37, 38, 48, 24, 40, 15, 6, 4, 25, 12, 28, 27, 26, 47, 13, 14, 52, 11, 51, 33, 43, 10, 9, 8, 41, 19, 45, 32, 49, 1, 18, 21, 16, 46, 44, 31, 3, 17, 30, 23, 20, 50, 29, 2, 7, 42, 22]

Individual 8:
  Route length: 9385
  Contribution to Diversity: 0.0001081165156264774
  Route: [1, 49, 32, 44, 34, 35, 45, 4, 6, 15, 39, 40, 37, 38, 48, 24, 5, 33, 51, 11, 52, 14, 13, 47, 26, 27, 28, 12, 25, 36, 43, 10, 9, 8, 41, 19, 46, 16, 29, 50, 20, 23, 30, 2, 7, 42, 21, 17, 3, 18, 31, 22]

Individual 9:
  Route length: 9401
  Contribution to Diversity: 0.0004083294722487807
  Route: [1, 8, 41, 19, 45, 49, 32, 16, 48, 38, 37, 40, 39, 36, 35, 34, 44, 46, 12, 28, 27, 26, 47, 13, 14, 52, 11, 51, 33, 43, 10, 9, 24, 5, 15, 25, 4, 6, 29, 50, 20, 23, 30, 2, 7, 42, 21, 17, 3, 18, 31, 22]

Individual 10:
  Route length: 9353
  Contribution to Diversity: 0.0004581721572831654
  Route: [1, 49, 32, 17, 3, 39, 36, 35, 6, 24, 48, 38, 37, 40, 45, 19, 41, 8, 9, 10, 43, 33, 51, 11, 27, 26, 47, 13, 14, 52, 28, 12, 25, 4, 34, 5, 15, 44, 46, 16, 29, 50, 20, 23, 30, 2, 7, 42, 21, 18, 31, 22]

Individual 11:
  Route length: 9326
  Contribution to Diversity: 0.00023610057476819435
  Route: [39, 40, 38, 48, 24, 37, 15, 5, 34, 35, 36, 20, 23, 30, 2, 7, 42, 21, 17, 50, 29, 16, 46, 44, 1, 49, 3, 18, 6, 4, 25, 12, 28, 27, 26, 47, 13, 14, 52, 11, 51, 33, 43, 10, 9, 8, 41, 19, 45, 32, 31, 22]

Individual 12:
  Route length: 9400
  Contribution to Diversity: 0.0004488404983300498
  Route: [1, 49, 32, 45, 50, 29, 16, 46, 44, 34, 35, 36, 39, 40, 43, 33, 51, 11, 52, 14, 13, 47, 26, 27, 28, 12, 6, 4, 25, 37, 38, 48, 24, 5, 15, 10, 9, 8, 41, 19, 31, 18, 21, 17, 3, 2, 7, 42, 30, 23, 20, 22]

Individual 13:
  Route length: 9125
  Contribution to Diversity: 0.00027857946756348895
  Route: [1, 32, 49, 36, 35, 34, 44, 46, 5, 38, 48, 24, 39, 40, 37, 45, 19, 41, 8, 9, 10, 43, 33, 51, 11, 52, 14, 13, 47, 26, 27, 12, 28, 25, 4, 6, 15, 23, 30, 2, 7, 42, 21, 20, 50, 29, 16, 17, 3, 18, 31, 22]

Individual 14:
  Route length: 9334
  Contribution to Diversity: 0.0003010708226476311
  Route: [1, 49, 32, 45, 9, 8, 41, 19, 10, 24, 5, 15, 6, 4, 25, 12, 28, 27, 26, 47, 13, 14, 52, 11, 51, 33, 43, 38, 48, 3, 17, 21, 42, 7, 2, 30, 23, 20, 50, 29, 16, 46, 34, 44, 36, 39, 40, 37, 35, 31, 18, 22]

Individual 15:
  Route length: 9413
  Contribution to Diversity: 0.0009020759041042936
  Route: [1, 49, 15, 5, 6, 4, 25, 12, 28, 27, 26, 47, 13, 14, 52, 11, 51, 33, 43, 10, 9, 41, 8, 19, 20, 50, 29, 16, 46, 37, 40, 39, 36, 35, 34, 44, 48, 45, 32, 38, 24, 3, 17, 21, 42, 7, 2, 30, 23, 18, 31, 22]

Individual 16:
  Route length: 9357
  Contribution to Diversity: 0.0010773413968703238
  Route: [35, 36, 39, 40, 37, 38, 48, 24, 5, 15, 6, 4, 25, 12, 28, 27, 26, 47, 13, 14, 52, 11, 51, 33, 8, 41, 9, 10, 43, 19, 45, 32, 49, 1, 30, 42, 7, 2, 20, 23, 50, 29, 16, 46, 44, 34, 17, 21, 3, 18, 31, 22]

Individual 17:
  Route length: 9417
  Contribution to Diversity: 0.0005933341514907653
  Route: [45, 32, 49, 1, 44, 46, 16, 29, 50, 20, 23, 30, 2, 7, 42, 21, 19, 8, 41, 9, 10, 43, 33, 51, 11, 52, 14, 13, 47, 26, 27, 28, 34, 35, 36, 39, 40, 37, 38, 48, 25, 12, 4, 6, 15, 24, 5, 18, 3, 17, 31, 22]

Individual 18:
  Route length: 9263
  Contribution to Diversity: 0.001200464142641522
  Route: [1, 46, 16, 29, 47, 26, 27, 38, 48, 24, 5, 15, 6, 4, 25, 12, 28, 13, 14, 52, 11, 51, 33, 43, 10, 9, 8, 41, 19, 45, 32, 49, 36, 35, 34, 44, 39, 40, 37, 50, 20, 23, 30, 31, 2, 7, 42, 21, 17, 3, 18, 22]

Individual 19:
  Route length: 9394
  Contribution to Diversity: 0.0009406213861113955
  Route: [5, 24, 48, 38, 43, 33, 51, 11, 52, 14, 13, 47, 26, 27, 28, 12, 37, 8, 9, 10, 41, 19, 45, 32, 49, 1, 31, 18, 3, 17, 21, 42, 7, 2, 30, 23, 20, 50, 29, 16, 46, 35, 34, 44, 15, 6, 4, 25, 36, 39, 40, 22]

Individual 20:
  Route length: 9407
  Contribution to Diversity: 0.0001350655886893648
  Route: [1, 37, 38, 25, 4, 6, 32, 49, 31, 18, 3, 17, 21, 42, 7, 2, 30, 23, 20, 50, 29, 16, 46, 48, 24, 5, 15, 44, 12, 28, 27, 26, 47, 13, 14, 52, 11, 51, 33, 43, 34, 45, 19, 41, 8, 9, 10, 40, 39, 36, 35, 22]

Individual 21:
  Route length: 9422
  Contribution to Diversity: 0.0007217094688600767
  Route: [1, 49, 32, 45, 50, 29, 16, 35, 34, 44, 46, 48, 24, 5, 15, 6, 4, 25, 12, 28, 27, 26, 47, 13, 14, 52, 11, 51, 33, 43, 40, 39, 36, 38, 37, 10, 9, 8, 41, 19, 31, 18, 21, 17, 3, 2, 7, 42, 30, 23, 20, 22]

Individual 22:
  Route length: 9237
  Contribution to Diversity: 0.0005424474835633575
  Route: [17, 21, 42, 7, 2, 30, 23, 20, 36, 35, 48, 24, 37, 40, 39, 46, 16, 29, 50, 44, 1, 49, 3, 18, 38, 34, 5, 15, 6, 4, 25, 12, 28, 27, 26, 47, 13, 14, 52, 11, 51, 33, 43, 10, 9, 8, 41, 19, 45, 32, 31, 22]

Individual 23:
  Route length: 9363
  Contribution to Diversity: 0.0003180950336343358
  Route: [34, 39, 35, 36, 38, 6, 15, 40, 24, 48, 5, 37, 29, 16, 46, 44, 31, 3, 17, 21, 18, 1, 49, 32, 45, 19, 41, 8, 9, 10, 43, 33, 51, 11, 52, 14, 13, 47, 26, 27, 28, 12, 25, 4, 50, 20, 23, 30, 2, 7, 42, 22]

Individual 24:
  Route length: 9376
  Contribution to Diversity: 0.0001283667593208193
  Route: [1, 32, 49, 48, 24, 5, 15, 6, 4, 25, 28, 12, 27, 26, 47, 13, 14, 52, 11, 51, 33, 43, 10, 9, 8, 41, 19, 45, 16, 20, 23, 50, 29, 36, 38, 37, 40, 39, 46, 35, 34, 44, 42, 7, 2, 30, 21, 17, 3, 18, 31, 22]

Individual 25:
  Route length: 9373
  Contribution to Diversity: 0.0002816767779680873
  Route: [1, 49, 32, 45, 19, 41, 8, 9, 10, 43, 33, 51, 11, 52, 14, 13, 47, 26, 27, 28, 12, 25, 4, 6, 40, 37, 38, 3, 17, 21, 42, 7, 2, 30, 23, 18, 31, 15, 5, 46, 16, 20, 50, 29, 24, 44, 34, 35, 36, 39, 48, 22]

Individual 26:
  Route length: 9417
  Contribution to Diversity: 0.00020397835178798118
  Route: [1, 32, 49, 48, 24, 5, 23, 20, 50, 29, 16, 45, 19, 41, 8, 9, 10, 43, 33, 51, 11, 52, 14, 27, 26, 47, 13, 28, 12, 25, 4, 6, 15, 40, 39, 46, 37, 38, 36, 35, 34, 44, 42, 7, 2, 30, 21, 17, 3, 18, 31, 22]

Individual 27:
  Route length: 9302
  Contribution to Diversity: 0.00034323379496026263
  Route: [1, 31, 49, 32, 6, 4, 25, 38, 37, 35, 36, 39, 40, 10, 9, 8, 41, 19, 45, 34, 43, 33, 51, 11, 52, 14, 13, 47, 26, 27, 28, 12, 44, 15, 5, 24, 48, 46, 16, 29, 50, 20, 23, 30, 2, 7, 42, 21, 17, 3, 18, 22]

Individual 28:
  Route length: 9417
  Contribution to Diversity: 0.00039168592433025395
  Route: [1, 49, 35, 37, 40, 23, 20, 50, 29, 46, 16, 44, 21, 42, 7, 2, 30, 17, 32, 38, 48, 24, 5, 15, 6, 4, 25, 12, 28, 27, 26, 47, 13, 14, 52, 11, 51, 33, 43, 10, 9, 8, 41, 19, 45, 36, 39, 34, 3, 18, 31, 22]

Individual 29:
  Route length: 9349
  Contribution to Diversity: 0.0002303751007932675
  Route: [45, 32, 49, 1, 41, 19, 8, 9, 10, 43, 33, 51, 11, 52, 14, 13, 47, 26, 27, 28, 12, 25, 4, 6, 15, 5, 24, 48, 37, 39, 40, 44, 46, 35, 36, 34, 23, 38, 29, 50, 20, 16, 30, 2, 7, 42, 21, 17, 3, 18, 31, 22]

Individual 30:
  Route length: 9391
  Contribution to Diversity: 0.0011150434089124417
  Route: [1, 49, 32, 45, 19, 41, 8, 9, 10, 43, 33, 51, 11, 52, 14, 13, 47, 26, 27, 28, 15, 6, 4, 25, 12, 24, 5, 48, 38, 37, 40, 39, 36, 35, 42, 2, 7, 17, 21, 34, 44, 46, 16, 20, 50, 29, 30, 23, 3, 18, 31, 22]

Individual 31:
  Route length: 9248
  Contribution to Diversity: 0.00012814038403874406
  Route: [39, 40, 37, 24, 48, 38, 18, 17, 21, 42, 7, 2, 30, 23, 20, 36, 35, 34, 44, 46, 16, 29, 50, 1, 49, 3, 32, 45, 19, 41, 8, 9, 10, 43, 33, 51, 11, 52, 14, 13, 47, 26, 27, 28, 12, 25, 4, 6, 15, 5, 31, 22]

Individual 32:
  Route length: 9146
  Contribution to Diversity: 6.0091115910765325e-05
  Route: [1, 36, 15, 6, 4, 32, 49, 39, 40, 37, 38, 48, 24, 5, 43, 25, 12, 28, 27, 26, 47, 13, 14, 52, 11, 51, 33, 10, 9, 45, 19, 41, 8, 18, 3, 17, 21, 42, 7, 2, 30, 23, 20, 50, 29, 16, 46, 44, 35, 34, 31, 22]

Individual 33:
  Route length: 9377
  Contribution to Diversity: 0.00034676872072925136
  Route: [1, 49, 37, 38, 40, 39, 51, 11, 52, 14, 13, 47, 26, 27, 28, 12, 25, 4, 6, 15, 5, 24, 35, 36, 34, 32, 45, 19, 41, 8, 9, 10, 43, 33, 48, 44, 46, 50, 29, 16, 18, 3, 17, 21, 42, 7, 2, 30, 23, 20, 31, 22]

Individual 34:
  Route length: 9426
  Contribution to Diversity: 0.00010158566919660217
  Route: [29, 50, 20, 23, 30, 2, 7, 42, 21, 17, 3, 8, 9, 10, 43, 33, 51, 11, 52, 14, 13, 47, 26, 27, 28, 12, 25, 4, 6, 15, 5, 19, 45, 32, 49, 1, 34, 44, 24, 46, 16, 35, 36, 39, 40, 37, 48, 38, 41, 18, 31, 22]

Individual 35:
  Route length: 9397
  Contribution to Diversity: 0.0003056223796971125
  Route: [49, 32, 45, 19, 10, 9, 8, 41, 1, 4, 25, 12, 48, 24, 5, 15, 40, 39, 36, 28, 27, 26, 47, 13, 14, 52, 11, 51, 33, 43, 6, 37, 38, 35, 34, 44, 46, 16, 29, 50, 20, 23, 30, 2, 7, 42, 21, 17, 3, 18, 31, 22]

Individual 36:
  Route length: 9311
  Contribution to Diversity: 9.552806470036757e-05
  Route: [1, 32, 49, 50, 29, 16, 45, 19, 41, 8, 9, 10, 43, 33, 51, 11, 52, 14, 13, 47, 26, 27, 12, 28, 25, 4, 6, 15, 5, 24, 48, 34, 35, 36, 38, 37, 40, 39, 46, 20, 23, 44, 42, 7, 2, 30, 21, 17, 3, 18, 31, 22]

Individual 37:
  Route length: 9294
  Contribution to Diversity: 0.00020987118048676479
  Route: [1, 49, 46, 16, 20, 50, 29, 38, 48, 44, 24, 4, 25, 12, 28, 27, 26, 47, 13, 14, 52, 11, 51, 33, 43, 10, 9, 8, 41, 19, 45, 3, 17, 21, 42, 7, 2, 30, 34, 35, 36, 39, 40, 37, 6, 5, 15, 32, 23, 18, 31, 22]

Individual 38:
  Route length: 9302
  Contribution to Diversity: 0.00018056000360644475
  Route: [1, 49, 9, 8, 41, 19, 43, 33, 51, 11, 52, 14, 13, 47, 26, 27, 28, 12, 25, 5, 48, 38, 15, 6, 4, 10, 45, 32, 40, 37, 39, 36, 35, 34, 44, 46, 24, 16, 29, 50, 20, 23, 30, 2, 7, 42, 21, 17, 3, 18, 31, 22]

Individual 39:
  Route length: 9388
  Contribution to Diversity: 0.0005048114086498856
  Route: [1, 16, 40, 39, 8, 41, 19, 45, 49, 32, 9, 10, 43, 33, 51, 11, 52, 14, 13, 47, 26, 27, 28, 12, 46, 44, 34, 35, 36, 48, 38, 37, 15, 5, 24, 25, 4, 6, 29, 50, 20, 23, 30, 2, 7, 42, 21, 17, 3, 18, 31, 22]

Individual 40:
  Route length: 9371
  Contribution to Diversity: 0.0001926574649813162
  Route: [1, 32, 49, 48, 24, 25, 4, 6, 15, 5, 12, 28, 27, 26, 47, 13, 14, 52, 11, 51, 33, 43, 10, 9, 8, 41, 19, 45, 16, 20, 23, 50, 29, 36, 38, 37, 40, 39, 46, 35, 34, 44, 42, 7, 2, 30, 21, 17, 3, 18, 31, 22]

Individual 41:
  Route length: 9261
  Contribution to Diversity: 0.0005224635865737071
  Route: [1, 49, 32, 20, 23, 38, 48, 24, 5, 15, 6, 4, 25, 12, 28, 27, 26, 47, 13, 14, 52, 11, 51, 33, 43, 36, 35, 37, 40, 39, 31, 18, 3, 45, 19, 41, 8, 9, 10, 34, 44, 46, 16, 29, 50, 30, 2, 7, 42, 21, 17, 22]

Individual 42:
  Route length: 9424
  Contribution to Diversity: 0.0002554316488483366
  Route: [1, 49, 9, 8, 41, 19, 45, 32, 46, 39, 36, 35, 34, 44, 15, 6, 4, 25, 12, 51, 11, 52, 14, 13, 47, 26, 27, 28, 33, 43, 10, 38, 48, 24, 5, 40, 37, 16, 29, 50, 20, 23, 30, 2, 7, 42, 21, 17, 3, 18, 31, 22]

Individual 43:
  Route length: 9420
  Contribution to Diversity: 0.0007769411811873184
  Route: [1, 38, 37, 15, 5, 24, 49, 25, 4, 6, 12, 28, 27, 26, 47, 13, 14, 52, 11, 51, 33, 43, 10, 9, 8, 41, 19, 45, 3, 17, 21, 42, 7, 2, 23, 30, 16, 29, 50, 20, 39, 40, 48, 44, 46, 36, 35, 34, 32, 18, 31, 22]

Individual 44:
  Route length: 9376
  Contribution to Diversity: 0.0004515336481416554
  Route: [1, 38, 37, 49, 6, 15, 5, 24, 25, 36, 35, 34, 32, 45, 19, 41, 8, 9, 10, 43, 33, 51, 11, 52, 14, 13, 47, 26, 27, 28, 12, 4, 44, 46, 48, 40, 39, 20, 50, 29, 16, 30, 23, 2, 7, 42, 21, 17, 3, 18, 31, 22]

Individual 45:
  Route length: 9406
  Contribution to Diversity: 0.00021181030508454768
  Route: [1, 10, 9, 19, 41, 8, 49, 45, 39, 36, 35, 34, 44, 46, 16, 29, 50, 20, 31, 18, 3, 17, 21, 42, 7, 2, 30, 23, 32, 38, 37, 40, 48, 24, 5, 15, 6, 4, 25, 12, 28, 27, 26, 47, 13, 14, 52, 11, 51, 33, 43, 22]

Individual 46:
  Route length: 9331
  Contribution to Diversity: 0.00027714296043690467
  Route: [3, 45, 19, 41, 8, 9, 10, 43, 33, 51, 11, 52, 14, 13, 47, 26, 27, 28, 12, 25, 15, 6, 4, 40, 39, 36, 35, 34, 44, 24, 29, 50, 20, 16, 46, 5, 37, 38, 48, 32, 49, 1, 30, 2, 7, 42, 21, 17, 23, 18, 31, 22]

Individual 47:
  Route length: 9384
  Contribution to Diversity: 0.0005644931407120524
  Route: [34, 49, 32, 45, 19, 41, 8, 9, 10, 43, 33, 51, 11, 52, 14, 13, 47, 26, 27, 28, 12, 25, 4, 6, 15, 40, 24, 36, 38, 37, 5, 48, 44, 46, 16, 39, 35, 31, 3, 17, 21, 18, 1, 29, 50, 20, 23, 30, 2, 7, 42, 22]

Individual 48:
  Route length: 9361
  Contribution to Diversity: 0.0007006799730806534
  Route: [1, 5, 15, 6, 40, 34, 39, 4, 25, 12, 28, 27, 26, 47, 13, 14, 52, 11, 51, 33, 43, 10, 9, 8, 41, 19, 45, 36, 44, 46, 16, 29, 50, 20, 23, 30, 2, 7, 42, 21, 17, 32, 38, 48, 24, 49, 35, 37, 31, 18, 3, 22]

Individual 49:
  Route length: 9415
  Contribution to Diversity: 0.00040902886655125315
  Route: [37, 40, 39, 36, 35, 46, 16, 29, 50, 23, 20, 7, 2, 42, 21, 17, 3, 18, 31, 8, 41, 9, 10, 43, 33, 51, 11, 52, 14, 13, 47, 26, 27, 28, 12, 25, 4, 6, 15, 5, 24, 48, 38, 44, 34, 30, 1, 49, 32, 45, 19, 22]

Individual 50:
  Route length: 9275
  Contribution to Diversity: 0.0001763359842970047
  Route: [38, 18, 3, 34, 44, 21, 42, 7, 2, 30, 23, 20, 50, 29, 16, 46, 37, 24, 48, 40, 39, 36, 35, 15, 5, 6, 4, 25, 12, 28, 27, 26, 47, 13, 14, 52, 11, 51, 33, 43, 10, 9, 8, 41, 19, 45, 32, 49, 1, 17, 31, 22]

Individual 51:
  Route length: 9406
  Contribution to Diversity: 0.0011706409237213222
  Route: [45, 32, 49, 1, 41, 19, 8, 9, 10, 43, 33, 51, 11, 52, 14, 13, 47, 26, 27, 28, 12, 25, 4, 44, 40, 39, 37, 48, 24, 5, 15, 6, 38, 23, 34, 36, 35, 46, 29, 50, 20, 16, 30, 2, 7, 42, 21, 17, 3, 18, 31, 22]

Individual 52:
  Route length: 9393
  Contribution to Diversity: 0.0005129562669248244
  Route: [1, 32, 49, 46, 15, 5, 24, 48, 38, 37, 16, 45, 44, 34, 35, 36, 39, 40, 6, 4, 25, 28, 12, 27, 26, 47, 13, 14, 52, 11, 51, 33, 43, 10, 9, 8, 41, 19, 20, 50, 29, 23, 30, 2, 7, 42, 21, 17, 3, 18, 31, 22]

Individual 53:
  Route length: 9328
  Contribution to Diversity: 0.0007275646346114328
  Route: [1, 49, 32, 45, 19, 41, 8, 9, 10, 43, 33, 51, 13, 14, 52, 11, 47, 26, 27, 28, 12, 48, 38, 37, 24, 5, 15, 6, 4, 25, 16, 29, 50, 20, 23, 30, 2, 7, 42, 21, 17, 3, 35, 34, 44, 36, 39, 40, 46, 18, 31, 22]

Individual 54:
  Route length: 9412
  Contribution to Diversity: 0.0008644570137699148
  Route: [1, 17, 3, 45, 19, 41, 8, 9, 10, 43, 33, 51, 11, 52, 14, 13, 47, 26, 27, 28, 12, 25, 4, 6, 15, 5, 46, 49, 32, 37, 38, 48, 29, 50, 20, 16, 36, 35, 34, 44, 24, 39, 40, 31, 18, 23, 30, 2, 7, 42, 21, 22]

Individual 55:
  Route length: 9140
  Contribution to Diversity: 6.959845562448663e-05
  Route: [20, 50, 29, 16, 46, 35, 36, 39, 40, 37, 38, 48, 25, 12, 28, 27, 26, 47, 13, 14, 52, 11, 51, 33, 43, 10, 9, 8, 41, 19, 45, 49, 32, 1, 34, 44, 6, 15, 4, 24, 5, 21, 42, 7, 2, 17, 3, 18, 23, 30, 31, 22]

Individual 56:
  Route length: 9133
  Contribution to Diversity: 5.338221043871272e-05
  Route: [3, 17, 21, 42, 7, 2, 30, 23, 20, 50, 29, 16, 49, 1, 6, 24, 48, 38, 37, 40, 46, 44, 5, 15, 4, 34, 25, 12, 28, 27, 26, 47, 13, 14, 52, 11, 51, 33, 43, 10, 9, 8, 41, 19, 45, 32, 36, 39, 35, 18, 31, 22]

Individual 57:
  Route length: 9417
  Contribution to Diversity: 0.0016409668626558016
  Route: [1, 49, 32, 18, 3, 17, 21, 42, 7, 2, 30, 23, 20, 50, 29, 16, 46, 24, 44, 37, 38, 48, 8, 41, 19, 45, 9, 10, 33, 51, 11, 52, 14, 13, 47, 26, 27, 28, 12, 25, 43, 5, 40, 39, 36, 15, 6, 4, 35, 34, 31, 22]

Individual 58:
  Route length: 9205
  Contribution to Diversity: 0.0007985029278252398
  Route: [1, 17, 3, 45, 19, 41, 8, 9, 10, 43, 33, 51, 11, 52, 14, 13, 47, 26, 27, 28, 12, 25, 4, 6, 5, 15, 49, 32, 48, 38, 46, 39, 40, 37, 24, 44, 34, 35, 36, 16, 20, 50, 29, 31, 18, 23, 30, 2, 7, 42, 21, 22]

Individual 59:
  Route length: 9370
  Contribution to Diversity: 0.00023064713698239814
  Route: [3, 17, 21, 42, 7, 2, 30, 23, 20, 50, 29, 16, 49, 1, 37, 38, 48, 24, 6, 44, 46, 40, 15, 5, 34, 4, 36, 32, 45, 19, 41, 8, 9, 10, 43, 33, 51, 11, 52, 14, 13, 47, 26, 27, 28, 12, 25, 39, 35, 18, 31, 22]

Individual 60:
  Route length: 9246
  Contribution to Diversity: 0.0003583381252179052
  Route: [16, 46, 48, 24, 5, 15, 6, 4, 25, 12, 28, 27, 26, 47, 13, 14, 52, 11, 51, 33, 43, 10, 9, 19, 45, 44, 38, 37, 40, 39, 36, 35, 34, 21, 42, 7, 2, 30, 23, 20, 50, 29, 1, 49, 32, 41, 8, 17, 3, 18, 31, 22]

Individual 61:
  Route length: 9309
  Contribution to Diversity: 0.0005556788127467627
  Route: [1, 38, 37, 49, 6, 15, 24, 5, 40, 48, 44, 46, 36, 35, 34, 32, 45, 19, 41, 8, 9, 10, 43, 33, 51, 11, 52, 14, 13, 47, 26, 27, 28, 12, 4, 25, 39, 20, 50, 29, 16, 30, 23, 2, 7, 42, 21, 17, 3, 18, 31, 22]

Individual 62:
  Route length: 9350
  Contribution to Diversity: 0.0008825099551659221
  Route: [1, 37, 35, 49, 45, 19, 41, 8, 9, 10, 43, 33, 51, 11, 52, 14, 13, 47, 26, 27, 28, 12, 25, 4, 6, 15, 5, 24, 48, 38, 32, 17, 21, 42, 7, 2, 30, 44, 46, 29, 16, 34, 39, 40, 36, 23, 20, 50, 3, 18, 31, 22]

Individual 63:
  Route length: 9241
  Contribution to Diversity: 0
  Route: [17, 21, 42, 7, 2, 30, 23, 20, 50, 29, 16, 15, 10, 9, 8, 41, 19, 45, 32, 49, 1, 39, 40, 37, 38, 48, 24, 6, 36, 35, 34, 44, 46, 4, 25, 12, 28, 27, 26, 47, 13, 14, 52, 11, 51, 33, 43, 5, 3, 18, 31, 22]

Individual 64:
  Route length: 9207
  Contribution to Diversity: 0
  Route: [34, 39, 35, 36, 48, 38, 5, 37, 49, 32, 45, 19, 41, 8, 9, 10, 43, 33, 51, 11, 52, 14, 13, 47, 26, 27, 28, 12, 25, 4, 6, 15, 40, 24, 1, 31, 3, 17, 21, 18, 20, 50, 29, 16, 46, 44, 23, 30, 2, 7, 42, 22]

Individual 65:
  Route length: 9411
  Contribution to Diversity: 0.0007337661942861118
  Route: [1, 32, 8, 41, 19, 9, 10, 40, 49, 24, 48, 38, 37, 39, 36, 35, 45, 31, 18, 3, 17, 21, 42, 7, 2, 30, 23, 20, 50, 29, 16, 46, 44, 34, 6, 15, 5, 4, 25, 12, 28, 27, 26, 47, 13, 14, 52, 11, 51, 33, 43, 22]

Individual 66:
  Route length: 9185
  Contribution to Diversity: 1.323075490766712e-05
  Route: [1, 49, 9, 8, 41, 19, 43, 37, 39, 36, 35, 34, 44, 46, 24, 5, 48, 38, 15, 6, 4, 25, 12, 28, 27, 26, 47, 13, 14, 52, 11, 51, 33, 10, 45, 32, 40, 16, 29, 50, 20, 23, 30, 2, 7, 42, 21, 17, 3, 18, 31, 22]

Individual 67:
  Route length: 9289
  Contribution to Diversity: 0.0006212855975551435
  Route: [1, 17, 3, 45, 19, 41, 8, 9, 10, 43, 33, 51, 11, 52, 14, 13, 47, 26, 27, 28, 12, 25, 4, 6, 15, 5, 46, 49, 32, 48, 38, 35, 34, 44, 24, 39, 40, 37, 36, 16, 20, 50, 29, 31, 18, 23, 30, 2, 7, 42, 21, 22]

Individual 68:
  Route length: 9327
  Contribution to Diversity: 0
  Route: [1, 35, 34, 32, 45, 19, 41, 8, 9, 33, 51, 11, 52, 14, 13, 47, 26, 27, 28, 12, 25, 4, 6, 15, 5, 24, 48, 44, 46, 16, 29, 50, 49, 39, 36, 40, 38, 37, 43, 10, 20, 23, 30, 2, 7, 42, 21, 17, 3, 18, 31, 22]

Individual 69:
  Route length: 9324
  Contribution to Diversity: 0
  Route: [1, 49, 38, 40, 46, 16, 29, 50, 20, 23, 30, 48, 37, 44, 39, 36, 35, 24, 5, 15, 32, 45, 19, 41, 8, 9, 10, 43, 33, 51, 11, 52, 14, 13, 47, 26, 27, 28, 12, 25, 4, 6, 34, 2, 7, 42, 21, 17, 3, 18, 31, 22]

Individual 70:
  Route length: 8986
  Contribution to Diversity: 0
  Route: [1, 49, 40, 38, 44, 48, 37, 46, 16, 29, 50, 20, 25, 4, 12, 28, 27, 26, 47, 13, 14, 52, 11, 51, 33, 43, 10, 9, 8, 41, 19, 45, 32, 34, 39, 36, 35, 24, 5, 15, 6, 23, 30, 2, 7, 42, 21, 17, 3, 18, 31, 22]

Individual 71:
  Route length: 9371
  Contribution to Diversity: 0.0008178626705515057
  Route: [3, 17, 21, 42, 7, 2, 30, 23, 20, 50, 29, 16, 49, 1, 37, 38, 48, 4, 34, 5, 15, 40, 46, 44, 6, 24, 36, 32, 45, 19, 41, 8, 9, 10, 43, 33, 51, 11, 52, 14, 13, 47, 26, 27, 28, 12, 25, 39, 35, 18, 31, 22]

Individual 72:
  Route length: 9291
  Contribution to Diversity: 6.50404193596188e-05
  Route: [1, 49, 5, 15, 6, 4, 25, 12, 28, 27, 26, 47, 13, 14, 52, 11, 51, 33, 43, 10, 9, 8, 41, 39, 40, 35, 34, 32, 45, 19, 24, 48, 38, 37, 36, 44, 46, 30, 16, 29, 50, 20, 23, 2, 7, 42, 21, 17, 3, 18, 31, 22]

Individual 73:
  Route length: 9105
  Contribution to Diversity: 0
  Route: [1, 23, 20, 50, 29, 16, 46, 44, 39, 10, 9, 8, 41, 19, 43, 33, 51, 11, 52, 14, 13, 47, 26, 27, 28, 12, 25, 4, 6, 15, 5, 24, 35, 36, 45, 32, 34, 48, 37, 38, 40, 49, 18, 3, 17, 21, 42, 7, 2, 30, 31, 22]

Individual 74:
  Route length: 9235
  Contribution to Diversity: 0
  Route: [1, 49, 38, 40, 46, 16, 29, 50, 20, 23, 30, 48, 37, 44, 39, 36, 35, 24, 5, 15, 6, 4, 25, 12, 28, 27, 26, 47, 13, 14, 52, 11, 51, 33, 43, 10, 9, 8, 41, 19, 45, 18, 3, 17, 21, 42, 7, 2, 34, 32, 31, 22]

Individual 75:
  Route length: 9162
  Contribution to Diversity: 0
  Route: [1, 49, 40, 38, 37, 48, 44, 46, 16, 29, 50, 20, 25, 4, 12, 28, 27, 26, 47, 13, 14, 52, 11, 51, 33, 43, 10, 9, 8, 41, 19, 45, 6, 15, 5, 24, 35, 36, 39, 34, 32, 17, 21, 42, 7, 2, 30, 23, 3, 18, 31, 22]

Individual 76:
  Route length: 9305
  Contribution to Diversity: 0
  Route: [1, 49, 50, 29, 16, 46, 5, 37, 38, 40, 36, 39, 43, 10, 9, 8, 41, 19, 45, 32, 34, 35, 33, 51, 11, 52, 14, 13, 47, 26, 27, 28, 12, 25, 4, 6, 15, 44, 48, 24, 20, 23, 30, 2, 7, 42, 21, 17, 3, 18, 31, 22]

Individual 77:
  Route length: 9412
  Contribution to Diversity: 0
  Route: [1, 23, 20, 50, 29, 16, 46, 44, 39, 10, 9, 8, 41, 19, 43, 33, 51, 11, 52, 14, 13, 47, 26, 27, 28, 12, 25, 4, 6, 15, 5, 24, 35, 36, 45, 32, 3, 18, 49, 40, 38, 37, 48, 34, 30, 2, 7, 42, 21, 17, 31, 22]

Individual 78:
  Route length: 9368
  Contribution to Diversity: 0.00043222358427374985
  Route: [1, 5, 15, 6, 40, 37, 35, 49, 24, 48, 38, 32, 17, 21, 42, 7, 2, 30, 23, 20, 50, 29, 16, 34, 46, 44, 36, 45, 19, 41, 8, 9, 10, 43, 33, 51, 11, 52, 14, 13, 47, 26, 27, 28, 12, 25, 4, 39, 3, 18, 31, 22]

Individual 79:
  Route length: 9298
  Contribution to Diversity: 0
  Route: [34, 35, 36, 39, 40, 38, 37, 41, 8, 9, 10, 43, 33, 51, 11, 52, 14, 13, 47, 26, 27, 28, 12, 48, 24, 5, 15, 6, 4, 25, 44, 46, 30, 16, 29, 50, 20, 23, 2, 7, 42, 21, 17, 3, 18, 31, 1, 49, 19, 45, 32, 22]

Individual 80:
  Route length: 9398
  Contribution to Diversity: 0
  Route: [1, 49, 40, 38, 37, 48, 30, 23, 20, 50, 29, 16, 46, 44, 39, 36, 35, 24, 5, 15, 6, 32, 45, 19, 41, 8, 9, 10, 43, 33, 51, 11, 52, 14, 13, 47, 26, 27, 28, 12, 25, 4, 34, 2, 7, 42, 21, 18, 3, 17, 31, 22]

Individual 81:
  Route length: 9229
  Contribution to Diversity: 0
  Route: [1, 10, 9, 8, 41, 19, 45, 32, 49, 40, 15, 4, 25, 12, 48, 24, 5, 37, 6, 43, 33, 51, 11, 52, 14, 13, 47, 26, 27, 28, 36, 39, 38, 35, 34, 44, 46, 16, 29, 50, 20, 23, 30, 2, 7, 42, 21, 17, 3, 18, 31, 22]

Individual 82:
  Route length: 9223
  Contribution to Diversity: 0.001323251675565018
  Route: [1, 32, 49, 10, 9, 8, 41, 19, 45, 23, 20, 50, 29, 16, 4, 43, 33, 51, 11, 52, 14, 13, 47, 26, 27, 12, 28, 25, 46, 6, 15, 5, 24, 48, 38, 37, 40, 39, 36, 35, 34, 44, 42, 7, 2, 30, 21, 17, 3, 18, 31, 22]

Individual 83:
  Route length: 8866
  Contribution to Diversity: 0
  Route: [34, 39, 49, 32, 45, 19, 41, 8, 9, 10, 43, 33, 51, 11, 52, 14, 13, 47, 26, 27, 28, 12, 25, 4, 6, 15, 40, 24, 48, 37, 5, 38, 36, 35, 44, 46, 16, 29, 50, 20, 18, 21, 17, 3, 31, 1, 23, 30, 2, 7, 42, 22]

Individual 84:
  Route length: 9257
  Contribution to Diversity: 0
  Route: [1, 49, 40, 38, 37, 48, 34, 32, 45, 36, 35, 24, 5, 4, 6, 15, 12, 25, 28, 27, 26, 47, 13, 14, 52, 11, 51, 33, 43, 19, 41, 8, 9, 10, 39, 44, 46, 16, 29, 50, 20, 23, 30, 2, 7, 42, 21, 17, 3, 18, 31, 22]

Individual 85:
  Route length: 9184
  Contribution to Diversity: 0
  Route: [34, 39, 20, 50, 29, 16, 46, 44, 35, 36, 37, 5, 38, 48, 24, 40, 15, 6, 4, 25, 12, 28, 27, 26, 47, 13, 14, 52, 11, 51, 33, 43, 10, 9, 8, 41, 19, 45, 32, 49, 23, 1, 21, 17, 3, 31, 18, 30, 2, 7, 42, 22]

Individual 86:
  Route length: 9392
  Contribution to Diversity: 0.0012739357584488076
  Route: [37, 40, 39, 36, 35, 31, 18, 3, 17, 21, 42, 2, 7, 20, 23, 50, 29, 16, 46, 32, 49, 1, 30, 34, 44, 38, 48, 24, 5, 15, 6, 4, 25, 12, 28, 27, 26, 47, 13, 14, 52, 11, 51, 33, 43, 10, 9, 41, 8, 45, 19, 22]

Individual 87:
  Route length: 9307
  Contribution to Diversity: 0
  Route: [32, 45, 49, 8, 10, 9, 19, 41, 29, 50, 20, 23, 30, 2, 7, 42, 21, 17, 3, 18, 31, 1, 16, 46, 44, 34, 35, 36, 39, 40, 37, 38, 48, 24, 5, 15, 6, 4, 25, 12, 28, 27, 26, 47, 13, 14, 52, 11, 51, 33, 43, 22]

Individual 88:
  Route length: 9327
  Contribution to Diversity: 0.0010301272696144892
  Route: [35, 36, 39, 40, 37, 48, 38, 5, 24, 15, 6, 4, 25, 12, 28, 27, 26, 47, 13, 14, 52, 11, 51, 33, 43, 10, 9, 41, 8, 31, 30, 34, 44, 46, 16, 29, 50, 23, 20, 7, 2, 42, 21, 17, 3, 18, 49, 1, 32, 45, 19, 22]

Individual 89:
  Route length: 9349
  Contribution to Diversity: 0.00030406587934006524
  Route: [34, 39, 35, 6, 15, 40, 24, 48, 38, 1, 49, 32, 45, 19, 41, 8, 9, 10, 43, 33, 51, 11, 52, 14, 13, 47, 26, 27, 28, 12, 25, 4, 36, 37, 5, 44, 46, 16, 29, 50, 20, 18, 21, 17, 3, 31, 23, 30, 2, 7, 42, 22]

Individual 90:
  Route length: 9414
  Contribution to Diversity: 0.0009437677006189915
  Route: [1, 36, 15, 6, 4, 38, 37, 40, 39, 49, 32, 18, 8, 41, 19, 45, 9, 10, 33, 51, 11, 52, 14, 13, 47, 26, 27, 28, 12, 25, 43, 5, 24, 48, 3, 17, 21, 42, 7, 2, 30, 23, 20, 50, 29, 16, 46, 44, 35, 34, 31, 22]

Individual 91:
  Route length: 9322
  Contribution to Diversity: 0.0004402345809007002
  Route: [1, 49, 38, 37, 40, 45, 12, 28, 27, 26, 47, 13, 14, 52, 11, 51, 33, 43, 10, 9, 8, 41, 19, 31, 18, 3, 17, 21, 42, 7, 2, 30, 23, 20, 50, 29, 39, 25, 4, 6, 15, 5, 24, 48, 44, 16, 46, 36, 35, 34, 32, 22]

Individual 92:
  Route length: 9344
  Contribution to Diversity: 0.00027187065518763376
  Route: [1, 36, 15, 6, 4, 32, 49, 39, 40, 37, 38, 48, 24, 5, 34, 35, 44, 46, 16, 29, 50, 20, 23, 30, 2, 7, 42, 21, 17, 3, 18, 8, 41, 19, 45, 9, 10, 33, 51, 11, 52, 14, 13, 47, 26, 27, 28, 12, 25, 43, 31, 22]

Individual 93:
  Route length: 9334
  Contribution to Diversity: 0.0006219555962481138
  Route: [1, 32, 49, 48, 24, 5, 39, 40, 15, 6, 4, 25, 12, 28, 13, 47, 26, 27, 14, 52, 11, 51, 33, 43, 10, 9, 8, 41, 19, 45, 16, 29, 50, 20, 23, 35, 36, 38, 37, 46, 34, 44, 42, 7, 2, 30, 21, 17, 3, 18, 31, 22]

Individual 94:
  Route length: 9225
  Contribution to Diversity: 0.0006385701117839204
  Route: [34, 39, 20, 50, 49, 32, 45, 19, 41, 8, 9, 10, 43, 33, 51, 11, 52, 14, 13, 47, 26, 27, 28, 12, 25, 4, 6, 15, 40, 24, 48, 38, 5, 37, 36, 35, 44, 46, 16, 29, 42, 7, 2, 30, 18, 31, 3, 17, 21, 1, 23, 22]

Individual 95:
  Route length: 9334
  Contribution to Diversity: 0.0014687446137724436
  Route: [23, 20, 50, 36, 35, 34, 44, 46, 16, 29, 26, 27, 28, 12, 4, 25, 24, 5, 15, 6, 48, 38, 37, 40, 39, 47, 13, 14, 52, 11, 51, 33, 43, 10, 9, 8, 41, 45, 19, 32, 49, 1, 18, 3, 17, 21, 42, 7, 2, 30, 31, 22]

Individual 96:
  Route length: 8871
  Contribution to Diversity: 0
  Route: [34, 39, 49, 32, 45, 19, 41, 8, 9, 10, 43, 33, 51, 11, 52, 14, 13, 47, 26, 27, 28, 12, 25, 4, 6, 5, 37, 48, 24, 40, 15, 38, 36, 35, 44, 46, 16, 29, 50, 20, 18, 21, 17, 3, 31, 1, 23, 30, 2, 7, 42, 22]

Individual 97:
  Route length: 9402
  Contribution to Diversity: 0.0005459362322435268
  Route: [34, 49, 45, 32, 19, 41, 8, 9, 10, 43, 33, 51, 11, 52, 14, 13, 47, 26, 27, 28, 12, 25, 4, 6, 15, 40, 24, 48, 5, 37, 38, 36, 35, 39, 16, 46, 44, 31, 3, 17, 21, 18, 1, 29, 50, 20, 23, 30, 2, 7, 42, 22]

Individual 98:
  Route length: 9124
  Contribution to Diversity: 0
  Route: [1, 49, 38, 40, 37, 48, 30, 23, 20, 50, 29, 16, 46, 2, 7, 42, 21, 17, 3, 18, 45, 19, 41, 8, 9, 10, 43, 33, 51, 11, 52, 14, 13, 47, 26, 27, 28, 12, 25, 4, 6, 15, 5, 24, 35, 36, 39, 44, 34, 32, 31, 22]

Individual 99:
  Route length: 9407
  Contribution to Diversity: 0.0006484490976053081
  Route: [34, 39, 32, 49, 37, 5, 38, 48, 36, 35, 45, 19, 41, 8, 9, 10, 43, 33, 51, 11, 52, 14, 13, 47, 26, 27, 28, 12, 25, 4, 6, 15, 40, 24, 1, 31, 3, 17, 21, 18, 20, 50, 29, 16, 46, 44, 23, 30, 2, 7, 42, 22]

Individual 100:
  Route length: 9406
  Contribution to Diversity: 0.0003157947579284226
  Route: [1, 23, 46, 16, 29, 50, 20, 30, 2, 7, 42, 21, 17, 3, 18, 49, 40, 38, 37, 48, 34, 32, 45, 36, 35, 24, 5, 15, 6, 4, 25, 12, 28, 27, 26, 47, 13, 14, 52, 11, 51, 33, 43, 19, 41, 8, 9, 10, 39, 44, 31, 22]

Individual 101:
  Route length: 9359
  Contribution to Diversity: 0.00034348277895901447
  Route: [32, 45, 49, 1, 41, 19, 8, 9, 10, 43, 33, 51, 11, 52, 14, 13, 47, 26, 27, 28, 12, 25, 4, 6, 15, 5, 24, 48, 37, 39, 40, 44, 46, 35, 36, 34, 23, 38, 29, 50, 20, 16, 30, 2, 7, 42, 21, 17, 3, 18, 31, 22]

Individual 102:
  Route length: 9221
  Contribution to Diversity: 0
  Route: [1, 49, 40, 38, 37, 25, 4, 6, 15, 19, 45, 41, 8, 9, 10, 43, 39, 36, 32, 34, 35, 33, 51, 11, 52, 14, 13, 47, 26, 27, 28, 12, 5, 24, 48, 44, 46, 16, 29, 50, 20, 23, 30, 2, 7, 42, 21, 17, 3, 18, 31, 22]

Individual 103:
  Route length: 9133
  Contribution to Diversity: 0
  Route: [1, 49, 40, 25, 12, 28, 27, 26, 47, 13, 14, 52, 11, 51, 33, 43, 10, 9, 8, 41, 19, 45, 32, 34, 36, 39, 44, 46, 16, 29, 50, 20, 23, 30, 48, 37, 38, 4, 6, 15, 5, 24, 35, 42, 7, 2, 21, 17, 3, 18, 31, 22]

Individual 104:
  Route length: 9106
  Contribution to Diversity: 0
  Route: [1, 49, 40, 38, 37, 46, 16, 29, 50, 20, 23, 30, 48, 6, 4, 25, 12, 28, 27, 26, 47, 13, 14, 52, 11, 51, 33, 43, 10, 9, 8, 41, 19, 45, 32, 34, 36, 39, 44, 15, 5, 24, 35, 42, 7, 2, 21, 17, 3, 18, 31, 22]

Individual 105:
  Route length: 9211
  Contribution to Diversity: 0.00043296655090685476
  Route: [20, 50, 29, 16, 46, 35, 49, 45, 19, 41, 8, 9, 10, 43, 33, 51, 11, 52, 14, 13, 47, 26, 27, 28, 12, 25, 48, 38, 37, 40, 39, 36, 34, 1, 32, 44, 6, 5, 24, 4, 15, 21, 42, 7, 2, 30, 23, 18, 3, 17, 31, 22]

Individual 106:
  Route length: 9405
  Contribution to Diversity: 0.0010382366480605754
  Route: [1, 32, 37, 24, 39, 40, 46, 5, 38, 48, 44, 34, 35, 36, 49, 45, 19, 41, 8, 9, 10, 43, 33, 51, 11, 52, 14, 13, 47, 26, 27, 12, 28, 25, 4, 6, 15, 23, 30, 2, 7, 42, 21, 20, 50, 29, 16, 17, 3, 18, 31, 22]

Individual 107:
  Route length: 9219
  Contribution to Diversity: 0.0008334835027081766
  Route: [1, 40, 48, 24, 5, 15, 6, 4, 25, 12, 28, 27, 26, 47, 13, 14, 52, 11, 51, 33, 43, 10, 9, 8, 41, 19, 45, 32, 34, 49, 37, 38, 39, 20, 50, 29, 31, 18, 3, 17, 21, 42, 7, 2, 23, 30, 16, 35, 36, 46, 44, 22]

Individual 108:
  Route length: 9247
  Contribution to Diversity: 0.0008204489600158738
  Route: [49, 35, 46, 16, 29, 50, 20, 34, 36, 39, 40, 37, 38, 48, 25, 12, 28, 27, 26, 47, 13, 14, 52, 11, 51, 33, 43, 10, 9, 8, 41, 19, 45, 1, 32, 44, 6, 5, 24, 4, 15, 21, 42, 7, 2, 30, 23, 18, 3, 17, 31, 22]

Individual 109:
  Route length: 9374
  Contribution to Diversity: 0
  Route: [1, 49, 40, 38, 37, 5, 15, 6, 45, 19, 41, 8, 9, 10, 43, 33, 51, 11, 52, 14, 13, 47, 26, 27, 28, 12, 4, 25, 20, 50, 29, 16, 46, 44, 48, 36, 35, 24, 39, 34, 32, 17, 21, 42, 7, 2, 30, 23, 3, 18, 31, 22]

Individual 110:
  Route length: 9288
  Contribution to Diversity: 0.0019034831086344184
  Route: [49, 35, 46, 16, 29, 50, 20, 34, 36, 39, 40, 37, 38, 48, 15, 4, 24, 5, 6, 44, 32, 1, 45, 19, 41, 8, 9, 10, 43, 33, 51, 11, 52, 14, 13, 47, 26, 27, 28, 12, 25, 31, 17, 3, 18, 23, 30, 2, 7, 42, 21, 22]

Individual 111:
  Route length: 9384
  Contribution to Diversity: 0.0006882520331066289
  Route: [1, 49, 32, 45, 19, 5, 25, 4, 6, 15, 40, 39, 34, 35, 36, 46, 24, 44, 16, 29, 50, 20, 23, 30, 2, 7, 42, 21, 17, 3, 8, 9, 10, 43, 33, 51, 11, 52, 14, 13, 47, 26, 27, 28, 12, 37, 48, 38, 41, 18, 31, 22]

Individual 112:
  Route length: 9344
  Contribution to Diversity: 0.0005511564351943221
  Route: [34, 44, 46, 16, 29, 50, 20, 23, 30, 2, 7, 42, 21, 17, 38, 36, 39, 40, 37, 35, 49, 32, 24, 6, 15, 5, 25, 4, 12, 28, 27, 26, 47, 13, 14, 52, 11, 51, 33, 43, 10, 9, 8, 41, 19, 45, 48, 1, 3, 18, 31, 22]

Individual 113:
  Route length: 9295
  Contribution to Diversity: 0.0005217116263764865
  Route: [20, 50, 29, 16, 46, 35, 36, 32, 49, 45, 19, 41, 8, 9, 10, 43, 33, 51, 11, 52, 14, 13, 47, 26, 27, 28, 12, 25, 48, 38, 37, 40, 39, 1, 34, 44, 6, 15, 4, 24, 5, 21, 42, 7, 2, 17, 3, 18, 23, 30, 31, 22]

Individual 114:
  Route length: 9321
  Contribution to Diversity: 0.0003831599560184529
  Route: [1, 49, 9, 8, 41, 19, 43, 33, 51, 11, 52, 14, 13, 47, 26, 27, 28, 12, 25, 5, 48, 38, 46, 44, 34, 35, 36, 39, 37, 40, 32, 45, 10, 4, 6, 15, 24, 16, 29, 50, 20, 23, 30, 2, 7, 42, 21, 17, 3, 18, 31, 22]

Individual 115:
  Route length: 9308
  Contribution to Diversity: 0
  Route: [3, 17, 21, 18, 20, 50, 29, 16, 46, 44, 35, 36, 38, 5, 37, 48, 24, 40, 15, 6, 4, 25, 12, 28, 27, 26, 47, 13, 14, 52, 11, 51, 33, 43, 10, 9, 8, 41, 19, 45, 32, 49, 39, 34, 30, 23, 1, 31, 2, 7, 42, 22]

Individual 116:
  Route length: 9417
  Contribution to Diversity: 0.0006985306997409069
  Route: [34, 39, 5, 37, 36, 35, 44, 46, 16, 29, 50, 20, 15, 40, 24, 48, 38, 6, 4, 25, 12, 28, 27, 26, 47, 13, 14, 52, 11, 51, 33, 43, 10, 9, 8, 41, 19, 45, 32, 49, 23, 1, 21, 17, 3, 31, 18, 30, 2, 7, 42, 22]

Individual 117:
  Route length: 9408
  Contribution to Diversity: 0.0004599723195068961
  Route: [35, 49, 1, 16, 46, 44, 34, 3, 18, 31, 17, 21, 42, 7, 2, 30, 23, 20, 36, 38, 48, 24, 39, 40, 37, 29, 50, 5, 6, 15, 4, 25, 12, 28, 27, 26, 47, 13, 14, 52, 11, 51, 33, 43, 10, 9, 8, 41, 19, 45, 32, 22]

Individual 118:
  Route length: 9312
  Contribution to Diversity: 0.0013591061614395272
  Route: [29, 50, 20, 16, 36, 37, 40, 39, 24, 44, 34, 35, 38, 48, 32, 49, 46, 5, 15, 6, 4, 25, 12, 28, 27, 26, 47, 13, 14, 52, 11, 51, 33, 43, 10, 9, 8, 41, 19, 45, 3, 17, 1, 18, 31, 23, 30, 2, 7, 42, 21, 22]

Individual 119:
  Route length: 9392
  Contribution to Diversity: 0.00023079357162814063
  Route: [1, 49, 40, 19, 45, 39, 44, 38, 37, 48, 36, 35, 24, 4, 25, 12, 28, 27, 26, 47, 13, 14, 52, 11, 51, 33, 43, 10, 9, 8, 41, 5, 15, 6, 34, 32, 46, 16, 29, 50, 20, 23, 30, 2, 7, 42, 21, 17, 3, 18, 31, 22]

Individual 120:
  Route length: 8788
  Contribution to Diversity: 0
  Route: [1, 49, 40, 38, 37, 48, 34, 32, 24, 35, 36, 45, 10, 9, 8, 41, 19, 43, 33, 51, 11, 52, 14, 13, 47, 26, 27, 28, 12, 25, 4, 6, 15, 5, 39, 44, 46, 16, 29, 50, 20, 23, 30, 2, 7, 42, 21, 17, 3, 18, 31, 22]

Individual 121:
  Route length: 9394
  Contribution to Diversity: 0
  Route: [1, 49, 40, 38, 37, 5, 15, 6, 35, 36, 48, 44, 46, 16, 29, 50, 20, 25, 4, 12, 28, 27, 26, 47, 13, 14, 52, 11, 51, 33, 43, 10, 9, 8, 41, 19, 45, 39, 24, 34, 32, 17, 21, 42, 7, 2, 30, 23, 3, 18, 31, 22]

Individual 122:
  Route length: 9396
  Contribution to Diversity: 0
  Route: [1, 49, 40, 6, 15, 5, 24, 35, 36, 39, 34, 32, 45, 19, 41, 8, 9, 10, 43, 33, 51, 11, 52, 14, 13, 47, 26, 27, 28, 12, 4, 25, 20, 50, 29, 16, 46, 37, 48, 44, 38, 17, 21, 42, 7, 2, 30, 23, 3, 18, 31, 22]

Individual 123:
  Route length: 9418
  Contribution to Diversity: 0.0005853766537251559
  Route: [34, 39, 49, 32, 45, 19, 41, 8, 9, 10, 33, 43, 48, 24, 40, 15, 6, 4, 25, 12, 28, 27, 26, 47, 13, 14, 52, 11, 51, 37, 5, 38, 36, 35, 44, 46, 16, 29, 50, 20, 18, 21, 17, 3, 31, 1, 23, 30, 2, 7, 42, 22]

Individual 124:
  Route length: 9424
  Contribution to Diversity: 0.0004685054560757962
  Route: [32, 49, 4, 6, 15, 16, 46, 44, 34, 45, 19, 41, 8, 9, 10, 43, 33, 51, 11, 52, 14, 13, 47, 26, 27, 28, 12, 25, 1, 35, 40, 39, 36, 37, 38, 48, 24, 5, 18, 3, 17, 21, 42, 7, 2, 30, 23, 20, 50, 29, 31, 22]

Individual 125:
  Route length: 9151
  Contribution to Diversity: 0.00020850218753309946
  Route: [3, 17, 21, 42, 7, 2, 30, 23, 20, 50, 29, 16, 1, 49, 44, 15, 6, 46, 40, 37, 38, 48, 24, 25, 4, 34, 5, 12, 28, 27, 26, 47, 13, 14, 52, 11, 51, 33, 43, 10, 9, 8, 41, 19, 45, 32, 36, 39, 35, 18, 31, 22]

Individual 126:
  Route length: 9413
  Contribution to Diversity: 6.652613177227096e-05
  Route: [1, 35, 34, 32, 45, 19, 41, 8, 9, 33, 51, 11, 52, 14, 13, 47, 26, 27, 28, 12, 25, 4, 6, 24, 5, 15, 10, 43, 37, 38, 40, 36, 39, 49, 50, 29, 16, 46, 44, 48, 20, 23, 30, 2, 7, 42, 21, 17, 3, 18, 31, 22]

Individual 127:
  Route length: 9392
  Contribution to Diversity: 0.0012647735654516268
  Route: [1, 5, 15, 6, 40, 37, 16, 29, 50, 20, 23, 30, 2, 7, 42, 21, 17, 32, 8, 9, 10, 43, 33, 51, 11, 52, 14, 13, 47, 26, 27, 28, 12, 25, 4, 39, 35, 49, 24, 48, 38, 34, 46, 44, 36, 45, 19, 41, 3, 18, 31, 22]

Individual 128:
  Route length: 9246
  Contribution to Diversity: 0
  Route: [17, 21, 18, 20, 50, 29, 16, 46, 44, 35, 36, 38, 5, 37, 48, 24, 40, 15, 6, 4, 25, 12, 28, 27, 26, 47, 13, 14, 52, 11, 51, 33, 43, 10, 9, 8, 41, 19, 45, 32, 49, 39, 34, 3, 31, 1, 23, 30, 2, 7, 42, 22]

Individual 129:
  Route length: 9361
  Contribution to Diversity: 4.0404699799267974e-05
  Route: [34, 35, 36, 39, 40, 24, 48, 12, 28, 27, 26, 47, 13, 14, 52, 11, 51, 33, 43, 10, 9, 8, 41, 37, 38, 5, 15, 6, 4, 25, 44, 46, 30, 16, 29, 50, 20, 23, 2, 7, 42, 21, 17, 3, 18, 31, 1, 49, 19, 45, 32, 22]

Individual 130:
  Route length: 9391
  Contribution to Diversity: 0.0004578580313392422
  Route: [34, 39, 12, 28, 27, 26, 47, 13, 14, 52, 11, 51, 33, 43, 10, 9, 8, 41, 19, 45, 32, 49, 24, 48, 37, 5, 6, 4, 25, 40, 15, 38, 36, 35, 44, 46, 16, 29, 50, 20, 18, 21, 17, 3, 31, 1, 23, 30, 2, 7, 42, 22]

Individual 131:
  Route length: 9385
  Contribution to Diversity: 0
  Route: [1, 49, 40, 38, 37, 48, 34, 32, 24, 35, 36, 45, 10, 9, 8, 41, 19, 21, 42, 7, 2, 30, 23, 20, 50, 29, 16, 46, 44, 39, 5, 15, 6, 4, 25, 12, 28, 27, 26, 47, 13, 14, 52, 11, 51, 33, 43, 18, 3, 17, 31, 22]

Individual 132:
  Route length: 9378
  Contribution to Diversity: 0.0008077938543769037
  Route: [3, 17, 21, 42, 7, 2, 30, 23, 20, 50, 29, 16, 5, 44, 46, 40, 37, 38, 48, 24, 6, 1, 49, 39, 36, 32, 45, 19, 41, 8, 9, 10, 43, 33, 51, 11, 52, 14, 13, 47, 26, 27, 28, 12, 25, 34, 4, 15, 35, 18, 31, 22]

Individual 133:
  Route length: 9392
  Contribution to Diversity: 0.0012587170073592446
  Route: [36, 34, 20, 50, 29, 16, 46, 35, 49, 39, 40, 37, 38, 48, 25, 12, 28, 27, 26, 47, 13, 14, 52, 11, 51, 33, 43, 10, 9, 8, 41, 19, 45, 1, 32, 44, 6, 5, 24, 4, 15, 21, 42, 7, 2, 30, 23, 18, 3, 17, 31, 22]

Individual 134:
  Route length: 9410
  Contribution to Diversity: 0.0013240437289301354
  Route: [34, 39, 35, 36, 38, 37, 5, 48, 4, 6, 15, 40, 24, 25, 12, 28, 27, 26, 47, 13, 14, 52, 11, 51, 33, 43, 45, 19, 41, 8, 9, 10, 17, 21, 18, 1, 49, 32, 3, 31, 44, 46, 16, 29, 50, 20, 23, 30, 2, 7, 42, 22]

Individual 135:
  Route length: 9353
  Contribution to Diversity: 0
  Route: [34, 39, 49, 32, 45, 19, 41, 8, 9, 10, 43, 33, 51, 11, 52, 14, 13, 47, 26, 27, 28, 12, 25, 38, 5, 37, 48, 24, 40, 15, 6, 4, 31, 3, 17, 21, 18, 20, 50, 29, 16, 46, 44, 35, 36, 1, 23, 30, 2, 7, 42, 22]

Individual 136:
  Route length: 9329
  Contribution to Diversity: 0.0010631683098010214
  Route: [3, 17, 21, 42, 7, 2, 30, 23, 20, 50, 29, 46, 6, 15, 44, 49, 1, 16, 4, 25, 24, 48, 38, 37, 40, 34, 5, 12, 28, 27, 26, 47, 13, 14, 52, 11, 51, 33, 43, 10, 9, 8, 41, 19, 45, 32, 36, 39, 35, 18, 31, 22]

Individual 137:
  Route length: 9143
  Contribution to Diversity: 0
  Route: [1, 49, 40, 38, 37, 48, 34, 32, 45, 10, 9, 8, 41, 19, 43, 33, 51, 11, 52, 14, 13, 47, 26, 27, 28, 25, 12, 15, 6, 4, 5, 24, 35, 36, 46, 44, 39, 16, 29, 50, 20, 23, 30, 2, 7, 42, 21, 17, 3, 18, 31, 22]

Individual 138:
  Route length: 9406
  Contribution to Diversity: 0.0007869592125331337
  Route: [1, 37, 38, 25, 4, 6, 24, 48, 46, 16, 29, 50, 20, 23, 30, 2, 7, 42, 21, 17, 3, 18, 31, 49, 32, 36, 39, 40, 10, 9, 8, 41, 19, 45, 34, 43, 33, 51, 11, 52, 14, 13, 47, 26, 27, 28, 12, 44, 15, 5, 35, 22]

Individual 139:
  Route length: 9337
  Contribution to Diversity: 0.0007878472887306032
  Route: [16, 46, 44, 34, 24, 40, 39, 38, 37, 32, 45, 19, 41, 8, 9, 10, 48, 35, 36, 4, 25, 12, 28, 27, 26, 47, 13, 14, 52, 11, 51, 33, 43, 6, 15, 5, 49, 1, 29, 50, 20, 23, 30, 2, 7, 42, 21, 17, 3, 18, 31, 22]

Individual 140:
  Route length: 9253
  Contribution to Diversity: 0.00083591450630216
  Route: [20, 50, 29, 16, 46, 35, 44, 32, 1, 34, 36, 39, 40, 37, 38, 48, 25, 12, 28, 27, 26, 47, 13, 14, 52, 11, 51, 33, 43, 10, 9, 8, 41, 19, 45, 49, 15, 4, 24, 5, 6, 21, 42, 7, 2, 30, 23, 18, 3, 17, 31, 22]

Individual 141:
  Route length: 9309
  Contribution to Diversity: 0
  Route: [17, 21, 42, 7, 2, 30, 23, 20, 50, 16, 29, 24, 48, 38, 37, 40, 39, 1, 49, 32, 45, 19, 41, 8, 9, 10, 15, 6, 36, 35, 34, 44, 46, 4, 25, 12, 28, 27, 26, 47, 13, 14, 52, 11, 51, 33, 43, 5, 3, 18, 31, 22]

Individual 142:
  Route length: 9417
  Contribution to Diversity: 0
  Route: [1, 23, 20, 50, 29, 16, 46, 19, 41, 8, 9, 10, 43, 33, 51, 11, 52, 14, 13, 47, 26, 27, 28, 12, 25, 4, 6, 15, 5, 24, 35, 34, 45, 32, 49, 39, 40, 37, 38, 48, 3, 17, 21, 42, 7, 2, 30, 36, 44, 18, 31, 22]

Individual 143:
  Route length: 9381
  Contribution to Diversity: 0.00015740070695624553
  Route: [17, 21, 42, 7, 2, 30, 23, 20, 50, 29, 16, 15, 10, 9, 8, 41, 19, 45, 32, 49, 1, 39, 6, 24, 48, 38, 37, 40, 44, 34, 35, 36, 46, 4, 25, 12, 28, 27, 26, 47, 13, 14, 52, 11, 51, 33, 43, 5, 3, 18, 31, 22]

Individual 144:
  Route length: 8983
  Contribution to Diversity: 0
  Route: [1, 49, 40, 38, 44, 48, 35, 36, 39, 34, 32, 45, 19, 41, 8, 9, 10, 43, 33, 51, 11, 52, 14, 13, 47, 26, 27, 28, 12, 4, 25, 20, 50, 29, 16, 46, 37, 6, 15, 5, 24, 23, 30, 2, 7, 42, 21, 17, 3, 18, 31, 22]

Individual 145:
  Route length: 9411
  Contribution to Diversity: 0.0005293979474210175
  Route: [34, 39, 49, 32, 45, 5, 6, 4, 25, 12, 28, 27, 26, 47, 13, 14, 52, 11, 51, 33, 43, 10, 9, 8, 41, 19, 37, 48, 24, 40, 15, 38, 36, 35, 44, 46, 16, 29, 50, 20, 18, 21, 17, 3, 31, 1, 23, 30, 2, 7, 42, 22]

Individual 146:
  Route length: 9317
  Contribution to Diversity: 0.0013609188399943406
  Route: [1, 35, 49, 25, 12, 28, 27, 26, 47, 13, 14, 52, 11, 51, 33, 43, 10, 9, 8, 41, 19, 45, 32, 38, 48, 24, 5, 15, 6, 4, 37, 40, 44, 46, 29, 16, 34, 39, 36, 21, 17, 42, 7, 2, 30, 23, 20, 50, 3, 18, 31, 22]

Individual 147:
  Route length: 9418
  Contribution to Diversity: 0.0010518110299404526
  Route: [3, 45, 19, 41, 8, 9, 10, 43, 33, 51, 11, 52, 14, 13, 47, 26, 27, 28, 12, 25, 15, 6, 4, 40, 46, 16, 20, 50, 29, 24, 44, 34, 35, 36, 39, 48, 38, 37, 5, 32, 49, 1, 30, 2, 7, 42, 21, 17, 23, 18, 31, 22]

Individual 148:
  Route length: 9297
  Contribution to Diversity: 0
  Route: [44, 46, 16, 29, 50, 20, 23, 1, 24, 5, 15, 6, 4, 25, 12, 28, 27, 26, 47, 13, 14, 52, 11, 51, 33, 43, 19, 41, 8, 9, 10, 39, 35, 36, 45, 32, 34, 48, 37, 38, 40, 49, 18, 3, 17, 21, 42, 7, 2, 30, 31, 22]

Individual 149:
  Route length: 9330
  Contribution to Diversity: 0.0004966302934237277
  Route: [17, 18, 3, 5, 43, 33, 51, 11, 52, 14, 13, 47, 26, 27, 28, 12, 25, 4, 46, 44, 34, 35, 36, 6, 24, 48, 38, 37, 40, 39, 1, 49, 32, 45, 19, 41, 8, 9, 10, 15, 16, 29, 50, 20, 23, 30, 2, 7, 42, 21, 31, 22]

Total Entropy H: 4.8987424490903235
