Individual 0:
  Route length: 15065
  Contribution to Diversity: 0.02202464091983103
  Route: [1, 49, 32, 21, 17, 43, 10, 37, 40, 12, 42, 7, 45, 19, 13, 14, 52, 11, 51, 33, 9, 8, 41, 4, 25, 50, 29, 16, 46, 44, 34, 35, 36, 39, 20, 23, 2, 47, 26, 27, 28, 6, 15, 5, 24, 48, 38, 30, 3, 18, 31, 22]

Individual 1:
  Route length: 14838
  Contribution to Diversity: 0.051526185970134364
  Route: [41, 19, 45, 32, 46, 16, 6, 38, 37, 15, 34, 36, 44, 29, 1, 50, 40, 48, 24, 5, 4, 25, 12, 28, 27, 26, 47, 13, 52, 14, 2, 30, 43, 9, 10, 35, 39, 21, 42, 7, 17, 3, 8, 20, 23, 49, 11, 51, 33, 18, 31, 22]

Individual 2:
  Route length: 14962
  Contribution to Diversity: 0.048894031423803774
  Route: [41, 19, 32, 45, 3, 36, 18, 7, 2, 30, 40, 39, 35, 34, 28, 12, 47, 38, 37, 51, 33, 43, 8, 9, 10, 17, 21, 6, 15, 5, 24, 48, 27, 26, 25, 4, 44, 11, 52, 14, 13, 46, 16, 29, 50, 20, 23, 42, 31, 1, 49, 22]

Individual 3:
  Route length: 14842
  Contribution to Diversity: 0.06763076366199439
  Route: [41, 19, 33, 43, 45, 35, 36, 8, 9, 10, 44, 32, 51, 26, 27, 28, 16, 46, 47, 13, 14, 5, 49, 1, 39, 40, 15, 37, 24, 11, 52, 4, 6, 25, 48, 12, 38, 34, 29, 50, 30, 23, 20, 2, 7, 42, 21, 17, 3, 18, 31, 22]

Individual 4:
  Route length: 14395
  Contribution to Diversity: 0.02349106787912092
  Route: [1, 49, 37, 38, 48, 40, 12, 42, 7, 2, 30, 51, 33, 43, 10, 9, 8, 41, 19, 45, 23, 20, 52, 11, 32, 24, 36, 39, 4, 29, 16, 46, 6, 15, 5, 35, 34, 44, 28, 27, 26, 47, 13, 14, 25, 50, 21, 17, 3, 18, 31, 22]

Individual 5:
  Route length: 14995
  Contribution to Diversity: 0.029600508978064433
  Route: [36, 3, 18, 32, 49, 1, 26, 38, 48, 47, 34, 35, 45, 42, 2, 40, 39, 37, 19, 10, 9, 8, 41, 7, 31, 21, 17, 30, 23, 20, 50, 29, 16, 46, 44, 4, 25, 12, 28, 27, 6, 15, 5, 24, 14, 13, 52, 11, 51, 33, 43, 22]

Individual 6:
  Route length: 14577
  Contribution to Diversity: 0.013251853078660503
  Route: [36, 5, 24, 48, 39, 40, 44, 37, 32, 49, 1, 29, 20, 17, 45, 19, 18, 23, 47, 13, 14, 52, 27, 28, 35, 26, 16, 46, 12, 25, 11, 51, 33, 43, 15, 6, 38, 4, 10, 9, 8, 41, 34, 50, 7, 31, 21, 42, 2, 30, 3, 22]

Individual 7:
  Route length: 14900
  Contribution to Diversity: 0.06793706080308937
  Route: [23, 20, 45, 33, 43, 40, 21, 42, 7, 2, 30, 29, 50, 28, 27, 26, 13, 25, 38, 37, 12, 46, 44, 1, 41, 32, 36, 31, 18, 19, 49, 34, 10, 9, 8, 48, 4, 24, 15, 51, 11, 52, 14, 47, 35, 5, 39, 6, 16, 3, 17, 22]

Individual 8:
  Route length: 14643
  Contribution to Diversity: 0.017910227244116506
  Route: [36, 28, 27, 52, 14, 13, 47, 23, 18, 19, 10, 9, 8, 41, 5, 34, 1, 49, 32, 44, 37, 40, 39, 48, 24, 29, 20, 17, 45, 38, 4, 6, 15, 43, 33, 51, 11, 25, 12, 46, 16, 26, 35, 50, 7, 31, 21, 42, 2, 30, 3, 22]

Individual 9:
  Route length: 14779
  Contribution to Diversity: 0.05157792600635691
  Route: [23, 20, 44, 29, 50, 28, 27, 26, 13, 43, 33, 47, 14, 52, 11, 51, 15, 4, 24, 5, 48, 3, 17, 16, 6, 10, 9, 8, 39, 40, 38, 37, 12, 46, 34, 35, 1, 21, 42, 7, 2, 30, 25, 49, 19, 18, 41, 45, 32, 31, 36, 22]

Total Entropy H: 5.24256836072567
