Individual 0:
  Route length: 14932
  Contribution to Diversity: 0.03851063369752161
  Route: [20, 50, 30, 32, 37, 41, 39, 10, 9, 8, 19, 3, 1, 35, 40, 4, 25, 16, 44, 48, 47, 29, 12, 26, 14, 52, 11, 13, 27, 28, 46, 49, 18, 33, 51, 34, 36, 15, 6, 43, 24, 38, 5, 21, 42, 2, 7, 17, 23, 31, 45, 22]

Individual 1:
  Route length: 15043
  Contribution to Diversity: 0.01740940273736502
  Route: [18, 17, 42, 2, 7, 30, 29, 40, 19, 36, 35, 24, 27, 16, 25, 28, 26, 47, 13, 14, 52, 11, 4, 50, 21, 1, 8, 32, 31, 10, 33, 51, 12, 6, 37, 44, 43, 5, 48, 38, 39, 45, 3, 41, 9, 15, 34, 20, 23, 46, 49, 22]

Individual 2:
  Route length: 15035
  Contribution to Diversity: 0.01634007573843199
  Route: [49, 19, 9, 10, 41, 35, 11, 52, 14, 13, 28, 27, 26, 47, 16, 24, 4, 6, 25, 15, 40, 33, 51, 5, 12, 38, 48, 37, 43, 8, 2, 29, 44, 50, 46, 30, 23, 20, 45, 17, 3, 21, 42, 7, 32, 1, 31, 18, 34, 39, 36, 22]

Individual 3:
  Route length: 15030
  Contribution to Diversity: 0.02311303807001419
  Route: [18, 31, 1, 3, 45, 43, 41, 19, 51, 33, 9, 10, 50, 29, 36, 44, 40, 39, 24, 15, 4, 12, 30, 49, 16, 37, 46, 38, 20, 8, 6, 28, 26, 27, 47, 13, 14, 52, 11, 25, 5, 48, 23, 2, 7, 42, 21, 17, 34, 35, 32, 22]

Individual 4:
  Route length: 15046
  Contribution to Diversity: 0.020078606780447927
  Route: [20, 23, 50, 26, 14, 13, 47, 4, 39, 5, 32, 45, 18, 38, 40, 9, 41, 19, 8, 10, 3, 17, 21, 31, 42, 7, 2, 30, 29, 16, 36, 35, 33, 6, 51, 46, 15, 48, 27, 28, 52, 11, 12, 37, 44, 43, 25, 1, 24, 34, 49, 22]

Individual 5:
  Route length: 14740
  Contribution to Diversity: 0.021480276165348755
  Route: [31, 29, 30, 2, 7, 42, 21, 43, 6, 25, 24, 36, 37, 40, 12, 52, 14, 13, 47, 26, 27, 28, 33, 19, 39, 34, 38, 4, 48, 32, 49, 35, 16, 51, 11, 46, 44, 15, 23, 1, 5, 17, 3, 10, 45, 41, 8, 9, 18, 20, 50, 22]

Individual 6:
  Route length: 14950
  Contribution to Diversity: 0.012784837547823003
  Route: [3, 32, 45, 1, 31, 19, 18, 38, 34, 16, 44, 43, 51, 11, 52, 14, 13, 40, 5, 36, 35, 46, 12, 47, 33, 10, 9, 8, 41, 2, 7, 42, 21, 20, 23, 29, 30, 17, 50, 48, 15, 25, 26, 27, 28, 49, 24, 37, 39, 4, 6, 22]

Individual 7:
  Route length: 15031
  Contribution to Diversity: 0.02007265973687833
  Route: [34, 15, 23, 21, 3, 35, 6, 37, 19, 39, 46, 49, 17, 7, 30, 2, 42, 18, 8, 41, 9, 45, 40, 33, 12, 44, 5, 10, 43, 4, 25, 51, 11, 52, 13, 14, 26, 27, 28, 47, 16, 31, 36, 38, 48, 24, 1, 20, 29, 50, 32, 22]

Individual 8:
  Route length: 14783
  Contribution to Diversity: 0.011313568458569456
  Route: [21, 30, 26, 27, 28, 12, 25, 45, 33, 51, 11, 52, 14, 13, 47, 15, 6, 38, 8, 41, 17, 20, 50, 31, 19, 35, 44, 18, 4, 24, 16, 29, 23, 34, 9, 10, 43, 3, 7, 2, 42, 46, 32, 49, 1, 40, 48, 5, 39, 37, 36, 22]

Individual 9:
  Route length: 14847
  Contribution to Diversity: 0.022182398910843837
  Route: [37, 48, 30, 29, 21, 19, 41, 32, 24, 4, 15, 16, 28, 27, 26, 47, 13, 14, 52, 11, 51, 12, 36, 38, 39, 33, 8, 43, 1, 20, 50, 3, 17, 31, 42, 7, 2, 18, 35, 44, 25, 6, 10, 9, 49, 45, 23, 40, 34, 46, 5, 22]

Individual 10:
  Route length: 15058
  Contribution to Diversity: 0.026136163083517516
  Route: [46, 16, 40, 9, 19, 18, 48, 15, 37, 4, 10, 45, 41, 31, 43, 5, 33, 6, 24, 38, 49, 1, 17, 21, 3, 36, 50, 32, 34, 39, 44, 35, 23, 42, 2, 7, 30, 20, 29, 14, 26, 27, 28, 47, 13, 52, 11, 51, 12, 25, 8, 22]

Individual 11:
  Route length: 14970
  Contribution to Diversity: 0.006182323643510124
  Route: [36, 24, 30, 21, 16, 35, 44, 25, 6, 43, 45, 5, 34, 8, 9, 41, 12, 51, 11, 52, 28, 14, 13, 47, 27, 26, 40, 15, 46, 39, 48, 38, 37, 10, 33, 4, 50, 29, 23, 20, 18, 32, 1, 49, 19, 31, 2, 42, 7, 3, 17, 22]

Individual 12:
  Route length: 14826
  Contribution to Diversity: 0.017637058779808257
  Route: [17, 18, 41, 8, 9, 10, 37, 46, 43, 48, 40, 38, 5, 26, 12, 4, 25, 6, 35, 34, 44, 52, 51, 11, 28, 27, 14, 13, 47, 29, 36, 39, 1, 15, 24, 19, 49, 33, 45, 32, 3, 31, 50, 23, 21, 20, 16, 30, 2, 42, 7, 22]

Individual 13:
  Route length: 14988
  Contribution to Diversity: 0.031485318572010534
  Route: [47, 52, 11, 51, 12, 24, 15, 35, 39, 37, 10, 41, 9, 19, 4, 43, 33, 8, 45, 18, 3, 38, 5, 34, 40, 6, 1, 32, 29, 14, 13, 26, 27, 28, 25, 44, 49, 16, 46, 36, 20, 48, 21, 50, 42, 2, 7, 17, 31, 30, 23, 22]

Individual 14:
  Route length: 14925
  Contribution to Diversity: 0.024448058837728937
  Route: [46, 20, 34, 32, 37, 24, 40, 42, 7, 2, 17, 25, 26, 28, 14, 12, 27, 47, 13, 52, 11, 51, 33, 9, 43, 39, 48, 38, 45, 10, 15, 6, 5, 4, 18, 3, 41, 8, 19, 23, 29, 36, 49, 21, 30, 35, 31, 50, 44, 16, 1, 22]

Individual 15:
  Route length: 14965
  Contribution to Diversity: 0.0209277096978715
  Route: [3, 1, 45, 24, 33, 51, 11, 52, 28, 6, 48, 41, 5, 50, 44, 37, 40, 36, 25, 4, 38, 34, 15, 10, 9, 8, 43, 14, 13, 12, 27, 26, 47, 29, 42, 2, 7, 30, 31, 46, 23, 20, 16, 35, 49, 39, 32, 19, 17, 18, 21, 22]

Individual 16:
  Route length: 15060
  Contribution to Diversity: 0.012680455331493867
  Route: [12, 6, 4, 40, 45, 10, 43, 9, 8, 41, 19, 32, 35, 25, 28, 27, 26, 20, 30, 50, 37, 5, 48, 38, 36, 29, 44, 47, 13, 14, 52, 11, 15, 34, 33, 51, 1, 49, 39, 16, 42, 7, 2, 23, 21, 17, 3, 46, 24, 18, 31, 22]

Individual 17:
  Route length: 14991
  Contribution to Diversity: 0.024477545341398788
  Route: [49, 23, 2, 21, 31, 3, 17, 42, 7, 30, 20, 29, 24, 12, 45, 8, 41, 19, 9, 10, 43, 44, 34, 4, 50, 16, 33, 25, 37, 46, 32, 35, 38, 13, 47, 14, 28, 26, 27, 11, 52, 51, 40, 15, 48, 36, 5, 6, 39, 18, 1, 22]

Individual 18:
  Route length: 14921
  Contribution to Diversity: 0.017530725524598445
  Route: [44, 35, 5, 15, 49, 50, 29, 6, 38, 19, 17, 21, 2, 7, 42, 31, 18, 34, 46, 37, 36, 3, 41, 33, 4, 23, 30, 16, 24, 48, 1, 20, 39, 43, 45, 25, 40, 51, 11, 27, 26, 47, 13, 14, 52, 12, 28, 8, 9, 10, 32, 22]

Individual 19:
  Route length: 14835
  Contribution to Diversity: 0.016166119785813393
  Route: [19, 8, 10, 43, 51, 11, 28, 27, 52, 14, 13, 6, 44, 5, 15, 12, 46, 16, 3, 41, 9, 33, 38, 39, 37, 25, 4, 18, 45, 1, 48, 50, 40, 49, 32, 24, 26, 47, 36, 34, 35, 23, 20, 31, 42, 7, 2, 30, 29, 21, 17, 22]

Total Entropy H: 5.943145431072848
