Individual 0:
  Route length: 8289
  Contribution to Diversity: 0.01763217974692921
  Route: [1, 36, 35, 15, 5, 6, 4, 25, 12, 28, 27, 26, 47, 13, 14, 52, 11, 51, 33, 43, 10, 9, 8, 41, 19, 45, 32, 49, 34, 40, 44, 38, 48, 37, 24, 39, 46, 16, 29, 50, 20, 23, 30, 2, 7, 42, 21, 17, 3, 18, 31, 22]

Individual 1:
  Route length: 8280
  Contribution to Diversity: 0.017002529068857797
  Route: [1, 16, 46, 44, 34, 39, 36, 35, 38, 37, 40, 15, 6, 5, 48, 24, 4, 25, 12, 28, 27, 26, 47, 13, 14, 52, 11, 51, 33, 43, 10, 9, 8, 41, 19, 45, 32, 49, 31, 18, 3, 17, 21, 42, 7, 2, 30, 23, 20, 29, 50, 22]

Individual 2:
  Route length: 8254
  Contribution to Diversity: 0.010985844648959464
  Route: [48, 38, 5, 6, 15, 4, 24, 37, 35, 34, 36, 39, 40, 25, 12, 28, 27, 26, 47, 13, 14, 52, 11, 51, 33, 43, 10, 9, 8, 41, 19, 45, 32, 49, 1, 44, 46, 16, 29, 50, 20, 23, 30, 2, 7, 42, 21, 17, 3, 18, 31, 22]

Individual 3:
  Route length: 8286
  Contribution to Diversity: 0.015989819380397563
  Route: [1, 49, 32, 45, 19, 41, 8, 9, 10, 43, 33, 51, 11, 52, 14, 13, 12, 28, 27, 26, 47, 29, 16, 46, 44, 36, 35, 34, 39, 40, 37, 38, 15, 5, 24, 48, 6, 4, 25, 50, 20, 23, 30, 2, 7, 42, 21, 17, 3, 18, 31, 22]

Individual 4:
  Route length: 8267
  Contribution to Diversity: 0.008144051039348454
  Route: [45, 19, 41, 8, 9, 10, 43, 33, 51, 11, 52, 14, 13, 47, 26, 27, 28, 12, 25, 15, 6, 4, 40, 5, 24, 48, 44, 1, 49, 32, 35, 36, 34, 39, 37, 38, 46, 16, 29, 50, 20, 23, 30, 42, 7, 2, 21, 17, 3, 18, 31, 22]

Individual 5:
  Route length: 8289
  Contribution to Diversity: 0.023706774565879662
  Route: [1, 49, 32, 45, 19, 41, 8, 9, 10, 43, 33, 51, 11, 52, 14, 13, 47, 26, 27, 28, 12, 25, 4, 6, 15, 5, 24, 48, 38, 37, 34, 44, 16, 46, 40, 39, 36, 35, 50, 29, 30, 2, 7, 42, 21, 23, 20, 18, 3, 17, 31, 22]

Individual 6:
  Route length: 8246
  Contribution to Diversity: 0.017054024609003626
  Route: [1, 38, 48, 35, 40, 34, 44, 39, 37, 24, 15, 5, 6, 4, 25, 12, 28, 27, 26, 47, 13, 14, 52, 11, 51, 33, 43, 10, 9, 8, 41, 19, 45, 32, 49, 36, 46, 16, 29, 50, 20, 23, 30, 2, 7, 42, 21, 17, 3, 18, 31, 22]

Individual 7:
  Route length: 8227
  Contribution to Diversity: 0.004393600407698095
  Route: [1, 49, 32, 45, 19, 41, 8, 9, 10, 43, 33, 51, 11, 52, 14, 13, 47, 26, 27, 28, 12, 25, 37, 38, 35, 39, 36, 15, 6, 4, 48, 24, 40, 5, 34, 44, 46, 16, 29, 50, 20, 23, 30, 2, 7, 42, 21, 17, 3, 18, 31, 22]

Individual 8:
  Route length: 8196
  Contribution to Diversity: 0.015764348147015106
  Route: [1, 37, 5, 4, 25, 12, 28, 27, 26, 47, 13, 14, 52, 11, 51, 33, 43, 10, 9, 8, 41, 19, 45, 32, 49, 34, 40, 36, 39, 15, 6, 24, 48, 38, 35, 44, 46, 16, 29, 50, 20, 23, 30, 2, 7, 42, 21, 17, 3, 18, 31, 22]

Individual 9:
  Route length: 8244
  Contribution to Diversity: 0.010528063339713789
  Route: [32, 49, 1, 44, 48, 24, 5, 40, 4, 6, 15, 25, 12, 28, 27, 26, 47, 13, 14, 52, 11, 51, 33, 43, 10, 9, 8, 41, 19, 45, 36, 34, 35, 39, 37, 38, 46, 16, 29, 50, 20, 23, 30, 42, 7, 2, 21, 17, 3, 18, 31, 22]

Total Entropy H: 4.447818587834133
