Individual 0:
  Route length: 8290
  Contribution to Diversity: 0.0009070213369577473
  Route: [49, 1, 50, 29, 16, 36, 35, 34, 44, 46, 48, 38, 37, 40, 39, 24, 5, 15, 6, 4, 25, 12, 28, 27, 26, 47, 13, 14, 52, 11, 51, 33, 43, 10, 9, 8, 41, 19, 45, 32, 20, 23, 30, 2, 7, 42, 21, 17, 3, 18, 31, 22]

Individual 1:
  Route length: 8250
  Contribution to Diversity: 0.000839169130730788
  Route: [39, 40, 5, 24, 48, 38, 37, 4, 6, 15, 25, 12, 28, 27, 26, 47, 13, 14, 52, 11, 51, 33, 43, 10, 9, 8, 41, 19, 45, 32, 49, 1, 31, 18, 3, 17, 21, 42, 7, 2, 30, 23, 20, 50, 29, 16, 46, 34, 44, 36, 35, 22]

Individual 2:
  Route length: 8261
  Contribution to Diversity: 8.595881255857307e-05
  Route: [1, 49, 32, 45, 19, 41, 8, 9, 10, 43, 33, 51, 11, 52, 14, 13, 47, 26, 27, 28, 12, 25, 4, 6, 15, 5, 24, 46, 16, 38, 48, 35, 34, 44, 36, 39, 40, 37, 29, 50, 20, 23, 30, 2, 7, 42, 21, 17, 3, 18, 31, 22]

Individual 3:
  Route length: 8147
  Contribution to Diversity: 0.0002683509183185606
  Route: [1, 49, 32, 45, 19, 41, 8, 9, 10, 43, 33, 51, 11, 52, 14, 13, 47, 26, 27, 28, 12, 25, 4, 6, 15, 5, 24, 48, 38, 37, 40, 44, 34, 35, 36, 39, 46, 16, 29, 50, 23, 20, 21, 42, 7, 2, 30, 17, 3, 18, 31, 22]

Individual 4:
  Route length: 8193
  Contribution to Diversity: 0.0007014812826531269
  Route: [1, 20, 50, 29, 16, 46, 39, 36, 35, 34, 44, 38, 37, 40, 48, 24, 5, 15, 6, 4, 25, 12, 28, 27, 26, 47, 13, 14, 52, 11, 51, 33, 43, 10, 9, 8, 41, 19, 45, 32, 49, 3, 17, 21, 42, 7, 2, 30, 23, 18, 31, 22]

Individual 5:
  Route length: 8250
  Contribution to Diversity: 0.0001929108731140161
  Route: [1, 49, 32, 45, 19, 41, 8, 9, 10, 43, 33, 51, 11, 52, 14, 13, 47, 26, 27, 28, 12, 25, 15, 5, 24, 48, 38, 4, 36, 35, 6, 39, 40, 37, 34, 44, 46, 16, 29, 50, 20, 23, 30, 2, 7, 42, 21, 17, 3, 18, 31, 22]

Individual 6:
  Route length: 8012
  Contribution to Diversity: 0.0002979044797770669
  Route: [1, 49, 32, 36, 39, 40, 37, 38, 48, 24, 5, 15, 6, 4, 25, 12, 11, 52, 14, 13, 47, 26, 27, 28, 51, 33, 43, 10, 9, 8, 41, 19, 45, 35, 34, 44, 46, 16, 29, 50, 20, 23, 30, 2, 7, 42, 21, 17, 3, 18, 31, 22]

Individual 7:
  Route length: 8284
  Contribution to Diversity: 0.001062520424457425
  Route: [1, 49, 39, 24, 48, 38, 37, 40, 43, 33, 51, 11, 52, 14, 13, 47, 26, 27, 28, 12, 25, 4, 6, 15, 5, 10, 9, 8, 41, 19, 45, 32, 34, 35, 36, 44, 46, 16, 29, 50, 20, 23, 30, 2, 7, 42, 21, 17, 3, 18, 31, 22]

Individual 8:
  Route length: 8099
  Contribution to Diversity: 0.0003557316981517289
  Route: [1, 49, 32, 45, 19, 41, 8, 9, 10, 43, 33, 51, 11, 52, 14, 13, 47, 26, 27, 28, 12, 25, 4, 6, 15, 5, 24, 48, 40, 37, 38, 46, 16, 29, 50, 20, 23, 34, 35, 36, 39, 44, 30, 2, 7, 42, 21, 17, 3, 18, 31, 22]

Individual 9:
  Route length: 8226
  Contribution to Diversity: 0.000471816546802728
  Route: [39, 40, 37, 38, 48, 24, 5, 15, 6, 4, 25, 12, 28, 27, 26, 47, 13, 14, 52, 11, 51, 33, 43, 10, 9, 8, 41, 19, 45, 32, 49, 1, 31, 18, 3, 17, 21, 42, 7, 2, 30, 23, 20, 44, 46, 16, 29, 50, 36, 35, 34, 22]

Individual 10:
  Route length: 8217
  Contribution to Diversity: 0.0007774145257135601
  Route: [1, 49, 32, 45, 19, 41, 8, 9, 10, 43, 33, 51, 11, 52, 14, 13, 47, 26, 27, 28, 12, 4, 25, 16, 46, 44, 34, 35, 36, 39, 40, 37, 24, 48, 38, 5, 15, 6, 29, 50, 20, 23, 30, 2, 7, 42, 21, 17, 3, 18, 31, 22]

Individual 11:
  Route length: 8166
  Contribution to Diversity: 0.0009339528455019064
  Route: [1, 49, 32, 45, 19, 41, 8, 9, 10, 43, 4, 25, 12, 28, 27, 26, 47, 13, 14, 52, 11, 51, 33, 15, 6, 5, 24, 48, 38, 37, 40, 39, 35, 36, 46, 44, 34, 16, 29, 50, 20, 23, 30, 2, 7, 42, 21, 17, 3, 18, 31, 22]

Individual 12:
  Route length: 8286
  Contribution to Diversity: 0.00015106160593614248
  Route: [1, 32, 49, 45, 19, 41, 8, 9, 10, 43, 33, 51, 11, 52, 14, 13, 47, 26, 27, 28, 12, 25, 4, 6, 15, 5, 24, 50, 29, 16, 46, 44, 34, 35, 36, 39, 40, 37, 38, 48, 20, 23, 30, 2, 7, 42, 21, 17, 3, 18, 31, 22]

Individual 13:
  Route length: 8231
  Contribution to Diversity: 0.0004654116859645896
  Route: [1, 38, 48, 24, 5, 15, 6, 4, 25, 12, 28, 27, 26, 47, 13, 14, 52, 11, 51, 33, 43, 10, 9, 8, 41, 19, 45, 32, 39, 36, 35, 49, 31, 18, 3, 17, 21, 42, 7, 2, 30, 23, 20, 50, 29, 16, 46, 44, 34, 40, 37, 22]

Individual 14:
  Route length: 8269
  Contribution to Diversity: 0.001317332117965364
  Route: [1, 49, 32, 45, 6, 4, 25, 12, 28, 27, 26, 47, 13, 14, 52, 11, 51, 33, 43, 10, 9, 8, 41, 19, 5, 15, 24, 48, 38, 37, 39, 40, 36, 35, 34, 44, 46, 16, 29, 50, 20, 23, 30, 2, 7, 42, 21, 17, 3, 18, 31, 22]

Individual 15:
  Route length: 8274
  Contribution to Diversity: 0.0007182366203286605
  Route: [35, 34, 24, 48, 38, 37, 40, 44, 5, 15, 6, 4, 25, 12, 28, 27, 26, 47, 13, 14, 52, 11, 51, 33, 43, 10, 9, 8, 41, 19, 45, 1, 49, 32, 36, 39, 46, 16, 29, 50, 20, 23, 30, 2, 7, 42, 21, 17, 3, 18, 31, 22]

Individual 16:
  Route length: 8280
  Contribution to Diversity: 0.00030176582755192527
  Route: [1, 46, 44, 34, 40, 37, 38, 48, 24, 5, 15, 6, 4, 25, 12, 28, 27, 26, 47, 13, 14, 52, 11, 51, 33, 43, 10, 9, 8, 41, 19, 45, 32, 39, 36, 35, 49, 18, 3, 17, 21, 42, 7, 2, 30, 23, 20, 50, 29, 16, 31, 22]

Individual 17:
  Route length: 8073
  Contribution to Diversity: 0.00021405347974923217
  Route: [1, 49, 32, 45, 19, 41, 8, 9, 10, 43, 33, 51, 11, 52, 14, 13, 47, 26, 27, 28, 12, 25, 4, 6, 39, 40, 37, 38, 48, 24, 5, 15, 35, 36, 34, 44, 46, 16, 29, 20, 50, 31, 18, 3, 17, 21, 42, 7, 2, 30, 23, 22]

Individual 18:
  Route length: 8164
  Contribution to Diversity: 0.0001942406209360925
  Route: [1, 20, 50, 29, 16, 46, 44, 34, 35, 36, 39, 40, 37, 38, 48, 24, 5, 15, 6, 4, 25, 12, 28, 27, 26, 47, 13, 14, 52, 11, 51, 33, 43, 10, 9, 8, 41, 19, 45, 32, 49, 3, 17, 21, 30, 2, 7, 42, 23, 18, 31, 22]

Individual 19:
  Route length: 8289
  Contribution to Diversity: 0.001530441597136445
  Route: [1, 49, 38, 37, 40, 39, 15, 6, 4, 25, 12, 28, 27, 26, 47, 13, 14, 52, 11, 51, 33, 43, 10, 9, 8, 41, 19, 45, 32, 36, 46, 5, 24, 48, 35, 34, 44, 29, 16, 50, 20, 23, 30, 2, 7, 42, 21, 17, 3, 18, 31, 22]

Individual 20:
  Route length: 8021
  Contribution to Diversity: 0
  Route: [1, 49, 32, 45, 19, 41, 8, 9, 10, 43, 33, 51, 11, 52, 14, 13, 47, 26, 27, 28, 12, 25, 4, 6, 15, 5, 24, 48, 38, 37, 40, 39, 36, 35, 34, 44, 29, 16, 46, 50, 20, 31, 18, 3, 17, 21, 42, 7, 2, 30, 23, 22]

Individual 21:
  Route length: 8265
  Contribution to Diversity: 0
  Route: [1, 49, 25, 12, 28, 27, 26, 47, 13, 14, 52, 11, 51, 33, 43, 10, 9, 8, 41, 19, 45, 32, 38, 48, 24, 5, 15, 6, 4, 37, 40, 39, 36, 35, 34, 44, 46, 16, 29, 23, 20, 50, 30, 2, 7, 42, 21, 17, 3, 18, 31, 22]

Individual 22:
  Route length: 7933
  Contribution to Diversity: 0
  Route: [1, 49, 32, 45, 19, 41, 8, 9, 10, 43, 33, 51, 11, 52, 14, 13, 47, 26, 27, 28, 12, 25, 4, 6, 15, 5, 24, 48, 44, 46, 36, 35, 39, 40, 37, 38, 34, 16, 29, 50, 20, 23, 30, 2, 7, 42, 21, 17, 3, 18, 31, 22]

Individual 23:
  Route length: 8253
  Contribution to Diversity: 0.0017312939605416133
  Route: [1, 25, 12, 28, 27, 26, 47, 13, 14, 52, 11, 51, 33, 43, 10, 9, 8, 41, 19, 45, 32, 49, 37, 38, 48, 24, 5, 15, 4, 6, 44, 34, 35, 36, 39, 40, 46, 16, 29, 50, 20, 23, 30, 2, 7, 42, 21, 17, 3, 18, 31, 22]

Individual 24:
  Route length: 8262
  Contribution to Diversity: 7.68603776446497e-06
  Route: [25, 12, 28, 27, 26, 47, 13, 14, 52, 11, 51, 33, 43, 10, 9, 8, 41, 19, 45, 32, 49, 1, 35, 36, 39, 40, 37, 38, 48, 24, 5, 15, 6, 4, 34, 44, 46, 16, 29, 20, 50, 23, 30, 2, 7, 42, 21, 17, 3, 18, 31, 22]

Individual 25:
  Route length: 8279
  Contribution to Diversity: 0.0002658435213218624
  Route: [1, 49, 32, 45, 19, 41, 8, 18, 31, 21, 17, 42, 7, 2, 30, 23, 20, 50, 29, 16, 46, 44, 34, 35, 36, 39, 40, 37, 38, 48, 24, 5, 15, 6, 4, 25, 12, 28, 27, 26, 47, 13, 14, 52, 11, 51, 33, 43, 10, 9, 3, 22]

Individual 26:
  Route length: 7992
  Contribution to Diversity: 0
  Route: [1, 49, 32, 45, 19, 41, 8, 9, 10, 43, 33, 51, 11, 52, 14, 13, 47, 26, 27, 28, 12, 25, 4, 6, 15, 5, 48, 38, 37, 40, 39, 36, 46, 44, 34, 35, 24, 16, 29, 50, 20, 23, 30, 2, 7, 42, 21, 17, 3, 18, 31, 22]

Individual 27:
  Route length: 8259
  Contribution to Diversity: 0
  Route: [36, 39, 40, 37, 38, 48, 24, 5, 15, 6, 4, 25, 12, 28, 27, 26, 47, 13, 14, 52, 11, 51, 33, 43, 10, 9, 8, 41, 19, 45, 32, 49, 1, 46, 44, 34, 35, 16, 29, 20, 50, 31, 18, 3, 17, 21, 42, 7, 2, 30, 23, 22]

Individual 28:
  Route length: 7938
  Contribution to Diversity: 0
  Route: [1, 49, 35, 36, 24, 5, 15, 6, 4, 25, 12, 28, 27, 26, 47, 13, 14, 52, 11, 51, 33, 43, 10, 9, 8, 41, 19, 45, 32, 39, 38, 48, 37, 40, 34, 44, 46, 16, 29, 50, 20, 23, 30, 2, 7, 42, 21, 17, 3, 18, 31, 22]

Individual 29:
  Route length: 8282
  Contribution to Diversity: 0.0017734890390812552
  Route: [21, 42, 7, 2, 30, 23, 20, 50, 29, 16, 34, 44, 46, 49, 32, 45, 19, 41, 8, 9, 10, 43, 33, 51, 11, 52, 14, 13, 47, 26, 27, 28, 12, 25, 4, 6, 15, 5, 24, 48, 38, 37, 40, 39, 35, 36, 1, 3, 17, 18, 31, 22]

Individual 30:
  Route length: 8282
  Contribution to Diversity: 0.00018563376857816394
  Route: [1, 49, 35, 36, 39, 38, 37, 40, 44, 46, 16, 29, 50, 20, 23, 32, 45, 19, 41, 8, 9, 10, 43, 33, 51, 11, 52, 14, 13, 47, 26, 27, 28, 12, 25, 4, 6, 15, 5, 24, 48, 34, 30, 2, 7, 42, 21, 17, 3, 18, 31, 22]

Individual 31:
  Route length: 8157
  Contribution to Diversity: 0
  Route: [1, 49, 32, 45, 19, 41, 8, 9, 10, 43, 33, 51, 11, 52, 14, 13, 47, 26, 27, 28, 12, 25, 4, 6, 15, 5, 24, 48, 37, 38, 34, 35, 36, 39, 40, 20, 50, 29, 16, 46, 44, 31, 18, 3, 17, 21, 42, 7, 2, 30, 23, 22]

Individual 32:
  Route length: 8174
  Contribution to Diversity: 0.0001727918290370667
  Route: [1, 49, 32, 45, 19, 41, 8, 9, 10, 43, 33, 51, 11, 52, 14, 13, 47, 26, 27, 28, 12, 25, 4, 6, 15, 5, 48, 24, 39, 40, 37, 38, 36, 35, 34, 44, 29, 16, 46, 50, 20, 31, 18, 3, 17, 21, 42, 7, 2, 30, 23, 22]

Individual 33:
  Route length: 8206
  Contribution to Diversity: 0.0003032080479021815
  Route: [1, 49, 32, 45, 18, 31, 44, 46, 16, 29, 50, 20, 34, 35, 36, 39, 40, 37, 38, 48, 24, 5, 15, 6, 4, 25, 12, 28, 27, 26, 47, 13, 14, 52, 11, 51, 33, 43, 10, 9, 8, 41, 19, 3, 17, 21, 42, 7, 2, 30, 23, 22]

Individual 34:
  Route length: 8272
  Contribution to Diversity: 7.824449499427288e-05
  Route: [1, 49, 25, 12, 28, 27, 26, 47, 13, 14, 52, 11, 51, 33, 43, 10, 9, 8, 41, 19, 45, 32, 38, 5, 24, 48, 40, 37, 4, 6, 15, 39, 36, 35, 34, 44, 46, 16, 29, 50, 20, 23, 30, 2, 7, 42, 21, 17, 3, 18, 31, 22]

Individual 35:
  Route length: 8227
  Contribution to Diversity: 0
  Route: [35, 36, 39, 40, 37, 34, 6, 15, 5, 24, 48, 38, 4, 25, 12, 28, 27, 26, 47, 13, 14, 52, 11, 51, 33, 43, 10, 9, 8, 41, 19, 45, 32, 49, 1, 20, 50, 29, 16, 46, 44, 23, 30, 2, 7, 42, 21, 17, 3, 18, 31, 22]

Individual 36:
  Route length: 8147
  Contribution to Diversity: 0.0003289997551103596
  Route: [1, 49, 32, 17, 21, 42, 7, 2, 30, 23, 20, 50, 29, 16, 36, 35, 34, 44, 46, 5, 24, 48, 38, 37, 40, 39, 15, 6, 4, 25, 12, 28, 27, 26, 47, 13, 14, 52, 11, 51, 33, 43, 10, 9, 8, 41, 19, 45, 3, 18, 31, 22]

Individual 37:
  Route length: 7997
  Contribution to Diversity: 0
  Route: [1, 49, 35, 36, 24, 5, 15, 6, 4, 25, 12, 28, 27, 26, 47, 13, 14, 52, 11, 51, 33, 43, 10, 9, 8, 41, 19, 45, 32, 34, 40, 37, 48, 38, 39, 44, 46, 16, 29, 50, 20, 23, 30, 2, 7, 42, 21, 17, 3, 18, 31, 22]

Individual 38:
  Route length: 8285
  Contribution to Diversity: 0.0015050805223451036
  Route: [1, 49, 32, 45, 19, 41, 8, 9, 10, 43, 33, 51, 11, 52, 14, 13, 47, 26, 27, 28, 12, 6, 4, 25, 15, 48, 38, 37, 40, 5, 24, 46, 16, 29, 44, 34, 35, 36, 39, 50, 20, 23, 30, 2, 7, 42, 21, 17, 3, 18, 31, 22]

Individual 39:
  Route length: 8195
  Contribution to Diversity: 0
  Route: [1, 49, 32, 45, 19, 41, 8, 9, 10, 43, 33, 51, 11, 52, 14, 13, 47, 26, 27, 28, 12, 25, 4, 6, 15, 5, 24, 48, 35, 34, 16, 38, 37, 40, 39, 36, 46, 44, 29, 50, 20, 23, 30, 2, 7, 42, 21, 17, 3, 18, 31, 22]

Individual 40:
  Route length: 8252
  Contribution to Diversity: 0.00014016281985895773
  Route: [1, 49, 32, 45, 19, 10, 9, 8, 41, 34, 43, 33, 51, 11, 52, 14, 13, 47, 26, 27, 28, 12, 25, 4, 6, 15, 5, 24, 48, 38, 37, 40, 39, 36, 35, 44, 46, 16, 29, 50, 20, 23, 30, 2, 7, 42, 21, 17, 3, 18, 31, 22]

Individual 41:
  Route length: 8006
  Contribution to Diversity: 0
  Route: [1, 49, 32, 45, 19, 41, 8, 9, 10, 43, 33, 51, 11, 52, 14, 13, 47, 26, 27, 28, 12, 25, 4, 6, 15, 5, 24, 48, 38, 37, 40, 31, 18, 3, 17, 21, 42, 7, 2, 30, 23, 50, 20, 29, 16, 46, 44, 34, 35, 36, 39, 22]

Individual 42:
  Route length: 8146
  Contribution to Diversity: 0
  Route: [1, 49, 34, 35, 36, 45, 32, 3, 17, 21, 42, 7, 2, 30, 23, 20, 50, 29, 16, 46, 44, 39, 40, 37, 38, 48, 24, 5, 15, 6, 4, 25, 12, 28, 27, 26, 47, 13, 14, 52, 11, 51, 33, 43, 10, 9, 8, 41, 19, 18, 31, 22]

Individual 43:
  Route length: 8276
  Contribution to Diversity: 0.002419870535991464
  Route: [1, 49, 40, 48, 24, 5, 38, 32, 45, 19, 41, 8, 9, 10, 43, 33, 51, 11, 52, 14, 13, 47, 26, 27, 28, 12, 25, 46, 44, 34, 35, 36, 39, 15, 6, 4, 37, 16, 29, 50, 20, 23, 30, 2, 7, 42, 21, 17, 3, 18, 31, 22]

Individual 44:
  Route length: 7816
  Contribution to Diversity: 0
  Route: [1, 49, 32, 3, 18, 31, 21, 17, 42, 7, 2, 30, 23, 20, 50, 29, 16, 46, 44, 34, 35, 36, 39, 40, 37, 38, 48, 24, 5, 15, 6, 4, 25, 12, 28, 27, 26, 47, 13, 14, 52, 11, 51, 33, 43, 10, 9, 8, 41, 19, 45, 22]

Individual 45:
  Route length: 8122
  Contribution to Diversity: 0
  Route: [1, 49, 32, 45, 19, 41, 8, 9, 10, 43, 33, 51, 11, 52, 14, 13, 47, 26, 27, 28, 12, 25, 4, 6, 15, 5, 24, 48, 38, 37, 40, 39, 36, 35, 34, 44, 16, 29, 23, 30, 2, 7, 42, 21, 17, 3, 18, 31, 20, 50, 46, 22]

Individual 46:
  Route length: 8245
  Contribution to Diversity: 0.0012148973897110338
  Route: [35, 38, 48, 24, 34, 44, 5, 15, 6, 4, 25, 12, 28, 27, 26, 47, 13, 14, 52, 11, 51, 33, 43, 10, 9, 8, 41, 19, 45, 1, 49, 32, 36, 39, 40, 37, 46, 16, 29, 50, 20, 23, 30, 2, 7, 42, 21, 17, 3, 18, 31, 22]

Individual 47:
  Route length: 8273
  Contribution to Diversity: 0
  Route: [1, 49, 32, 45, 5, 15, 6, 4, 25, 12, 28, 27, 26, 47, 13, 14, 52, 11, 51, 33, 43, 10, 9, 8, 41, 19, 34, 35, 36, 39, 40, 37, 38, 48, 24, 44, 46, 16, 29, 20, 50, 23, 30, 2, 7, 42, 21, 17, 3, 18, 31, 22]

Individual 48:
  Route length: 8146
  Contribution to Diversity: 0.0007156223177542387
  Route: [1, 49, 32, 45, 19, 41, 8, 9, 10, 43, 33, 51, 11, 52, 14, 13, 47, 26, 27, 28, 12, 25, 4, 6, 15, 5, 40, 37, 39, 24, 48, 38, 46, 44, 34, 35, 36, 16, 29, 20, 50, 31, 18, 3, 17, 21, 42, 7, 2, 30, 23, 22]

Individual 49:
  Route length: 8152
  Contribution to Diversity: 0.000932898135418192
  Route: [39, 40, 6, 4, 25, 12, 28, 27, 26, 47, 13, 14, 52, 11, 51, 33, 43, 10, 9, 8, 41, 19, 45, 32, 49, 1, 31, 18, 3, 17, 21, 42, 7, 2, 30, 23, 20, 50, 29, 16, 46, 44, 37, 24, 5, 15, 48, 38, 34, 35, 36, 22]

Individual 50:
  Route length: 8034
  Contribution to Diversity: 0
  Route: [1, 45, 19, 41, 8, 9, 10, 43, 33, 51, 11, 52, 14, 13, 47, 26, 27, 28, 12, 25, 4, 6, 15, 5, 24, 48, 38, 37, 40, 39, 36, 35, 34, 49, 32, 20, 50, 29, 16, 46, 44, 23, 30, 2, 7, 42, 21, 17, 3, 18, 31, 22]

Individual 51:
  Route length: 8276
  Contribution to Diversity: 0
  Route: [1, 49, 35, 36, 39, 32, 45, 19, 41, 8, 9, 10, 43, 33, 51, 11, 52, 14, 13, 47, 26, 27, 28, 12, 25, 4, 6, 15, 5, 24, 16, 46, 44, 34, 40, 37, 38, 48, 29, 50, 20, 23, 30, 2, 7, 42, 21, 17, 3, 18, 31, 22]

Individual 52:
  Route length: 8095
  Contribution to Diversity: 0
  Route: [1, 49, 32, 45, 19, 41, 8, 9, 10, 43, 33, 51, 11, 52, 14, 13, 47, 26, 27, 28, 12, 25, 4, 39, 15, 6, 37, 40, 38, 48, 24, 5, 46, 44, 34, 35, 36, 16, 29, 50, 20, 23, 30, 2, 7, 42, 21, 17, 3, 18, 31, 22]

Individual 53:
  Route length: 8244
  Contribution to Diversity: 0
  Route: [1, 49, 32, 45, 19, 41, 8, 9, 10, 43, 33, 51, 11, 52, 14, 13, 47, 26, 27, 28, 12, 25, 4, 6, 15, 5, 40, 37, 38, 48, 24, 16, 29, 20, 50, 23, 30, 2, 7, 42, 21, 17, 3, 18, 31, 46, 44, 34, 35, 36, 39, 22]

Individual 54:
  Route length: 8279
  Contribution to Diversity: 0.0006320939211974519
  Route: [21, 42, 7, 2, 30, 23, 20, 50, 29, 16, 34, 44, 46, 36, 35, 38, 37, 40, 39, 48, 24, 5, 15, 6, 4, 25, 12, 28, 27, 26, 47, 13, 14, 52, 11, 51, 33, 43, 10, 9, 8, 41, 19, 45, 32, 49, 1, 3, 17, 18, 31, 22]

Individual 55:
  Route length: 8214
  Contribution to Diversity: 0
  Route: [39, 36, 35, 49, 1, 23, 20, 50, 29, 16, 46, 44, 34, 40, 37, 38, 48, 24, 5, 15, 6, 4, 25, 12, 28, 27, 26, 47, 13, 14, 52, 11, 51, 33, 43, 10, 9, 8, 41, 19, 45, 32, 30, 2, 7, 42, 21, 17, 3, 18, 31, 22]

Individual 56:
  Route length: 8212
  Contribution to Diversity: 0.0005745908964680524
  Route: [1, 49, 35, 36, 39, 32, 45, 19, 41, 8, 9, 10, 43, 33, 51, 11, 52, 14, 13, 47, 26, 27, 28, 12, 25, 4, 6, 15, 5, 24, 48, 38, 37, 34, 40, 44, 46, 16, 29, 50, 23, 20, 42, 7, 2, 30, 21, 17, 3, 18, 31, 22]

Individual 57:
  Route length: 8175
  Contribution to Diversity: 0.0006586125384027142
  Route: [46, 16, 29, 50, 20, 23, 30, 2, 7, 42, 17, 21, 31, 18, 3, 32, 49, 1, 34, 44, 35, 36, 39, 40, 37, 38, 48, 24, 5, 15, 6, 4, 25, 12, 28, 27, 26, 47, 13, 14, 52, 11, 51, 33, 43, 10, 9, 8, 41, 19, 45, 22]

Individual 58:
  Route length: 7958
  Contribution to Diversity: 0
  Route: [1, 49, 35, 36, 24, 5, 15, 6, 4, 25, 12, 28, 27, 26, 47, 13, 14, 52, 11, 51, 33, 43, 10, 9, 8, 41, 19, 45, 32, 39, 48, 38, 37, 40, 34, 44, 46, 16, 29, 50, 20, 23, 30, 2, 7, 42, 21, 17, 3, 18, 31, 22]

Individual 59:
  Route length: 8191
  Contribution to Diversity: 3.5978935029490344e-05
  Route: [39, 36, 35, 49, 1, 3, 17, 21, 42, 7, 2, 30, 23, 20, 50, 29, 16, 46, 44, 40, 34, 37, 38, 48, 24, 5, 15, 6, 4, 25, 12, 28, 27, 26, 47, 13, 14, 52, 11, 51, 33, 43, 10, 9, 8, 41, 19, 45, 32, 18, 31, 22]

Individual 60:
  Route length: 8262
  Contribution to Diversity: 0.000967248355383532
  Route: [1, 49, 24, 5, 15, 6, 4, 25, 12, 28, 27, 26, 47, 13, 14, 52, 11, 51, 33, 43, 10, 9, 8, 41, 19, 45, 32, 44, 34, 37, 40, 39, 36, 35, 38, 48, 46, 16, 29, 50, 20, 23, 31, 18, 3, 17, 21, 42, 7, 2, 30, 22]

Individual 61:
  Route length: 7975
  Contribution to Diversity: 0
  Route: [1, 35, 36, 39, 40, 38, 4, 25, 12, 28, 27, 26, 47, 13, 14, 52, 11, 51, 33, 43, 10, 9, 8, 41, 19, 45, 32, 49, 34, 48, 24, 5, 15, 6, 37, 44, 46, 16, 29, 50, 20, 23, 30, 2, 7, 42, 21, 17, 3, 18, 31, 22]

Individual 62:
  Route length: 8242
  Contribution to Diversity: 0
  Route: [35, 36, 39, 40, 37, 34, 6, 15, 5, 24, 48, 38, 4, 25, 12, 28, 27, 26, 47, 13, 14, 52, 11, 51, 33, 43, 10, 9, 8, 41, 19, 45, 32, 49, 1, 44, 46, 16, 29, 50, 20, 31, 18, 3, 17, 21, 42, 7, 2, 30, 23, 22]

Individual 63:
  Route length: 8255
  Contribution to Diversity: 0.0005908374579446374
  Route: [1, 49, 32, 45, 19, 41, 8, 9, 10, 43, 33, 51, 11, 52, 14, 13, 47, 26, 27, 28, 12, 25, 4, 6, 15, 5, 38, 48, 24, 39, 40, 37, 36, 35, 34, 44, 16, 29, 23, 30, 2, 7, 42, 21, 17, 3, 18, 31, 20, 50, 46, 22]

Individual 64:
  Route length: 8238
  Contribution to Diversity: 0.001778157064028285
  Route: [1, 49, 32, 45, 19, 41, 8, 9, 10, 43, 33, 51, 11, 52, 14, 13, 47, 26, 27, 28, 12, 25, 4, 6, 15, 5, 40, 38, 48, 24, 39, 37, 35, 34, 44, 46, 36, 16, 29, 20, 50, 31, 18, 3, 17, 21, 42, 7, 2, 30, 23, 22]

Individual 65:
  Route length: 8242
  Contribution to Diversity: 0.00019368997291469014
  Route: [1, 49, 32, 45, 19, 41, 8, 9, 10, 43, 33, 51, 11, 52, 14, 13, 47, 26, 27, 28, 12, 25, 4, 38, 40, 39, 36, 35, 16, 46, 44, 37, 6, 15, 5, 24, 48, 34, 29, 50, 20, 23, 30, 2, 7, 42, 21, 17, 3, 18, 31, 22]

Individual 66:
  Route length: 8228
  Contribution to Diversity: 0.0002998571799688321
  Route: [40, 37, 24, 5, 15, 6, 35, 36, 39, 48, 38, 4, 25, 12, 28, 27, 26, 47, 13, 14, 52, 11, 51, 33, 43, 10, 9, 8, 41, 19, 45, 32, 49, 1, 34, 44, 46, 16, 29, 50, 20, 23, 30, 2, 7, 42, 21, 17, 3, 18, 31, 22]

Individual 67:
  Route length: 8206
  Contribution to Diversity: 0.001273118476213142
  Route: [1, 45, 32, 34, 49, 19, 41, 8, 9, 10, 43, 33, 51, 11, 52, 14, 13, 27, 26, 47, 28, 12, 25, 4, 6, 15, 5, 24, 48, 38, 37, 40, 39, 36, 35, 44, 46, 16, 29, 50, 20, 23, 30, 2, 7, 42, 21, 17, 3, 18, 31, 22]

Individual 68:
  Route length: 8044
  Contribution to Diversity: 0
  Route: [1, 49, 32, 45, 19, 41, 8, 9, 10, 43, 33, 51, 11, 52, 14, 13, 47, 26, 27, 28, 12, 25, 4, 6, 15, 5, 48, 38, 37, 40, 39, 36, 46, 44, 34, 35, 24, 16, 29, 20, 50, 23, 30, 2, 7, 42, 21, 17, 3, 18, 31, 22]

Individual 69:
  Route length: 7945
  Contribution to Diversity: 0.0002186485680351069
  Route: [1, 49, 32, 45, 19, 41, 8, 9, 10, 43, 33, 51, 11, 52, 14, 13, 47, 26, 27, 28, 12, 25, 4, 6, 15, 5, 24, 48, 38, 37, 40, 39, 36, 35, 34, 44, 46, 16, 29, 50, 20, 30, 23, 2, 7, 42, 17, 21, 31, 18, 3, 22]

Individual 70:
  Route length: 8273
  Contribution to Diversity: 0
  Route: [1, 49, 32, 45, 36, 35, 34, 19, 41, 8, 9, 10, 43, 33, 51, 11, 52, 14, 13, 47, 26, 27, 28, 12, 25, 4, 37, 38, 48, 24, 5, 15, 6, 40, 39, 44, 46, 16, 29, 50, 20, 23, 30, 2, 7, 42, 21, 17, 3, 18, 31, 22]

Individual 71:
  Route length: 8103
  Contribution to Diversity: 0
  Route: [1, 49, 35, 36, 39, 32, 45, 19, 41, 8, 9, 10, 33, 43, 12, 28, 27, 26, 47, 13, 14, 52, 11, 51, 25, 4, 6, 15, 5, 24, 48, 38, 37, 40, 34, 44, 46, 16, 29, 50, 20, 23, 30, 2, 7, 42, 21, 17, 3, 18, 31, 22]

Individual 72:
  Route length: 8265
  Contribution to Diversity: 0.0008429166454533288
  Route: [1, 49, 32, 45, 19, 41, 8, 9, 10, 43, 33, 51, 11, 52, 14, 13, 47, 26, 27, 28, 12, 5, 15, 6, 4, 25, 36, 39, 40, 37, 38, 48, 24, 35, 34, 44, 46, 16, 29, 50, 20, 23, 30, 2, 7, 42, 17, 21, 31, 18, 3, 22]

Individual 73:
  Route length: 8157
  Contribution to Diversity: 0.0005567032286526441
  Route: [1, 49, 32, 45, 19, 41, 8, 9, 10, 43, 33, 51, 11, 52, 14, 13, 47, 26, 27, 28, 12, 25, 4, 38, 24, 5, 15, 6, 35, 36, 39, 48, 46, 44, 40, 37, 34, 16, 29, 50, 20, 23, 30, 2, 7, 42, 21, 17, 3, 18, 31, 22]

Individual 74:
  Route length: 8264
  Contribution to Diversity: 0.0018757554785446828
  Route: [1, 49, 44, 46, 16, 29, 50, 20, 23, 30, 2, 7, 42, 17, 21, 31, 18, 3, 32, 19, 41, 8, 9, 10, 43, 33, 51, 11, 52, 14, 13, 47, 26, 27, 28, 12, 25, 4, 6, 15, 5, 24, 48, 38, 37, 40, 39, 36, 35, 34, 45, 22]

Individual 75:
  Route length: 8213
  Contribution to Diversity: 0.0010349109894765007
  Route: [1, 49, 35, 36, 24, 5, 15, 6, 4, 25, 12, 28, 27, 26, 47, 13, 14, 52, 11, 51, 33, 43, 10, 9, 8, 41, 19, 45, 32, 34, 40, 37, 48, 38, 39, 44, 46, 16, 29, 50, 20, 23, 30, 2, 7, 42, 21, 17, 31, 18, 3, 22]

Individual 76:
  Route length: 8180
  Contribution to Diversity: 0
  Route: [1, 49, 32, 45, 19, 41, 8, 9, 10, 43, 33, 51, 11, 52, 14, 13, 47, 26, 27, 28, 12, 25, 4, 6, 15, 5, 48, 38, 37, 40, 39, 36, 46, 44, 34, 35, 24, 16, 29, 50, 20, 23, 42, 7, 2, 30, 21, 17, 3, 18, 31, 22]

Individual 77:
  Route length: 8151
  Contribution to Diversity: 0
  Route: [1, 49, 32, 45, 19, 41, 8, 9, 10, 43, 33, 51, 11, 52, 14, 13, 47, 26, 27, 28, 12, 25, 4, 6, 15, 5, 24, 48, 38, 37, 40, 39, 36, 35, 34, 50, 20, 31, 18, 3, 17, 21, 42, 7, 2, 30, 23, 29, 16, 44, 46, 22]

Individual 78:
  Route length: 8213
  Contribution to Diversity: 0.0003561475121847124
  Route: [1, 49, 32, 45, 19, 41, 8, 9, 10, 43, 33, 51, 11, 52, 14, 13, 47, 26, 27, 28, 12, 25, 4, 6, 35, 34, 38, 37, 40, 39, 36, 15, 5, 44, 48, 24, 46, 16, 29, 50, 20, 23, 30, 2, 7, 42, 21, 17, 3, 18, 31, 22]

Individual 79:
  Route length: 8078
  Contribution to Diversity: 0.0013470968541593464
  Route: [1, 49, 32, 45, 19, 41, 8, 9, 10, 43, 33, 51, 11, 52, 14, 13, 47, 26, 27, 28, 12, 25, 4, 6, 15, 5, 36, 39, 48, 24, 44, 38, 40, 37, 34, 35, 46, 16, 29, 50, 20, 23, 30, 2, 7, 42, 21, 17, 3, 18, 31, 22]

Individual 80:
  Route length: 8137
  Contribution to Diversity: 0
  Route: [1, 49, 23, 30, 2, 7, 42, 21, 17, 3, 18, 31, 20, 50, 46, 16, 29, 44, 34, 35, 36, 39, 40, 37, 38, 48, 24, 5, 15, 6, 4, 25, 12, 28, 27, 26, 47, 13, 14, 52, 11, 51, 33, 43, 10, 9, 8, 41, 19, 45, 32, 22]

Individual 81:
  Route length: 8279
  Contribution to Diversity: 0.001634188200577924
  Route: [1, 35, 36, 39, 40, 38, 4, 25, 12, 28, 27, 26, 47, 13, 14, 52, 11, 51, 33, 43, 10, 9, 8, 41, 19, 45, 37, 6, 15, 5, 24, 48, 34, 49, 32, 46, 44, 16, 29, 50, 20, 23, 30, 2, 7, 42, 21, 17, 3, 18, 31, 22]

Individual 82:
  Route length: 8176
  Contribution to Diversity: 7.622757302705452e-05
  Route: [35, 36, 39, 40, 37, 34, 44, 1, 49, 32, 45, 19, 41, 8, 9, 10, 43, 33, 51, 11, 52, 14, 13, 47, 26, 27, 28, 12, 25, 4, 38, 48, 24, 5, 15, 6, 46, 16, 29, 50, 20, 31, 18, 3, 17, 21, 42, 7, 2, 30, 23, 22]

Individual 83:
  Route length: 8264
  Contribution to Diversity: 0
  Route: [1, 49, 38, 48, 24, 5, 15, 6, 4, 25, 12, 28, 27, 26, 47, 13, 14, 52, 11, 51, 33, 43, 10, 9, 8, 41, 19, 45, 32, 35, 36, 39, 40, 37, 34, 20, 50, 29, 16, 46, 44, 31, 18, 3, 17, 21, 42, 7, 2, 30, 23, 22]

Individual 84:
  Route length: 8236
  Contribution to Diversity: 0.002673699237673688
  Route: [1, 44, 32, 45, 19, 41, 8, 9, 10, 43, 33, 51, 11, 52, 14, 13, 47, 26, 27, 28, 12, 25, 4, 6, 15, 5, 24, 49, 36, 35, 34, 39, 40, 37, 38, 48, 46, 16, 29, 50, 20, 23, 31, 18, 3, 17, 21, 42, 7, 2, 30, 22]

Individual 85:
  Route length: 8189
  Contribution to Diversity: 4.893510682624225e-05
  Route: [1, 49, 32, 35, 36, 46, 44, 48, 24, 5, 15, 6, 4, 25, 12, 28, 27, 26, 47, 13, 14, 52, 11, 51, 33, 43, 10, 9, 8, 41, 19, 45, 37, 40, 39, 38, 34, 16, 29, 50, 20, 23, 30, 2, 7, 42, 21, 17, 3, 18, 31, 22]

Individual 86:
  Route length: 8290
  Contribution to Diversity: 0.0007842361912455686
  Route: [1, 49, 32, 45, 19, 41, 8, 9, 10, 43, 33, 51, 11, 52, 14, 13, 47, 26, 27, 28, 12, 25, 4, 38, 40, 39, 44, 46, 16, 35, 36, 37, 6, 15, 5, 24, 48, 34, 29, 50, 20, 23, 30, 2, 7, 42, 21, 17, 3, 18, 31, 22]

Individual 87:
  Route length: 8242
  Contribution to Diversity: 0.0016553028411214754
  Route: [1, 49, 34, 32, 45, 31, 18, 3, 17, 21, 42, 7, 2, 30, 23, 20, 50, 29, 16, 46, 44, 35, 36, 39, 40, 37, 38, 48, 24, 5, 15, 6, 4, 25, 12, 28, 47, 26, 27, 13, 14, 52, 11, 51, 33, 43, 10, 9, 8, 41, 19, 22]

Individual 88:
  Route length: 8232
  Contribution to Diversity: 0.0008743649215556815
  Route: [1, 35, 36, 46, 44, 37, 6, 15, 5, 24, 48, 34, 49, 32, 45, 19, 41, 8, 9, 10, 43, 33, 51, 11, 52, 14, 13, 47, 26, 27, 28, 12, 25, 4, 38, 40, 39, 16, 29, 50, 20, 23, 30, 2, 7, 42, 21, 17, 3, 18, 31, 22]

Individual 89:
  Route length: 8191
  Contribution to Diversity: 0.00028113239015148395
  Route: [1, 49, 35, 36, 39, 38, 48, 24, 5, 15, 6, 4, 25, 51, 11, 52, 14, 13, 47, 26, 27, 28, 12, 43, 33, 10, 9, 8, 41, 19, 45, 32, 37, 40, 34, 44, 46, 16, 29, 50, 20, 23, 30, 2, 7, 42, 21, 17, 3, 18, 31, 22]

Individual 90:
  Route length: 8174
  Contribution to Diversity: 0.00019565089476980546
  Route: [1, 49, 35, 36, 24, 5, 15, 6, 4, 39, 32, 45, 19, 41, 8, 9, 10, 43, 33, 51, 11, 52, 14, 13, 47, 26, 27, 28, 12, 25, 38, 48, 37, 40, 34, 44, 46, 16, 29, 50, 20, 23, 30, 2, 7, 42, 21, 17, 3, 18, 31, 22]

Individual 91:
  Route length: 8288
  Contribution to Diversity: 0.0003992658483138456
  Route: [1, 49, 32, 44, 48, 24, 5, 15, 6, 4, 25, 12, 28, 27, 26, 47, 13, 14, 52, 11, 51, 33, 43, 10, 9, 8, 41, 19, 45, 46, 36, 35, 39, 40, 37, 38, 34, 16, 29, 50, 20, 23, 30, 2, 7, 42, 21, 17, 3, 18, 31, 22]

Individual 92:
  Route length: 8228
  Contribution to Diversity: 0.0008600708328989626
  Route: [1, 49, 35, 34, 40, 37, 32, 45, 19, 41, 8, 9, 10, 33, 43, 12, 28, 27, 26, 47, 13, 14, 52, 11, 51, 25, 4, 6, 15, 5, 24, 48, 38, 39, 36, 44, 46, 16, 29, 50, 20, 23, 30, 2, 7, 42, 21, 17, 3, 18, 31, 22]

Individual 93:
  Route length: 8130
  Contribution to Diversity: 0
  Route: [1, 49, 32, 45, 19, 41, 8, 9, 10, 43, 33, 51, 11, 52, 14, 13, 47, 26, 27, 28, 12, 25, 4, 6, 36, 39, 40, 37, 38, 48, 5, 15, 35, 34, 44, 46, 24, 16, 29, 50, 20, 23, 30, 2, 7, 42, 21, 17, 3, 18, 31, 22]

Individual 94:
  Route length: 8244
  Contribution to Diversity: 0.0017128441783169635
  Route: [39, 40, 38, 48, 24, 5, 37, 4, 6, 15, 25, 12, 28, 27, 26, 47, 13, 14, 52, 11, 51, 33, 43, 10, 9, 8, 41, 19, 45, 32, 49, 1, 31, 18, 3, 17, 21, 42, 7, 2, 30, 23, 20, 50, 29, 16, 46, 34, 44, 36, 35, 22]

Individual 95:
  Route length: 8183
  Contribution to Diversity: 0
  Route: [1, 49, 32, 45, 19, 41, 8, 9, 10, 43, 33, 51, 11, 52, 14, 13, 47, 26, 27, 28, 12, 25, 4, 6, 15, 5, 24, 48, 38, 37, 40, 39, 36, 46, 16, 29, 44, 34, 35, 50, 20, 31, 18, 3, 17, 21, 42, 7, 2, 30, 23, 22]

Individual 96:
  Route length: 8278
  Contribution to Diversity: 0.002760592750970403
  Route: [1, 49, 32, 45, 19, 41, 8, 9, 10, 43, 33, 51, 11, 52, 14, 13, 47, 26, 27, 28, 12, 25, 4, 6, 15, 5, 38, 48, 24, 39, 40, 37, 36, 35, 34, 44, 16, 29, 23, 30, 7, 2, 42, 21, 17, 3, 18, 31, 20, 50, 46, 22]

Individual 97:
  Route length: 8253
  Contribution to Diversity: 0.00012741473481536758
  Route: [1, 49, 32, 45, 19, 41, 8, 9, 10, 43, 33, 51, 11, 52, 14, 13, 47, 26, 27, 28, 12, 25, 4, 6, 15, 35, 36, 46, 44, 48, 24, 5, 34, 38, 37, 40, 39, 16, 29, 50, 20, 23, 30, 2, 7, 42, 21, 17, 3, 18, 31, 22]

Individual 98:
  Route length: 8224
  Contribution to Diversity: 0.002513329526060204
  Route: [39, 40, 6, 4, 25, 12, 28, 27, 26, 47, 13, 14, 52, 11, 51, 33, 43, 10, 9, 8, 41, 19, 45, 49, 32, 1, 31, 18, 3, 17, 21, 42, 7, 2, 30, 23, 20, 50, 29, 16, 46, 44, 37, 24, 5, 15, 48, 38, 34, 35, 36, 22]

Individual 99:
  Route length: 7949
  Contribution to Diversity: 9.661452014420036e-05
  Route: [1, 49, 35, 36, 24, 38, 39, 32, 45, 19, 41, 8, 9, 10, 43, 33, 51, 11, 52, 14, 13, 47, 26, 27, 28, 12, 25, 4, 6, 15, 5, 48, 37, 40, 34, 44, 46, 16, 29, 50, 20, 23, 30, 2, 7, 42, 21, 17, 3, 18, 31, 22]

Total Entropy H: 4.443004251101692
