Individual 0:
  Route length: 9344
  Contribution to Diversity: 0.012585691876222604
  Route: [1, 49, 36, 35, 37, 48, 44, 24, 40, 38, 32, 19, 41, 45, 17, 21, 42, 7, 2, 30, 23, 20, 50, 29, 16, 46, 34, 31, 39, 5, 15, 6, 4, 25, 12, 28, 27, 26, 47, 13, 14, 52, 11, 51, 33, 43, 10, 9, 8, 3, 18, 22]

Individual 1:
  Route length: 9373
  Contribution to Diversity: 0.011905577569208958
  Route: [1, 40, 49, 44, 23, 18, 17, 42, 7, 2, 30, 21, 31, 45, 19, 41, 8, 9, 10, 43, 33, 51, 11, 52, 13, 14, 47, 26, 27, 28, 12, 25, 4, 24, 48, 6, 15, 5, 38, 37, 39, 36, 35, 46, 50, 20, 29, 16, 34, 3, 32, 22]

Individual 2:
  Route length: 9415
  Contribution to Diversity: 0.012980127467234759
  Route: [1, 17, 21, 42, 2, 7, 30, 23, 50, 20, 29, 16, 24, 5, 46, 38, 44, 49, 32, 45, 19, 41, 8, 9, 10, 43, 33, 51, 11, 52, 14, 13, 47, 26, 27, 28, 12, 25, 48, 35, 40, 34, 4, 15, 6, 37, 39, 36, 18, 31, 3, 22]

Individual 3:
  Route length: 9423
  Contribution to Diversity: 0.008250916813203446
  Route: [1, 49, 32, 35, 48, 34, 39, 40, 8, 9, 10, 33, 43, 41, 19, 45, 38, 46, 44, 36, 24, 37, 5, 15, 6, 4, 25, 26, 27, 28, 12, 51, 11, 52, 14, 13, 47, 16, 29, 50, 20, 23, 30, 2, 7, 42, 21, 17, 3, 18, 31, 22]

Individual 4:
  Route length: 9381
  Contribution to Diversity: 0.006707660437490048
  Route: [1, 32, 45, 19, 41, 43, 33, 10, 9, 8, 40, 35, 49, 34, 39, 36, 44, 46, 38, 24, 37, 5, 15, 6, 4, 25, 48, 16, 47, 13, 14, 52, 11, 51, 12, 28, 27, 26, 29, 50, 20, 23, 30, 2, 7, 42, 21, 17, 3, 18, 31, 22]

Individual 5:
  Route length: 9399
  Contribution to Diversity: 0.006159410383601127
  Route: [1, 49, 35, 34, 46, 16, 29, 50, 30, 23, 20, 7, 2, 42, 17, 21, 31, 3, 18, 44, 37, 40, 5, 24, 6, 25, 4, 43, 33, 51, 11, 52, 13, 14, 47, 26, 27, 28, 12, 15, 48, 38, 36, 39, 45, 19, 10, 9, 8, 41, 32, 22]

Individual 6:
  Route length: 9424
  Contribution to Diversity: 0.010702685977480364
  Route: [32, 37, 44, 29, 20, 50, 23, 31, 1, 24, 38, 40, 5, 48, 46, 16, 49, 45, 19, 41, 8, 9, 10, 43, 33, 51, 11, 52, 14, 13, 47, 26, 27, 28, 12, 25, 4, 6, 15, 35, 34, 39, 36, 3, 21, 30, 2, 7, 42, 17, 18, 22]

Individual 7:
  Route length: 9398
  Contribution to Diversity: 0.006096881356035588
  Route: [1, 49, 32, 45, 19, 41, 8, 9, 10, 43, 33, 51, 11, 52, 14, 13, 47, 26, 27, 28, 16, 20, 29, 50, 30, 2, 7, 42, 21, 17, 3, 18, 23, 31, 36, 39, 34, 35, 5, 15, 6, 4, 48, 38, 24, 37, 25, 12, 46, 44, 40, 22]

Individual 8:
  Route length: 9397
  Contribution to Diversity: 0.007218303750009092
  Route: [1, 34, 16, 29, 20, 23, 50, 32, 46, 35, 36, 39, 37, 38, 5, 15, 6, 48, 24, 4, 25, 12, 28, 27, 26, 47, 14, 13, 52, 11, 51, 33, 43, 10, 9, 8, 41, 19, 45, 31, 21, 30, 2, 7, 42, 17, 18, 3, 40, 49, 44, 22]

Individual 9:
  Route length: 9401
  Contribution to Diversity: 0.010942368403190628
  Route: [49, 39, 6, 4, 25, 12, 28, 27, 26, 47, 13, 14, 52, 11, 51, 16, 29, 50, 20, 23, 30, 42, 7, 2, 21, 44, 40, 5, 15, 24, 38, 37, 46, 48, 43, 33, 10, 9, 8, 41, 19, 45, 32, 1, 34, 36, 35, 3, 17, 18, 31, 22]

Individual 10:
  Route length: 9407
  Contribution to Diversity: 0.016683314028034246
  Route: [1, 39, 37, 38, 15, 46, 16, 29, 50, 20, 35, 34, 40, 23, 30, 42, 7, 2, 21, 44, 5, 24, 48, 6, 4, 25, 12, 28, 27, 26, 47, 13, 14, 52, 11, 51, 33, 43, 10, 9, 8, 41, 19, 45, 32, 36, 49, 17, 31, 18, 3, 22]

Individual 11:
  Route length: 9393
  Contribution to Diversity: 0.008753423088459833
  Route: [1, 49, 32, 45, 19, 43, 33, 5, 46, 6, 48, 15, 37, 40, 39, 36, 34, 41, 8, 9, 10, 51, 11, 52, 14, 13, 47, 26, 27, 28, 12, 25, 4, 24, 38, 35, 44, 16, 29, 20, 50, 23, 30, 2, 7, 42, 21, 17, 3, 18, 31, 22]

Individual 12:
  Route length: 9299
  Contribution to Diversity: 0.0032356054308175786
  Route: [1, 49, 44, 34, 35, 32, 41, 8, 9, 10, 19, 45, 39, 36, 38, 48, 15, 37, 40, 5, 24, 6, 25, 4, 43, 33, 51, 11, 52, 13, 14, 47, 26, 27, 28, 12, 46, 16, 29, 50, 30, 23, 20, 21, 17, 42, 2, 7, 31, 3, 18, 22]

Individual 13:
  Route length: 9420
  Contribution to Diversity: 0.0055770581107355
  Route: [3, 1, 49, 39, 36, 6, 15, 5, 24, 4, 25, 12, 28, 27, 26, 47, 13, 14, 52, 11, 51, 33, 43, 10, 9, 8, 41, 19, 45, 35, 38, 48, 37, 40, 44, 34, 46, 16, 20, 29, 50, 23, 32, 18, 31, 42, 7, 2, 30, 21, 17, 22]

Individual 14:
  Route length: 9349
  Contribution to Diversity: 0.0037627808877749302
  Route: [1, 49, 35, 34, 44, 46, 16, 29, 50, 30, 20, 31, 32, 41, 10, 9, 8, 19, 45, 48, 37, 40, 39, 36, 38, 6, 24, 5, 15, 4, 25, 12, 28, 27, 26, 47, 13, 14, 52, 11, 51, 33, 43, 18, 3, 17, 21, 7, 2, 42, 23, 22]

Individual 15:
  Route length: 9399
  Contribution to Diversity: 0.009899219633036083
  Route: [32, 24, 15, 6, 4, 25, 12, 28, 27, 26, 47, 13, 14, 52, 11, 51, 33, 43, 10, 9, 8, 41, 19, 45, 40, 5, 48, 46, 16, 49, 37, 36, 39, 34, 35, 38, 44, 29, 20, 50, 23, 31, 1, 3, 21, 30, 2, 7, 42, 17, 18, 22]

Individual 16:
  Route length: 9329
  Contribution to Diversity: 0.010832582194787221
  Route: [1, 49, 10, 9, 8, 41, 45, 35, 36, 39, 38, 37, 40, 46, 44, 34, 48, 24, 5, 15, 6, 4, 25, 12, 28, 27, 26, 47, 13, 14, 52, 11, 51, 33, 43, 19, 32, 17, 3, 18, 21, 42, 7, 2, 30, 31, 23, 20, 29, 16, 50, 22]

Individual 17:
  Route length: 9283
  Contribution to Diversity: 0
  Route: [1, 34, 44, 46, 16, 29, 50, 30, 20, 31, 32, 41, 10, 9, 8, 19, 45, 39, 36, 38, 48, 43, 33, 51, 11, 52, 14, 13, 47, 26, 27, 28, 12, 25, 4, 6, 24, 5, 15, 37, 40, 35, 49, 23, 42, 2, 7, 21, 17, 3, 18, 22]

Individual 18:
  Route length: 9252
  Contribution to Diversity: 0.005935354147931449
  Route: [1, 18, 49, 40, 35, 36, 38, 48, 37, 46, 16, 29, 50, 20, 23, 30, 2, 7, 42, 21, 17, 45, 19, 41, 32, 44, 34, 24, 39, 6, 15, 5, 4, 25, 12, 28, 27, 26, 47, 13, 14, 52, 11, 51, 33, 43, 10, 9, 8, 3, 31, 22]

Individual 19:
  Route length: 9243
  Contribution to Diversity: 0
  Route: [1, 34, 44, 46, 16, 29, 50, 30, 20, 31, 32, 41, 10, 9, 8, 19, 45, 36, 39, 38, 48, 43, 33, 51, 11, 52, 14, 13, 47, 26, 27, 28, 12, 25, 4, 6, 24, 5, 15, 37, 40, 35, 49, 23, 42, 2, 7, 21, 17, 3, 18, 22]

Total Entropy H: 4.959404810816336
