Individual 0:
  Route length: 15077
  Contribution to Diversity: 0.001786842255692811
  Route: [36, 7, 17, 21, 18, 23, 39, 16, 1, 49, 32, 4, 15, 6, 26, 47, 13, 14, 52, 11, 51, 33, 43, 10, 9, 34, 30, 20, 50, 40, 25, 5, 35, 3, 45, 19, 41, 8, 37, 28, 27, 12, 2, 42, 44, 29, 31, 38, 48, 24, 46, 22]

Individual 1:
  Route length: 15002
  Contribution to Diversity: 0.0006583222432077207
  Route: [1, 49, 15, 13, 14, 11, 52, 26, 27, 28, 12, 25, 48, 40, 47, 24, 5, 44, 39, 45, 9, 8, 23, 20, 29, 38, 35, 36, 19, 3, 10, 41, 17, 21, 42, 7, 2, 32, 16, 34, 6, 37, 46, 4, 43, 33, 51, 18, 31, 30, 50, 22]

Individual 2:
  Route length: 14902
  Contribution to Diversity: 0.00048280004339940064
  Route: [1, 19, 17, 21, 3, 32, 34, 44, 36, 39, 40, 25, 11, 51, 47, 26, 27, 28, 20, 45, 43, 37, 35, 49, 18, 23, 30, 2, 7, 42, 15, 5, 48, 16, 29, 50, 9, 10, 41, 8, 4, 33, 38, 6, 14, 52, 13, 12, 46, 24, 31, 22]

Individual 3:
  Route length: 15080
  Contribution to Diversity: 0.0012927254295256319
  Route: [17, 21, 44, 38, 36, 2, 7, 42, 3, 18, 40, 16, 20, 50, 1, 49, 10, 9, 43, 33, 5, 35, 32, 24, 48, 46, 28, 27, 12, 4, 26, 13, 14, 52, 11, 51, 31, 19, 8, 41, 39, 45, 34, 25, 15, 47, 29, 30, 23, 37, 6, 22]

Individual 4:
  Route length: 14863
  Contribution to Diversity: 0.0026555994526971105
  Route: [39, 9, 10, 41, 8, 31, 3, 7, 17, 21, 42, 49, 29, 16, 46, 4, 36, 50, 1, 18, 37, 40, 20, 5, 15, 6, 24, 48, 47, 26, 27, 35, 23, 30, 2, 45, 19, 32, 38, 34, 44, 25, 12, 28, 13, 14, 52, 11, 51, 33, 43, 22]

Individual 5:
  Route length: 15048
  Contribution to Diversity: 0.0015097813860807108
  Route: [20, 50, 29, 44, 26, 27, 13, 47, 46, 5, 19, 41, 8, 38, 15, 3, 18, 36, 24, 48, 37, 40, 43, 33, 51, 11, 52, 14, 4, 6, 1, 23, 30, 2, 7, 42, 21, 17, 34, 49, 31, 9, 32, 45, 25, 12, 28, 35, 10, 39, 16, 22]

Individual 6:
  Route length: 14978
  Contribution to Diversity: 0.0013659704485435853
  Route: [1, 49, 48, 20, 23, 45, 19, 41, 8, 9, 10, 46, 37, 36, 31, 7, 42, 21, 44, 15, 43, 33, 11, 52, 14, 13, 27, 28, 47, 26, 25, 24, 5, 40, 12, 6, 39, 2, 30, 34, 4, 32, 38, 51, 16, 35, 50, 29, 3, 18, 17, 22]

Individual 7:
  Route length: 14936
  Contribution to Diversity: 0.001087654682699224
  Route: [1, 49, 44, 36, 27, 28, 12, 26, 47, 13, 14, 52, 11, 51, 41, 19, 45, 3, 9, 10, 43, 21, 17, 50, 20, 23, 30, 16, 37, 38, 8, 48, 24, 31, 34, 35, 5, 33, 40, 4, 29, 46, 32, 18, 42, 7, 2, 25, 15, 6, 39, 22]

Individual 8:
  Route length: 14920
  Contribution to Diversity: 0.00030305873873182065
  Route: [49, 14, 52, 11, 51, 43, 33, 44, 40, 3, 17, 18, 32, 48, 15, 6, 36, 35, 34, 23, 20, 38, 39, 45, 21, 42, 7, 2, 30, 50, 31, 9, 8, 5, 28, 27, 26, 47, 13, 46, 16, 29, 25, 12, 24, 4, 37, 1, 10, 41, 19, 22]

Individual 9:
  Route length: 14886
  Contribution to Diversity: 0.001221589489380115
  Route: [1, 9, 20, 23, 30, 2, 7, 46, 29, 50, 18, 17, 21, 24, 49, 8, 10, 19, 32, 3, 41, 45, 35, 36, 44, 25, 6, 15, 16, 34, 38, 43, 33, 51, 11, 28, 27, 12, 26, 47, 14, 52, 13, 40, 37, 4, 5, 39, 48, 42, 31, 22]

Individual 10:
  Route length: 14846
  Contribution to Diversity: 0.00245412412093593
  Route: [1, 44, 34, 37, 33, 46, 48, 12, 25, 20, 3, 50, 49, 38, 43, 4, 28, 11, 51, 52, 14, 13, 47, 26, 27, 40, 41, 9, 10, 8, 19, 17, 45, 5, 15, 6, 36, 21, 42, 7, 2, 30, 23, 24, 35, 18, 16, 29, 32, 39, 31, 22]

Individual 11:
  Route length: 15044
  Contribution to Diversity: 0.0026568879723871675
  Route: [48, 6, 4, 25, 50, 28, 13, 14, 52, 11, 24, 5, 37, 38, 51, 33, 36, 30, 39, 46, 16, 29, 47, 26, 27, 12, 8, 9, 10, 43, 41, 49, 1, 42, 7, 2, 18, 40, 44, 45, 19, 15, 32, 35, 34, 23, 31, 20, 21, 17, 3, 22]

Individual 12:
  Route length: 14928
  Contribution to Diversity: 0.0002925739787782433
  Route: [9, 10, 45, 32, 5, 24, 4, 6, 40, 49, 48, 15, 34, 25, 12, 27, 26, 47, 13, 14, 11, 52, 28, 39, 29, 36, 18, 42, 7, 2, 30, 37, 46, 35, 51, 33, 41, 20, 23, 16, 44, 50, 21, 17, 3, 8, 43, 19, 38, 1, 31, 22]

Individual 13:
  Route length: 14918
  Contribution to Diversity: 0.00040450220037602236
  Route: [41, 8, 9, 10, 38, 45, 43, 25, 14, 52, 33, 49, 32, 44, 34, 18, 31, 23, 30, 21, 17, 3, 1, 36, 35, 46, 42, 7, 2, 29, 4, 6, 15, 19, 40, 37, 20, 50, 16, 13, 47, 12, 28, 27, 26, 51, 11, 5, 24, 48, 39, 22]

Individual 14:
  Route length: 14865
  Contribution to Diversity: 0.0006486914354653095
  Route: [1, 32, 17, 7, 2, 49, 18, 31, 46, 28, 51, 33, 19, 4, 15, 48, 3, 24, 25, 43, 10, 9, 8, 41, 42, 21, 50, 23, 20, 45, 34, 16, 35, 36, 6, 12, 11, 52, 14, 13, 47, 26, 27, 29, 44, 30, 39, 37, 5, 38, 40, 22]

Individual 15:
  Route length: 15054
  Contribution to Diversity: 0.0014923051847439694
  Route: [1, 39, 40, 16, 49, 23, 30, 2, 7, 42, 41, 19, 36, 51, 33, 43, 10, 48, 13, 14, 52, 11, 12, 28, 47, 26, 27, 4, 29, 44, 35, 45, 8, 3, 21, 17, 31, 18, 46, 50, 34, 32, 9, 6, 15, 5, 20, 25, 24, 38, 37, 22]

Individual 16:
  Route length: 14951
  Contribution to Diversity: 0.0006534806821045791
  Route: [39, 18, 3, 37, 35, 33, 34, 40, 32, 31, 25, 46, 6, 16, 44, 45, 49, 43, 48, 15, 5, 4, 1, 19, 41, 10, 9, 8, 50, 26, 27, 28, 12, 51, 11, 52, 14, 13, 47, 29, 17, 7, 42, 21, 23, 30, 2, 20, 24, 36, 38, 22]

Individual 17:
  Route length: 14704
  Contribution to Diversity: 0.002264940671879323
  Route: [40, 44, 16, 31, 29, 21, 17, 7, 34, 9, 10, 43, 33, 51, 11, 52, 14, 13, 47, 26, 25, 5, 6, 15, 4, 45, 8, 41, 19, 50, 20, 30, 3, 35, 18, 23, 39, 42, 2, 32, 36, 24, 46, 37, 28, 27, 12, 38, 48, 1, 49, 22]

Individual 18:
  Route length: 14981
  Contribution to Diversity: 0.0016255847721424743
  Route: [45, 9, 10, 8, 41, 6, 1, 49, 37, 38, 50, 21, 42, 7, 2, 30, 23, 19, 5, 24, 48, 32, 31, 18, 43, 46, 33, 51, 11, 20, 25, 40, 16, 29, 17, 3, 15, 27, 26, 47, 28, 52, 14, 13, 12, 4, 44, 34, 39, 36, 35, 22]

Individual 19:
  Route length: 14998
  Contribution to Diversity: 0.00043089258283313114
  Route: [46, 35, 6, 15, 10, 3, 19, 44, 30, 29, 50, 20, 23, 32, 31, 18, 45, 16, 47, 26, 13, 14, 11, 52, 5, 2, 7, 42, 21, 17, 36, 49, 38, 24, 39, 1, 37, 34, 51, 33, 43, 4, 27, 28, 12, 25, 48, 40, 9, 8, 41, 22]

Individual 20:
  Route length: 15072
  Contribution to Diversity: 0.0016528199481209427
  Route: [1, 16, 29, 20, 23, 41, 19, 49, 43, 37, 25, 48, 33, 15, 6, 39, 27, 26, 51, 12, 11, 52, 14, 13, 47, 28, 38, 46, 44, 34, 2, 7, 42, 17, 21, 31, 35, 36, 9, 10, 4, 40, 45, 3, 18, 32, 30, 8, 24, 5, 50, 22]

Individual 21:
  Route length: 14912
  Contribution to Diversity: 0.0011716993558721356
  Route: [1, 43, 24, 44, 32, 3, 17, 10, 8, 41, 23, 30, 2, 7, 42, 29, 39, 27, 26, 47, 13, 52, 14, 51, 11, 28, 12, 25, 36, 4, 40, 45, 9, 35, 37, 49, 46, 16, 21, 18, 48, 38, 34, 5, 15, 6, 33, 19, 20, 50, 31, 22]

Individual 22:
  Route length: 15046
  Contribution to Diversity: 0.0014525145540575934
  Route: [1, 49, 38, 35, 36, 5, 26, 47, 14, 52, 13, 25, 12, 27, 28, 39, 34, 8, 9, 10, 37, 32, 19, 6, 45, 41, 3, 43, 33, 51, 11, 42, 46, 16, 50, 29, 15, 44, 24, 4, 40, 48, 20, 23, 30, 2, 7, 21, 17, 18, 31, 22]

Individual 23:
  Route length: 14868
  Contribution to Diversity: 0.0003450794589836548
  Route: [39, 18, 3, 40, 34, 33, 35, 37, 8, 9, 10, 41, 19, 1, 4, 5, 15, 48, 43, 49, 45, 44, 16, 6, 46, 25, 31, 32, 50, 26, 27, 28, 12, 51, 11, 52, 14, 13, 47, 29, 17, 7, 42, 21, 23, 30, 2, 20, 24, 36, 38, 22]

Individual 24:
  Route length: 15029
  Contribution to Diversity: 0.0020018730725865908
  Route: [21, 42, 17, 2, 7, 4, 24, 49, 1, 15, 34, 29, 18, 3, 6, 11, 52, 26, 47, 14, 13, 28, 27, 12, 5, 51, 10, 9, 33, 8, 41, 19, 45, 35, 44, 48, 38, 37, 36, 20, 31, 32, 39, 50, 23, 30, 16, 46, 25, 43, 40, 22]

Individual 25:
  Route length: 14682
  Contribution to Diversity: 0.0008603273899385755
  Route: [32, 5, 25, 12, 4, 51, 11, 52, 14, 13, 47, 26, 48, 24, 36, 35, 43, 6, 23, 20, 29, 50, 34, 44, 2, 7, 42, 30, 27, 28, 33, 49, 45, 18, 3, 17, 10, 31, 19, 41, 8, 9, 21, 16, 1, 46, 37, 15, 40, 38, 39, 22]

Individual 26:
  Route length: 15028
  Contribution to Diversity: 0.0002538814439407844
  Route: [49, 23, 20, 4, 6, 40, 35, 50, 46, 41, 39, 11, 52, 14, 13, 47, 26, 27, 12, 25, 33, 51, 34, 45, 19, 10, 43, 8, 9, 38, 1, 29, 16, 5, 24, 15, 48, 37, 44, 31, 3, 17, 21, 30, 2, 7, 42, 28, 36, 18, 32, 22]

Individual 27:
  Route length: 14867
  Contribution to Diversity: 0.0008869447188617485
  Route: [34, 49, 1, 10, 43, 6, 5, 39, 36, 35, 17, 18, 31, 23, 20, 30, 2, 7, 42, 21, 33, 19, 41, 4, 45, 32, 50, 29, 16, 44, 24, 40, 9, 8, 3, 38, 15, 48, 14, 52, 11, 27, 28, 12, 25, 46, 13, 47, 26, 51, 37, 22]

Individual 28:
  Route length: 14996
  Contribution to Diversity: 0.002501053388860086
  Route: [18, 31, 50, 15, 35, 30, 45, 17, 21, 40, 38, 2, 42, 7, 23, 26, 47, 13, 14, 52, 27, 28, 51, 20, 6, 48, 24, 12, 25, 4, 11, 33, 43, 10, 9, 8, 41, 19, 37, 16, 29, 44, 34, 5, 39, 46, 1, 3, 36, 32, 49, 22]

Individual 29:
  Route length: 15041
  Contribution to Diversity: 0.0030282043712883677
  Route: [48, 45, 1, 8, 9, 41, 10, 43, 35, 19, 6, 20, 23, 29, 13, 14, 52, 11, 51, 38, 40, 15, 39, 36, 25, 33, 28, 12, 47, 27, 26, 16, 4, 24, 37, 5, 46, 44, 34, 50, 30, 49, 32, 31, 2, 7, 21, 42, 18, 3, 17, 22]

Individual 30:
  Route length: 15070
  Contribution to Diversity: 0.0011720591813428882
  Route: [20, 16, 33, 40, 5, 37, 24, 19, 34, 23, 31, 17, 8, 41, 9, 10, 43, 15, 6, 39, 46, 26, 47, 13, 14, 52, 49, 1, 48, 51, 11, 12, 25, 4, 38, 45, 36, 29, 35, 32, 27, 28, 44, 50, 30, 2, 42, 7, 21, 3, 18, 22]

Individual 31:
  Route length: 14827
  Contribution to Diversity: 0.000773028940797893
  Route: [1, 19, 17, 21, 3, 32, 34, 44, 36, 35, 37, 43, 45, 20, 28, 27, 26, 47, 51, 11, 25, 40, 39, 50, 29, 16, 48, 5, 15, 42, 7, 2, 30, 23, 18, 49, 9, 10, 41, 8, 4, 33, 38, 6, 14, 52, 13, 12, 46, 24, 31, 22]

Individual 32:
  Route length: 14995
  Contribution to Diversity: 0.0017281343132866667
  Route: [6, 15, 5, 27, 28, 34, 50, 31, 8, 41, 9, 10, 19, 16, 20, 52, 14, 13, 47, 26, 4, 38, 48, 24, 36, 1, 49, 32, 35, 44, 29, 33, 43, 12, 11, 51, 25, 23, 30, 7, 42, 2, 3, 18, 45, 17, 21, 46, 39, 37, 40, 22]

Individual 33:
  Route length: 14939
  Contribution to Diversity: 0.001497067422131515
  Route: [20, 15, 43, 10, 9, 19, 41, 8, 17, 31, 23, 38, 4, 25, 12, 11, 51, 16, 34, 35, 37, 1, 49, 27, 28, 44, 48, 6, 39, 46, 26, 47, 13, 14, 52, 36, 5, 40, 24, 33, 29, 32, 45, 18, 3, 21, 7, 42, 2, 30, 50, 22]

Individual 34:
  Route length: 15058
  Contribution to Diversity: 0.0009072327067682906
  Route: [21, 42, 7, 2, 17, 10, 1, 34, 36, 35, 15, 51, 5, 3, 6, 28, 13, 14, 47, 26, 52, 11, 27, 33, 9, 8, 41, 19, 45, 29, 16, 39, 44, 46, 37, 30, 23, 50, 20, 31, 32, 38, 43, 24, 25, 4, 12, 48, 18, 49, 40, 22]

Individual 35:
  Route length: 14937
  Contribution to Diversity: 0.0027303133846157124
  Route: [31, 39, 37, 6, 11, 51, 33, 43, 40, 34, 50, 36, 5, 24, 48, 4, 12, 16, 20, 46, 35, 32, 38, 52, 14, 13, 47, 26, 28, 27, 25, 49, 18, 2, 42, 7, 17, 21, 15, 8, 3, 29, 44, 1, 41, 19, 9, 10, 45, 30, 23, 22]

Individual 36:
  Route length: 14923
  Contribution to Diversity: 0.001607850891135243
  Route: [41, 8, 9, 10, 43, 37, 34, 5, 33, 51, 26, 13, 47, 52, 14, 11, 40, 28, 27, 12, 4, 50, 23, 30, 20, 32, 49, 1, 6, 38, 39, 15, 25, 18, 45, 3, 44, 48, 24, 46, 36, 35, 19, 31, 16, 17, 21, 7, 2, 42, 29, 22]

Individual 37:
  Route length: 14942
  Contribution to Diversity: 0.001990198939569865
  Route: [39, 31, 26, 47, 2, 7, 42, 3, 17, 21, 19, 4, 6, 36, 46, 27, 25, 48, 5, 18, 41, 8, 9, 10, 43, 33, 44, 34, 35, 20, 50, 24, 51, 11, 52, 14, 13, 28, 12, 37, 38, 23, 1, 49, 32, 45, 15, 40, 30, 29, 16, 22]

Individual 38:
  Route length: 15048
  Contribution to Diversity: 0.002661977558292783
  Route: [35, 34, 37, 12, 30, 26, 47, 13, 14, 52, 11, 4, 25, 20, 16, 46, 51, 33, 43, 10, 9, 24, 6, 29, 50, 7, 42, 2, 21, 39, 38, 36, 44, 28, 27, 48, 5, 15, 3, 1, 18, 31, 19, 45, 41, 8, 17, 23, 40, 49, 32, 22]

Individual 39:
  Route length: 14971
  Contribution to Diversity: 0.00019463397132657434
  Route: [8, 9, 41, 19, 45, 35, 36, 34, 44, 46, 16, 29, 21, 42, 7, 2, 6, 25, 4, 12, 33, 18, 3, 32, 39, 30, 23, 20, 50, 17, 43, 49, 1, 10, 24, 38, 37, 26, 47, 14, 13, 27, 11, 52, 28, 5, 51, 15, 48, 40, 31, 22]

Individual 40:
  Route length: 14844
  Contribution to Diversity: 0.0023914647262222033
  Route: [35, 34, 21, 17, 43, 12, 28, 27, 26, 47, 13, 14, 52, 11, 51, 33, 44, 31, 18, 3, 1, 25, 32, 4, 48, 24, 15, 6, 45, 19, 36, 38, 46, 37, 40, 49, 16, 8, 9, 10, 39, 29, 30, 42, 2, 50, 20, 23, 7, 41, 5, 22]

Individual 41:
  Route length: 14854
  Contribution to Diversity: 0.0012525241497920447
  Route: [41, 8, 9, 10, 43, 37, 34, 5, 33, 51, 26, 13, 47, 52, 14, 11, 40, 28, 27, 12, 4, 15, 39, 38, 6, 1, 49, 32, 20, 30, 23, 50, 35, 36, 46, 24, 48, 44, 3, 45, 18, 25, 19, 31, 16, 17, 21, 7, 2, 42, 29, 22]

Individual 42:
  Route length: 14615
  Contribution to Diversity: 4.419597347560256e-05
  Route: [9, 10, 45, 41, 33, 51, 37, 46, 35, 40, 49, 48, 15, 34, 25, 12, 27, 26, 47, 13, 14, 11, 52, 28, 39, 29, 36, 18, 42, 7, 2, 30, 6, 4, 24, 5, 32, 50, 44, 16, 23, 20, 21, 17, 3, 8, 43, 19, 38, 1, 31, 22]

Individual 43:
  Route length: 15023
  Contribution to Diversity: 0.0014036113387954074
  Route: [1, 16, 29, 49, 35, 37, 40, 39, 36, 44, 33, 4, 9, 10, 51, 11, 13, 52, 14, 6, 45, 3, 21, 17, 32, 19, 20, 47, 26, 27, 28, 12, 48, 8, 41, 18, 23, 30, 2, 7, 42, 50, 5, 15, 38, 25, 46, 43, 34, 24, 31, 22]

Individual 44:
  Route length: 15039
  Contribution to Diversity: 0.002231721353161298
  Route: [3, 1, 49, 32, 40, 33, 43, 10, 9, 8, 35, 18, 50, 20, 16, 28, 27, 12, 34, 45, 46, 38, 21, 17, 39, 5, 48, 15, 36, 24, 6, 47, 29, 30, 23, 37, 44, 42, 7, 2, 26, 13, 14, 52, 11, 51, 25, 4, 41, 19, 31, 22]

Individual 45:
  Route length: 15039
  Contribution to Diversity: 0.0013796042678340115
  Route: [1, 35, 36, 49, 19, 41, 40, 44, 34, 2, 7, 42, 17, 21, 43, 10, 9, 18, 3, 45, 39, 27, 26, 51, 12, 11, 52, 14, 13, 47, 28, 37, 25, 48, 16, 5, 24, 8, 30, 29, 20, 23, 31, 50, 32, 33, 46, 15, 6, 38, 4, 22]

Individual 46:
  Route length: 14622
  Contribution to Diversity: 0.001605818758947386
  Route: [1, 16, 29, 20, 23, 19, 41, 45, 3, 18, 32, 35, 5, 24, 8, 30, 46, 44, 34, 2, 7, 42, 17, 21, 31, 38, 28, 47, 13, 14, 52, 11, 12, 51, 26, 27, 39, 6, 37, 25, 4, 40, 36, 49, 50, 48, 33, 15, 10, 9, 43, 22]

Individual 47:
  Route length: 15067
  Contribution to Diversity: 0.0024781571192731278
  Route: [21, 3, 18, 19, 41, 17, 42, 7, 2, 30, 32, 45, 39, 40, 37, 14, 13, 47, 26, 28, 27, 20, 49, 51, 11, 1, 50, 29, 16, 46, 5, 24, 48, 38, 44, 23, 8, 9, 10, 43, 33, 52, 25, 12, 35, 36, 34, 4, 15, 6, 31, 22]

Individual 48:
  Route length: 14893
  Contribution to Diversity: 0.0004374482209206221
  Route: [21, 42, 41, 8, 9, 10, 43, 25, 28, 46, 44, 30, 2, 7, 17, 32, 1, 51, 33, 19, 4, 12, 11, 52, 14, 13, 47, 26, 27, 29, 37, 45, 34, 16, 35, 36, 6, 24, 3, 48, 15, 5, 40, 39, 31, 18, 49, 38, 50, 23, 20, 22]

Individual 49:
  Route length: 14900
  Contribution to Diversity: 0.0013365207695432701
  Route: [20, 16, 33, 40, 5, 4, 38, 50, 44, 28, 27, 32, 34, 19, 48, 6, 39, 35, 23, 31, 17, 8, 41, 9, 10, 43, 15, 37, 24, 36, 45, 1, 49, 52, 14, 13, 47, 26, 46, 25, 12, 11, 51, 29, 30, 2, 42, 7, 21, 3, 18, 22]

Individual 50:
  Route length: 14923
  Contribution to Diversity: 0.0015205079042575065
  Route: [38, 37, 24, 49, 1, 30, 23, 20, 39, 32, 31, 18, 16, 29, 21, 42, 7, 2, 6, 15, 43, 25, 27, 33, 9, 8, 41, 19, 45, 35, 36, 48, 34, 46, 44, 12, 5, 28, 13, 14, 47, 26, 52, 11, 51, 4, 40, 10, 17, 50, 3, 22]

Individual 51:
  Route length: 15067
  Contribution to Diversity: 0.0010177382484624076
  Route: [13, 14, 52, 11, 51, 33, 28, 12, 25, 4, 6, 44, 46, 36, 35, 47, 50, 20, 23, 34, 37, 49, 38, 48, 45, 24, 29, 16, 26, 27, 1, 39, 15, 40, 5, 32, 31, 7, 2, 30, 21, 42, 18, 3, 17, 41, 9, 8, 43, 10, 19, 22]

Individual 52:
  Route length: 15062
  Contribution to Diversity: 0.0009860096808331775
  Route: [27, 46, 44, 15, 43, 1, 49, 31, 17, 10, 48, 37, 20, 3, 24, 12, 5, 6, 33, 9, 8, 41, 19, 45, 39, 32, 23, 30, 50, 18, 21, 42, 7, 2, 29, 16, 34, 40, 36, 35, 38, 51, 11, 52, 26, 47, 14, 13, 28, 4, 25, 22]

Individual 53:
  Route length: 14902
  Contribution to Diversity: 0.0023443805335334744
  Route: [45, 44, 23, 49, 37, 38, 15, 43, 11, 51, 48, 34, 36, 1, 6, 40, 18, 31, 32, 39, 46, 25, 4, 29, 16, 24, 35, 50, 9, 10, 33, 27, 26, 47, 28, 52, 14, 13, 12, 5, 19, 20, 41, 8, 3, 17, 21, 42, 7, 2, 30, 22]

Individual 54:
  Route length: 15034
  Contribution to Diversity: 0.0014201852128081782
  Route: [18, 17, 1, 23, 30, 2, 7, 42, 21, 37, 12, 25, 36, 35, 34, 49, 19, 41, 8, 20, 32, 6, 15, 33, 29, 50, 16, 46, 31, 10, 9, 24, 44, 5, 48, 38, 39, 40, 45, 43, 4, 28, 11, 51, 14, 52, 13, 47, 26, 27, 3, 22]

Individual 55:
  Route length: 14922
  Contribution to Diversity: 0.0007010015726631735
  Route: [19, 21, 42, 7, 2, 30, 50, 46, 24, 10, 43, 15, 5, 41, 9, 8, 17, 23, 20, 36, 35, 38, 39, 37, 34, 40, 1, 49, 32, 3, 4, 51, 33, 16, 6, 48, 11, 52, 12, 25, 28, 27, 26, 47, 13, 14, 44, 29, 45, 18, 31, 22]

Individual 56:
  Route length: 14977
  Contribution to Diversity: 0.0007276162314031609
  Route: [49, 40, 6, 4, 20, 23, 44, 37, 48, 15, 24, 5, 16, 29, 1, 38, 9, 8, 43, 33, 51, 34, 45, 19, 10, 11, 52, 14, 13, 47, 26, 27, 12, 25, 39, 41, 46, 50, 35, 31, 3, 17, 21, 30, 2, 7, 42, 28, 36, 18, 32, 22]

Individual 57:
  Route length: 14924
  Contribution to Diversity: 0.0009543052234404215
  Route: [49, 1, 20, 50, 29, 32, 38, 37, 24, 39, 10, 9, 18, 3, 17, 48, 34, 33, 51, 15, 5, 11, 52, 14, 13, 16, 7, 42, 21, 23, 30, 36, 6, 4, 25, 12, 28, 27, 26, 47, 46, 40, 44, 35, 41, 8, 19, 45, 43, 2, 31, 22]

Individual 58:
  Route length: 14985
  Contribution to Diversity: 0.0019867375776501106
  Route: [1, 2, 30, 17, 41, 8, 9, 10, 19, 45, 32, 4, 34, 18, 3, 29, 50, 35, 16, 36, 31, 21, 42, 7, 51, 38, 23, 20, 48, 49, 39, 6, 12, 40, 5, 24, 25, 26, 47, 28, 27, 13, 14, 52, 11, 33, 43, 15, 44, 37, 46, 22]

Individual 59:
  Route length: 15034
  Contribution to Diversity: 0.0012452959093280924
  Route: [1, 49, 34, 35, 36, 15, 45, 41, 48, 5, 37, 26, 47, 14, 52, 13, 44, 46, 38, 40, 21, 7, 2, 30, 23, 29, 50, 20, 17, 39, 27, 28, 12, 25, 4, 24, 6, 8, 19, 10, 9, 3, 42, 11, 51, 33, 43, 32, 16, 18, 31, 22]

Individual 60:
  Route length: 14703
  Contribution to Diversity: 0.0007491816624582981
  Route: [1, 44, 25, 6, 15, 16, 34, 40, 37, 4, 5, 39, 12, 24, 45, 41, 3, 32, 19, 10, 8, 49, 35, 36, 48, 26, 13, 52, 14, 47, 38, 43, 33, 51, 11, 28, 27, 46, 29, 50, 18, 17, 21, 7, 2, 30, 23, 20, 9, 42, 31, 22]

Individual 61:
  Route length: 14801
  Contribution to Diversity: 0.0008997466690114919
  Route: [1, 35, 41, 8, 9, 10, 43, 15, 6, 4, 5, 24, 3, 18, 23, 48, 38, 37, 32, 36, 39, 19, 44, 31, 49, 45, 28, 26, 14, 13, 47, 12, 27, 51, 33, 11, 52, 50, 29, 40, 34, 16, 46, 20, 17, 21, 42, 7, 2, 30, 25, 22]

Individual 62:
  Route length: 14916
  Contribution to Diversity: 0
  Route: [21, 42, 7, 2, 17, 10, 39, 30, 29, 49, 50, 23, 20, 31, 32, 4, 12, 43, 25, 46, 44, 34, 36, 35, 16, 48, 38, 37, 24, 18, 3, 6, 28, 13, 14, 47, 26, 52, 11, 27, 33, 9, 8, 41, 19, 45, 5, 51, 15, 1, 40, 22]

Individual 63:
  Route length: 14674
  Contribution to Diversity: 0.0007683580513822008
  Route: [49, 32, 35, 12, 15, 5, 52, 14, 13, 28, 26, 47, 27, 48, 24, 8, 31, 38, 36, 34, 50, 20, 16, 25, 4, 6, 11, 51, 33, 43, 40, 46, 37, 39, 10, 9, 19, 41, 1, 21, 45, 18, 2, 42, 7, 17, 3, 29, 44, 30, 23, 22]

Individual 64:
  Route length: 14613
  Contribution to Diversity: 0
  Route: [10, 9, 8, 41, 19, 17, 21, 7, 20, 16, 29, 44, 34, 1, 18, 15, 39, 38, 37, 40, 3, 23, 36, 5, 35, 48, 27, 28, 51, 33, 43, 12, 25, 4, 11, 26, 52, 14, 13, 47, 50, 31, 42, 2, 30, 45, 32, 49, 6, 24, 46, 22]

Individual 65:
  Route length: 14690
  Contribution to Diversity: 0.0003893352303867559
  Route: [50, 20, 28, 12, 47, 26, 27, 16, 29, 23, 45, 32, 35, 25, 5, 37, 48, 33, 4, 24, 46, 44, 19, 34, 6, 40, 15, 39, 41, 9, 8, 10, 43, 13, 14, 52, 11, 51, 38, 36, 1, 31, 2, 7, 21, 42, 18, 3, 17, 30, 49, 22]

Individual 66:
  Route length: 14909
  Contribution to Diversity: 0.0020647374329847423
  Route: [7, 20, 16, 44, 29, 18, 3, 23, 2, 42, 31, 50, 15, 35, 34, 1, 36, 49, 32, 45, 51, 28, 27, 52, 14, 13, 47, 26, 4, 11, 33, 43, 10, 9, 8, 41, 19, 40, 17, 21, 24, 6, 48, 12, 25, 37, 38, 5, 39, 46, 30, 22]

Individual 67:
  Route length: 14897
  Contribution to Diversity: 0.0009777392829475318
  Route: [50, 20, 28, 12, 47, 26, 27, 16, 29, 23, 5, 25, 35, 32, 45, 38, 51, 11, 52, 14, 13, 43, 10, 8, 9, 41, 39, 15, 40, 6, 34, 19, 44, 46, 24, 4, 33, 48, 37, 36, 1, 31, 2, 7, 21, 42, 18, 3, 17, 30, 49, 22]

Individual 68:
  Route length: 15065
  Contribution to Diversity: 0.001232194435396572
  Route: [19, 8, 9, 10, 5, 4, 51, 33, 43, 37, 11, 27, 12, 28, 25, 48, 26, 47, 14, 13, 52, 18, 32, 3, 42, 21, 17, 1, 45, 41, 38, 49, 24, 6, 15, 46, 39, 16, 36, 23, 20, 50, 29, 34, 35, 40, 44, 2, 7, 30, 31, 22]

Individual 69:
  Route length: 14466
  Contribution to Diversity: 0.0004590919505229607
  Route: [20, 23, 30, 19, 41, 8, 51, 33, 44, 36, 39, 37, 38, 43, 24, 48, 4, 1, 34, 3, 10, 9, 15, 35, 45, 46, 5, 12, 25, 6, 40, 28, 27, 26, 13, 14, 52, 11, 47, 50, 21, 17, 7, 42, 2, 29, 16, 31, 18, 32, 49, 22]

Individual 70:
  Route length: 14369
  Contribution to Diversity: 0.0009383562675555623
  Route: [19, 8, 9, 10, 5, 4, 51, 33, 25, 29, 50, 20, 23, 36, 16, 39, 46, 15, 6, 24, 49, 38, 48, 26, 47, 14, 13, 52, 28, 12, 27, 11, 37, 43, 3, 32, 18, 34, 35, 40, 44, 2, 7, 42, 21, 17, 1, 45, 41, 30, 31, 22]

Individual 71:
  Route length: 14960
  Contribution to Diversity: 0.0005381951548564246
  Route: [17, 20, 24, 42, 21, 30, 2, 7, 6, 15, 5, 48, 39, 35, 18, 3, 31, 41, 8, 9, 44, 40, 37, 38, 47, 26, 27, 28, 12, 25, 13, 14, 52, 11, 51, 33, 43, 10, 50, 32, 23, 49, 1, 29, 34, 16, 46, 4, 36, 45, 19, 22]

Individual 72:
  Route length: 14828
  Contribution to Diversity: 0.0016134834125054454
  Route: [18, 16, 49, 39, 4, 27, 26, 47, 14, 52, 11, 15, 6, 44, 23, 1, 36, 45, 34, 37, 24, 5, 51, 33, 43, 48, 25, 12, 28, 13, 40, 9, 8, 3, 10, 41, 31, 20, 50, 29, 30, 19, 17, 21, 42, 7, 2, 32, 46, 38, 35, 22]

Individual 73:
  Route length: 15001
  Contribution to Diversity: 0.0020891519897059396
  Route: [44, 34, 46, 45, 19, 41, 49, 18, 17, 21, 35, 36, 8, 10, 43, 6, 4, 5, 24, 32, 40, 9, 48, 25, 47, 13, 14, 27, 26, 51, 33, 28, 12, 52, 11, 50, 20, 23, 42, 7, 2, 30, 3, 37, 38, 16, 29, 39, 15, 31, 1, 22]

Individual 74:
  Route length: 14870
  Contribution to Diversity: 0.000824545866379367
  Route: [49, 32, 35, 12, 15, 48, 8, 31, 38, 36, 34, 50, 20, 16, 25, 4, 6, 11, 51, 33, 43, 40, 46, 37, 39, 24, 5, 52, 14, 13, 28, 26, 47, 27, 19, 41, 9, 10, 1, 21, 45, 18, 2, 42, 7, 17, 3, 29, 44, 30, 23, 22]

Individual 75:
  Route length: 14521
  Contribution to Diversity: 0
  Route: [27, 26, 47, 52, 11, 28, 14, 13, 4, 15, 38, 16, 30, 50, 43, 10, 8, 9, 32, 41, 19, 5, 1, 49, 37, 48, 12, 33, 51, 25, 6, 40, 24, 44, 46, 45, 34, 35, 39, 36, 23, 20, 29, 17, 21, 7, 42, 2, 3, 18, 31, 22]

Individual 76:
  Route length: 15015
  Contribution to Diversity: 0.001876833737924244
  Route: [35, 15, 50, 31, 45, 4, 48, 36, 3, 18, 1, 30, 37, 40, 21, 17, 23, 7, 42, 2, 19, 41, 38, 12, 25, 6, 24, 49, 32, 5, 39, 46, 8, 9, 10, 43, 33, 11, 26, 47, 13, 14, 52, 27, 28, 51, 20, 16, 29, 44, 34, 22]

Individual 77:
  Route length: 14717
  Contribution to Diversity: 3.436827456404501e-05
  Route: [17, 21, 44, 18, 3, 42, 7, 2, 36, 38, 15, 25, 4, 26, 13, 14, 52, 11, 51, 45, 39, 41, 8, 19, 31, 40, 16, 20, 50, 24, 48, 46, 28, 27, 12, 35, 37, 6, 1, 49, 10, 9, 43, 33, 5, 47, 29, 30, 23, 34, 32, 22]

Individual 78:
  Route length: 14867
  Contribution to Diversity: 0.0006797461835628127
  Route: [1, 35, 32, 37, 38, 48, 36, 39, 19, 44, 41, 8, 9, 10, 43, 15, 6, 4, 5, 24, 3, 18, 23, 16, 34, 40, 29, 50, 52, 11, 33, 51, 27, 12, 47, 13, 14, 26, 28, 45, 49, 31, 46, 20, 17, 21, 42, 7, 2, 30, 25, 22]

Individual 79:
  Route length: 14858
  Contribution to Diversity: 0
  Route: [21, 42, 7, 2, 17, 10, 39, 30, 29, 49, 50, 23, 20, 31, 32, 4, 12, 43, 25, 46, 44, 34, 36, 35, 16, 48, 38, 37, 45, 19, 41, 8, 9, 33, 27, 11, 52, 26, 47, 14, 13, 28, 6, 3, 18, 24, 51, 5, 15, 1, 40, 22]

Individual 80:
  Route length: 14708
  Contribution to Diversity: 0.00029244955282514695
  Route: [7, 2, 36, 35, 34, 44, 1, 49, 32, 40, 39, 5, 15, 19, 38, 46, 48, 24, 26, 27, 28, 29, 16, 52, 11, 51, 33, 41, 45, 9, 8, 10, 43, 12, 25, 4, 6, 14, 13, 47, 37, 17, 3, 18, 31, 30, 50, 20, 23, 21, 42, 22]

Individual 81:
  Route length: 15000
  Contribution to Diversity: 0.0010053305660315814
  Route: [1, 40, 39, 38, 35, 34, 24, 37, 43, 4, 5, 50, 28, 11, 51, 14, 52, 13, 47, 26, 27, 36, 25, 12, 33, 6, 15, 48, 18, 29, 16, 46, 49, 21, 42, 7, 2, 30, 23, 3, 32, 44, 17, 10, 8, 41, 19, 20, 9, 45, 31, 22]

Individual 82:
  Route length: 14955
  Contribution to Diversity: 0.002169574651550654
  Route: [35, 24, 48, 39, 16, 20, 5, 6, 46, 25, 14, 52, 33, 51, 11, 41, 8, 43, 29, 50, 23, 31, 18, 3, 17, 21, 32, 37, 4, 13, 47, 26, 27, 28, 12, 1, 49, 45, 19, 42, 7, 2, 30, 44, 36, 15, 40, 38, 10, 9, 34, 22]

Individual 83:
  Route length: 15035
  Contribution to Diversity: 0.0006603424902316135
  Route: [9, 10, 45, 41, 33, 51, 37, 46, 35, 40, 49, 48, 36, 29, 39, 28, 52, 11, 14, 13, 47, 26, 27, 12, 25, 34, 15, 17, 21, 20, 23, 16, 44, 50, 32, 5, 24, 4, 6, 30, 2, 7, 42, 18, 3, 8, 43, 19, 38, 1, 31, 22]

Individual 84:
  Route length: 14692
  Contribution to Diversity: 0.0005683066185788732
  Route: [27, 26, 47, 52, 11, 28, 14, 13, 4, 15, 38, 16, 30, 50, 6, 25, 51, 33, 12, 48, 37, 49, 1, 5, 19, 41, 32, 9, 8, 10, 43, 44, 24, 40, 46, 45, 34, 35, 39, 36, 23, 20, 29, 17, 21, 7, 42, 2, 3, 18, 31, 22]

Individual 85:
  Route length: 14776
  Contribution to Diversity: 0.0018117713038741101
  Route: [1, 40, 2, 30, 21, 42, 7, 16, 29, 50, 20, 23, 47, 26, 34, 44, 25, 31, 36, 37, 18, 3, 17, 24, 10, 9, 8, 41, 19, 45, 32, 39, 38, 48, 15, 46, 12, 51, 27, 28, 5, 43, 33, 11, 52, 14, 13, 35, 4, 6, 49, 22]

Individual 86:
  Route length: 15043
  Contribution to Diversity: 3.623223917159635e-05
  Route: [17, 21, 44, 18, 3, 42, 7, 2, 36, 38, 15, 25, 4, 26, 13, 14, 52, 11, 51, 45, 39, 41, 8, 19, 31, 40, 16, 20, 50, 24, 5, 33, 43, 9, 10, 49, 1, 6, 37, 35, 12, 27, 28, 46, 48, 29, 47, 30, 23, 34, 32, 22]

Individual 87:
  Route length: 14900
  Contribution to Diversity: 0.002408883800026018
  Route: [37, 28, 12, 52, 11, 36, 49, 18, 10, 8, 1, 31, 15, 5, 24, 32, 9, 48, 39, 21, 17, 3, 30, 2, 7, 42, 23, 20, 50, 16, 29, 25, 4, 6, 43, 33, 51, 26, 27, 14, 13, 47, 44, 34, 46, 41, 19, 45, 35, 38, 40, 22]

Individual 88:
  Route length: 14591
  Contribution to Diversity: 0
  Route: [27, 26, 47, 52, 11, 28, 14, 13, 4, 15, 38, 16, 30, 50, 41, 19, 5, 1, 49, 37, 48, 12, 33, 51, 25, 6, 43, 10, 8, 9, 32, 44, 24, 40, 46, 45, 34, 35, 39, 36, 23, 20, 29, 17, 21, 7, 42, 2, 3, 18, 31, 22]

Individual 89:
  Route length: 14953
  Contribution to Diversity: 0.0005320377259350195
  Route: [35, 16, 20, 37, 38, 36, 40, 6, 15, 1, 23, 33, 51, 5, 12, 25, 46, 45, 43, 24, 48, 4, 39, 34, 49, 32, 44, 29, 2, 18, 3, 28, 27, 26, 13, 14, 52, 11, 47, 30, 42, 7, 17, 21, 50, 31, 19, 41, 8, 9, 10, 22]

Individual 90:
  Route length: 14899
  Contribution to Diversity: 0.0012034702941994269
  Route: [32, 19, 10, 8, 49, 35, 36, 37, 40, 34, 16, 15, 6, 25, 44, 1, 21, 7, 2, 30, 23, 20, 9, 4, 5, 39, 12, 24, 45, 41, 3, 17, 18, 50, 29, 46, 27, 28, 11, 51, 33, 43, 38, 47, 14, 52, 13, 26, 48, 42, 31, 22]

Individual 91:
  Route length: 14843
  Contribution to Diversity: 0.001112128279772584
  Route: [45, 49, 34, 31, 44, 32, 43, 5, 16, 29, 48, 25, 4, 36, 24, 38, 26, 27, 28, 12, 51, 11, 52, 14, 13, 47, 46, 35, 39, 6, 15, 37, 3, 18, 20, 2, 19, 41, 10, 9, 8, 40, 50, 33, 1, 30, 23, 21, 42, 7, 17, 22]

Individual 92:
  Route length: 15048
  Contribution to Diversity: 0.0001818099322621336
  Route: [10, 9, 8, 41, 37, 38, 39, 15, 18, 1, 34, 44, 29, 16, 20, 7, 21, 17, 19, 49, 32, 45, 30, 2, 42, 31, 50, 47, 13, 14, 52, 26, 11, 4, 25, 12, 43, 33, 51, 28, 27, 48, 35, 5, 36, 23, 3, 40, 6, 24, 46, 22]

Individual 93:
  Route length: 15057
  Contribution to Diversity: 0.00013941570593711816
  Route: [46, 35, 6, 15, 10, 17, 21, 42, 7, 2, 5, 52, 11, 14, 13, 26, 47, 16, 45, 18, 31, 32, 23, 20, 50, 29, 30, 44, 19, 3, 34, 37, 1, 39, 24, 38, 49, 36, 51, 33, 43, 4, 27, 28, 12, 25, 48, 40, 9, 8, 41, 22]

Individual 94:
  Route length: 14872
  Contribution to Diversity: 0.0006163386254005587
  Route: [1, 45, 3, 21, 17, 32, 19, 40, 39, 36, 44, 33, 4, 9, 10, 51, 11, 13, 52, 14, 6, 37, 35, 49, 50, 5, 15, 38, 25, 46, 43, 34, 16, 29, 42, 7, 2, 30, 23, 18, 41, 8, 48, 12, 28, 27, 26, 47, 20, 24, 31, 22]

Individual 95:
  Route length: 14826
  Contribution to Diversity: 0.0004487317553536485
  Route: [32, 44, 34, 49, 17, 7, 42, 18, 20, 2, 30, 23, 21, 50, 40, 35, 39, 6, 15, 37, 3, 33, 1, 48, 25, 46, 47, 13, 14, 52, 11, 51, 12, 28, 27, 26, 38, 24, 36, 4, 31, 45, 29, 16, 5, 43, 19, 41, 10, 9, 8, 22]

Individual 96:
  Route length: 15082
  Contribution to Diversity: 0.002000363272444794
  Route: [18, 17, 49, 4, 28, 11, 51, 14, 52, 13, 47, 26, 27, 37, 33, 15, 6, 19, 41, 8, 20, 32, 1, 23, 30, 2, 7, 42, 21, 36, 35, 34, 43, 45, 40, 39, 38, 48, 5, 44, 24, 9, 10, 31, 46, 16, 29, 50, 12, 25, 3, 22]

Individual 97:
  Route length: 14930
  Contribution to Diversity: 0.0007815001107012165
  Route: [45, 31, 48, 25, 46, 47, 13, 14, 52, 11, 51, 12, 28, 27, 26, 38, 24, 36, 4, 43, 32, 44, 34, 49, 17, 7, 42, 18, 20, 2, 30, 23, 21, 50, 40, 35, 39, 6, 15, 37, 3, 33, 1, 5, 16, 29, 19, 41, 10, 9, 8, 22]

Individual 98:
  Route length: 14789
  Contribution to Diversity: 0.002226549294452873
  Route: [24, 9, 33, 51, 6, 4, 11, 52, 14, 13, 50, 29, 38, 37, 40, 39, 35, 48, 15, 5, 45, 36, 31, 17, 8, 10, 43, 12, 28, 27, 26, 47, 30, 2, 7, 42, 1, 32, 20, 16, 46, 18, 3, 19, 41, 49, 25, 34, 21, 23, 44, 22]

Individual 99:
  Route length: 15001
  Contribution to Diversity: 0.000777909672788013
  Route: [1, 49, 15, 13, 14, 11, 52, 26, 27, 47, 40, 48, 25, 12, 28, 4, 46, 37, 6, 34, 16, 32, 2, 7, 42, 21, 17, 41, 10, 3, 19, 36, 35, 38, 29, 20, 23, 8, 9, 45, 39, 44, 5, 24, 43, 33, 51, 18, 31, 30, 50, 22]

Total Entropy H: 6.171830871858721
