Individual 0:
  Route length: 9383
  Contribution to Diversity: 9.613371607741783e-05
  Route: [1, 49, 32, 45, 19, 41, 8, 9, 10, 43, 33, 25, 14, 52, 11, 51, 12, 28, 27, 26, 47, 13, 4, 6, 15, 5, 24, 48, 38, 37, 40, 39, 36, 35, 46, 44, 34, 18, 3, 17, 21, 42, 7, 2, 30, 23, 20, 50, 29, 16, 31, 22]

Individual 1:
  Route length: 9381
  Contribution to Diversity: 0.0001735449853104143
  Route: [1, 32, 3, 18, 30, 2, 7, 42, 21, 15, 6, 4, 24, 5, 36, 35, 34, 44, 46, 16, 29, 50, 20, 23, 39, 40, 37, 38, 48, 25, 12, 28, 27, 26, 47, 13, 14, 52, 11, 51, 33, 43, 10, 9, 8, 41, 19, 45, 49, 17, 31, 22]

Individual 2:
  Route length: 9425
  Contribution to Diversity: 0.00022408267708939889
  Route: [34, 39, 36, 35, 5, 37, 38, 48, 24, 40, 15, 6, 4, 25, 12, 28, 27, 26, 47, 13, 14, 52, 11, 51, 33, 43, 10, 9, 8, 41, 19, 45, 32, 49, 1, 18, 21, 16, 46, 44, 31, 3, 17, 30, 23, 20, 50, 29, 2, 7, 42, 22]

Individual 3:
  Route length: 9353
  Contribution to Diversity: 0.00029382325135163256
  Route: [1, 49, 32, 17, 3, 39, 36, 35, 6, 24, 48, 38, 37, 40, 45, 19, 41, 8, 9, 10, 43, 33, 51, 11, 27, 26, 47, 13, 14, 52, 28, 12, 25, 4, 34, 5, 15, 44, 46, 16, 29, 50, 20, 23, 30, 2, 7, 42, 21, 18, 31, 22]

Individual 4:
  Route length: 9400
  Contribution to Diversity: 0.0004029509661993558
  Route: [1, 49, 32, 45, 50, 29, 16, 46, 44, 34, 35, 36, 39, 40, 43, 33, 51, 11, 52, 14, 13, 47, 26, 27, 28, 12, 6, 4, 25, 37, 38, 48, 24, 5, 15, 10, 9, 8, 41, 19, 31, 18, 21, 17, 3, 2, 7, 42, 30, 23, 20, 22]

Individual 5:
  Route length: 9334
  Contribution to Diversity: 8.69620946266636e-05
  Route: [1, 49, 32, 45, 9, 8, 41, 19, 10, 24, 5, 15, 6, 4, 25, 12, 28, 27, 26, 47, 13, 14, 52, 11, 51, 33, 43, 38, 48, 3, 17, 21, 42, 7, 2, 30, 23, 20, 50, 29, 16, 46, 34, 44, 36, 39, 40, 37, 35, 31, 18, 22]

Individual 6:
  Route length: 9413
  Contribution to Diversity: 0.00048339329280633336
  Route: [1, 49, 15, 5, 6, 4, 25, 12, 28, 27, 26, 47, 13, 14, 52, 11, 51, 33, 43, 10, 9, 41, 8, 19, 20, 50, 29, 16, 46, 37, 40, 39, 36, 35, 34, 44, 48, 45, 32, 38, 24, 3, 17, 21, 42, 7, 2, 30, 23, 18, 31, 22]

Individual 7:
  Route length: 9357
  Contribution to Diversity: 0.0009479466363799816
  Route: [35, 36, 39, 40, 37, 38, 48, 24, 5, 15, 6, 4, 25, 12, 28, 27, 26, 47, 13, 14, 52, 11, 51, 33, 8, 41, 9, 10, 43, 19, 45, 32, 49, 1, 30, 42, 7, 2, 20, 23, 50, 29, 16, 46, 44, 34, 17, 21, 3, 18, 31, 22]

Individual 8:
  Route length: 9417
  Contribution to Diversity: 0.0003845473884398487
  Route: [45, 32, 49, 1, 44, 46, 16, 29, 50, 20, 23, 30, 2, 7, 42, 21, 19, 8, 41, 9, 10, 43, 33, 51, 11, 52, 14, 13, 47, 26, 27, 28, 34, 35, 36, 39, 40, 37, 38, 48, 25, 12, 4, 6, 15, 24, 5, 18, 3, 17, 31, 22]

Individual 9:
  Route length: 9394
  Contribution to Diversity: 0.000423892138678994
  Route: [5, 24, 48, 38, 43, 33, 51, 11, 52, 14, 13, 47, 26, 27, 28, 12, 37, 8, 9, 10, 41, 19, 45, 32, 49, 1, 31, 18, 3, 17, 21, 42, 7, 2, 30, 23, 20, 50, 29, 16, 46, 35, 34, 44, 15, 6, 4, 25, 36, 39, 40, 22]

Individual 10:
  Route length: 9422
  Contribution to Diversity: 0.0004985256394922644
  Route: [1, 49, 32, 45, 50, 29, 16, 35, 34, 44, 46, 48, 24, 5, 15, 6, 4, 25, 12, 28, 27, 26, 47, 13, 14, 52, 11, 51, 33, 43, 40, 39, 36, 38, 37, 10, 9, 8, 41, 19, 31, 18, 21, 17, 3, 2, 7, 42, 30, 23, 20, 22]

Individual 11:
  Route length: 9237
  Contribution to Diversity: 8.379264127711394e-05
  Route: [17, 21, 42, 7, 2, 30, 23, 20, 36, 35, 48, 24, 37, 40, 39, 46, 16, 29, 50, 44, 1, 49, 3, 18, 38, 34, 5, 15, 6, 4, 25, 12, 28, 27, 26, 47, 13, 14, 52, 11, 51, 33, 43, 10, 9, 8, 41, 19, 45, 32, 31, 22]

Individual 12:
  Route length: 9302
  Contribution to Diversity: 6.776489448778733e-05
  Route: [1, 31, 49, 32, 6, 4, 25, 38, 37, 35, 36, 39, 40, 10, 9, 8, 41, 19, 45, 34, 43, 33, 51, 11, 52, 14, 13, 47, 26, 27, 28, 12, 44, 15, 5, 24, 48, 46, 16, 29, 50, 20, 23, 30, 2, 7, 42, 21, 17, 3, 18, 22]

Individual 13:
  Route length: 9417
  Contribution to Diversity: 0.00027410323705989725
  Route: [1, 49, 35, 37, 40, 23, 20, 50, 29, 46, 16, 44, 21, 42, 7, 2, 30, 17, 32, 38, 48, 24, 5, 15, 6, 4, 25, 12, 28, 27, 26, 47, 13, 14, 52, 11, 51, 33, 43, 10, 9, 8, 41, 19, 45, 36, 39, 34, 3, 18, 31, 22]

Individual 14:
  Route length: 9391
  Contribution to Diversity: 0.0011087794236859239
  Route: [1, 49, 32, 45, 19, 41, 8, 9, 10, 43, 33, 51, 11, 52, 14, 13, 47, 26, 27, 28, 15, 6, 4, 25, 12, 24, 5, 48, 38, 37, 40, 39, 36, 35, 42, 2, 7, 17, 21, 34, 44, 46, 16, 20, 50, 29, 30, 23, 3, 18, 31, 22]

Individual 15:
  Route length: 9248
  Contribution to Diversity: 0.00016303695137587226
  Route: [39, 40, 37, 24, 48, 38, 18, 17, 21, 42, 7, 2, 30, 23, 20, 36, 35, 34, 44, 46, 16, 29, 50, 1, 49, 3, 32, 45, 19, 41, 8, 9, 10, 43, 33, 51, 11, 52, 14, 13, 47, 26, 27, 28, 12, 25, 4, 6, 15, 5, 31, 22]

Individual 16:
  Route length: 9426
  Contribution to Diversity: 2.9102349152765328e-06
  Route: [29, 50, 20, 23, 30, 2, 7, 42, 21, 17, 3, 8, 9, 10, 43, 33, 51, 11, 52, 14, 13, 47, 26, 27, 28, 12, 25, 4, 6, 15, 5, 19, 45, 32, 49, 1, 34, 44, 24, 46, 16, 35, 36, 39, 40, 37, 48, 38, 41, 18, 31, 22]

Individual 17:
  Route length: 9397
  Contribution to Diversity: 0.0004965033111998807
  Route: [49, 32, 45, 19, 10, 9, 8, 41, 1, 4, 25, 12, 48, 24, 5, 15, 40, 39, 36, 28, 27, 26, 47, 13, 14, 52, 11, 51, 33, 43, 6, 37, 38, 35, 34, 44, 46, 16, 29, 50, 20, 23, 30, 2, 7, 42, 21, 17, 3, 18, 31, 22]

Individual 18:
  Route length: 9302
  Contribution to Diversity: 0.00015810846914732224
  Route: [1, 49, 9, 8, 41, 19, 43, 33, 51, 11, 52, 14, 13, 47, 26, 27, 28, 12, 25, 5, 48, 38, 15, 6, 4, 10, 45, 32, 40, 37, 39, 36, 35, 34, 44, 46, 24, 16, 29, 50, 20, 23, 30, 2, 7, 42, 21, 17, 3, 18, 31, 22]

Individual 19:
  Route length: 9388
  Contribution to Diversity: 9.716159486661269e-05
  Route: [1, 16, 40, 39, 8, 41, 19, 45, 49, 32, 9, 10, 43, 33, 51, 11, 52, 14, 13, 47, 26, 27, 28, 12, 46, 44, 34, 35, 36, 48, 38, 37, 15, 5, 24, 25, 4, 6, 29, 50, 20, 23, 30, 2, 7, 42, 21, 17, 3, 18, 31, 22]

Individual 20:
  Route length: 9261
  Contribution to Diversity: 0.0005181418676238891
  Route: [1, 49, 32, 20, 23, 38, 48, 24, 5, 15, 6, 4, 25, 12, 28, 27, 26, 47, 13, 14, 52, 11, 51, 33, 43, 36, 35, 37, 40, 39, 31, 18, 3, 45, 19, 41, 8, 9, 10, 34, 44, 46, 16, 29, 50, 30, 2, 7, 42, 21, 17, 22]

Individual 21:
  Route length: 9424
  Contribution to Diversity: 0.00011245011883076472
  Route: [1, 49, 9, 8, 41, 19, 45, 32, 46, 39, 36, 35, 34, 44, 15, 6, 4, 25, 12, 51, 11, 52, 14, 13, 47, 26, 27, 28, 33, 43, 10, 38, 48, 24, 5, 40, 37, 16, 29, 50, 20, 23, 30, 2, 7, 42, 21, 17, 3, 18, 31, 22]

Individual 22:
  Route length: 9420
  Contribution to Diversity: 0.0002636339164547863
  Route: [1, 38, 37, 15, 5, 24, 49, 25, 4, 6, 12, 28, 27, 26, 47, 13, 14, 52, 11, 51, 33, 43, 10, 9, 8, 41, 19, 45, 3, 17, 21, 42, 7, 2, 23, 30, 16, 29, 50, 20, 39, 40, 48, 44, 46, 36, 35, 34, 32, 18, 31, 22]

Individual 23:
  Route length: 9376
  Contribution to Diversity: 7.731652389519894e-05
  Route: [1, 38, 37, 49, 6, 15, 5, 24, 25, 36, 35, 34, 32, 45, 19, 41, 8, 9, 10, 43, 33, 51, 11, 52, 14, 13, 47, 26, 27, 28, 12, 4, 44, 46, 48, 40, 39, 20, 50, 29, 16, 30, 23, 2, 7, 42, 21, 17, 3, 18, 31, 22]

Individual 24:
  Route length: 9406
  Contribution to Diversity: 0.0003863350169819313
  Route: [1, 10, 9, 19, 41, 8, 49, 45, 39, 36, 35, 34, 44, 46, 16, 29, 50, 20, 31, 18, 3, 17, 21, 42, 7, 2, 30, 23, 32, 38, 37, 40, 48, 24, 5, 15, 6, 4, 25, 12, 28, 27, 26, 47, 13, 14, 52, 11, 51, 33, 43, 22]

Individual 25:
  Route length: 9331
  Contribution to Diversity: 0.00012100917589652482
  Route: [3, 45, 19, 41, 8, 9, 10, 43, 33, 51, 11, 52, 14, 13, 47, 26, 27, 28, 12, 25, 15, 6, 4, 40, 39, 36, 35, 34, 44, 24, 29, 50, 20, 16, 46, 5, 37, 38, 48, 32, 49, 1, 30, 2, 7, 42, 21, 17, 23, 18, 31, 22]

Individual 26:
  Route length: 9384
  Contribution to Diversity: 0.000177573416165977
  Route: [34, 49, 32, 45, 19, 41, 8, 9, 10, 43, 33, 51, 11, 52, 14, 13, 47, 26, 27, 28, 12, 25, 4, 6, 15, 40, 24, 36, 38, 37, 5, 48, 44, 46, 16, 39, 35, 31, 3, 17, 21, 18, 1, 29, 50, 20, 23, 30, 2, 7, 42, 22]

Individual 27:
  Route length: 9361
  Contribution to Diversity: 0.0004806606157732318
  Route: [1, 5, 15, 6, 40, 34, 39, 4, 25, 12, 28, 27, 26, 47, 13, 14, 52, 11, 51, 33, 43, 10, 9, 8, 41, 19, 45, 36, 44, 46, 16, 29, 50, 20, 23, 30, 2, 7, 42, 21, 17, 32, 38, 48, 24, 49, 35, 37, 31, 18, 3, 22]

Individual 28:
  Route length: 9415
  Contribution to Diversity: 0.00036975935773408963
  Route: [37, 40, 39, 36, 35, 46, 16, 29, 50, 23, 20, 7, 2, 42, 21, 17, 3, 18, 31, 8, 41, 9, 10, 43, 33, 51, 11, 52, 14, 13, 47, 26, 27, 28, 12, 25, 4, 6, 15, 5, 24, 48, 38, 44, 34, 30, 1, 49, 32, 45, 19, 22]

Individual 29:
  Route length: 9406
  Contribution to Diversity: 0.0008181202518962039
  Route: [45, 32, 49, 1, 41, 19, 8, 9, 10, 43, 33, 51, 11, 52, 14, 13, 47, 26, 27, 28, 12, 25, 4, 44, 40, 39, 37, 48, 24, 5, 15, 6, 38, 23, 34, 36, 35, 46, 29, 50, 20, 16, 30, 2, 7, 42, 21, 17, 3, 18, 31, 22]

Individual 30:
  Route length: 9393
  Contribution to Diversity: 0.000528872554831139
  Route: [1, 32, 49, 46, 15, 5, 24, 48, 38, 37, 16, 45, 44, 34, 35, 36, 39, 40, 6, 4, 25, 28, 12, 27, 26, 47, 13, 14, 52, 11, 51, 33, 43, 10, 9, 8, 41, 19, 20, 50, 29, 23, 30, 2, 7, 42, 21, 17, 3, 18, 31, 22]

Individual 31:
  Route length: 9328
  Contribution to Diversity: 0.0006842889548632769
  Route: [1, 49, 32, 45, 19, 41, 8, 9, 10, 43, 33, 51, 13, 14, 52, 11, 47, 26, 27, 28, 12, 48, 38, 37, 24, 5, 15, 6, 4, 25, 16, 29, 50, 20, 23, 30, 2, 7, 42, 21, 17, 3, 35, 34, 44, 36, 39, 40, 46, 18, 31, 22]

Individual 32:
  Route length: 9412
  Contribution to Diversity: 0.0006675008073528943
  Route: [1, 17, 3, 45, 19, 41, 8, 9, 10, 43, 33, 51, 11, 52, 14, 13, 47, 26, 27, 28, 12, 25, 4, 6, 15, 5, 46, 49, 32, 37, 38, 48, 29, 50, 20, 16, 36, 35, 34, 44, 24, 39, 40, 31, 18, 23, 30, 2, 7, 42, 21, 22]

Individual 33:
  Route length: 9417
  Contribution to Diversity: 0.0014667999718991354
  Route: [1, 49, 32, 18, 3, 17, 21, 42, 7, 2, 30, 23, 20, 50, 29, 16, 46, 24, 44, 37, 38, 48, 8, 41, 19, 45, 9, 10, 33, 51, 11, 52, 14, 13, 47, 26, 27, 28, 12, 25, 43, 5, 40, 39, 36, 15, 6, 4, 35, 34, 31, 22]

Individual 34:
  Route length: 9205
  Contribution to Diversity: 0.0003612857553543236
  Route: [1, 17, 3, 45, 19, 41, 8, 9, 10, 43, 33, 51, 11, 52, 14, 13, 47, 26, 27, 28, 12, 25, 4, 6, 5, 15, 49, 32, 48, 38, 46, 39, 40, 37, 24, 44, 34, 35, 36, 16, 20, 50, 29, 31, 18, 23, 30, 2, 7, 42, 21, 22]

Individual 35:
  Route length: 9309
  Contribution to Diversity: 0.00018346463162277615
  Route: [1, 38, 37, 49, 6, 15, 24, 5, 40, 48, 44, 46, 36, 35, 34, 32, 45, 19, 41, 8, 9, 10, 43, 33, 51, 11, 52, 14, 13, 47, 26, 27, 28, 12, 4, 25, 39, 20, 50, 29, 16, 30, 23, 2, 7, 42, 21, 17, 3, 18, 31, 22]

Individual 36:
  Route length: 9350
  Contribution to Diversity: 0.00048090357988694876
  Route: [1, 37, 35, 49, 45, 19, 41, 8, 9, 10, 43, 33, 51, 11, 52, 14, 13, 47, 26, 27, 28, 12, 25, 4, 6, 15, 5, 24, 48, 38, 32, 17, 21, 42, 7, 2, 30, 44, 46, 29, 16, 34, 39, 40, 36, 23, 20, 50, 3, 18, 31, 22]

Individual 37:
  Route length: 9411
  Contribution to Diversity: 0.0006604029589478699
  Route: [1, 32, 8, 41, 19, 9, 10, 40, 49, 24, 48, 38, 37, 39, 36, 35, 45, 31, 18, 3, 17, 21, 42, 7, 2, 30, 23, 20, 50, 29, 16, 46, 44, 34, 6, 15, 5, 4, 25, 12, 28, 27, 26, 47, 13, 14, 52, 11, 51, 33, 43, 22]

Individual 38:
  Route length: 9289
  Contribution to Diversity: 0.0005409217270546662
  Route: [1, 17, 3, 45, 19, 41, 8, 9, 10, 43, 33, 51, 11, 52, 14, 13, 47, 26, 27, 28, 12, 25, 4, 6, 15, 5, 46, 49, 32, 48, 38, 35, 34, 44, 24, 39, 40, 37, 36, 16, 20, 50, 29, 31, 18, 23, 30, 2, 7, 42, 21, 22]

Individual 39:
  Route length: 9371
  Contribution to Diversity: 0.00029454267147599467
  Route: [3, 17, 21, 42, 7, 2, 30, 23, 20, 50, 29, 16, 49, 1, 37, 38, 48, 4, 34, 5, 15, 40, 46, 44, 6, 24, 36, 32, 45, 19, 41, 8, 9, 10, 43, 33, 51, 11, 52, 14, 13, 47, 26, 27, 28, 12, 25, 39, 35, 18, 31, 22]

Individual 40:
  Route length: 9291
  Contribution to Diversity: 1.6968042290343988e-05
  Route: [1, 49, 5, 15, 6, 4, 25, 12, 28, 27, 26, 47, 13, 14, 52, 11, 51, 33, 43, 10, 9, 8, 41, 39, 40, 35, 34, 32, 45, 19, 24, 48, 38, 37, 36, 44, 46, 30, 16, 29, 50, 20, 23, 2, 7, 42, 21, 17, 3, 18, 31, 22]

Individual 41:
  Route length: 9223
  Contribution to Diversity: 0.0008945891102190018
  Route: [1, 32, 49, 10, 9, 8, 41, 19, 45, 23, 20, 50, 29, 16, 4, 43, 33, 51, 11, 52, 14, 13, 47, 26, 27, 12, 28, 25, 46, 6, 15, 5, 24, 48, 38, 37, 40, 39, 36, 35, 34, 44, 42, 7, 2, 30, 21, 17, 3, 18, 31, 22]

Individual 42:
  Route length: 9392
  Contribution to Diversity: 0.0011800823987124787
  Route: [37, 40, 39, 36, 35, 31, 18, 3, 17, 21, 42, 2, 7, 20, 23, 50, 29, 16, 46, 32, 49, 1, 30, 34, 44, 38, 48, 24, 5, 15, 6, 4, 25, 12, 28, 27, 26, 47, 13, 14, 52, 11, 51, 33, 43, 10, 9, 41, 8, 45, 19, 22]

Individual 43:
  Route length: 9327
  Contribution to Diversity: 0.000915040901221964
  Route: [35, 36, 39, 40, 37, 48, 38, 5, 24, 15, 6, 4, 25, 12, 28, 27, 26, 47, 13, 14, 52, 11, 51, 33, 43, 10, 9, 41, 8, 31, 30, 34, 44, 46, 16, 29, 50, 23, 20, 7, 2, 42, 21, 17, 3, 18, 49, 1, 32, 45, 19, 22]

Individual 44:
  Route length: 9349
  Contribution to Diversity: 7.020266012780496e-05
  Route: [34, 39, 35, 6, 15, 40, 24, 48, 38, 1, 49, 32, 45, 19, 41, 8, 9, 10, 43, 33, 51, 11, 52, 14, 13, 47, 26, 27, 28, 12, 25, 4, 36, 37, 5, 44, 46, 16, 29, 50, 20, 18, 21, 17, 3, 31, 23, 30, 2, 7, 42, 22]

Individual 45:
  Route length: 9414
  Contribution to Diversity: 0.0008164235850181001
  Route: [1, 36, 15, 6, 4, 38, 37, 40, 39, 49, 32, 18, 8, 41, 19, 45, 9, 10, 33, 51, 11, 52, 14, 13, 47, 26, 27, 28, 12, 25, 43, 5, 24, 48, 3, 17, 21, 42, 7, 2, 30, 23, 20, 50, 29, 16, 46, 44, 35, 34, 31, 22]

Individual 46:
  Route length: 9322
  Contribution to Diversity: 0.0003415061019822474
  Route: [1, 49, 38, 37, 40, 45, 12, 28, 27, 26, 47, 13, 14, 52, 11, 51, 33, 43, 10, 9, 8, 41, 19, 31, 18, 3, 17, 21, 42, 7, 2, 30, 23, 20, 50, 29, 39, 25, 4, 6, 15, 5, 24, 48, 44, 16, 46, 36, 35, 34, 32, 22]

Individual 47:
  Route length: 9344
  Contribution to Diversity: 0.00020225823875996696
  Route: [1, 36, 15, 6, 4, 32, 49, 39, 40, 37, 38, 48, 24, 5, 34, 35, 44, 46, 16, 29, 50, 20, 23, 30, 2, 7, 42, 21, 17, 3, 18, 8, 41, 19, 45, 9, 10, 33, 51, 11, 52, 14, 13, 47, 26, 27, 28, 12, 25, 43, 31, 22]

Individual 48:
  Route length: 9334
  Contribution to Diversity: 0.0002611171136459589
  Route: [1, 32, 49, 48, 24, 5, 39, 40, 15, 6, 4, 25, 12, 28, 13, 47, 26, 27, 14, 52, 11, 51, 33, 43, 10, 9, 8, 41, 19, 45, 16, 29, 50, 20, 23, 35, 36, 38, 37, 46, 34, 44, 42, 7, 2, 30, 21, 17, 3, 18, 31, 22]

Individual 49:
  Route length: 9334
  Contribution to Diversity: 0.0012586885940839565
  Route: [23, 20, 50, 36, 35, 34, 44, 46, 16, 29, 26, 27, 28, 12, 4, 25, 24, 5, 15, 6, 48, 38, 37, 40, 39, 47, 13, 14, 52, 11, 51, 33, 43, 10, 9, 8, 41, 45, 19, 32, 49, 1, 18, 3, 17, 21, 42, 7, 2, 30, 31, 22]

Individual 50:
  Route length: 9402
  Contribution to Diversity: 0.00028808045172468155
  Route: [34, 49, 45, 32, 19, 41, 8, 9, 10, 43, 33, 51, 11, 52, 14, 13, 47, 26, 27, 28, 12, 25, 4, 6, 15, 40, 24, 48, 5, 37, 38, 36, 35, 39, 16, 46, 44, 31, 3, 17, 21, 18, 1, 29, 50, 20, 23, 30, 2, 7, 42, 22]

Individual 51:
  Route length: 9407
  Contribution to Diversity: 0.00048510864847539636
  Route: [34, 39, 32, 49, 37, 5, 38, 48, 36, 35, 45, 19, 41, 8, 9, 10, 43, 33, 51, 11, 52, 14, 13, 47, 26, 27, 28, 12, 25, 4, 6, 15, 40, 24, 1, 31, 3, 17, 21, 18, 20, 50, 29, 16, 46, 44, 23, 30, 2, 7, 42, 22]

Individual 52:
  Route length: 9406
  Contribution to Diversity: 0.00014501628981911097
  Route: [1, 23, 46, 16, 29, 50, 20, 30, 2, 7, 42, 21, 17, 3, 18, 49, 40, 38, 37, 48, 34, 32, 45, 36, 35, 24, 5, 15, 6, 4, 25, 12, 28, 27, 26, 47, 13, 14, 52, 11, 51, 33, 43, 19, 41, 8, 9, 10, 39, 44, 31, 22]

Individual 53:
  Route length: 9359
  Contribution to Diversity: 0.00018002114644399825
  Route: [32, 45, 49, 1, 41, 19, 8, 9, 10, 43, 33, 51, 11, 52, 14, 13, 47, 26, 27, 28, 12, 25, 4, 6, 15, 5, 24, 48, 37, 39, 40, 44, 46, 35, 36, 34, 23, 38, 29, 50, 20, 16, 30, 2, 7, 42, 21, 17, 3, 18, 31, 22]

Individual 54:
  Route length: 9211
  Contribution to Diversity: 0.00024391124227118866
  Route: [20, 50, 29, 16, 46, 35, 49, 45, 19, 41, 8, 9, 10, 43, 33, 51, 11, 52, 14, 13, 47, 26, 27, 28, 12, 25, 48, 38, 37, 40, 39, 36, 34, 1, 32, 44, 6, 5, 24, 4, 15, 21, 42, 7, 2, 30, 23, 18, 3, 17, 31, 22]

Individual 55:
  Route length: 9405
  Contribution to Diversity: 0.0007337964134723762
  Route: [1, 32, 37, 24, 39, 40, 46, 5, 38, 48, 44, 34, 35, 36, 49, 45, 19, 41, 8, 9, 10, 43, 33, 51, 11, 52, 14, 13, 47, 26, 27, 12, 28, 25, 4, 6, 15, 23, 30, 2, 7, 42, 21, 20, 50, 29, 16, 17, 3, 18, 31, 22]

Individual 56:
  Route length: 9219
  Contribution to Diversity: 0.00024082929405722098
  Route: [1, 40, 48, 24, 5, 15, 6, 4, 25, 12, 28, 27, 26, 47, 13, 14, 52, 11, 51, 33, 43, 10, 9, 8, 41, 19, 45, 32, 34, 49, 37, 38, 39, 20, 50, 29, 31, 18, 3, 17, 21, 42, 7, 2, 23, 30, 16, 35, 36, 46, 44, 22]

Individual 57:
  Route length: 9247
  Contribution to Diversity: 0.0004524707859809851
  Route: [49, 35, 46, 16, 29, 50, 20, 34, 36, 39, 40, 37, 38, 48, 25, 12, 28, 27, 26, 47, 13, 14, 52, 11, 51, 33, 43, 10, 9, 8, 41, 19, 45, 1, 32, 44, 6, 5, 24, 4, 15, 21, 42, 7, 2, 30, 23, 18, 3, 17, 31, 22]

Individual 58:
  Route length: 9288
  Contribution to Diversity: 0.0015277196611434007
  Route: [49, 35, 46, 16, 29, 50, 20, 34, 36, 39, 40, 37, 38, 48, 15, 4, 24, 5, 6, 44, 32, 1, 45, 19, 41, 8, 9, 10, 43, 33, 51, 11, 52, 14, 13, 47, 26, 27, 28, 12, 25, 31, 17, 3, 18, 23, 30, 2, 7, 42, 21, 22]

Individual 59:
  Route length: 9384
  Contribution to Diversity: 0.00046321823136175055
  Route: [1, 49, 32, 45, 19, 5, 25, 4, 6, 15, 40, 39, 34, 35, 36, 46, 24, 44, 16, 29, 50, 20, 23, 30, 2, 7, 42, 21, 17, 3, 8, 9, 10, 43, 33, 51, 11, 52, 14, 13, 47, 26, 27, 28, 12, 37, 48, 38, 41, 18, 31, 22]

Individual 60:
  Route length: 9344
  Contribution to Diversity: 0.00018889114469011759
  Route: [34, 44, 46, 16, 29, 50, 20, 23, 30, 2, 7, 42, 21, 17, 38, 36, 39, 40, 37, 35, 49, 32, 24, 6, 15, 5, 25, 4, 12, 28, 27, 26, 47, 13, 14, 52, 11, 51, 33, 43, 10, 9, 8, 41, 19, 45, 48, 1, 3, 18, 31, 22]

Individual 61:
  Route length: 9295
  Contribution to Diversity: 0.0003260572350045621
  Route: [20, 50, 29, 16, 46, 35, 36, 32, 49, 45, 19, 41, 8, 9, 10, 43, 33, 51, 11, 52, 14, 13, 47, 26, 27, 28, 12, 25, 48, 38, 37, 40, 39, 1, 34, 44, 6, 15, 4, 24, 5, 21, 42, 7, 2, 17, 3, 18, 23, 30, 31, 22]

Individual 62:
  Route length: 9321
  Contribution to Diversity: 0.0001254972741024929
  Route: [1, 49, 9, 8, 41, 19, 43, 33, 51, 11, 52, 14, 13, 47, 26, 27, 28, 12, 25, 5, 48, 38, 46, 44, 34, 35, 36, 39, 37, 40, 32, 45, 10, 4, 6, 15, 24, 16, 29, 50, 20, 23, 30, 2, 7, 42, 21, 17, 3, 18, 31, 22]

Individual 63:
  Route length: 9417
  Contribution to Diversity: 0.000252742059452693
  Route: [34, 39, 5, 37, 36, 35, 44, 46, 16, 29, 50, 20, 15, 40, 24, 48, 38, 6, 4, 25, 12, 28, 27, 26, 47, 13, 14, 52, 11, 51, 33, 43, 10, 9, 8, 41, 19, 45, 32, 49, 23, 1, 21, 17, 3, 31, 18, 30, 2, 7, 42, 22]

Individual 64:
  Route length: 9408
  Contribution to Diversity: 0.0005213339810996587
  Route: [35, 49, 1, 16, 46, 44, 34, 3, 18, 31, 17, 21, 42, 7, 2, 30, 23, 20, 36, 38, 48, 24, 39, 40, 37, 29, 50, 5, 6, 15, 4, 25, 12, 28, 27, 26, 47, 13, 14, 52, 11, 51, 33, 43, 10, 9, 8, 41, 19, 45, 32, 22]

Individual 65:
  Route length: 9312
  Contribution to Diversity: 0.0011949526388370657
  Route: [29, 50, 20, 16, 36, 37, 40, 39, 24, 44, 34, 35, 38, 48, 32, 49, 46, 5, 15, 6, 4, 25, 12, 28, 27, 26, 47, 13, 14, 52, 11, 51, 33, 43, 10, 9, 8, 41, 19, 45, 3, 17, 1, 18, 31, 23, 30, 2, 7, 42, 21, 22]

Individual 66:
  Route length: 9392
  Contribution to Diversity: 0.00015756782011955295
  Route: [1, 49, 40, 19, 45, 39, 44, 38, 37, 48, 36, 35, 24, 4, 25, 12, 28, 27, 26, 47, 13, 14, 52, 11, 51, 33, 43, 10, 9, 8, 41, 5, 15, 6, 34, 32, 46, 16, 29, 50, 20, 23, 30, 2, 7, 42, 21, 17, 3, 18, 31, 22]

Individual 67:
  Route length: 9394
  Contribution to Diversity: 0.00020504278070276882
  Route: [1, 49, 40, 38, 37, 5, 15, 6, 35, 36, 48, 44, 46, 16, 29, 50, 20, 25, 4, 12, 28, 27, 26, 47, 13, 14, 52, 11, 51, 33, 43, 10, 9, 8, 41, 19, 45, 39, 24, 34, 32, 17, 21, 42, 7, 2, 30, 23, 3, 18, 31, 22]

Individual 68:
  Route length: 9418
  Contribution to Diversity: 0.0003745535936454658
  Route: [34, 39, 49, 32, 45, 19, 41, 8, 9, 10, 33, 43, 48, 24, 40, 15, 6, 4, 25, 12, 28, 27, 26, 47, 13, 14, 52, 11, 51, 37, 5, 38, 36, 35, 44, 46, 16, 29, 50, 20, 18, 21, 17, 3, 31, 1, 23, 30, 2, 7, 42, 22]

Individual 69:
  Route length: 9424
  Contribution to Diversity: 0.0003060250162230105
  Route: [32, 49, 4, 6, 15, 16, 46, 44, 34, 45, 19, 41, 8, 9, 10, 43, 33, 51, 11, 52, 14, 13, 47, 26, 27, 28, 12, 25, 1, 35, 40, 39, 36, 37, 38, 48, 24, 5, 18, 3, 17, 21, 42, 7, 2, 30, 23, 20, 50, 29, 31, 22]

Individual 70:
  Route length: 9413
  Contribution to Diversity: 0.0005237727940894388
  Route: [1, 35, 34, 32, 45, 19, 41, 8, 9, 33, 51, 11, 52, 14, 13, 47, 26, 27, 28, 12, 25, 4, 6, 24, 5, 15, 10, 43, 37, 38, 40, 36, 39, 49, 50, 29, 16, 46, 44, 48, 20, 23, 30, 2, 7, 42, 21, 17, 3, 18, 31, 22]

Individual 71:
  Route length: 9392
  Contribution to Diversity: 0.0009700554390539295
  Route: [1, 5, 15, 6, 40, 37, 16, 29, 50, 20, 23, 30, 2, 7, 42, 21, 17, 32, 8, 9, 10, 43, 33, 51, 11, 52, 14, 13, 47, 26, 27, 28, 12, 25, 4, 39, 35, 49, 24, 48, 38, 34, 46, 44, 36, 45, 19, 41, 3, 18, 31, 22]

Individual 72:
  Route length: 9361
  Contribution to Diversity: 0.0005363938278746261
  Route: [34, 35, 36, 39, 40, 24, 48, 12, 28, 27, 26, 47, 13, 14, 52, 11, 51, 33, 43, 10, 9, 8, 41, 37, 38, 5, 15, 6, 4, 25, 44, 46, 30, 16, 29, 50, 20, 23, 2, 7, 42, 21, 17, 3, 18, 31, 1, 49, 19, 45, 32, 22]

Individual 73:
  Route length: 9391
  Contribution to Diversity: 0
  Route: [34, 39, 12, 28, 27, 26, 47, 13, 14, 52, 11, 51, 33, 43, 10, 9, 8, 41, 19, 45, 32, 49, 24, 48, 37, 5, 6, 4, 25, 40, 15, 38, 36, 35, 44, 46, 16, 29, 50, 20, 18, 21, 17, 3, 31, 1, 23, 30, 2, 7, 42, 22]

Individual 74:
  Route length: 9385
  Contribution to Diversity: 0
  Route: [1, 49, 40, 38, 37, 48, 34, 32, 24, 35, 36, 45, 10, 9, 8, 41, 19, 21, 42, 7, 2, 30, 23, 20, 50, 29, 16, 46, 44, 39, 5, 15, 6, 4, 25, 12, 28, 27, 26, 47, 13, 14, 52, 11, 51, 33, 43, 18, 3, 17, 31, 22]

Individual 75:
  Route length: 9378
  Contribution to Diversity: 0.0009094155682038974
  Route: [3, 17, 21, 42, 7, 2, 30, 23, 20, 50, 29, 16, 5, 44, 46, 40, 37, 38, 48, 24, 6, 1, 49, 39, 36, 32, 45, 19, 41, 8, 9, 10, 43, 33, 51, 11, 52, 14, 13, 47, 26, 27, 28, 12, 25, 34, 4, 15, 35, 18, 31, 22]

Individual 76:
  Route length: 9392
  Contribution to Diversity: 0.0008159830511917932
  Route: [36, 34, 20, 50, 29, 16, 46, 35, 49, 39, 40, 37, 38, 48, 25, 12, 28, 27, 26, 47, 13, 14, 52, 11, 51, 33, 43, 10, 9, 8, 41, 19, 45, 1, 32, 44, 6, 5, 24, 4, 15, 21, 42, 7, 2, 30, 23, 18, 3, 17, 31, 22]

Individual 77:
  Route length: 9410
  Contribution to Diversity: 0.0009404988532830671
  Route: [34, 39, 35, 36, 38, 37, 5, 48, 4, 6, 15, 40, 24, 25, 12, 28, 27, 26, 47, 13, 14, 52, 11, 51, 33, 43, 45, 19, 41, 8, 9, 10, 17, 21, 18, 1, 49, 32, 3, 31, 44, 46, 16, 29, 50, 20, 23, 30, 2, 7, 42, 22]

Individual 78:
  Route length: 9353
  Contribution to Diversity: 0
  Route: [34, 39, 49, 32, 45, 19, 41, 8, 9, 10, 43, 33, 51, 11, 52, 14, 13, 47, 26, 27, 28, 12, 25, 38, 5, 37, 48, 24, 40, 15, 6, 4, 31, 3, 17, 21, 18, 20, 50, 29, 16, 46, 44, 35, 36, 1, 23, 30, 2, 7, 42, 22]

Individual 79:
  Route length: 9329
  Contribution to Diversity: 0.0006048281037873693
  Route: [3, 17, 21, 42, 7, 2, 30, 23, 20, 50, 29, 46, 6, 15, 44, 49, 1, 16, 4, 25, 24, 48, 38, 37, 40, 34, 5, 12, 28, 27, 26, 47, 13, 14, 52, 11, 51, 33, 43, 10, 9, 8, 41, 19, 45, 32, 36, 39, 35, 18, 31, 22]

Individual 80:
  Route length: 9143
  Contribution to Diversity: 0
  Route: [1, 49, 40, 38, 37, 48, 34, 32, 45, 10, 9, 8, 41, 19, 43, 33, 51, 11, 52, 14, 13, 47, 26, 27, 28, 25, 12, 15, 6, 4, 5, 24, 35, 36, 46, 44, 39, 16, 29, 50, 20, 23, 30, 2, 7, 42, 21, 17, 3, 18, 31, 22]

Individual 81:
  Route length: 9406
  Contribution to Diversity: 0.00030066232397896187
  Route: [1, 37, 38, 25, 4, 6, 24, 48, 46, 16, 29, 50, 20, 23, 30, 2, 7, 42, 21, 17, 3, 18, 31, 49, 32, 36, 39, 40, 10, 9, 8, 41, 19, 45, 34, 43, 33, 51, 11, 52, 14, 13, 47, 26, 27, 28, 12, 44, 15, 5, 35, 22]

Individual 82:
  Route length: 9337
  Contribution to Diversity: 0.00047349490843906494
  Route: [16, 46, 44, 34, 24, 40, 39, 38, 37, 32, 45, 19, 41, 8, 9, 10, 48, 35, 36, 4, 25, 12, 28, 27, 26, 47, 13, 14, 52, 11, 51, 33, 43, 6, 15, 5, 49, 1, 29, 50, 20, 23, 30, 2, 7, 42, 21, 17, 3, 18, 31, 22]

Individual 83:
  Route length: 9253
  Contribution to Diversity: 0.0006070262351141054
  Route: [20, 50, 29, 16, 46, 35, 44, 32, 1, 34, 36, 39, 40, 37, 38, 48, 25, 12, 28, 27, 26, 47, 13, 14, 52, 11, 51, 33, 43, 10, 9, 8, 41, 19, 45, 49, 15, 4, 24, 5, 6, 21, 42, 7, 2, 30, 23, 18, 3, 17, 31, 22]

Individual 84:
  Route length: 9309
  Contribution to Diversity: 0
  Route: [17, 21, 42, 7, 2, 30, 23, 20, 50, 16, 29, 24, 48, 38, 37, 40, 39, 1, 49, 32, 45, 19, 41, 8, 9, 10, 15, 6, 36, 35, 34, 44, 46, 4, 25, 12, 28, 27, 26, 47, 13, 14, 52, 11, 51, 33, 43, 5, 3, 18, 31, 22]

Individual 85:
  Route length: 9417
  Contribution to Diversity: 0
  Route: [1, 23, 20, 50, 29, 16, 46, 19, 41, 8, 9, 10, 43, 33, 51, 11, 52, 14, 13, 47, 26, 27, 28, 12, 25, 4, 6, 15, 5, 24, 35, 34, 45, 32, 49, 39, 40, 37, 38, 48, 3, 17, 21, 42, 7, 2, 30, 36, 44, 18, 31, 22]

Individual 86:
  Route length: 9381
  Contribution to Diversity: 0
  Route: [17, 21, 42, 7, 2, 30, 23, 20, 50, 29, 16, 15, 10, 9, 8, 41, 19, 45, 32, 49, 1, 39, 6, 24, 48, 38, 37, 40, 44, 34, 35, 36, 46, 4, 25, 12, 28, 27, 26, 47, 13, 14, 52, 11, 51, 33, 43, 5, 3, 18, 31, 22]

Individual 87:
  Route length: 8983
  Contribution to Diversity: 0
  Route: [1, 49, 40, 38, 44, 48, 35, 36, 39, 34, 32, 45, 19, 41, 8, 9, 10, 43, 33, 51, 11, 52, 14, 13, 47, 26, 27, 28, 12, 4, 25, 20, 50, 29, 16, 46, 37, 6, 15, 5, 24, 23, 30, 2, 7, 42, 21, 17, 3, 18, 31, 22]

Individual 88:
  Route length: 9411
  Contribution to Diversity: 0.00033425524803387674
  Route: [34, 39, 49, 32, 45, 5, 6, 4, 25, 12, 28, 27, 26, 47, 13, 14, 52, 11, 51, 33, 43, 10, 9, 8, 41, 19, 37, 48, 24, 40, 15, 38, 36, 35, 44, 46, 16, 29, 50, 20, 18, 21, 17, 3, 31, 1, 23, 30, 2, 7, 42, 22]

Individual 89:
  Route length: 9317
  Contribution to Diversity: 0.00017031752929064226
  Route: [1, 35, 49, 25, 12, 28, 27, 26, 47, 13, 14, 52, 11, 51, 33, 43, 10, 9, 8, 41, 19, 45, 32, 38, 48, 24, 5, 15, 6, 4, 37, 40, 44, 46, 29, 16, 34, 39, 36, 21, 17, 42, 7, 2, 30, 23, 20, 50, 3, 18, 31, 22]

Individual 90:
  Route length: 9418
  Contribution to Diversity: 0.0011099266707246258
  Route: [3, 45, 19, 41, 8, 9, 10, 43, 33, 51, 11, 52, 14, 13, 47, 26, 27, 28, 12, 25, 15, 6, 4, 40, 46, 16, 20, 50, 29, 24, 44, 34, 35, 36, 39, 48, 38, 37, 5, 32, 49, 1, 30, 2, 7, 42, 21, 17, 23, 18, 31, 22]

Individual 91:
  Route length: 9297
  Contribution to Diversity: 0
  Route: [44, 46, 16, 29, 50, 20, 23, 1, 24, 5, 15, 6, 4, 25, 12, 28, 27, 26, 47, 13, 14, 52, 11, 51, 33, 43, 19, 41, 8, 9, 10, 39, 35, 36, 45, 32, 34, 48, 37, 38, 40, 49, 18, 3, 17, 21, 42, 7, 2, 30, 31, 22]

Individual 92:
  Route length: 9330
  Contribution to Diversity: 0
  Route: [17, 18, 3, 5, 43, 33, 51, 11, 52, 14, 13, 47, 26, 27, 28, 12, 25, 4, 46, 44, 34, 35, 36, 6, 24, 48, 38, 37, 40, 39, 1, 49, 32, 45, 19, 41, 8, 9, 10, 15, 16, 29, 50, 20, 23, 30, 2, 7, 42, 21, 31, 22]

Individual 93:
  Route length: 9362
  Contribution to Diversity: 0.0003083765822671225
  Route: [3, 17, 21, 42, 7, 2, 30, 23, 20, 50, 29, 16, 49, 1, 39, 25, 12, 28, 27, 26, 47, 13, 14, 52, 11, 51, 33, 43, 10, 9, 8, 41, 19, 45, 32, 36, 24, 6, 44, 46, 40, 15, 5, 34, 4, 48, 38, 37, 35, 18, 31, 22]

Individual 94:
  Route length: 9142
  Contribution to Diversity: 0
  Route: [48, 37, 38, 40, 49, 1, 31, 18, 3, 17, 21, 42, 7, 2, 30, 23, 20, 50, 29, 16, 46, 44, 39, 5, 15, 6, 4, 25, 12, 28, 27, 26, 47, 13, 14, 52, 11, 51, 33, 43, 19, 41, 8, 9, 10, 45, 36, 35, 24, 32, 34, 22]

Individual 95:
  Route length: 9352
  Contribution to Diversity: 0.0004587950286589759
  Route: [34, 39, 20, 50, 46, 44, 35, 36, 37, 5, 38, 48, 24, 40, 15, 6, 4, 25, 12, 28, 27, 26, 47, 13, 14, 52, 11, 51, 33, 43, 10, 9, 8, 41, 19, 45, 32, 49, 16, 29, 42, 7, 2, 30, 18, 31, 3, 17, 21, 1, 23, 22]

Individual 96:
  Route length: 9376
  Contribution to Diversity: 0.00023387801348828674
  Route: [3, 17, 21, 42, 7, 2, 30, 23, 20, 50, 29, 16, 34, 4, 48, 38, 37, 1, 49, 25, 12, 28, 27, 26, 47, 13, 14, 52, 11, 51, 33, 43, 10, 9, 8, 41, 19, 45, 32, 36, 24, 6, 44, 46, 40, 15, 5, 39, 35, 18, 31, 22]

Individual 97:
  Route length: 9344
  Contribution to Diversity: 0.00037882210088202584
  Route: [1, 35, 49, 25, 12, 28, 27, 26, 47, 13, 14, 52, 11, 51, 33, 43, 10, 9, 8, 41, 19, 45, 32, 38, 5, 24, 48, 4, 6, 15, 37, 40, 44, 46, 29, 16, 34, 39, 36, 21, 17, 42, 7, 2, 30, 23, 20, 50, 3, 18, 31, 22]

Individual 98:
  Route length: 9341
  Contribution to Diversity: 0.0007381737872576011
  Route: [1, 32, 49, 36, 35, 34, 44, 46, 5, 38, 48, 24, 39, 40, 37, 23, 15, 6, 4, 25, 28, 12, 27, 26, 47, 13, 14, 52, 11, 51, 33, 43, 10, 9, 8, 41, 19, 45, 21, 42, 7, 2, 30, 20, 50, 29, 16, 17, 3, 18, 31, 22]

Individual 99:
  Route length: 9235
  Contribution to Diversity: 0
  Route: [1, 49, 40, 38, 30, 23, 20, 50, 29, 16, 46, 48, 37, 44, 39, 36, 35, 24, 5, 15, 32, 45, 19, 41, 8, 9, 10, 43, 33, 51, 11, 52, 14, 13, 47, 26, 27, 28, 12, 25, 4, 6, 34, 2, 7, 42, 21, 17, 3, 18, 31, 22]

Individual 100:
  Route length: 9420
  Contribution to Diversity: 0.0010080910081962102
  Route: [1, 49, 32, 28, 12, 27, 26, 47, 13, 14, 52, 11, 51, 33, 43, 10, 9, 8, 41, 19, 45, 38, 48, 24, 5, 6, 4, 25, 15, 46, 44, 34, 3, 36, 35, 39, 40, 37, 16, 29, 50, 20, 23, 30, 2, 7, 42, 21, 17, 31, 18, 22]

Individual 101:
  Route length: 9134
  Contribution to Diversity: 0
  Route: [1, 49, 38, 40, 39, 36, 34, 32, 45, 19, 41, 8, 9, 10, 43, 33, 51, 11, 52, 14, 13, 47, 26, 27, 28, 12, 25, 4, 6, 48, 30, 23, 20, 50, 29, 16, 46, 37, 44, 15, 5, 24, 35, 42, 7, 2, 21, 17, 3, 18, 31, 22]

Individual 102:
  Route length: 9305
  Contribution to Diversity: 0.00014260861538417657
  Route: [49, 1, 48, 38, 29, 50, 20, 16, 46, 44, 24, 4, 25, 12, 28, 27, 26, 47, 13, 14, 52, 11, 51, 33, 43, 10, 9, 8, 41, 19, 45, 3, 17, 21, 42, 7, 2, 30, 34, 35, 36, 39, 40, 37, 6, 5, 15, 32, 23, 18, 31, 22]

Individual 103:
  Route length: 9426
  Contribution to Diversity: 0.0005869760153602854
  Route: [34, 39, 35, 37, 5, 48, 24, 40, 15, 6, 38, 36, 16, 29, 46, 44, 31, 3, 17, 21, 18, 1, 49, 32, 45, 19, 41, 8, 9, 10, 43, 33, 51, 11, 52, 14, 13, 47, 26, 27, 28, 12, 25, 4, 50, 20, 23, 30, 2, 7, 42, 22]

Individual 104:
  Route length: 9018
  Contribution to Diversity: 0
  Route: [34, 39, 15, 40, 24, 48, 37, 5, 6, 4, 25, 12, 28, 27, 26, 47, 13, 14, 52, 11, 51, 33, 43, 10, 9, 8, 41, 19, 45, 32, 49, 44, 35, 36, 38, 46, 16, 29, 50, 20, 18, 21, 17, 3, 31, 1, 23, 30, 2, 7, 42, 22]

Individual 105:
  Route length: 9388
  Contribution to Diversity: 0
  Route: [1, 49, 40, 38, 5, 24, 35, 36, 45, 32, 34, 48, 37, 39, 10, 9, 8, 41, 19, 43, 33, 51, 11, 52, 14, 13, 47, 26, 27, 28, 25, 12, 15, 6, 4, 44, 46, 16, 29, 50, 20, 23, 30, 2, 7, 42, 21, 17, 3, 18, 31, 22]

Individual 106:
  Route length: 9397
  Contribution to Diversity: 0
  Route: [40, 38, 37, 5, 46, 16, 29, 50, 49, 1, 32, 45, 19, 41, 8, 9, 10, 43, 39, 36, 34, 35, 33, 51, 11, 52, 14, 13, 47, 26, 27, 28, 12, 25, 4, 6, 15, 44, 48, 24, 20, 23, 30, 2, 7, 42, 21, 17, 3, 18, 31, 22]

Individual 107:
  Route length: 9167
  Contribution to Diversity: 0.00046458090684620146
  Route: [1, 32, 49, 45, 19, 41, 8, 9, 10, 43, 33, 51, 11, 52, 14, 13, 47, 26, 27, 28, 12, 5, 15, 6, 4, 25, 24, 48, 37, 38, 36, 29, 50, 23, 20, 16, 40, 39, 46, 35, 34, 44, 42, 7, 2, 30, 21, 17, 3, 18, 31, 22]

Individual 108:
  Route length: 9155
  Contribution to Diversity: 0.0009578233398723768
  Route: [36, 35, 46, 16, 29, 50, 20, 44, 34, 1, 32, 49, 45, 19, 41, 8, 9, 10, 43, 33, 51, 11, 52, 14, 13, 47, 26, 27, 28, 12, 25, 48, 38, 37, 40, 39, 6, 15, 4, 24, 5, 21, 42, 7, 2, 17, 3, 18, 23, 30, 31, 22]

Individual 109:
  Route length: 9408
  Contribution to Diversity: 0
  Route: [17, 21, 42, 7, 2, 30, 23, 20, 50, 16, 29, 24, 48, 38, 15, 10, 9, 8, 41, 19, 45, 32, 49, 1, 39, 40, 37, 5, 43, 33, 51, 11, 52, 14, 13, 47, 26, 27, 28, 12, 25, 4, 46, 44, 34, 35, 36, 6, 3, 18, 31, 22]

Individual 110:
  Route length: 9406
  Contribution to Diversity: 0.00031565078178807937
  Route: [1, 37, 38, 25, 4, 6, 24, 48, 40, 39, 36, 32, 49, 31, 18, 3, 17, 21, 42, 7, 2, 30, 23, 20, 50, 29, 16, 46, 5, 15, 44, 12, 28, 27, 26, 47, 13, 14, 52, 11, 51, 33, 43, 34, 45, 19, 41, 8, 9, 10, 35, 22]

Individual 111:
  Route length: 9250
  Contribution to Diversity: 0
  Route: [48, 37, 38, 40, 49, 1, 31, 18, 3, 17, 21, 42, 7, 2, 30, 23, 20, 50, 29, 16, 46, 44, 39, 5, 15, 6, 35, 36, 45, 10, 9, 8, 41, 19, 43, 33, 51, 11, 52, 14, 13, 47, 26, 27, 28, 12, 25, 4, 24, 32, 34, 22]

Individual 112:
  Route length: 9317
  Contribution to Diversity: 0.0005488108582492046
  Route: [1, 35, 49, 16, 29, 46, 44, 40, 37, 15, 6, 4, 48, 24, 5, 38, 32, 45, 19, 41, 8, 9, 10, 43, 33, 51, 11, 52, 14, 13, 47, 26, 27, 28, 12, 25, 34, 39, 36, 21, 17, 42, 7, 2, 30, 23, 20, 50, 3, 18, 31, 22]

Individual 113:
  Route length: 9277
  Contribution to Diversity: 0
  Route: [34, 16, 29, 50, 20, 39, 36, 35, 44, 46, 37, 5, 38, 48, 24, 40, 15, 6, 4, 25, 12, 28, 27, 26, 47, 13, 14, 52, 11, 51, 33, 43, 10, 9, 8, 41, 19, 45, 32, 49, 23, 1, 21, 17, 3, 31, 18, 30, 2, 7, 42, 22]

Individual 114:
  Route length: 9424
  Contribution to Diversity: 0
  Route: [1, 49, 40, 38, 37, 46, 16, 29, 50, 20, 23, 30, 48, 6, 36, 34, 32, 45, 19, 41, 8, 9, 10, 43, 33, 51, 11, 52, 14, 13, 47, 26, 27, 28, 12, 25, 4, 39, 44, 15, 5, 24, 35, 42, 7, 2, 21, 17, 3, 18, 31, 22]

Individual 115:
  Route length: 8851
  Contribution to Diversity: 0
  Route: [18, 3, 49, 1, 44, 46, 16, 29, 50, 17, 21, 42, 7, 2, 30, 23, 20, 36, 35, 48, 24, 37, 40, 39, 34, 38, 5, 15, 6, 4, 25, 12, 28, 27, 26, 47, 13, 14, 52, 11, 51, 33, 43, 10, 9, 8, 41, 19, 45, 32, 31, 22]

Individual 116:
  Route length: 9355
  Contribution to Diversity: 7.082809921765687e-05
  Route: [1, 49, 37, 38, 40, 39, 51, 11, 52, 14, 13, 47, 26, 27, 28, 12, 25, 4, 6, 15, 5, 24, 33, 43, 10, 9, 8, 41, 19, 45, 32, 34, 36, 35, 48, 44, 46, 50, 29, 16, 18, 3, 17, 21, 42, 7, 2, 30, 23, 20, 31, 22]

Individual 117:
  Route length: 9310
  Contribution to Diversity: 0
  Route: [1, 5, 24, 15, 6, 49, 37, 38, 40, 48, 44, 46, 36, 35, 34, 32, 45, 19, 41, 8, 9, 10, 43, 33, 51, 11, 52, 14, 13, 47, 26, 27, 28, 12, 4, 25, 39, 20, 50, 29, 16, 30, 23, 2, 7, 42, 21, 17, 3, 18, 31, 22]

Individual 118:
  Route length: 9334
  Contribution to Diversity: 0.00020097905109128789
  Route: [34, 31, 3, 17, 21, 18, 20, 50, 29, 16, 46, 38, 36, 35, 44, 49, 32, 45, 19, 41, 8, 9, 10, 43, 33, 51, 11, 52, 14, 13, 47, 26, 27, 28, 12, 25, 4, 6, 5, 37, 48, 24, 40, 15, 39, 42, 7, 2, 30, 23, 1, 22]

Individual 119:
  Route length: 9336
  Contribution to Diversity: 0.001049637518926616
  Route: [1, 46, 16, 29, 47, 26, 27, 38, 39, 44, 34, 35, 36, 49, 32, 45, 19, 41, 8, 9, 10, 43, 33, 51, 11, 52, 14, 13, 28, 12, 25, 4, 6, 15, 5, 24, 48, 37, 40, 50, 20, 23, 30, 31, 2, 7, 42, 21, 17, 3, 18, 22]

Individual 120:
  Route length: 9406
  Contribution to Diversity: 0.0009860434406734342
  Route: [34, 39, 20, 50, 49, 32, 45, 19, 41, 8, 9, 10, 43, 33, 51, 11, 52, 14, 13, 47, 26, 27, 28, 12, 4, 25, 24, 40, 15, 6, 48, 38, 5, 37, 36, 35, 44, 46, 16, 29, 42, 7, 2, 30, 18, 31, 3, 17, 21, 1, 23, 22]

Individual 121:
  Route length: 9415
  Contribution to Diversity: 0.00026395517327948426
  Route: [45, 32, 49, 1, 41, 19, 8, 9, 10, 43, 33, 51, 11, 52, 14, 13, 47, 26, 27, 28, 12, 25, 4, 6, 15, 5, 24, 48, 37, 39, 40, 44, 46, 35, 36, 34, 20, 50, 29, 38, 23, 16, 30, 2, 7, 42, 21, 17, 3, 18, 31, 22]

Individual 122:
  Route length: 9299
  Contribution to Diversity: 0
  Route: [1, 49, 15, 12, 25, 28, 27, 26, 47, 13, 14, 52, 11, 51, 33, 43, 19, 41, 8, 9, 10, 45, 32, 34, 48, 37, 38, 40, 39, 44, 46, 36, 35, 24, 5, 4, 6, 16, 29, 50, 20, 23, 30, 2, 7, 42, 21, 17, 3, 18, 31, 22]

Individual 123:
  Route length: 9392
  Contribution to Diversity: 0.0013046104277885107
  Route: [1, 46, 16, 29, 47, 26, 27, 48, 38, 4, 6, 15, 5, 24, 25, 12, 28, 13, 14, 52, 11, 51, 33, 43, 10, 9, 8, 41, 19, 45, 32, 49, 36, 35, 34, 44, 39, 40, 37, 50, 20, 23, 30, 31, 2, 7, 42, 21, 17, 3, 18, 22]

Individual 124:
  Route length: 9237
  Contribution to Diversity: 0
  Route: [34, 39, 49, 32, 45, 19, 41, 8, 9, 10, 43, 33, 51, 11, 52, 14, 13, 47, 26, 27, 28, 12, 25, 4, 6, 15, 36, 38, 5, 37, 48, 24, 40, 1, 31, 3, 17, 21, 18, 20, 50, 29, 16, 46, 44, 35, 23, 30, 2, 7, 42, 22]

Individual 125:
  Route length: 9328
  Contribution to Diversity: 0
  Route: [16, 46, 48, 37, 38, 44, 45, 19, 9, 10, 43, 33, 51, 11, 52, 14, 13, 47, 26, 27, 28, 12, 25, 4, 6, 15, 5, 24, 40, 39, 36, 35, 34, 21, 42, 7, 2, 30, 23, 20, 50, 29, 1, 49, 32, 41, 8, 17, 3, 18, 31, 22]

Individual 126:
  Route length: 9350
  Contribution to Diversity: 0.00023530462309295785
  Route: [1, 32, 49, 10, 9, 8, 41, 19, 45, 23, 20, 50, 29, 16, 4, 25, 28, 12, 27, 26, 47, 13, 14, 52, 11, 51, 33, 43, 40, 37, 38, 48, 24, 5, 15, 6, 46, 39, 36, 35, 34, 44, 42, 7, 2, 30, 21, 17, 3, 18, 31, 22]

Individual 127:
  Route length: 9423
  Contribution to Diversity: 0.0007655664426229336
  Route: [18, 3, 49, 1, 44, 46, 16, 29, 50, 21, 17, 41, 8, 9, 10, 43, 33, 51, 11, 52, 14, 13, 47, 26, 27, 28, 12, 25, 4, 6, 15, 5, 38, 34, 39, 40, 37, 24, 48, 35, 36, 20, 23, 30, 2, 7, 42, 19, 45, 32, 31, 22]

Individual 128:
  Route length: 9022
  Contribution to Diversity: 0
  Route: [1, 49, 37, 38, 40, 46, 44, 39, 5, 15, 6, 4, 25, 12, 28, 27, 26, 47, 13, 14, 52, 11, 51, 33, 43, 19, 41, 8, 9, 10, 45, 36, 35, 24, 32, 34, 48, 16, 29, 50, 20, 23, 30, 2, 7, 42, 21, 17, 3, 18, 31, 22]

Individual 129:
  Route length: 9364
  Contribution to Diversity: 0.00014838326849719863
  Route: [34, 4, 25, 24, 48, 38, 37, 40, 46, 6, 15, 44, 49, 1, 16, 29, 50, 20, 23, 30, 2, 7, 42, 21, 17, 3, 31, 18, 35, 39, 36, 32, 45, 19, 41, 8, 9, 10, 43, 33, 51, 11, 52, 14, 13, 47, 26, 27, 28, 12, 5, 22]

Individual 130:
  Route length: 9321
  Contribution to Diversity: 0.00023443055354022135
  Route: [1, 40, 6, 15, 5, 24, 49, 35, 37, 48, 38, 32, 17, 21, 42, 7, 2, 30, 23, 20, 50, 29, 16, 34, 46, 44, 36, 45, 19, 41, 8, 9, 10, 43, 33, 51, 11, 52, 14, 13, 47, 26, 27, 28, 12, 25, 4, 39, 3, 18, 31, 22]

Individual 131:
  Route length: 9403
  Contribution to Diversity: 0.0001022559122061395
  Route: [18, 3, 49, 1, 44, 46, 16, 29, 50, 17, 21, 42, 7, 2, 30, 23, 20, 41, 8, 9, 10, 43, 33, 51, 11, 52, 14, 13, 47, 26, 27, 28, 12, 25, 4, 6, 15, 5, 38, 34, 39, 40, 37, 24, 48, 35, 36, 19, 45, 32, 31, 22]

Individual 132:
  Route length: 9379
  Contribution to Diversity: 0.0004629404851623775
  Route: [38, 18, 3, 34, 44, 16, 29, 50, 20, 23, 30, 2, 7, 42, 21, 46, 37, 24, 48, 40, 39, 36, 35, 15, 5, 6, 4, 25, 12, 28, 27, 26, 47, 13, 14, 52, 11, 51, 33, 43, 10, 9, 8, 41, 19, 45, 32, 49, 1, 17, 31, 22]

Individual 133:
  Route length: 9149
  Contribution to Diversity: 0
  Route: [1, 49, 40, 38, 5, 24, 4, 6, 15, 12, 25, 28, 27, 26, 47, 13, 14, 52, 11, 51, 33, 43, 19, 41, 8, 9, 10, 39, 37, 48, 34, 32, 45, 36, 35, 44, 46, 16, 29, 50, 20, 23, 30, 2, 7, 42, 21, 17, 3, 18, 31, 22]

Individual 134:
  Route length: 9395
  Contribution to Diversity: 6.158078539986178e-05
  Route: [40, 38, 37, 5, 46, 16, 29, 50, 49, 24, 48, 44, 15, 6, 4, 25, 12, 28, 27, 26, 47, 13, 14, 52, 11, 51, 33, 35, 34, 36, 39, 43, 10, 9, 8, 41, 19, 45, 32, 1, 20, 23, 30, 2, 7, 42, 21, 17, 3, 18, 31, 22]

Individual 135:
  Route length: 9420
  Contribution to Diversity: 0.0002660283094177984
  Route: [1, 49, 37, 38, 40, 46, 44, 39, 5, 15, 6, 4, 25, 12, 28, 27, 26, 47, 13, 14, 52, 11, 51, 33, 43, 3, 17, 21, 42, 7, 2, 30, 23, 20, 50, 29, 16, 48, 34, 32, 24, 35, 36, 45, 10, 9, 8, 41, 19, 31, 18, 22]

Individual 136:
  Route length: 9402
  Contribution to Diversity: 0.0005401335185846179
  Route: [16, 46, 48, 6, 4, 25, 12, 28, 27, 26, 47, 13, 14, 52, 11, 51, 33, 43, 10, 9, 19, 45, 44, 38, 37, 15, 5, 24, 40, 39, 36, 35, 34, 21, 42, 7, 2, 30, 23, 20, 50, 29, 1, 49, 32, 41, 8, 17, 3, 18, 31, 22]

Individual 137:
  Route length: 9251
  Contribution to Diversity: 0
  Route: [18, 3, 49, 1, 44, 46, 16, 29, 50, 17, 21, 20, 23, 30, 2, 7, 42, 36, 35, 48, 24, 37, 40, 39, 34, 38, 5, 15, 6, 4, 25, 12, 28, 27, 26, 47, 13, 14, 52, 11, 51, 33, 43, 10, 9, 8, 41, 19, 45, 32, 31, 22]

Individual 138:
  Route length: 9426
  Contribution to Diversity: 0.0014760377650056
  Route: [49, 1, 48, 38, 29, 20, 50, 46, 16, 44, 24, 4, 25, 12, 28, 27, 26, 47, 13, 14, 52, 11, 51, 33, 43, 10, 9, 8, 41, 19, 45, 3, 17, 21, 42, 7, 2, 30, 34, 35, 36, 39, 40, 37, 6, 5, 15, 32, 23, 18, 31, 22]

Individual 139:
  Route length: 9380
  Contribution to Diversity: 1.4885298416089654e-05
  Route: [1, 16, 40, 39, 37, 38, 48, 36, 35, 34, 44, 46, 12, 28, 27, 26, 47, 13, 14, 52, 11, 51, 33, 43, 10, 9, 32, 49, 45, 19, 41, 8, 15, 5, 24, 25, 4, 6, 29, 50, 20, 23, 30, 2, 7, 42, 21, 17, 3, 18, 31, 22]

Individual 140:
  Route length: 9316
  Contribution to Diversity: 0
  Route: [17, 21, 42, 7, 2, 30, 23, 20, 50, 16, 29, 24, 48, 38, 37, 40, 39, 1, 49, 32, 45, 19, 41, 8, 9, 10, 15, 6, 34, 35, 36, 5, 43, 33, 51, 11, 52, 14, 13, 47, 26, 27, 28, 12, 25, 4, 46, 44, 3, 18, 31, 22]

Individual 141:
  Route length: 9415
  Contribution to Diversity: 0.00014970004980074947
  Route: [34, 39, 15, 40, 24, 48, 37, 5, 6, 4, 25, 12, 28, 27, 26, 47, 13, 14, 52, 11, 51, 33, 43, 10, 9, 8, 41, 19, 45, 32, 49, 44, 3, 17, 21, 18, 20, 50, 29, 16, 46, 38, 36, 35, 31, 1, 23, 30, 2, 7, 42, 22]

Individual 142:
  Route length: 9324
  Contribution to Diversity: 0
  Route: [17, 18, 3, 5, 43, 33, 51, 11, 52, 14, 13, 47, 26, 27, 28, 12, 25, 4, 46, 44, 34, 39, 40, 37, 38, 48, 24, 6, 36, 35, 1, 49, 32, 45, 19, 41, 8, 9, 10, 15, 16, 29, 50, 20, 23, 30, 2, 7, 42, 21, 31, 22]

Individual 143:
  Route length: 9271
  Contribution to Diversity: 0
  Route: [48, 40, 38, 37, 32, 24, 4, 25, 12, 28, 27, 26, 47, 13, 14, 52, 11, 51, 33, 43, 19, 41, 8, 9, 10, 45, 36, 35, 6, 15, 5, 39, 44, 46, 16, 29, 50, 20, 23, 30, 2, 7, 42, 21, 17, 3, 18, 31, 1, 49, 34, 22]

Individual 144:
  Route length: 9401
  Contribution to Diversity: 0.0001741441557117085
  Route: [1, 37, 38, 25, 4, 6, 24, 48, 44, 12, 28, 27, 26, 47, 13, 14, 52, 11, 51, 33, 43, 34, 45, 19, 41, 8, 9, 10, 40, 39, 36, 32, 49, 31, 18, 3, 17, 21, 42, 7, 2, 30, 23, 20, 50, 29, 16, 46, 5, 15, 35, 22]

Individual 145:
  Route length: 9292
  Contribution to Diversity: 0.0001540431682141019
  Route: [1, 49, 40, 4, 25, 12, 28, 27, 26, 47, 13, 14, 52, 11, 51, 33, 43, 10, 9, 8, 41, 19, 45, 32, 34, 36, 6, 48, 30, 23, 20, 50, 29, 16, 46, 37, 38, 24, 5, 15, 44, 39, 35, 42, 7, 2, 21, 17, 3, 18, 31, 22]

Individual 146:
  Route length: 9145
  Contribution to Diversity: 0.00018729575789411257
  Route: [1, 32, 49, 48, 24, 5, 23, 44, 34, 35, 36, 38, 37, 46, 39, 40, 15, 6, 4, 25, 12, 28, 13, 47, 26, 27, 14, 52, 11, 51, 33, 43, 10, 9, 8, 41, 19, 45, 16, 29, 50, 20, 30, 2, 7, 42, 21, 17, 3, 18, 31, 22]

Individual 147:
  Route length: 9327
  Contribution to Diversity: 0.0009061313972740237
  Route: [1, 32, 49, 48, 24, 5, 20, 50, 29, 16, 45, 19, 41, 8, 9, 10, 43, 33, 51, 11, 52, 14, 27, 26, 47, 13, 28, 12, 25, 4, 6, 15, 40, 39, 46, 37, 38, 36, 35, 34, 44, 23, 31, 18, 3, 17, 21, 42, 7, 2, 30, 22]

Individual 148:
  Route length: 9323
  Contribution to Diversity: 0.0002497122219891068
  Route: [1, 36, 15, 6, 4, 40, 39, 49, 32, 37, 38, 48, 24, 5, 34, 35, 44, 46, 16, 29, 50, 20, 23, 30, 2, 7, 42, 21, 17, 3, 18, 8, 41, 19, 45, 9, 10, 33, 51, 11, 52, 14, 13, 47, 26, 27, 28, 12, 25, 43, 31, 22]

Individual 149:
  Route length: 9407
  Contribution to Diversity: 0.0007597971033881379
  Route: [45, 19, 41, 8, 9, 10, 43, 33, 51, 11, 52, 14, 13, 47, 26, 27, 28, 12, 39, 34, 20, 50, 29, 16, 46, 44, 35, 36, 38, 15, 40, 25, 4, 6, 5, 37, 48, 24, 49, 32, 18, 21, 17, 3, 31, 1, 23, 30, 2, 7, 42, 22]

Total Entropy H: 4.932626803373835
