Individual 0:
  Route length: 14861
  Contribution to Diversity: 0.0027037827833416017
  Route: [1, 49, 5, 24, 52, 11, 40, 39, 36, 35, 34, 44, 30, 2, 7, 42, 21, 32, 45, 28, 26, 19, 41, 8, 9, 10, 43, 15, 6, 4, 12, 47, 13, 14, 20, 50, 29, 16, 46, 37, 38, 48, 23, 18, 3, 17, 25, 27, 51, 33, 31, 22]

Individual 1:
  Route length: 14963
  Contribution to Diversity: 0.0009973823084585831
  Route: [1, 49, 16, 46, 38, 48, 24, 5, 44, 31, 18, 51, 33, 43, 4, 25, 12, 28, 27, 26, 47, 3, 10, 41, 17, 21, 42, 7, 2, 32, 23, 20, 50, 29, 30, 19, 45, 9, 35, 36, 39, 8, 37, 40, 52, 11, 14, 13, 15, 6, 34, 22]

Individual 2:
  Route length: 15061
  Contribution to Diversity: 0.0005471202929596686
  Route: [1, 49, 24, 10, 9, 8, 41, 19, 45, 32, 35, 12, 25, 4, 6, 15, 40, 39, 38, 48, 23, 20, 50, 29, 16, 7, 42, 21, 51, 33, 43, 5, 46, 17, 3, 18, 37, 36, 13, 14, 52, 11, 34, 30, 2, 44, 47, 26, 27, 28, 31, 22]

Individual 3:
  Route length: 14978
  Contribution to Diversity: 0.0008049740870275102
  Route: [1, 8, 17, 21, 34, 25, 49, 41, 19, 50, 20, 23, 16, 45, 32, 9, 33, 51, 36, 39, 40, 37, 38, 29, 13, 14, 52, 11, 4, 6, 15, 5, 48, 35, 42, 7, 2, 30, 47, 26, 27, 28, 12, 43, 10, 24, 44, 46, 18, 3, 31, 22]

Individual 4:
  Route length: 15001
  Contribution to Diversity: 0.0007616291729029001
  Route: [1, 49, 29, 36, 33, 44, 46, 16, 50, 20, 23, 30, 27, 28, 39, 40, 37, 35, 45, 19, 41, 8, 9, 10, 43, 13, 47, 26, 52, 11, 51, 4, 25, 14, 34, 17, 21, 42, 7, 2, 6, 15, 5, 12, 24, 48, 38, 32, 31, 18, 3, 22]

Individual 5:
  Route length: 14970
  Contribution to Diversity: 0.001926958591734973
  Route: [1, 9, 8, 41, 19, 45, 12, 25, 4, 6, 14, 13, 47, 20, 50, 30, 31, 18, 3, 17, 2, 7, 32, 49, 24, 48, 39, 40, 16, 29, 28, 27, 26, 46, 44, 34, 35, 36, 23, 52, 11, 51, 33, 37, 5, 15, 10, 43, 38, 42, 21, 22]

Individual 6:
  Route length: 15005
  Contribution to Diversity: 0.0014651020492673084
  Route: [49, 31, 18, 3, 10, 9, 8, 41, 7, 2, 32, 45, 19, 30, 29, 50, 20, 23, 4, 43, 1, 44, 28, 12, 25, 42, 21, 17, 6, 15, 13, 14, 52, 11, 51, 33, 16, 46, 38, 48, 24, 5, 34, 35, 36, 39, 40, 47, 26, 27, 37, 22]

Individual 7:
  Route length: 14887
  Contribution to Diversity: 0.00045687866017907197
  Route: [1, 49, 32, 44, 40, 37, 34, 35, 36, 39, 30, 23, 31, 18, 2, 20, 50, 29, 4, 6, 52, 14, 25, 12, 28, 27, 26, 47, 13, 16, 46, 33, 51, 11, 41, 8, 9, 10, 38, 48, 24, 5, 45, 19, 43, 3, 17, 21, 42, 7, 15, 22]

Individual 8:
  Route length: 15079
  Contribution to Diversity: 0.001879194288668451
  Route: [1, 49, 32, 7, 2, 17, 3, 18, 31, 30, 50, 20, 47, 13, 14, 6, 4, 25, 12, 45, 19, 37, 9, 8, 41, 33, 51, 11, 52, 23, 36, 35, 34, 44, 46, 16, 29, 28, 27, 26, 24, 48, 40, 39, 5, 15, 10, 43, 38, 42, 21, 22]

Individual 9:
  Route length: 15033
  Contribution to Diversity: 0.0007655688251118065
  Route: [45, 44, 46, 16, 34, 35, 4, 25, 5, 24, 48, 29, 50, 20, 23, 12, 28, 27, 21, 42, 7, 2, 30, 18, 3, 15, 33, 10, 9, 8, 41, 19, 52, 11, 51, 26, 47, 36, 39, 40, 37, 38, 14, 13, 6, 43, 32, 49, 1, 17, 31, 22]

Individual 10:
  Route length: 14889
  Contribution to Diversity: 0.001311594140893213
  Route: [25, 12, 45, 10, 9, 8, 41, 19, 21, 42, 7, 2, 30, 23, 17, 3, 18, 43, 29, 28, 27, 26, 47, 13, 14, 1, 49, 32, 36, 39, 40, 34, 44, 46, 50, 20, 15, 6, 4, 51, 33, 16, 37, 38, 35, 48, 24, 5, 52, 11, 31, 22]

Individual 11:
  Route length: 14968
  Contribution to Diversity: 0.0015504997814046462
  Route: [1, 32, 49, 39, 36, 48, 38, 34, 44, 40, 37, 42, 21, 17, 5, 15, 6, 9, 8, 41, 10, 43, 33, 24, 16, 46, 47, 26, 27, 28, 12, 25, 7, 19, 45, 20, 50, 29, 4, 51, 11, 52, 14, 13, 2, 30, 23, 35, 18, 3, 31, 22]

Individual 12:
  Route length: 15054
  Contribution to Diversity: 0.0008857393330670149
  Route: [45, 11, 51, 28, 12, 25, 4, 6, 40, 29, 16, 46, 44, 41, 20, 33, 49, 8, 3, 17, 21, 42, 7, 2, 30, 23, 1, 50, 35, 34, 37, 38, 19, 18, 43, 10, 9, 36, 39, 27, 26, 47, 13, 14, 52, 15, 5, 24, 48, 32, 31, 22]

Individual 13:
  Route length: 15032
  Contribution to Diversity: 0.0021250651510786867
  Route: [45, 24, 5, 15, 33, 51, 11, 52, 14, 13, 47, 26, 43, 6, 4, 25, 48, 16, 37, 38, 23, 18, 19, 41, 8, 9, 10, 39, 40, 46, 20, 50, 29, 36, 35, 34, 44, 32, 49, 1, 21, 42, 7, 3, 17, 27, 30, 2, 28, 12, 31, 22]

Individual 14:
  Route length: 14574
  Contribution to Diversity: 0.001060771731392407
  Route: [1, 49, 21, 42, 7, 16, 13, 14, 52, 11, 5, 15, 43, 34, 35, 32, 45, 19, 8, 41, 37, 36, 38, 39, 40, 47, 26, 27, 28, 12, 25, 4, 6, 33, 51, 48, 29, 50, 20, 23, 30, 24, 10, 9, 18, 3, 17, 46, 44, 2, 31, 22]

Individual 15:
  Route length: 15066
  Contribution to Diversity: 0.0005890786068496467
  Route: [1, 8, 9, 10, 45, 48, 15, 5, 41, 6, 36, 35, 46, 44, 29, 16, 11, 52, 14, 33, 51, 31, 18, 3, 17, 24, 32, 49, 19, 34, 43, 37, 38, 50, 20, 23, 30, 2, 7, 42, 21, 13, 47, 26, 27, 28, 12, 25, 4, 39, 40, 22]

Individual 16:
  Route length: 14991
  Contribution to Diversity: 0.0013809854923643172
  Route: [1, 49, 32, 45, 19, 38, 18, 36, 33, 51, 10, 9, 8, 43, 3, 17, 21, 39, 28, 42, 7, 2, 30, 46, 50, 37, 48, 15, 24, 5, 16, 29, 40, 6, 4, 25, 12, 27, 26, 47, 13, 14, 52, 11, 41, 20, 23, 44, 34, 35, 31, 22]

Individual 17:
  Route length: 14962
  Contribution to Diversity: 0.0014541571558339683
  Route: [23, 19, 38, 37, 49, 1, 50, 35, 34, 44, 46, 16, 29, 40, 6, 45, 27, 26, 47, 28, 12, 39, 36, 9, 10, 43, 18, 31, 32, 48, 24, 5, 15, 52, 14, 13, 25, 4, 11, 51, 33, 20, 41, 8, 3, 17, 21, 42, 7, 2, 30, 22]

Individual 18:
  Route length: 14774
  Contribution to Diversity: 0.001288511481924992
  Route: [1, 12, 25, 49, 28, 27, 26, 47, 13, 46, 16, 29, 50, 4, 45, 31, 39, 36, 35, 34, 20, 23, 10, 43, 33, 21, 42, 7, 2, 30, 44, 32, 19, 41, 8, 9, 6, 15, 5, 48, 14, 52, 11, 51, 38, 24, 40, 37, 3, 17, 18, 22]

Individual 19:
  Route length: 14875
  Contribution to Diversity: 0.0007187911663875113
  Route: [1, 49, 38, 37, 48, 41, 25, 4, 6, 15, 5, 36, 35, 34, 44, 11, 51, 33, 43, 50, 29, 16, 46, 32, 24, 10, 9, 8, 23, 20, 3, 42, 45, 19, 26, 47, 13, 52, 14, 12, 28, 27, 39, 40, 30, 2, 7, 21, 17, 18, 31, 22]

Individual 20:
  Route length: 14894
  Contribution to Diversity: 0.001665783387786668
  Route: [48, 45, 32, 5, 24, 13, 14, 52, 11, 51, 33, 1, 39, 36, 35, 34, 44, 46, 47, 38, 9, 8, 43, 10, 19, 41, 49, 21, 42, 18, 3, 17, 37, 40, 15, 28, 12, 25, 4, 6, 27, 26, 50, 20, 23, 29, 16, 30, 2, 7, 31, 22]

Individual 21:
  Route length: 14911
  Contribution to Diversity: 0.002139400091713206
  Route: [1, 49, 32, 45, 4, 50, 29, 16, 46, 13, 47, 26, 51, 38, 24, 40, 9, 8, 41, 19, 33, 21, 42, 7, 2, 3, 17, 18, 31, 39, 36, 35, 34, 20, 23, 10, 43, 30, 37, 25, 12, 28, 27, 11, 52, 14, 48, 5, 15, 6, 44, 22]

Individual 22:
  Route length: 14659
  Contribution to Diversity: 0.0008164450399261725
  Route: [1, 49, 4, 6, 15, 2, 30, 23, 20, 21, 42, 7, 47, 13, 14, 52, 11, 46, 25, 19, 48, 5, 24, 39, 36, 44, 35, 8, 9, 10, 41, 45, 40, 37, 38, 16, 29, 17, 3, 18, 32, 50, 43, 26, 27, 28, 12, 51, 33, 34, 31, 22]

Individual 23:
  Route length: 14788
  Contribution to Diversity: 0.001850093107825579
  Route: [35, 34, 33, 51, 24, 48, 45, 32, 49, 1, 18, 3, 29, 16, 20, 37, 2, 42, 7, 17, 21, 50, 13, 14, 52, 11, 47, 26, 4, 30, 23, 36, 44, 31, 19, 41, 8, 9, 10, 43, 38, 6, 15, 5, 12, 25, 27, 28, 39, 40, 46, 22]

Individual 24:
  Route length: 14980
  Contribution to Diversity: 0.0008432869225627471
  Route: [1, 49, 32, 45, 9, 8, 41, 19, 5, 24, 33, 51, 11, 14, 52, 43, 10, 15, 6, 4, 25, 12, 28, 47, 13, 37, 16, 38, 48, 36, 35, 34, 44, 46, 30, 2, 7, 42, 23, 20, 50, 26, 40, 39, 27, 18, 3, 17, 29, 21, 31, 22]

Individual 25:
  Route length: 14986
  Contribution to Diversity: 0.00036179699304028645
  Route: [35, 34, 44, 36, 38, 37, 51, 33, 43, 10, 9, 8, 41, 45, 19, 31, 40, 21, 17, 49, 32, 50, 1, 18, 3, 29, 16, 20, 7, 42, 2, 6, 24, 23, 39, 15, 5, 12, 25, 4, 11, 52, 14, 13, 47, 26, 48, 27, 28, 30, 46, 22]

Individual 26:
  Route length: 15061
  Contribution to Diversity: 0.0017216599279734623
  Route: [45, 44, 46, 16, 34, 35, 4, 15, 3, 18, 30, 2, 7, 42, 21, 27, 28, 12, 23, 20, 50, 29, 48, 24, 5, 25, 33, 10, 9, 8, 41, 19, 52, 11, 51, 26, 47, 36, 39, 40, 37, 38, 14, 13, 6, 43, 32, 49, 1, 17, 31, 22]

Individual 27:
  Route length: 15002
  Contribution to Diversity: 0.001242304505840508
  Route: [1, 33, 37, 18, 48, 38, 39, 40, 36, 51, 11, 42, 7, 2, 30, 23, 44, 34, 35, 49, 45, 32, 3, 21, 17, 4, 43, 20, 19, 41, 8, 10, 9, 25, 12, 28, 27, 26, 47, 13, 52, 14, 6, 15, 5, 50, 29, 16, 46, 24, 31, 22]

Individual 28:
  Route length: 14801
  Contribution to Diversity: 0.002029110042860438
  Route: [38, 34, 19, 41, 8, 14, 52, 11, 51, 33, 43, 10, 26, 47, 13, 27, 17, 21, 42, 7, 2, 30, 23, 1, 49, 31, 9, 32, 45, 25, 12, 28, 35, 4, 6, 15, 3, 18, 36, 39, 40, 37, 5, 24, 48, 16, 46, 44, 29, 50, 20, 22]

Individual 29:
  Route length: 14974
  Contribution to Diversity: 0.001574192282531861
  Route: [1, 49, 9, 10, 41, 45, 32, 18, 3, 17, 29, 4, 6, 15, 5, 24, 25, 12, 28, 27, 26, 47, 7, 42, 21, 20, 23, 30, 2, 16, 38, 37, 40, 39, 36, 34, 44, 35, 11, 52, 14, 13, 43, 50, 8, 19, 48, 51, 33, 46, 31, 22]

Individual 30:
  Route length: 14775
  Contribution to Diversity: 0.0002157708270740244
  Route: [1, 49, 38, 4, 24, 43, 33, 51, 11, 42, 3, 32, 16, 46, 44, 6, 15, 5, 36, 35, 34, 8, 9, 10, 39, 27, 28, 12, 25, 29, 50, 37, 40, 13, 52, 14, 47, 26, 19, 45, 41, 48, 20, 23, 30, 2, 7, 21, 17, 18, 31, 22]

Individual 31:
  Route length: 14777
  Contribution to Diversity: 0.0014528262590722818
  Route: [1, 49, 44, 36, 35, 29, 16, 46, 31, 34, 50, 20, 23, 15, 6, 39, 27, 28, 12, 26, 47, 13, 14, 52, 11, 51, 41, 19, 45, 3, 9, 10, 43, 21, 17, 30, 8, 24, 48, 38, 37, 32, 18, 42, 7, 2, 25, 4, 40, 33, 5, 22]

Individual 32:
  Route length: 14934
  Contribution to Diversity: 0.001700627514023445
  Route: [1, 49, 41, 19, 45, 32, 9, 25, 47, 13, 14, 27, 26, 51, 33, 18, 44, 34, 46, 16, 38, 37, 48, 39, 36, 35, 21, 17, 3, 30, 2, 7, 42, 23, 20, 50, 11, 52, 12, 28, 40, 29, 4, 6, 43, 10, 8, 24, 5, 15, 31, 22]

Individual 33:
  Route length: 14935
  Contribution to Diversity: 0.0011611117228387258
  Route: [45, 6, 40, 29, 16, 46, 44, 34, 35, 50, 1, 49, 37, 38, 19, 23, 12, 13, 14, 52, 15, 5, 24, 48, 32, 31, 18, 43, 10, 9, 36, 39, 27, 26, 47, 28, 33, 51, 11, 4, 25, 20, 41, 8, 3, 17, 21, 42, 7, 2, 30, 22]

Individual 34:
  Route length: 14925
  Contribution to Diversity: 0.0009707369093989726
  Route: [1, 49, 16, 46, 38, 35, 36, 45, 9, 8, 39, 31, 18, 51, 33, 43, 4, 25, 12, 28, 27, 26, 47, 3, 10, 41, 17, 21, 42, 7, 2, 32, 23, 20, 50, 29, 30, 19, 44, 5, 24, 48, 40, 52, 11, 14, 13, 15, 6, 34, 37, 22]

Individual 35:
  Route length: 14853
  Contribution to Diversity: 0.0005098569121395613
  Route: [1, 32, 49, 7, 25, 12, 28, 27, 26, 47, 48, 24, 6, 15, 5, 20, 50, 36, 4, 46, 16, 29, 39, 45, 19, 17, 21, 42, 37, 40, 44, 34, 38, 9, 10, 41, 8, 31, 3, 18, 35, 23, 30, 2, 13, 14, 52, 11, 51, 33, 43, 22]

Individual 36:
  Route length: 15033
  Contribution to Diversity: 0.002246143610168616
  Route: [36, 44, 6, 2, 42, 39, 23, 30, 34, 45, 4, 25, 16, 20, 50, 21, 17, 7, 37, 38, 31, 19, 41, 8, 9, 10, 43, 33, 51, 11, 52, 14, 13, 47, 26, 40, 28, 27, 12, 35, 3, 18, 1, 49, 32, 29, 48, 24, 46, 15, 5, 22]

Individual 37:
  Route length: 15073
  Contribution to Diversity: 0.0022896536450103255
  Route: [36, 44, 34, 30, 20, 50, 21, 17, 7, 37, 38, 31, 25, 4, 9, 10, 43, 33, 51, 11, 52, 14, 13, 47, 26, 40, 28, 27, 12, 5, 15, 6, 2, 42, 39, 23, 18, 45, 19, 41, 8, 3, 35, 16, 1, 49, 32, 29, 48, 24, 46, 22]

Individual 38:
  Route length: 14564
  Contribution to Diversity: 0.00045347108519333545
  Route: [9, 8, 41, 19, 45, 35, 36, 34, 44, 46, 16, 12, 5, 10, 43, 33, 51, 11, 52, 39, 40, 13, 14, 47, 26, 25, 37, 38, 48, 24, 32, 31, 29, 49, 1, 21, 42, 7, 2, 6, 15, 4, 28, 27, 30, 23, 20, 50, 17, 18, 3, 22]

Individual 39:
  Route length: 14680
  Contribution to Diversity: 0.0019846265141154618
  Route: [1, 49, 35, 34, 44, 42, 7, 2, 30, 23, 18, 37, 40, 39, 36, 51, 11, 48, 12, 25, 9, 10, 8, 41, 19, 20, 43, 45, 32, 3, 21, 17, 4, 33, 38, 6, 14, 52, 13, 47, 26, 27, 28, 15, 5, 50, 29, 16, 46, 24, 31, 22]

Individual 40:
  Route length: 15079
  Contribution to Diversity: 0.0038833846803072447
  Route: [40, 39, 45, 46, 16, 29, 50, 1, 11, 51, 33, 43, 10, 9, 8, 52, 49, 32, 30, 2, 7, 42, 21, 3, 18, 19, 41, 20, 17, 36, 35, 25, 12, 28, 27, 26, 47, 13, 14, 23, 44, 38, 48, 24, 5, 15, 6, 4, 34, 37, 31, 22]

Individual 41:
  Route length: 14973
  Contribution to Diversity: 0.002223187510740132
  Route: [1, 49, 32, 6, 4, 29, 50, 20, 5, 24, 48, 25, 14, 52, 33, 51, 11, 41, 8, 39, 36, 35, 34, 16, 13, 47, 12, 28, 27, 26, 38, 10, 9, 43, 3, 17, 21, 30, 23, 31, 18, 2, 7, 42, 46, 44, 37, 40, 19, 45, 15, 22]

Individual 42:
  Route length: 14662
  Contribution to Diversity: 0.0003801782817554056
  Route: [35, 17, 21, 40, 37, 38, 36, 44, 34, 1, 18, 3, 29, 16, 20, 7, 23, 30, 45, 32, 49, 5, 12, 25, 4, 11, 52, 14, 13, 47, 26, 48, 27, 28, 51, 33, 43, 10, 9, 8, 41, 19, 39, 15, 50, 31, 42, 2, 6, 24, 46, 22]

Individual 43:
  Route length: 14828
  Contribution to Diversity: 0.0025566964143513005
  Route: [1, 38, 37, 2, 7, 9, 8, 48, 24, 5, 39, 32, 19, 43, 45, 47, 13, 14, 52, 11, 51, 33, 49, 10, 40, 36, 46, 16, 29, 50, 20, 23, 30, 26, 27, 28, 12, 25, 4, 6, 15, 35, 34, 44, 21, 17, 3, 42, 41, 18, 31, 22]

Individual 44:
  Route length: 14954
  Contribution to Diversity: 0.0022808766021249482
  Route: [25, 12, 45, 10, 8, 9, 41, 19, 21, 42, 7, 2, 30, 23, 17, 3, 18, 15, 5, 24, 48, 37, 38, 35, 36, 6, 4, 51, 33, 16, 46, 44, 14, 13, 47, 26, 27, 28, 29, 43, 39, 40, 34, 1, 49, 32, 50, 20, 52, 11, 31, 22]

Individual 45:
  Route length: 15052
  Contribution to Diversity: 0.0022301846577965634
  Route: [17, 21, 44, 36, 2, 7, 42, 39, 45, 30, 23, 37, 38, 31, 19, 41, 8, 9, 10, 43, 33, 35, 34, 6, 15, 5, 12, 25, 4, 26, 13, 14, 52, 11, 51, 50, 20, 16, 40, 47, 29, 3, 18, 1, 49, 32, 24, 48, 27, 28, 46, 22]

Individual 46:
  Route length: 14910
  Contribution to Diversity: 0.0015685262735587457
  Route: [27, 33, 9, 8, 41, 19, 45, 35, 36, 34, 44, 46, 16, 29, 21, 42, 7, 2, 6, 15, 1, 49, 24, 37, 38, 48, 10, 17, 50, 20, 23, 30, 40, 31, 32, 39, 28, 13, 14, 47, 26, 52, 11, 51, 5, 12, 4, 25, 43, 18, 3, 22]

Individual 47:
  Route length: 14896
  Contribution to Diversity: 0.0008429059934167427
  Route: [1, 49, 6, 4, 32, 45, 19, 41, 8, 9, 10, 24, 39, 38, 48, 51, 27, 28, 12, 40, 46, 25, 31, 36, 37, 17, 3, 18, 5, 43, 33, 11, 52, 14, 13, 35, 34, 26, 47, 23, 20, 50, 29, 16, 7, 42, 21, 30, 2, 44, 15, 22]

Individual 48:
  Route length: 14545
  Contribution to Diversity: 0.0015058441607616047
  Route: [1, 49, 4, 32, 45, 19, 41, 8, 9, 10, 51, 27, 28, 12, 6, 39, 2, 30, 21, 42, 7, 16, 29, 50, 20, 23, 46, 25, 38, 24, 18, 3, 17, 35, 13, 14, 52, 11, 33, 43, 5, 48, 37, 36, 31, 34, 26, 47, 40, 15, 44, 22]

Individual 49:
  Route length: 14537
  Contribution to Diversity: 0.00023980916872190505
  Route: [1, 49, 4, 32, 45, 19, 41, 8, 9, 10, 24, 38, 35, 13, 14, 52, 11, 33, 43, 5, 48, 51, 27, 28, 12, 6, 39, 2, 30, 21, 42, 7, 16, 29, 50, 20, 23, 46, 25, 44, 15, 40, 47, 26, 34, 31, 36, 37, 18, 3, 17, 22]

Individual 50:
  Route length: 14590
  Contribution to Diversity: 0.0009440517119667646
  Route: [35, 17, 21, 40, 37, 38, 36, 3, 18, 1, 34, 44, 29, 16, 20, 7, 23, 30, 45, 32, 49, 5, 12, 25, 4, 11, 52, 14, 13, 47, 26, 48, 27, 28, 51, 33, 43, 10, 9, 8, 41, 19, 39, 15, 50, 31, 42, 2, 6, 24, 46, 22]

Individual 51:
  Route length: 14957
  Contribution to Diversity: 0.001012658633249508
  Route: [1, 49, 38, 4, 24, 5, 36, 35, 16, 46, 44, 15, 6, 10, 9, 8, 34, 39, 27, 28, 12, 25, 29, 50, 43, 33, 51, 11, 42, 3, 32, 37, 40, 13, 52, 14, 47, 26, 19, 45, 41, 48, 20, 23, 30, 2, 7, 21, 17, 18, 31, 22]

Individual 52:
  Route length: 14939
  Contribution to Diversity: 0.0005959770584516022
  Route: [32, 45, 19, 41, 29, 12, 52, 11, 50, 20, 23, 42, 7, 2, 30, 3, 17, 21, 35, 36, 25, 4, 6, 43, 10, 1, 49, 40, 39, 18, 33, 51, 28, 27, 26, 47, 13, 14, 8, 9, 44, 34, 46, 16, 38, 37, 48, 24, 5, 15, 31, 22]

Individual 53:
  Route length: 14780
  Contribution to Diversity: 0
  Route: [1, 49, 16, 8, 9, 10, 45, 19, 44, 31, 18, 3, 7, 41, 5, 24, 48, 46, 38, 36, 39, 40, 37, 21, 17, 6, 15, 13, 14, 52, 11, 51, 33, 43, 42, 2, 32, 23, 20, 50, 29, 30, 35, 34, 47, 26, 27, 28, 12, 25, 4, 22]

Individual 54:
  Route length: 14925
  Contribution to Diversity: 0.0009222615799995282
  Route: [1, 49, 24, 48, 38, 37, 32, 6, 39, 27, 28, 12, 26, 47, 13, 14, 52, 11, 51, 41, 19, 45, 3, 9, 10, 43, 21, 15, 23, 20, 50, 29, 16, 46, 44, 34, 31, 35, 36, 2, 7, 42, 18, 17, 30, 8, 25, 4, 40, 33, 5, 22]

Individual 55:
  Route length: 14945
  Contribution to Diversity: 0.0010109977434797912
  Route: [51, 33, 36, 37, 38, 19, 45, 32, 49, 43, 10, 9, 8, 35, 34, 44, 23, 18, 31, 1, 48, 24, 5, 16, 29, 40, 6, 4, 25, 12, 27, 26, 47, 46, 50, 15, 39, 30, 2, 7, 42, 28, 13, 14, 52, 11, 41, 20, 21, 17, 3, 22]

Individual 56:
  Route length: 14892
  Contribution to Diversity: 0.001064345439641734
  Route: [1, 12, 25, 49, 28, 27, 26, 47, 13, 46, 16, 29, 50, 4, 45, 32, 19, 41, 8, 9, 10, 23, 30, 2, 7, 42, 21, 33, 40, 24, 43, 37, 3, 17, 18, 31, 39, 36, 35, 34, 20, 38, 51, 11, 52, 14, 48, 5, 15, 6, 44, 22]

Individual 57:
  Route length: 14992
  Contribution to Diversity: 0.0019429557394747832
  Route: [36, 25, 16, 4, 37, 7, 17, 21, 50, 20, 29, 5, 12, 27, 28, 40, 26, 47, 13, 14, 52, 11, 51, 33, 43, 10, 9, 8, 41, 19, 31, 38, 32, 49, 1, 18, 3, 15, 6, 2, 42, 39, 23, 30, 45, 35, 34, 44, 48, 24, 46, 22]

Individual 58:
  Route length: 15002
  Contribution to Diversity: 0.0008386504597233113
  Route: [27, 15, 6, 2, 7, 42, 21, 17, 50, 20, 23, 30, 40, 39, 28, 13, 14, 47, 26, 52, 11, 51, 33, 43, 25, 4, 8, 9, 1, 49, 29, 16, 46, 44, 34, 36, 41, 19, 45, 35, 24, 37, 38, 48, 10, 5, 12, 32, 31, 18, 3, 22]

Individual 59:
  Route length: 14300
  Contribution to Diversity: 0
  Route: [35, 34, 50, 36, 38, 4, 26, 47, 13, 14, 52, 20, 16, 18, 3, 29, 44, 28, 27, 25, 12, 11, 51, 33, 43, 10, 9, 19, 41, 8, 31, 39, 37, 40, 5, 15, 6, 2, 42, 7, 17, 21, 45, 30, 23, 32, 49, 1, 48, 24, 46, 22]

Individual 60:
  Route length: 14915
  Contribution to Diversity: 0
  Route: [1, 39, 40, 37, 38, 46, 18, 3, 8, 9, 32, 34, 25, 49, 41, 19, 50, 20, 23, 30, 2, 7, 42, 35, 45, 17, 21, 12, 28, 47, 26, 27, 24, 29, 16, 44, 48, 13, 14, 52, 11, 5, 15, 6, 4, 10, 43, 33, 51, 36, 31, 22]

Individual 61:
  Route length: 14993
  Contribution to Diversity: 0.0009198835096784208
  Route: [48, 45, 32, 5, 24, 13, 14, 52, 11, 51, 33, 1, 49, 41, 19, 10, 43, 8, 9, 38, 36, 35, 34, 44, 46, 47, 37, 40, 39, 17, 3, 18, 42, 21, 15, 28, 12, 25, 4, 6, 27, 26, 50, 20, 23, 29, 16, 30, 2, 7, 31, 22]

Individual 62:
  Route length: 15017
  Contribution to Diversity: 0.001204888356602929
  Route: [44, 5, 24, 48, 38, 46, 16, 49, 1, 19, 30, 29, 23, 32, 2, 7, 42, 21, 17, 41, 10, 3, 47, 26, 27, 28, 12, 25, 4, 43, 33, 51, 50, 20, 34, 35, 36, 39, 8, 9, 45, 31, 18, 6, 15, 13, 14, 11, 52, 40, 37, 22]

Individual 63:
  Route length: 14496
  Contribution to Diversity: 0.000987301213497993
  Route: [1, 49, 4, 32, 45, 19, 41, 8, 9, 10, 24, 38, 35, 13, 14, 52, 11, 33, 43, 5, 48, 51, 27, 28, 12, 6, 39, 2, 30, 21, 42, 7, 16, 29, 50, 20, 23, 46, 25, 44, 15, 40, 47, 26, 31, 34, 37, 36, 18, 3, 17, 22]

Individual 64:
  Route length: 14881
  Contribution to Diversity: 0.0011075012872447942
  Route: [1, 49, 11, 52, 14, 43, 15, 5, 51, 33, 29, 16, 32, 34, 40, 39, 36, 35, 24, 41, 19, 46, 44, 50, 20, 23, 30, 2, 7, 42, 21, 13, 47, 26, 27, 28, 8, 9, 10, 45, 48, 38, 37, 12, 25, 4, 6, 17, 3, 18, 31, 22]

Individual 65:
  Route length: 15035
  Contribution to Diversity: 0.0006141605957479257
  Route: [35, 34, 44, 36, 38, 37, 30, 28, 27, 48, 15, 5, 12, 25, 4, 11, 52, 14, 13, 47, 26, 39, 23, 24, 6, 2, 42, 7, 20, 16, 29, 3, 18, 1, 50, 32, 49, 17, 21, 40, 31, 19, 45, 41, 8, 9, 10, 43, 33, 51, 46, 22]

Individual 66:
  Route length: 15055
  Contribution to Diversity: 0.0011696819604756215
  Route: [1, 32, 39, 5, 24, 47, 13, 14, 52, 11, 51, 33, 49, 10, 40, 37, 38, 19, 43, 45, 42, 3, 17, 21, 44, 34, 35, 36, 46, 16, 29, 50, 30, 23, 20, 25, 12, 28, 27, 26, 4, 6, 15, 2, 7, 9, 8, 48, 41, 18, 31, 22]

Individual 67:
  Route length: 14963
  Contribution to Diversity: 0
  Route: [1, 39, 24, 27, 26, 47, 28, 12, 21, 17, 45, 35, 42, 7, 2, 30, 23, 20, 50, 19, 41, 49, 25, 34, 32, 9, 8, 3, 18, 46, 38, 37, 40, 44, 16, 29, 48, 13, 14, 52, 11, 5, 15, 6, 4, 10, 43, 33, 51, 36, 31, 22]

Individual 68:
  Route length: 14975
  Contribution to Diversity: 0
  Route: [35, 34, 50, 36, 38, 4, 26, 47, 13, 14, 52, 20, 16, 18, 3, 2, 42, 7, 17, 21, 27, 28, 44, 29, 33, 43, 10, 9, 19, 41, 8, 31, 39, 37, 40, 5, 15, 6, 51, 11, 12, 25, 23, 30, 45, 32, 49, 1, 48, 24, 46, 22]

Individual 69:
  Route length: 14932
  Contribution to Diversity: 1.8605425963436062e-05
  Route: [35, 50, 34, 19, 9, 10, 43, 33, 51, 11, 12, 25, 27, 28, 44, 29, 3, 18, 16, 20, 52, 14, 13, 47, 26, 4, 38, 36, 41, 8, 31, 39, 37, 40, 5, 15, 6, 2, 42, 7, 17, 21, 45, 30, 23, 32, 49, 1, 48, 24, 46, 22]

Individual 70:
  Route length: 14466
  Contribution to Diversity: 0
  Route: [27, 17, 50, 20, 23, 30, 49, 1, 15, 6, 2, 7, 42, 21, 29, 16, 46, 44, 34, 36, 35, 45, 19, 41, 8, 9, 33, 51, 11, 52, 26, 47, 14, 13, 28, 39, 37, 24, 48, 38, 40, 31, 32, 25, 4, 12, 5, 10, 43, 18, 3, 22]

Individual 71:
  Route length: 14865
  Contribution to Diversity: 0.0008967566068074362
  Route: [17, 21, 42, 48, 38, 37, 40, 44, 23, 24, 47, 26, 27, 28, 12, 25, 9, 8, 41, 30, 2, 7, 6, 15, 5, 1, 49, 32, 13, 14, 52, 11, 51, 33, 43, 10, 34, 39, 20, 50, 29, 16, 46, 4, 36, 45, 31, 3, 18, 35, 19, 22]

Individual 72:
  Route length: 15072
  Contribution to Diversity: 0.0022651818342636076
  Route: [39, 24, 5, 48, 19, 25, 46, 11, 52, 14, 13, 47, 7, 42, 21, 20, 23, 30, 2, 15, 6, 4, 49, 1, 38, 16, 29, 17, 3, 18, 32, 44, 35, 36, 37, 40, 45, 41, 10, 9, 8, 50, 43, 26, 27, 28, 12, 51, 33, 34, 31, 22]

Individual 73:
  Route length: 14824
  Contribution to Diversity: 0.0001567342822008655
  Route: [45, 19, 41, 8, 9, 32, 40, 39, 28, 27, 30, 23, 20, 50, 17, 21, 42, 7, 2, 24, 15, 1, 49, 29, 6, 35, 36, 34, 44, 46, 16, 12, 5, 10, 43, 33, 51, 11, 52, 26, 47, 14, 13, 31, 48, 38, 37, 25, 4, 18, 3, 22]

Individual 74:
  Route length: 14634
  Contribution to Diversity: 0
  Route: [1, 8, 9, 10, 31, 18, 3, 17, 24, 32, 49, 19, 34, 43, 37, 38, 48, 45, 36, 35, 46, 44, 29, 16, 11, 52, 14, 33, 51, 6, 41, 5, 15, 40, 39, 4, 25, 12, 28, 27, 26, 47, 13, 21, 42, 7, 2, 30, 23, 20, 50, 22]

Individual 75:
  Route length: 15029
  Contribution to Diversity: 0
  Route: [1, 49, 23, 32, 2, 7, 41, 5, 24, 48, 46, 38, 36, 39, 40, 37, 21, 17, 6, 15, 13, 14, 52, 11, 51, 33, 43, 42, 45, 19, 44, 31, 18, 3, 10, 9, 8, 16, 4, 25, 12, 28, 27, 26, 47, 34, 35, 30, 29, 50, 20, 22]

Individual 76:
  Route length: 14860
  Contribution to Diversity: 0.00024844822482439355
  Route: [1, 39, 40, 38, 37, 19, 41, 49, 25, 34, 32, 9, 8, 3, 18, 46, 50, 20, 23, 30, 2, 7, 42, 35, 45, 17, 21, 12, 28, 47, 26, 27, 24, 29, 16, 44, 48, 13, 14, 52, 11, 5, 15, 6, 4, 10, 43, 33, 51, 36, 31, 22]

Individual 77:
  Route length: 14995
  Contribution to Diversity: 0.0010705697655986057
  Route: [1, 5, 43, 33, 11, 52, 14, 13, 35, 17, 3, 18, 37, 36, 31, 25, 46, 40, 15, 44, 34, 26, 47, 23, 20, 50, 29, 16, 7, 42, 21, 30, 2, 49, 6, 4, 32, 45, 19, 41, 8, 9, 10, 24, 39, 38, 48, 51, 27, 28, 12, 22]

Individual 78:
  Route length: 14749
  Contribution to Diversity: 0
  Route: [32, 9, 8, 41, 19, 45, 6, 29, 49, 1, 15, 24, 2, 7, 42, 21, 17, 50, 20, 23, 30, 27, 28, 39, 40, 35, 36, 34, 44, 46, 16, 12, 5, 10, 43, 33, 51, 11, 52, 26, 47, 14, 13, 31, 48, 38, 37, 25, 4, 18, 3, 22]

Individual 79:
  Route length: 14954
  Contribution to Diversity: 0.0027841743270711206
  Route: [30, 23, 20, 46, 44, 34, 35, 36, 39, 40, 25, 4, 6, 43, 10, 8, 9, 32, 28, 27, 26, 47, 13, 14, 37, 48, 12, 33, 51, 11, 52, 15, 50, 24, 5, 1, 49, 41, 19, 29, 17, 21, 42, 7, 2, 38, 16, 45, 18, 3, 31, 22]

Individual 80:
  Route length: 14693
  Contribution to Diversity: 0.001687569981652537
  Route: [1, 49, 36, 35, 31, 34, 44, 46, 16, 29, 50, 20, 23, 15, 6, 39, 27, 12, 51, 26, 47, 13, 14, 52, 11, 28, 38, 48, 24, 8, 30, 17, 21, 43, 10, 9, 3, 45, 19, 41, 37, 32, 18, 42, 7, 2, 25, 4, 40, 33, 5, 22]

Individual 81:
  Route length: 14899
  Contribution to Diversity: 0.0015200897509481948
  Route: [1, 49, 36, 35, 31, 34, 44, 46, 16, 29, 50, 20, 23, 15, 6, 39, 27, 12, 28, 11, 52, 14, 13, 47, 26, 51, 19, 41, 32, 37, 38, 48, 24, 8, 30, 17, 21, 43, 10, 9, 3, 45, 18, 42, 7, 2, 25, 4, 40, 33, 5, 22]

Individual 82:
  Route length: 14959
  Contribution to Diversity: 0.00041289624428131333
  Route: [17, 21, 42, 48, 38, 37, 40, 44, 23, 24, 9, 8, 41, 30, 2, 7, 25, 12, 28, 27, 26, 47, 34, 10, 43, 33, 51, 11, 52, 14, 13, 32, 49, 1, 5, 15, 6, 39, 20, 50, 29, 16, 46, 4, 36, 45, 31, 3, 18, 35, 19, 22]

Individual 83:
  Route length: 14922
  Contribution to Diversity: 0
  Route: [1, 49, 40, 39, 36, 38, 46, 48, 24, 5, 41, 7, 3, 18, 31, 44, 19, 45, 10, 9, 8, 16, 43, 33, 51, 11, 52, 14, 13, 15, 6, 17, 21, 37, 42, 2, 32, 23, 20, 50, 29, 30, 35, 34, 47, 26, 27, 28, 12, 25, 4, 22]

Individual 84:
  Route length: 14859
  Contribution to Diversity: 0
  Route: [35, 34, 50, 36, 38, 4, 26, 47, 13, 14, 52, 20, 16, 18, 3, 29, 44, 28, 27, 25, 12, 11, 51, 33, 43, 10, 9, 19, 41, 1, 49, 32, 23, 30, 45, 21, 17, 7, 42, 2, 6, 15, 5, 40, 37, 39, 31, 8, 48, 24, 46, 22]

Individual 85:
  Route length: 14991
  Contribution to Diversity: 0.0008596896223727057
  Route: [1, 8, 17, 21, 34, 25, 5, 15, 6, 4, 11, 52, 14, 13, 29, 38, 37, 40, 39, 36, 51, 33, 9, 32, 45, 16, 23, 20, 50, 19, 41, 49, 30, 2, 7, 42, 35, 48, 47, 26, 27, 28, 12, 43, 10, 24, 44, 46, 18, 3, 31, 22]

Individual 86:
  Route length: 15064
  Contribution to Diversity: 0.0009466879631681024
  Route: [32, 45, 19, 41, 29, 4, 25, 36, 35, 21, 17, 3, 30, 2, 7, 42, 23, 20, 50, 11, 52, 12, 51, 33, 18, 39, 40, 49, 1, 10, 43, 6, 28, 27, 26, 47, 13, 14, 8, 9, 44, 34, 46, 16, 38, 37, 48, 24, 5, 15, 31, 22]

Individual 87:
  Route length: 14848
  Contribution to Diversity: 0.0038451258105469677
  Route: [32, 10, 43, 20, 23, 28, 27, 30, 42, 7, 2, 44, 34, 35, 36, 24, 48, 38, 37, 40, 39, 45, 49, 33, 15, 5, 12, 25, 4, 26, 47, 13, 14, 52, 11, 51, 46, 1, 16, 3, 17, 21, 31, 18, 6, 50, 29, 9, 8, 41, 19, 22]

Individual 88:
  Route length: 15067
  Contribution to Diversity: 0.0022560208753326094
  Route: [1, 49, 32, 6, 4, 29, 50, 20, 5, 24, 48, 25, 14, 52, 33, 51, 11, 41, 8, 39, 36, 38, 26, 27, 28, 12, 47, 13, 16, 34, 35, 44, 46, 42, 7, 2, 18, 31, 23, 30, 21, 17, 3, 43, 9, 10, 37, 40, 19, 45, 15, 22]

Individual 89:
  Route length: 15065
  Contribution to Diversity: 0
  Route: [1, 8, 9, 10, 31, 18, 3, 17, 24, 32, 49, 19, 34, 43, 37, 38, 45, 48, 14, 52, 11, 16, 29, 44, 46, 35, 36, 33, 51, 6, 41, 5, 15, 40, 39, 4, 25, 12, 28, 27, 26, 47, 13, 21, 42, 7, 2, 30, 23, 20, 50, 22]

Individual 90:
  Route length: 14841
  Contribution to Diversity: 0.0011082192612708042
  Route: [1, 49, 24, 10, 25, 46, 32, 45, 19, 41, 8, 9, 51, 33, 43, 5, 35, 13, 14, 52, 11, 34, 48, 38, 39, 40, 21, 42, 7, 16, 29, 50, 20, 23, 30, 2, 44, 15, 4, 6, 12, 28, 27, 26, 47, 31, 36, 37, 18, 3, 17, 22]

Individual 91:
  Route length: 15026
  Contribution to Diversity: 0.0018256989205376328
  Route: [33, 43, 10, 9, 8, 41, 18, 6, 4, 25, 12, 28, 13, 14, 52, 11, 51, 24, 5, 42, 7, 2, 46, 44, 34, 35, 30, 31, 36, 39, 40, 37, 38, 48, 20, 50, 3, 17, 21, 27, 19, 45, 32, 49, 1, 23, 26, 47, 16, 29, 15, 22]

Individual 92:
  Route length: 15052
  Contribution to Diversity: 0.0011850621365283587
  Route: [1, 49, 35, 34, 44, 48, 38, 33, 4, 17, 21, 3, 32, 45, 43, 20, 19, 41, 8, 10, 9, 25, 12, 28, 27, 37, 18, 23, 30, 2, 7, 42, 14, 52, 13, 47, 26, 40, 39, 36, 51, 11, 6, 15, 5, 50, 29, 16, 46, 24, 31, 22]

Individual 93:
  Route length: 15027
  Contribution to Diversity: 0.0018433081602040602
  Route: [21, 1, 8, 9, 32, 45, 40, 35, 36, 39, 17, 12, 28, 27, 26, 47, 46, 41, 49, 25, 34, 29, 16, 44, 13, 14, 52, 11, 5, 15, 6, 4, 10, 43, 33, 51, 24, 48, 38, 37, 3, 18, 19, 50, 20, 23, 30, 2, 7, 42, 31, 22]

Individual 94:
  Route length: 15055
  Contribution to Diversity: 0.001136432938749543
  Route: [1, 32, 49, 17, 19, 45, 39, 29, 16, 46, 4, 36, 50, 20, 5, 15, 6, 24, 48, 47, 26, 27, 28, 12, 25, 7, 18, 3, 31, 8, 41, 10, 9, 38, 34, 44, 40, 37, 42, 21, 35, 23, 30, 2, 13, 14, 52, 11, 51, 33, 43, 22]

Individual 95:
  Route length: 14858
  Contribution to Diversity: 0.0009151851687789758
  Route: [35, 34, 50, 31, 8, 41, 19, 9, 10, 43, 33, 29, 44, 28, 27, 21, 17, 7, 42, 2, 3, 18, 16, 20, 52, 14, 13, 47, 26, 4, 38, 36, 24, 48, 1, 49, 32, 45, 30, 23, 25, 12, 11, 51, 6, 15, 5, 40, 37, 39, 46, 22]

Individual 96:
  Route length: 14946
  Contribution to Diversity: 0.0014178097914046006
  Route: [1, 38, 49, 50, 29, 25, 12, 28, 27, 39, 10, 9, 8, 34, 35, 36, 5, 15, 6, 44, 46, 16, 32, 3, 42, 11, 51, 33, 43, 24, 4, 37, 40, 13, 52, 14, 47, 26, 19, 45, 41, 48, 20, 23, 30, 2, 7, 21, 17, 18, 31, 22]

Individual 97:
  Route length: 14852
  Contribution to Diversity: 0
  Route: [1, 49, 16, 8, 9, 10, 45, 19, 44, 31, 18, 3, 7, 41, 5, 24, 48, 46, 38, 36, 39, 40, 15, 6, 17, 21, 37, 13, 14, 52, 11, 51, 33, 43, 42, 2, 32, 23, 20, 50, 29, 30, 35, 34, 47, 26, 27, 28, 12, 25, 4, 22]

Individual 98:
  Route length: 14949
  Contribution to Diversity: 0
  Route: [27, 21, 42, 7, 2, 6, 15, 1, 49, 30, 23, 20, 50, 17, 24, 37, 39, 28, 13, 14, 47, 26, 52, 11, 51, 33, 9, 8, 41, 19, 45, 35, 36, 34, 44, 46, 16, 29, 48, 38, 40, 31, 32, 25, 4, 12, 5, 10, 43, 18, 3, 22]

Individual 99:
  Route length: 14891
  Contribution to Diversity: 0.001081231754485934
  Route: [23, 18, 31, 1, 8, 9, 10, 43, 49, 32, 45, 19, 38, 37, 36, 33, 51, 50, 35, 34, 44, 46, 47, 26, 27, 12, 25, 4, 6, 40, 29, 16, 5, 24, 48, 15, 39, 30, 2, 7, 42, 52, 14, 13, 28, 11, 41, 20, 21, 17, 3, 22]

Total Entropy H: 5.7302563122642445
