Individual 0:
  Route length: 22599
  Contribution to Diversity: 0.0006493222683960909
  Route: [36, 33, 38, 30, 52, 9, 7, 23, 43, 12, 37, 45, 24, 6, 51, 39, 1, 3, 2, 41, 8, 5, 49, 32, 15, 19, 17, 21, 42, 31, 18, 40, 28, 11, 35, 47, 26, 13, 14, 27, 4, 34, 44, 29, 50, 20, 46, 25, 16, 10, 48, 22]

Individual 1:
  Route length: 22484
  Contribution to Diversity: 0.002360058561877487
  Route: [17, 48, 50, 13, 27, 39, 46, 31, 19, 36, 25, 21, 29, 3, 40, 33, 24, 2, 18, 34, 4, 51, 11, 47, 26, 14, 52, 38, 6, 9, 10, 16, 32, 45, 23, 41, 8, 44, 5, 35, 30, 1, 37, 7, 42, 43, 15, 28, 12, 49, 20, 22]

Individual 2:
  Route length: 22260
  Contribution to Diversity: 0.0014706740657253192
  Route: [37, 29, 1, 32, 8, 23, 44, 5, 40, 16, 30, 50, 2, 14, 51, 36, 45, 19, 11, 20, 6, 15, 46, 38, 48, 35, 12, 25, 4, 31, 39, 33, 43, 18, 41, 49, 34, 28, 47, 13, 24, 3, 10, 9, 27, 26, 52, 7, 42, 21, 17, 22]

Individual 3:
  Route length: 22567
  Contribution to Diversity: 0.0033990952896250093
  Route: [40, 34, 18, 38, 25, 21, 19, 28, 12, 26, 45, 51, 27, 6, 11, 20, 30, 23, 35, 32, 46, 16, 52, 14, 13, 47, 42, 41, 10, 29, 5, 9, 48, 4, 15, 7, 2, 31, 39, 43, 33, 44, 24, 36, 37, 49, 1, 3, 50, 8, 17, 22]

Individual 4:
  Route length: 22016
  Contribution to Diversity: 0.0013243425439561918
  Route: [39, 11, 13, 9, 8, 45, 34, 35, 48, 3, 40, 18, 17, 2, 21, 19, 41, 30, 32, 44, 36, 6, 24, 10, 31, 23, 5, 52, 27, 51, 29, 37, 20, 26, 47, 14, 12, 25, 16, 4, 28, 15, 38, 33, 43, 50, 42, 1, 49, 7, 46, 22]

Individual 5:
  Route length: 22584
  Contribution to Diversity: 0.0038492783679870968
  Route: [47, 32, 27, 13, 14, 10, 9, 8, 41, 19, 40, 43, 30, 2, 39, 36, 6, 16, 35, 15, 33, 51, 28, 50, 29, 25, 37, 21, 18, 17, 1, 23, 12, 31, 34, 49, 44, 46, 48, 38, 5, 24, 52, 26, 7, 20, 4, 11, 3, 42, 45, 22]

Individual 6:
  Route length: 22353
  Contribution to Diversity: 0.0012015738437129997
  Route: [39, 28, 12, 7, 48, 3, 40, 18, 17, 2, 42, 1, 19, 41, 31, 8, 9, 21, 32, 45, 34, 35, 30, 43, 33, 44, 36, 6, 24, 10, 52, 27, 51, 20, 4, 16, 25, 49, 15, 38, 29, 50, 37, 5, 23, 13, 11, 26, 47, 14, 46, 22]

Individual 7:
  Route length: 22447
  Contribution to Diversity: 0.0037995351285706747
  Route: [9, 35, 38, 37, 6, 24, 16, 43, 7, 2, 40, 17, 18, 48, 4, 10, 19, 3, 44, 45, 5, 15, 11, 51, 23, 36, 12, 52, 32, 1, 33, 27, 13, 14, 30, 20, 49, 50, 28, 47, 29, 39, 46, 34, 31, 21, 42, 8, 41, 25, 26, 22]

Individual 8:
  Route length: 22512
  Contribution to Diversity: 0.001715562051164632
  Route: [32, 37, 15, 16, 45, 49, 2, 24, 13, 26, 46, 29, 10, 9, 8, 17, 21, 42, 23, 31, 39, 14, 40, 48, 3, 35, 34, 33, 12, 30, 50, 36, 7, 18, 5, 27, 38, 4, 25, 51, 11, 52, 47, 19, 41, 43, 28, 20, 44, 1, 6, 22]

Individual 9:
  Route length: 22138
  Contribution to Diversity: 0.0020369926892165324
  Route: [51, 26, 3, 1, 15, 21, 17, 18, 31, 8, 48, 40, 36, 46, 52, 14, 29, 25, 9, 10, 32, 30, 23, 5, 28, 50, 12, 33, 4, 37, 43, 41, 44, 34, 13, 45, 19, 35, 38, 6, 49, 16, 42, 7, 2, 20, 39, 11, 27, 47, 24, 22]

Individual 10:
  Route length: 22338
  Contribution to Diversity: 0.0036822613621403377
  Route: [49, 45, 39, 6, 37, 40, 50, 42, 30, 36, 18, 9, 10, 25, 44, 20, 15, 26, 8, 23, 16, 19, 1, 43, 33, 4, 35, 48, 38, 31, 28, 27, 47, 13, 7, 2, 21, 3, 5, 52, 14, 32, 41, 24, 29, 46, 17, 11, 12, 51, 34, 22]

Individual 11:
  Route length: 22534
  Contribution to Diversity: 0.0017152098312305242
  Route: [1, 51, 52, 28, 27, 26, 45, 17, 3, 36, 12, 47, 30, 5, 24, 23, 8, 14, 13, 11, 42, 34, 46, 15, 44, 50, 21, 43, 18, 7, 2, 49, 19, 40, 20, 29, 16, 31, 4, 9, 10, 35, 48, 32, 38, 37, 25, 41, 39, 6, 33, 22]

Individual 12:
  Route length: 22414
  Contribution to Diversity: 0.0007477407253917434
  Route: [38, 26, 47, 33, 11, 21, 20, 7, 10, 35, 44, 46, 42, 17, 3, 18, 28, 36, 1, 23, 16, 25, 13, 37, 49, 12, 24, 48, 27, 43, 4, 31, 2, 30, 50, 19, 41, 8, 9, 45, 29, 40, 39, 32, 34, 15, 51, 14, 52, 5, 6, 22]

Individual 13:
  Route length: 22330
  Contribution to Diversity: 0.0031441703859353964
  Route: [18, 39, 37, 31, 29, 11, 52, 38, 16, 20, 24, 26, 47, 30, 3, 23, 34, 48, 36, 2, 4, 8, 19, 41, 21, 1, 15, 25, 13, 43, 9, 10, 5, 49, 6, 40, 17, 14, 51, 12, 28, 27, 50, 46, 42, 7, 32, 45, 33, 44, 35, 22]

Individual 14:
  Route length: 21952
  Contribution to Diversity: 0.0008899094091274762
  Route: [6, 9, 12, 11, 52, 28, 29, 40, 33, 43, 27, 50, 49, 36, 51, 35, 10, 45, 44, 5, 34, 37, 38, 18, 3, 42, 21, 23, 30, 15, 24, 20, 31, 47, 26, 32, 46, 17, 2, 7, 41, 8, 48, 19, 39, 16, 13, 14, 25, 1, 4, 22]

Individual 15:
  Route length: 22616
  Contribution to Diversity: 0.0038248894975279057
  Route: [42, 21, 41, 49, 26, 29, 27, 13, 37, 15, 43, 4, 36, 2, 47, 46, 39, 20, 44, 33, 9, 31, 17, 1, 7, 40, 50, 16, 5, 24, 28, 12, 10, 48, 25, 32, 45, 19, 23, 30, 18, 14, 11, 52, 51, 34, 6, 35, 38, 8, 3, 22]

Individual 16:
  Route length: 22594
  Contribution to Diversity: 0.0016575845135102796
  Route: [39, 45, 40, 20, 30, 48, 42, 50, 44, 27, 25, 5, 15, 26, 47, 28, 1, 17, 2, 6, 21, 31, 7, 51, 52, 14, 11, 41, 46, 23, 4, 35, 19, 49, 32, 10, 43, 33, 12, 8, 9, 38, 36, 24, 13, 16, 29, 34, 37, 18, 3, 22]

Individual 17:
  Route length: 22563
  Contribution to Diversity: 0.0019251677477960527
  Route: [32, 49, 24, 36, 25, 6, 11, 39, 17, 21, 23, 16, 45, 34, 52, 26, 12, 35, 1, 3, 40, 44, 50, 31, 19, 38, 18, 5, 33, 47, 10, 46, 20, 30, 48, 27, 13, 14, 51, 8, 9, 41, 28, 29, 37, 43, 42, 2, 7, 15, 4, 22]

Individual 18:
  Route length: 22528
  Contribution to Diversity: 0.003775194985037089
  Route: [3, 18, 30, 2, 4, 6, 10, 38, 49, 31, 36, 40, 39, 23, 12, 47, 20, 29, 50, 19, 32, 7, 42, 13, 45, 46, 25, 14, 52, 33, 51, 11, 26, 17, 21, 43, 35, 28, 27, 1, 24, 48, 41, 15, 34, 16, 37, 44, 8, 9, 5, 22]

Individual 19:
  Route length: 22487
  Contribution to Diversity: 0.0016983332335902546
  Route: [29, 35, 17, 7, 42, 32, 10, 9, 45, 8, 14, 38, 46, 36, 16, 12, 19, 44, 21, 11, 37, 3, 5, 20, 23, 49, 40, 39, 41, 25, 51, 52, 27, 28, 15, 13, 47, 48, 4, 6, 24, 34, 50, 1, 18, 43, 33, 26, 2, 30, 31, 22]

Individual 20:
  Route length: 22519
  Contribution to Diversity: 0.0006516853239286746
  Route: [49, 39, 35, 7, 26, 47, 38, 1, 21, 31, 41, 9, 10, 11, 27, 13, 34, 15, 46, 43, 32, 2, 19, 17, 3, 18, 5, 12, 50, 20, 44, 23, 29, 33, 51, 45, 52, 14, 16, 28, 25, 48, 24, 6, 8, 37, 4, 42, 36, 40, 30, 22]

Individual 21:
  Route length: 22085
  Contribution to Diversity: 0.002744655557565423
  Route: [30, 2, 17, 31, 9, 33, 37, 10, 40, 28, 12, 44, 50, 16, 5, 24, 42, 21, 36, 43, 4, 38, 25, 18, 20, 19, 41, 23, 32, 45, 14, 11, 52, 15, 51, 48, 46, 39, 29, 35, 6, 34, 7, 1, 8, 49, 26, 47, 13, 27, 3, 22]

Individual 22:
  Route length: 22612
  Contribution to Diversity: 0.002670178994909733
  Route: [19, 41, 8, 31, 34, 35, 25, 13, 26, 28, 29, 39, 48, 47, 45, 16, 38, 37, 4, 21, 10, 23, 50, 43, 36, 24, 27, 14, 12, 15, 52, 3, 17, 49, 32, 7, 20, 30, 5, 40, 46, 42, 2, 1, 18, 44, 6, 33, 51, 11, 9, 22]

Individual 23:
  Route length: 21293
  Contribution to Diversity: 0.002145007060758708
  Route: [34, 4, 6, 29, 3, 7, 2, 17, 37, 46, 44, 49, 25, 14, 52, 11, 23, 45, 42, 15, 47, 1, 50, 26, 36, 35, 51, 48, 5, 18, 16, 41, 8, 33, 32, 43, 10, 12, 13, 27, 28, 38, 40, 24, 39, 9, 19, 21, 20, 30, 31, 22]

Individual 24:
  Route length: 22472
  Contribution to Diversity: 0.0012454992963668587
  Route: [10, 41, 48, 19, 44, 50, 37, 15, 17, 23, 1, 7, 43, 4, 14, 28, 26, 52, 11, 35, 2, 32, 6, 5, 46, 9, 8, 45, 39, 34, 38, 18, 40, 3, 49, 25, 12, 47, 13, 20, 24, 31, 30, 21, 42, 36, 27, 33, 51, 29, 16, 22]

Individual 25:
  Route length: 22354
  Contribution to Diversity: 0.002435403113396184
  Route: [16, 4, 25, 12, 47, 26, 36, 38, 43, 9, 8, 41, 50, 19, 28, 52, 27, 40, 33, 11, 51, 2, 29, 30, 39, 46, 17, 35, 21, 45, 20, 48, 24, 7, 31, 10, 49, 14, 13, 37, 18, 32, 6, 15, 5, 1, 34, 3, 42, 23, 44, 22]

Individual 26:
  Route length: 22380
  Contribution to Diversity: 0.0035542687561402886
  Route: [43, 51, 4, 27, 26, 11, 49, 15, 35, 25, 12, 40, 45, 32, 39, 7, 42, 17, 31, 30, 36, 19, 23, 37, 41, 3, 2, 20, 44, 16, 46, 50, 52, 18, 8, 9, 10, 28, 29, 21, 34, 5, 33, 13, 14, 1, 47, 48, 6, 38, 24, 22]

Individual 27:
  Route length: 22461
  Contribution to Diversity: 0.004145275251850045
  Route: [36, 17, 33, 26, 27, 34, 28, 30, 46, 48, 47, 51, 11, 52, 5, 19, 31, 1, 43, 25, 37, 4, 12, 13, 40, 9, 8, 41, 44, 3, 39, 7, 50, 23, 2, 42, 21, 10, 16, 49, 29, 20, 14, 6, 15, 38, 24, 45, 32, 18, 35, 22]

Individual 28:
  Route length: 22155
  Contribution to Diversity: 0.0018335674535707724
  Route: [35, 34, 33, 51, 43, 36, 24, 47, 31, 40, 5, 39, 18, 44, 29, 2, 20, 30, 6, 12, 9, 21, 11, 52, 14, 46, 38, 16, 10, 15, 37, 50, 41, 19, 8, 27, 49, 32, 17, 3, 23, 48, 4, 25, 13, 26, 28, 45, 1, 42, 7, 22]

Individual 29:
  Route length: 21405
  Contribution to Diversity: 0.001775532349457265
  Route: [10, 34, 35, 36, 12, 25, 27, 40, 23, 21, 45, 2, 30, 7, 46, 19, 41, 1, 49, 50, 24, 16, 20, 9, 18, 51, 43, 33, 5, 14, 13, 47, 26, 28, 48, 44, 38, 37, 29, 15, 6, 4, 32, 8, 3, 52, 11, 39, 17, 42, 31, 22]

Individual 30:
  Route length: 22025
  Contribution to Diversity: 0.0019782973296473827
  Route: [34, 6, 42, 45, 21, 49, 31, 18, 3, 17, 10, 25, 44, 1, 47, 13, 51, 11, 23, 7, 2, 37, 9, 33, 40, 46, 4, 14, 52, 43, 24, 38, 39, 16, 35, 29, 26, 12, 28, 19, 8, 15, 36, 27, 48, 32, 50, 20, 5, 41, 30, 22]

Individual 31:
  Route length: 22239
  Contribution to Diversity: 0.001183528916872234
  Route: [6, 51, 11, 24, 9, 32, 49, 46, 20, 38, 33, 43, 17, 29, 28, 52, 48, 5, 21, 23, 44, 45, 25, 1, 30, 2, 7, 36, 3, 42, 19, 31, 15, 13, 14, 27, 50, 35, 40, 10, 8, 16, 39, 37, 34, 41, 18, 4, 26, 47, 12, 22]

Individual 32:
  Route length: 21984
  Contribution to Diversity: 0.002000473326821073
  Route: [34, 19, 45, 2, 23, 3, 17, 38, 5, 7, 42, 20, 10, 30, 18, 21, 35, 36, 44, 32, 31, 51, 39, 46, 25, 9, 29, 16, 43, 6, 1, 13, 33, 11, 52, 14, 37, 24, 15, 50, 47, 28, 49, 40, 4, 12, 27, 26, 48, 8, 41, 22]

Individual 33:
  Route length: 22371
  Contribution to Diversity: 0.002164869479140741
  Route: [30, 40, 35, 37, 21, 16, 52, 27, 46, 44, 41, 49, 26, 15, 8, 10, 39, 14, 11, 45, 36, 24, 38, 25, 48, 17, 7, 2, 6, 1, 32, 34, 3, 18, 42, 19, 13, 47, 12, 28, 51, 43, 5, 29, 23, 50, 20, 4, 9, 33, 31, 22]

Individual 34:
  Route length: 22309
  Contribution to Diversity: 0.001928398435199874
  Route: [48, 43, 34, 3, 50, 42, 2, 20, 39, 36, 21, 16, 5, 31, 18, 12, 25, 7, 11, 49, 1, 37, 40, 44, 29, 14, 51, 6, 35, 19, 30, 23, 32, 24, 41, 4, 46, 17, 28, 27, 26, 47, 52, 13, 9, 10, 8, 45, 33, 15, 38, 22]

Individual 35:
  Route length: 22117
  Contribution to Diversity: 0.002558594669674008
  Route: [1, 49, 46, 5, 41, 9, 50, 47, 25, 29, 20, 35, 26, 11, 12, 51, 32, 36, 40, 14, 13, 48, 34, 17, 19, 8, 10, 39, 38, 6, 15, 16, 3, 30, 2, 7, 43, 33, 37, 28, 52, 31, 45, 27, 18, 24, 4, 23, 44, 21, 42, 22]

Individual 36:
  Route length: 22553
  Contribution to Diversity: 0.00242758454813341
  Route: [3, 41, 40, 42, 7, 2, 10, 9, 16, 14, 6, 29, 19, 32, 17, 18, 45, 15, 1, 30, 36, 33, 51, 12, 28, 27, 5, 20, 46, 24, 21, 8, 4, 38, 44, 13, 31, 23, 49, 25, 50, 47, 11, 52, 34, 48, 26, 43, 37, 39, 35, 22]

Individual 37:
  Route length: 22521
  Contribution to Diversity: 0.0030706774445601326
  Route: [44, 39, 34, 46, 49, 32, 15, 4, 16, 18, 5, 45, 47, 36, 30, 42, 27, 14, 26, 35, 50, 20, 51, 1, 3, 38, 43, 25, 24, 52, 11, 29, 13, 28, 12, 48, 37, 2, 7, 41, 19, 6, 31, 10, 9, 23, 17, 21, 8, 33, 40, 22]

Individual 38:
  Route length: 21846
  Contribution to Diversity: 0.0025600488580987957
  Route: [48, 51, 33, 43, 49, 36, 20, 16, 2, 7, 30, 21, 34, 8, 9, 11, 6, 27, 19, 38, 45, 15, 4, 5, 42, 24, 39, 26, 12, 25, 47, 28, 1, 40, 29, 44, 37, 35, 41, 10, 46, 18, 31, 23, 14, 13, 52, 17, 3, 50, 32, 22]

Individual 39:
  Route length: 22514
  Contribution to Diversity: 0.003040807753869501
  Route: [40, 1, 50, 2, 7, 49, 5, 35, 31, 18, 38, 45, 19, 46, 4, 11, 48, 30, 21, 9, 3, 32, 42, 6, 41, 34, 20, 27, 14, 12, 26, 39, 36, 51, 47, 28, 44, 23, 15, 37, 25, 52, 13, 17, 8, 10, 43, 33, 16, 29, 24, 22]

Individual 40:
  Route length: 22128
  Contribution to Diversity: 0.0011236265703624682
  Route: [29, 23, 50, 1, 39, 40, 38, 12, 11, 48, 35, 44, 16, 9, 17, 24, 5, 25, 46, 30, 47, 31, 36, 4, 13, 33, 10, 43, 45, 20, 6, 18, 3, 28, 27, 52, 14, 2, 15, 34, 49, 8, 41, 19, 42, 7, 21, 26, 37, 51, 32, 22]

Individual 41:
  Route length: 22485
  Contribution to Diversity: 0.0007474508559370818
  Route: [23, 18, 28, 43, 15, 37, 31, 44, 34, 7, 3, 49, 40, 46, 14, 51, 25, 19, 17, 16, 39, 45, 20, 30, 1, 8, 41, 6, 24, 50, 48, 5, 47, 35, 11, 13, 26, 27, 52, 4, 9, 38, 32, 21, 42, 2, 29, 33, 10, 36, 12, 22]

Individual 42:
  Route length: 22513
  Contribution to Diversity: 0.0013217911147123118
  Route: [37, 27, 52, 6, 47, 13, 5, 49, 32, 16, 42, 36, 12, 25, 4, 50, 20, 15, 31, 43, 26, 41, 8, 9, 10, 3, 18, 2, 7, 30, 23, 1, 17, 48, 29, 45, 38, 46, 44, 24, 19, 35, 34, 40, 51, 21, 11, 14, 28, 33, 39, 22]

Individual 43:
  Route length: 22523
  Contribution to Diversity: 0.002614530017025274
  Route: [4, 33, 48, 6, 9, 15, 3, 51, 26, 43, 10, 13, 7, 2, 30, 32, 39, 36, 17, 21, 50, 23, 52, 14, 34, 25, 38, 37, 29, 44, 45, 41, 19, 20, 24, 1, 8, 35, 46, 5, 27, 28, 12, 11, 47, 42, 18, 40, 49, 16, 31, 22]

Individual 44:
  Route length: 22522
  Contribution to Diversity: 0.002692657418925215
  Route: [1, 41, 30, 3, 38, 52, 4, 24, 5, 14, 15, 6, 47, 29, 40, 49, 44, 21, 42, 7, 2, 20, 11, 26, 28, 13, 48, 34, 17, 18, 50, 9, 19, 10, 12, 46, 25, 27, 37, 51, 16, 8, 33, 43, 31, 39, 35, 23, 32, 36, 45, 22]

Individual 45:
  Route length: 22201
  Contribution to Diversity: 0.001689361561851399
  Route: [1, 21, 7, 50, 31, 45, 29, 12, 38, 43, 25, 9, 8, 41, 35, 4, 15, 10, 36, 20, 5, 19, 26, 2, 34, 6, 39, 33, 13, 14, 52, 37, 16, 46, 17, 30, 49, 11, 51, 28, 27, 47, 42, 23, 48, 24, 44, 18, 40, 3, 32, 22]

Individual 46:
  Route length: 22584
  Contribution to Diversity: 0.0028026964112424224
  Route: [41, 32, 7, 2, 18, 30, 47, 9, 19, 10, 24, 17, 21, 1, 43, 39, 45, 40, 31, 11, 27, 26, 35, 20, 25, 37, 23, 3, 15, 5, 16, 48, 8, 29, 42, 34, 49, 44, 14, 12, 4, 6, 13, 52, 28, 51, 33, 50, 46, 36, 38, 22]

Individual 47:
  Route length: 22524
  Contribution to Diversity: 0.0033518000247836355
  Route: [13, 51, 28, 5, 15, 46, 4, 43, 52, 14, 6, 33, 8, 19, 48, 24, 34, 9, 10, 42, 45, 1, 47, 37, 12, 29, 16, 23, 40, 39, 21, 31, 18, 3, 17, 50, 26, 25, 11, 41, 7, 2, 32, 38, 27, 20, 49, 36, 35, 30, 44, 22]

Individual 48:
  Route length: 22315
  Contribution to Diversity: 0.00040526408280783244
  Route: [6, 50, 7, 2, 42, 33, 8, 10, 30, 20, 51, 48, 44, 4, 1, 15, 23, 31, 32, 9, 45, 40, 38, 35, 28, 27, 13, 12, 16, 21, 47, 36, 37, 34, 29, 18, 26, 49, 3, 5, 43, 24, 39, 25, 14, 52, 11, 19, 41, 46, 17, 22]

Individual 49:
  Route length: 22528
  Contribution to Diversity: 0.0010101192113882718
  Route: [2, 7, 17, 10, 43, 31, 16, 30, 15, 26, 27, 9, 3, 45, 40, 23, 48, 33, 39, 18, 41, 20, 8, 1, 32, 12, 28, 36, 29, 50, 37, 46, 25, 47, 51, 49, 42, 38, 4, 19, 24, 44, 35, 34, 5, 6, 52, 13, 14, 11, 21, 22]

Individual 50:
  Route length: 21827
  Contribution to Diversity: 0.001200997451306307
  Route: [41, 9, 38, 20, 30, 31, 44, 6, 45, 32, 18, 49, 37, 25, 4, 39, 28, 14, 50, 15, 8, 29, 16, 33, 48, 35, 36, 23, 19, 24, 12, 13, 51, 11, 52, 47, 2, 40, 1, 46, 26, 27, 43, 10, 7, 5, 34, 3, 21, 17, 42, 22]

Individual 51:
  Route length: 22604
  Contribution to Diversity: 0.002083710538618888
  Route: [3, 1, 48, 24, 18, 31, 41, 8, 9, 50, 6, 27, 51, 37, 14, 15, 38, 49, 32, 45, 35, 17, 16, 39, 12, 52, 11, 13, 26, 23, 47, 40, 33, 30, 19, 10, 28, 25, 7, 44, 29, 21, 42, 2, 20, 36, 43, 4, 34, 5, 46, 22]

Individual 52:
  Route length: 22619
  Contribution to Diversity: 0.0002914700916640811
  Route: [36, 33, 38, 30, 52, 9, 7, 23, 6, 24, 45, 37, 12, 43, 46, 20, 50, 29, 44, 34, 4, 27, 14, 13, 26, 47, 35, 11, 28, 40, 18, 31, 42, 21, 17, 19, 15, 32, 49, 5, 8, 41, 2, 3, 1, 39, 51, 25, 16, 10, 48, 22]

Individual 53:
  Route length: 22556
  Contribution to Diversity: 0.0028638945858165954
  Route: [19, 35, 34, 44, 27, 28, 12, 1, 31, 2, 30, 51, 11, 52, 17, 29, 47, 16, 10, 43, 33, 45, 25, 42, 36, 15, 5, 13, 14, 9, 46, 26, 21, 48, 24, 6, 37, 38, 4, 32, 41, 18, 49, 40, 39, 50, 7, 23, 20, 3, 8, 22]

Individual 54:
  Route length: 22096
  Contribution to Diversity: 0.00012979229049481233
  Route: [23, 18, 31, 37, 15, 43, 28, 33, 29, 2, 42, 21, 32, 38, 9, 4, 52, 27, 26, 13, 11, 35, 47, 5, 48, 50, 24, 6, 41, 8, 1, 30, 20, 45, 39, 16, 17, 19, 44, 34, 7, 3, 49, 40, 46, 14, 51, 25, 36, 10, 12, 22]

Individual 55:
  Route length: 21628
  Contribution to Diversity: 0.002026394214770022
  Route: [1, 5, 26, 12, 11, 33, 4, 43, 6, 48, 49, 29, 37, 36, 18, 21, 52, 27, 8, 9, 10, 17, 42, 19, 16, 46, 14, 40, 25, 35, 44, 41, 45, 32, 3, 23, 24, 51, 34, 15, 50, 13, 47, 38, 39, 28, 30, 2, 7, 20, 31, 22]

Individual 56:
  Route length: 21901
  Contribution to Diversity: 0.0010551247840524525
  Route: [42, 18, 28, 17, 20, 50, 33, 43, 8, 45, 19, 1, 4, 37, 6, 46, 24, 30, 15, 10, 9, 49, 25, 23, 35, 48, 32, 40, 39, 36, 13, 11, 52, 29, 31, 5, 14, 27, 12, 51, 21, 38, 16, 26, 47, 34, 44, 41, 3, 7, 2, 22]

Individual 57:
  Route length: 22220
  Contribution to Diversity: 0.0019381763681129982
  Route: [20, 17, 49, 42, 25, 40, 51, 11, 47, 4, 29, 3, 16, 50, 35, 2, 30, 1, 24, 18, 9, 37, 44, 26, 46, 23, 8, 39, 48, 15, 43, 38, 21, 7, 31, 45, 33, 12, 28, 34, 32, 27, 13, 14, 52, 6, 19, 10, 41, 36, 5, 22]

Individual 58:
  Route length: 22127
  Contribution to Diversity: 0.0006634566335339542
  Route: [26, 49, 43, 31, 48, 25, 10, 9, 41, 8, 30, 23, 29, 50, 44, 34, 32, 33, 45, 39, 1, 40, 16, 27, 52, 28, 37, 3, 36, 18, 4, 51, 6, 19, 15, 11, 47, 38, 5, 12, 20, 2, 35, 46, 24, 14, 13, 7, 42, 21, 17, 22]

Individual 59:
  Route length: 22310
  Contribution to Diversity: 1.8800789008288632e-05
  Route: [29, 43, 34, 39, 37, 13, 26, 27, 20, 46, 12, 52, 11, 47, 23, 36, 35, 8, 48, 2, 7, 38, 19, 17, 30, 49, 44, 1, 32, 31, 42, 3, 25, 33, 51, 28, 14, 45, 50, 41, 4, 6, 5, 24, 21, 40, 16, 9, 10, 18, 15, 22]

Individual 60:
  Route length: 22494
  Contribution to Diversity: 0.0024379901185307418
  Route: [29, 21, 41, 4, 28, 23, 36, 43, 34, 39, 37, 13, 52, 11, 47, 27, 14, 5, 24, 8, 35, 31, 32, 1, 46, 20, 16, 44, 49, 30, 17, 18, 7, 2, 48, 12, 3, 10, 9, 25, 50, 45, 26, 6, 33, 51, 42, 38, 19, 40, 15, 22]

Individual 61:
  Route length: 22560
  Contribution to Diversity: 0.0007321090962086885
  Route: [30, 20, 40, 1, 49, 35, 48, 41, 9, 50, 29, 42, 21, 17, 2, 46, 26, 27, 28, 44, 8, 33, 16, 34, 3, 10, 43, 6, 19, 12, 24, 7, 5, 52, 47, 37, 4, 39, 36, 23, 13, 51, 11, 14, 25, 18, 32, 45, 15, 31, 38, 22]

Individual 62:
  Route length: 22016
  Contribution to Diversity: 0.001955100714339686
  Route: [20, 17, 42, 49, 19, 6, 52, 14, 13, 27, 32, 34, 28, 12, 33, 45, 31, 7, 21, 38, 43, 15, 48, 39, 8, 23, 46, 26, 44, 37, 9, 18, 24, 1, 30, 2, 35, 25, 40, 51, 11, 47, 4, 29, 3, 16, 50, 10, 41, 36, 5, 22]

Individual 63:
  Route length: 22077
  Contribution to Diversity: 0.0009339183523362493
  Route: [42, 18, 28, 20, 17, 7, 3, 41, 44, 34, 30, 15, 10, 9, 49, 25, 23, 35, 48, 32, 40, 39, 36, 13, 11, 52, 29, 31, 5, 14, 27, 12, 51, 21, 38, 16, 26, 47, 33, 43, 8, 45, 19, 1, 4, 37, 6, 46, 24, 50, 2, 22]

Individual 64:
  Route length: 22182
  Contribution to Diversity: 0.0025600825035159147
  Route: [41, 19, 17, 21, 50, 15, 10, 31, 40, 37, 38, 1, 32, 6, 13, 52, 28, 23, 9, 47, 30, 14, 29, 46, 36, 25, 16, 20, 18, 49, 34, 3, 42, 39, 4, 12, 43, 33, 51, 44, 24, 11, 27, 26, 35, 5, 48, 8, 2, 7, 45, 22]

Individual 65:
  Route length: 22512
  Contribution to Diversity: 0
  Route: [29, 43, 34, 39, 37, 13, 26, 27, 20, 46, 4, 41, 50, 45, 14, 28, 51, 33, 25, 3, 42, 31, 32, 1, 44, 49, 30, 17, 19, 38, 7, 2, 48, 8, 35, 36, 23, 47, 11, 52, 12, 24, 5, 6, 21, 40, 16, 9, 10, 18, 15, 22]

Individual 66:
  Route length: 22367
  Contribution to Diversity: 0.001861404097594388
  Route: [17, 20, 33, 11, 8, 36, 39, 37, 49, 7, 2, 1, 34, 48, 45, 41, 12, 16, 50, 5, 35, 51, 4, 23, 3, 31, 18, 15, 40, 43, 32, 19, 9, 13, 52, 46, 24, 38, 6, 10, 21, 30, 29, 25, 27, 28, 47, 42, 14, 26, 44, 22]

Individual 67:
  Route length: 22045
  Contribution to Diversity: 0.00033761211426863724
  Route: [16, 11, 47, 12, 20, 46, 40, 19, 34, 44, 28, 42, 50, 36, 32, 45, 23, 30, 26, 24, 33, 52, 27, 15, 49, 43, 8, 21, 2, 7, 35, 48, 6, 25, 10, 9, 14, 13, 29, 51, 4, 37, 31, 1, 39, 38, 5, 18, 17, 41, 3, 22]

Individual 68:
  Route length: 22585
  Contribution to Diversity: 0.0012223857956890072
  Route: [23, 42, 7, 17, 35, 36, 44, 21, 16, 48, 19, 6, 8, 46, 11, 47, 27, 28, 1, 37, 38, 20, 12, 43, 5, 24, 32, 30, 2, 29, 4, 13, 9, 10, 3, 52, 15, 25, 51, 33, 14, 26, 49, 45, 18, 40, 39, 41, 31, 50, 34, 22]

Individual 69:
  Route length: 22592
  Contribution to Diversity: 0.002955357303997097
  Route: [8, 51, 5, 38, 28, 48, 1, 3, 50, 46, 11, 9, 19, 27, 35, 4, 45, 6, 25, 16, 20, 30, 10, 29, 39, 26, 12, 47, 52, 13, 14, 2, 7, 37, 15, 44, 21, 17, 43, 33, 41, 31, 18, 49, 34, 36, 24, 40, 42, 23, 32, 22]

Individual 70:
  Route length: 22581
  Contribution to Diversity: 0.0024492004270921797
  Route: [52, 6, 15, 36, 43, 18, 37, 45, 24, 25, 12, 46, 11, 16, 35, 30, 2, 3, 1, 39, 33, 19, 17, 21, 42, 31, 32, 48, 8, 5, 44, 27, 14, 13, 26, 47, 28, 38, 34, 10, 49, 23, 7, 9, 51, 41, 50, 20, 29, 4, 40, 22]

Individual 71:
  Route length: 20893
  Contribution to Diversity: 0.0005742316180219476
  Route: [34, 19, 45, 2, 23, 3, 17, 38, 5, 24, 15, 10, 30, 18, 21, 35, 36, 44, 7, 42, 32, 31, 20, 26, 27, 12, 4, 40, 49, 28, 47, 50, 11, 33, 51, 39, 46, 25, 9, 29, 16, 43, 6, 1, 13, 52, 14, 37, 48, 8, 41, 22]

Individual 72:
  Route length: 22248
  Contribution to Diversity: 0
  Route: [40, 33, 8, 43, 24, 5, 16, 21, 38, 49, 18, 48, 44, 36, 10, 17, 42, 30, 1, 41, 19, 32, 45, 14, 27, 7, 9, 46, 35, 31, 3, 39, 50, 28, 12, 52, 13, 47, 6, 29, 15, 11, 51, 26, 25, 23, 20, 2, 34, 37, 4, 22]

Individual 73:
  Route length: 22593
  Contribution to Diversity: 0.0002476175621106691
  Route: [40, 42, 2, 21, 50, 17, 3, 8, 20, 5, 49, 52, 14, 13, 25, 39, 11, 28, 6, 45, 43, 48, 44, 31, 23, 15, 38, 9, 10, 7, 19, 36, 16, 27, 35, 29, 26, 37, 33, 32, 24, 51, 12, 47, 46, 34, 41, 18, 30, 1, 4, 22]

Individual 74:
  Route length: 22537
  Contribution to Diversity: 2.2364437677779847e-05
  Route: [39, 44, 1, 47, 27, 4, 25, 41, 13, 51, 19, 18, 30, 5, 40, 21, 23, 6, 38, 10, 28, 12, 14, 52, 11, 15, 31, 24, 49, 35, 46, 16, 36, 48, 33, 3, 26, 37, 42, 2, 20, 43, 9, 32, 34, 8, 45, 17, 7, 29, 50, 22]

Individual 75:
  Route length: 22228
  Contribution to Diversity: 0.0011131234747239205
  Route: [2, 7, 17, 34, 5, 6, 52, 13, 14, 26, 27, 15, 30, 16, 31, 43, 10, 33, 39, 18, 41, 20, 8, 1, 32, 12, 28, 36, 29, 50, 37, 46, 25, 47, 51, 49, 42, 38, 4, 19, 24, 44, 35, 48, 23, 40, 45, 3, 9, 11, 21, 22]

Individual 76:
  Route length: 22613
  Contribution to Diversity: 0.0015395565906661801
  Route: [17, 20, 33, 11, 8, 36, 39, 37, 49, 7, 2, 1, 34, 48, 16, 12, 41, 45, 50, 5, 35, 51, 4, 23, 3, 31, 18, 15, 40, 43, 32, 19, 9, 13, 52, 46, 24, 38, 6, 10, 21, 30, 29, 25, 27, 28, 47, 42, 14, 26, 44, 22]

Individual 77:
  Route length: 21868
  Contribution to Diversity: 0.00042185841771225085
  Route: [38, 24, 33, 11, 50, 20, 41, 37, 35, 42, 18, 3, 5, 51, 43, 28, 12, 47, 13, 19, 9, 10, 8, 30, 2, 7, 17, 1, 40, 25, 48, 4, 15, 34, 6, 23, 29, 21, 16, 36, 39, 14, 49, 26, 32, 45, 52, 27, 46, 44, 31, 22]

Individual 78:
  Route length: 22193
  Contribution to Diversity: 0
  Route: [39, 44, 1, 23, 21, 40, 5, 30, 18, 19, 51, 13, 41, 25, 4, 27, 47, 33, 48, 36, 16, 46, 35, 49, 24, 31, 15, 11, 52, 14, 12, 28, 10, 38, 6, 3, 26, 37, 42, 2, 20, 43, 9, 32, 34, 8, 45, 17, 7, 29, 50, 22]

Individual 79:
  Route length: 22256
  Contribution to Diversity: 0.0030043243363513383
  Route: [24, 9, 10, 43, 4, 46, 14, 27, 28, 12, 15, 33, 49, 40, 32, 5, 45, 36, 25, 41, 3, 31, 50, 52, 44, 48, 34, 51, 8, 39, 29, 19, 42, 7, 20, 35, 1, 21, 2, 30, 23, 38, 17, 47, 13, 37, 6, 11, 26, 16, 18, 22]

Individual 80:
  Route length: 22547
  Contribution to Diversity: 0.0014734341972992837
  Route: [1, 23, 8, 7, 29, 6, 28, 12, 25, 47, 13, 24, 45, 26, 32, 48, 21, 46, 51, 11, 38, 20, 50, 31, 27, 42, 18, 3, 19, 41, 44, 2, 30, 16, 36, 39, 49, 15, 52, 14, 33, 43, 10, 9, 4, 37, 5, 17, 40, 35, 34, 22]

Individual 81:
  Route length: 22085
  Contribution to Diversity: 0
  Route: [6, 7, 2, 30, 15, 45, 19, 44, 35, 41, 48, 36, 25, 4, 20, 16, 31, 37, 5, 24, 9, 1, 13, 12, 17, 40, 50, 18, 3, 47, 26, 52, 14, 42, 29, 23, 21, 34, 10, 8, 32, 27, 28, 39, 43, 33, 11, 51, 49, 38, 46, 22]

Individual 82:
  Route length: 22058
  Contribution to Diversity: 0
  Route: [39, 44, 1, 23, 21, 40, 5, 30, 18, 19, 51, 13, 41, 25, 4, 27, 47, 33, 48, 36, 16, 46, 35, 49, 24, 31, 15, 11, 52, 14, 12, 28, 37, 26, 3, 6, 38, 10, 2, 42, 20, 43, 9, 32, 34, 8, 45, 17, 7, 29, 50, 22]

Individual 83:
  Route length: 22087
  Contribution to Diversity: 0.0008714180217399559
  Route: [2, 18, 6, 24, 11, 13, 16, 1, 23, 21, 20, 36, 7, 30, 27, 26, 12, 25, 4, 32, 50, 29, 5, 39, 49, 3, 31, 34, 15, 35, 51, 33, 40, 47, 52, 45, 17, 43, 19, 37, 48, 42, 10, 9, 8, 41, 38, 46, 44, 28, 14, 22]

Individual 84:
  Route length: 22570
  Contribution to Diversity: 0.0033466157292716403
  Route: [37, 30, 18, 29, 33, 46, 34, 40, 31, 23, 26, 4, 25, 13, 14, 52, 49, 39, 35, 36, 9, 10, 11, 28, 6, 51, 8, 3, 17, 42, 2, 21, 15, 5, 19, 7, 1, 24, 44, 48, 27, 50, 47, 12, 45, 43, 32, 20, 38, 41, 16, 22]

Individual 85:
  Route length: 21550
  Contribution to Diversity: 5.095773021324135e-07
  Route: [16, 11, 47, 12, 20, 46, 40, 19, 34, 44, 28, 37, 4, 51, 29, 13, 14, 9, 10, 25, 6, 48, 35, 7, 2, 21, 8, 43, 49, 15, 27, 52, 33, 24, 26, 30, 23, 45, 32, 36, 50, 42, 5, 38, 39, 1, 31, 18, 17, 41, 3, 22]

Individual 86:
  Route length: 22436
  Contribution to Diversity: 0
  Route: [49, 27, 11, 41, 21, 1, 18, 2, 19, 9, 38, 13, 52, 14, 12, 25, 28, 16, 15, 4, 26, 47, 31, 32, 23, 17, 3, 36, 40, 30, 20, 29, 45, 34, 50, 44, 10, 43, 46, 51, 33, 42, 39, 35, 7, 48, 24, 6, 8, 37, 5, 22]

Individual 87:
  Route length: 22444
  Contribution to Diversity: 0
  Route: [49, 27, 11, 41, 21, 1, 18, 2, 19, 9, 38, 13, 52, 14, 12, 25, 28, 16, 15, 4, 26, 47, 31, 32, 23, 17, 3, 36, 39, 42, 33, 51, 46, 43, 10, 44, 50, 34, 45, 29, 20, 30, 40, 7, 35, 48, 24, 6, 8, 37, 5, 22]

Individual 88:
  Route length: 22320
  Contribution to Diversity: 0.0002888868136468048
  Route: [40, 42, 2, 21, 50, 17, 3, 8, 20, 5, 49, 52, 14, 13, 25, 39, 11, 28, 6, 15, 23, 31, 44, 48, 43, 45, 10, 9, 38, 7, 19, 36, 16, 27, 35, 29, 26, 37, 33, 32, 24, 51, 12, 47, 46, 34, 41, 18, 30, 1, 4, 22]

Individual 89:
  Route length: 21552
  Contribution to Diversity: 0
  Route: [49, 27, 11, 41, 21, 1, 18, 2, 19, 9, 38, 4, 15, 16, 28, 25, 12, 14, 52, 13, 47, 26, 31, 32, 23, 17, 3, 36, 40, 30, 20, 29, 45, 34, 50, 44, 10, 43, 46, 51, 33, 42, 39, 35, 7, 48, 24, 6, 8, 37, 5, 22]

Individual 90:
  Route length: 21779
  Contribution to Diversity: 0
  Route: [6, 7, 2, 30, 1, 9, 24, 5, 37, 31, 16, 20, 4, 25, 36, 48, 41, 35, 44, 19, 45, 15, 17, 12, 13, 40, 50, 18, 3, 47, 26, 52, 14, 42, 29, 23, 21, 34, 10, 8, 32, 27, 28, 39, 43, 33, 11, 51, 49, 38, 46, 22]

Individual 91:
  Route length: 22349
  Contribution to Diversity: 0.0008362343907943881
  Route: [29, 23, 50, 1, 39, 40, 38, 12, 11, 48, 35, 44, 16, 9, 19, 42, 7, 21, 26, 37, 24, 5, 17, 4, 13, 33, 10, 43, 45, 20, 6, 18, 3, 28, 27, 52, 14, 2, 15, 34, 49, 8, 41, 36, 31, 47, 30, 46, 25, 51, 32, 22]

Individual 92:
  Route length: 21541
  Contribution to Diversity: 0
  Route: [6, 50, 7, 23, 49, 26, 45, 40, 38, 35, 28, 27, 13, 12, 16, 2, 42, 33, 8, 10, 30, 20, 51, 11, 52, 14, 25, 39, 24, 43, 5, 3, 18, 29, 34, 37, 36, 47, 21, 17, 19, 41, 46, 48, 44, 4, 1, 15, 31, 32, 9, 22]

Individual 93:
  Route length: 22575
  Contribution to Diversity: 0
  Route: [49, 27, 11, 41, 21, 1, 18, 2, 19, 9, 38, 13, 52, 14, 12, 25, 28, 16, 15, 4, 26, 47, 31, 32, 23, 17, 3, 36, 40, 30, 20, 29, 45, 34, 50, 44, 33, 51, 46, 43, 10, 48, 7, 35, 39, 42, 24, 6, 8, 37, 5, 22]

Individual 94:
  Route length: 22524
  Contribution to Diversity: 0.0017362918671288696
  Route: [28, 38, 40, 15, 50, 9, 5, 27, 26, 17, 7, 23, 36, 20, 14, 29, 30, 2, 42, 3, 48, 47, 25, 12, 34, 18, 21, 6, 4, 8, 44, 16, 37, 43, 33, 32, 45, 41, 35, 31, 13, 11, 51, 52, 10, 19, 24, 46, 39, 1, 49, 22]

Individual 95:
  Route length: 22296
  Contribution to Diversity: 0
  Route: [40, 33, 8, 43, 24, 5, 26, 51, 11, 15, 29, 6, 47, 13, 52, 12, 28, 50, 39, 3, 31, 35, 46, 9, 7, 27, 14, 45, 32, 19, 41, 1, 30, 42, 17, 10, 36, 44, 48, 18, 49, 38, 21, 16, 2, 20, 23, 25, 34, 37, 4, 22]

Individual 96:
  Route length: 21972
  Contribution to Diversity: 0.0002458155577906851
  Route: [16, 15, 37, 32, 45, 49, 9, 10, 41, 43, 33, 12, 30, 50, 36, 7, 18, 48, 25, 38, 20, 2, 40, 14, 44, 1, 3, 35, 34, 31, 4, 29, 46, 26, 13, 24, 19, 47, 52, 11, 51, 23, 42, 21, 17, 8, 39, 28, 27, 5, 6, 22]

Individual 97:
  Route length: 22547
  Contribution to Diversity: 0.0017720847440143572
  Route: [26, 50, 12, 39, 40, 49, 48, 5, 15, 37, 47, 36, 46, 4, 43, 52, 14, 6, 33, 8, 19, 11, 41, 30, 35, 24, 34, 9, 10, 42, 45, 1, 29, 16, 23, 7, 2, 32, 38, 13, 51, 28, 25, 27, 20, 21, 31, 18, 3, 17, 44, 22]

Individual 98:
  Route length: 22357
  Contribution to Diversity: 0
  Route: [16, 13, 11, 24, 6, 18, 2, 45, 52, 47, 40, 33, 51, 35, 15, 34, 19, 43, 17, 1, 23, 21, 20, 36, 7, 30, 27, 26, 12, 25, 4, 32, 50, 29, 5, 39, 49, 3, 31, 37, 48, 42, 10, 9, 8, 41, 38, 46, 44, 28, 14, 22]

Individual 99:
  Route length: 22580
  Contribution to Diversity: 0.0024160157623951406
  Route: [17, 11, 1, 10, 51, 33, 5, 20, 13, 48, 52, 14, 43, 9, 8, 32, 45, 28, 6, 4, 50, 34, 35, 39, 36, 44, 18, 15, 25, 27, 47, 26, 30, 2, 42, 7, 31, 38, 23, 3, 16, 24, 37, 29, 49, 46, 12, 19, 41, 21, 40, 22]

Total Entropy H: 6.817792089851301
