Individual 0:
  Route length: 9386
  Contribution to Diversity: 0.00355736393454098
  Route: [1, 49, 32, 45, 19, 41, 8, 28, 27, 26, 47, 13, 14, 52, 11, 51, 33, 43, 9, 10, 48, 38, 37, 40, 39, 36, 35, 24, 5, 15, 6, 4, 25, 12, 34, 44, 46, 16, 29, 50, 20, 23, 30, 2, 7, 42, 21, 17, 3, 18, 31, 22]

Individual 1:
  Route length: 9377
  Contribution to Diversity: 0.025376637439699756
  Route: [19, 41, 8, 9, 10, 43, 45, 32, 49, 1, 37, 44, 29, 16, 46, 38, 34, 35, 36, 39, 40, 15, 5, 48, 24, 25, 4, 6, 12, 28, 27, 26, 47, 13, 14, 52, 11, 51, 33, 50, 20, 23, 30, 2, 7, 42, 21, 17, 3, 18, 31, 22]

Individual 2:
  Route length: 9404
  Contribution to Diversity: 0.013838084369977466
  Route: [36, 39, 40, 37, 4, 25, 12, 28, 27, 26, 47, 13, 14, 52, 11, 51, 33, 48, 24, 5, 15, 44, 34, 46, 38, 1, 49, 32, 45, 10, 9, 8, 41, 19, 43, 6, 35, 16, 29, 50, 20, 23, 30, 2, 7, 42, 21, 17, 3, 18, 31, 22]

Individual 3:
  Route length: 9253
  Contribution to Diversity: 0.024842911351214525
  Route: [46, 44, 34, 35, 6, 19, 41, 8, 9, 10, 43, 33, 51, 11, 52, 14, 13, 47, 27, 26, 28, 12, 25, 24, 48, 38, 36, 39, 40, 37, 4, 5, 15, 16, 29, 50, 20, 23, 30, 2, 7, 42, 21, 17, 3, 18, 45, 32, 49, 1, 31, 22]

Individual 4:
  Route length: 9416
  Contribution to Diversity: 0.007245595632640267
  Route: [35, 36, 39, 40, 37, 26, 47, 13, 38, 48, 24, 5, 15, 6, 4, 25, 12, 28, 27, 14, 52, 11, 51, 33, 43, 10, 9, 8, 41, 19, 45, 34, 44, 46, 16, 29, 50, 20, 23, 30, 2, 7, 42, 21, 17, 3, 18, 1, 49, 32, 31, 22]

Individual 5:
  Route length: 9374
  Contribution to Diversity: 0.003671322904313712
  Route: [44, 34, 35, 5, 24, 6, 43, 10, 9, 8, 41, 19, 45, 40, 15, 38, 48, 32, 49, 1, 33, 51, 11, 52, 14, 13, 47, 26, 27, 28, 12, 25, 4, 37, 46, 36, 39, 16, 29, 50, 20, 23, 30, 2, 7, 42, 21, 17, 3, 18, 31, 22]

Individual 6:
  Route length: 9400
  Contribution to Diversity: 0.009017502642969077
  Route: [44, 34, 35, 38, 15, 40, 45, 19, 41, 8, 9, 10, 43, 6, 24, 5, 46, 37, 4, 25, 12, 28, 27, 26, 47, 13, 14, 52, 11, 51, 33, 1, 49, 32, 48, 36, 39, 16, 29, 50, 20, 23, 30, 2, 7, 42, 21, 17, 3, 18, 31, 22]

Individual 7:
  Route length: 9356
  Contribution to Diversity: 0.006271389126864868
  Route: [1, 46, 16, 19, 41, 8, 9, 36, 39, 49, 32, 45, 10, 43, 33, 51, 11, 52, 14, 13, 47, 26, 27, 28, 12, 25, 4, 6, 15, 5, 24, 48, 38, 37, 40, 44, 34, 35, 29, 50, 20, 23, 30, 2, 7, 42, 21, 17, 3, 18, 31, 22]

Individual 8:
  Route length: 9160
  Contribution to Diversity: 0.025625024181743505
  Route: [49, 1, 46, 44, 48, 39, 36, 34, 35, 40, 38, 37, 24, 5, 15, 6, 4, 25, 12, 28, 27, 26, 47, 13, 14, 52, 11, 51, 33, 43, 45, 3, 10, 9, 8, 41, 19, 31, 32, 18, 17, 21, 42, 7, 2, 30, 23, 20, 50, 29, 16, 22]

Individual 9:
  Route length: 9362
  Contribution to Diversity: 0.031005398568589193
  Route: [49, 1, 46, 44, 48, 39, 36, 35, 34, 37, 38, 40, 24, 5, 15, 6, 4, 25, 12, 28, 27, 26, 47, 13, 14, 52, 11, 51, 33, 43, 19, 41, 8, 9, 10, 3, 45, 18, 32, 31, 17, 21, 42, 7, 2, 50, 20, 23, 30, 29, 16, 22]

Total Entropy H: 4.5232666187442865
