Individual 0:
  Route length: 13183
  Contribution to Diversity: 0.0016499725048157998
  Route: [20, 23, 30, 19, 45, 41, 8, 9, 10, 43, 33, 38, 14, 13, 47, 26, 27, 28, 12, 25, 6, 4, 34, 37, 29, 50, 15, 24, 5, 36, 39, 35, 1, 32, 18, 3, 17, 21, 42, 7, 2, 44, 48, 52, 11, 51, 16, 46, 49, 31, 40, 22]

Individual 1:
  Route length: 13182
  Contribution to Diversity: 0.0006703606805196216
  Route: [44, 36, 45, 32, 31, 18, 46, 5, 4, 15, 6, 34, 40, 39, 21, 30, 2, 7, 42, 17, 3, 41, 8, 9, 10, 43, 33, 51, 11, 52, 14, 12, 25, 28, 47, 26, 27, 24, 38, 13, 37, 16, 35, 48, 19, 1, 49, 29, 50, 20, 23, 22]

Individual 2:
  Route length: 13149
  Contribution to Diversity: 0.0017410891612703594
  Route: [1, 49, 32, 36, 35, 25, 4, 16, 48, 38, 19, 41, 8, 9, 10, 45, 18, 3, 43, 33, 6, 39, 40, 37, 15, 5, 34, 23, 30, 2, 7, 44, 29, 52, 14, 13, 11, 51, 12, 28, 27, 26, 47, 24, 17, 21, 42, 20, 50, 46, 31, 22]

Individual 3:
  Route length: 13191
  Contribution to Diversity: 0.0003931135524677387
  Route: [42, 7, 2, 30, 23, 20, 34, 38, 5, 24, 4, 11, 51, 33, 12, 13, 47, 28, 27, 26, 52, 14, 50, 29, 25, 35, 32, 45, 19, 41, 8, 3, 17, 18, 49, 40, 37, 48, 43, 10, 9, 39, 36, 46, 6, 15, 21, 1, 44, 16, 31, 22]

Individual 4:
  Route length: 13049
  Contribution to Diversity: 0.0019072181349235606
  Route: [1, 49, 39, 9, 10, 19, 45, 51, 28, 11, 52, 14, 13, 47, 26, 27, 46, 30, 2, 7, 42, 48, 38, 24, 5, 15, 6, 4, 25, 40, 16, 35, 36, 21, 17, 3, 18, 44, 34, 32, 43, 33, 41, 8, 37, 12, 29, 50, 20, 23, 31, 22]

Individual 5:
  Route length: 13059
  Contribution to Diversity: 0.0007782032228176305
  Route: [34, 1, 38, 46, 35, 29, 44, 40, 39, 48, 6, 33, 51, 11, 52, 14, 13, 47, 28, 27, 26, 16, 50, 25, 37, 23, 20, 30, 2, 7, 42, 21, 49, 32, 43, 4, 12, 15, 31, 18, 24, 5, 36, 17, 3, 8, 41, 19, 45, 10, 9, 22]

Individual 6:
  Route length: 13031
  Contribution to Diversity: 0.0029275052507644617
  Route: [32, 49, 1, 24, 6, 43, 33, 5, 15, 51, 8, 9, 38, 41, 4, 25, 44, 48, 34, 36, 35, 23, 30, 2, 7, 42, 21, 17, 3, 45, 40, 39, 20, 50, 29, 16, 46, 12, 11, 52, 14, 13, 47, 26, 27, 28, 37, 10, 19, 18, 31, 22]

Individual 7:
  Route length: 13183
  Contribution to Diversity: 0.0021493540820678447
  Route: [1, 17, 2, 7, 42, 23, 20, 31, 18, 48, 38, 24, 5, 15, 35, 44, 6, 4, 25, 12, 28, 27, 26, 13, 14, 32, 34, 49, 46, 52, 11, 51, 33, 43, 10, 9, 8, 41, 19, 45, 3, 47, 16, 36, 39, 37, 40, 21, 50, 30, 29, 22]

Individual 8:
  Route length: 13184
  Contribution to Diversity: 0.0018435492926549557
  Route: [32, 17, 3, 8, 41, 19, 45, 34, 25, 9, 10, 36, 35, 29, 44, 23, 20, 30, 18, 31, 46, 48, 4, 5, 24, 40, 39, 33, 51, 11, 52, 14, 13, 47, 28, 27, 26, 16, 50, 38, 15, 12, 6, 43, 37, 1, 2, 7, 42, 21, 49, 22]

Individual 9:
  Route length: 13179
  Contribution to Diversity: 0.0013136277175380684
  Route: [1, 50, 29, 43, 4, 6, 15, 41, 8, 9, 10, 12, 27, 28, 13, 14, 52, 11, 51, 38, 16, 39, 25, 26, 47, 48, 40, 31, 18, 33, 5, 46, 35, 34, 36, 3, 17, 21, 42, 7, 2, 30, 23, 20, 44, 24, 37, 49, 32, 19, 45, 22]

Individual 10:
  Route length: 13065
  Contribution to Diversity: 0.0013672103302910799
  Route: [1, 3, 6, 4, 25, 46, 15, 20, 29, 16, 49, 48, 37, 38, 35, 39, 28, 12, 43, 33, 51, 11, 52, 14, 13, 47, 26, 27, 5, 24, 31, 30, 17, 21, 32, 9, 10, 45, 19, 41, 8, 36, 44, 34, 40, 50, 2, 7, 42, 23, 18, 22]

Individual 11:
  Route length: 13196
  Contribution to Diversity: 0.00021934245837496036
  Route: [1, 32, 49, 45, 19, 41, 8, 10, 7, 42, 21, 17, 2, 30, 23, 20, 50, 29, 25, 12, 28, 27, 26, 47, 13, 46, 44, 34, 16, 38, 37, 43, 5, 24, 48, 4, 6, 15, 51, 11, 52, 14, 35, 40, 36, 39, 3, 9, 33, 18, 31, 22]

Individual 12:
  Route length: 13021
  Contribution to Diversity: 0.0007796469356913249
  Route: [50, 29, 20, 44, 10, 34, 1, 49, 36, 48, 38, 6, 43, 39, 24, 5, 4, 33, 51, 11, 25, 12, 28, 27, 26, 47, 13, 14, 52, 46, 16, 3, 17, 21, 42, 7, 2, 30, 15, 40, 32, 35, 37, 31, 18, 9, 8, 41, 19, 45, 23, 22]

Individual 13:
  Route length: 13076
  Contribution to Diversity: 0.0007394367399786717
  Route: [18, 3, 41, 8, 10, 9, 15, 39, 40, 38, 45, 19, 30, 23, 20, 50, 1, 44, 29, 16, 46, 37, 7, 2, 42, 21, 17, 35, 49, 27, 26, 28, 52, 11, 14, 13, 47, 25, 4, 43, 33, 51, 12, 24, 48, 36, 34, 32, 31, 6, 5, 22]

Individual 14:
  Route length: 13113
  Contribution to Diversity: 0.0015462825599952268
  Route: [1, 49, 21, 24, 46, 16, 27, 33, 6, 37, 34, 44, 32, 45, 19, 9, 10, 43, 28, 12, 51, 11, 52, 14, 13, 47, 26, 23, 8, 41, 5, 36, 35, 3, 31, 18, 17, 2, 7, 42, 30, 29, 50, 20, 48, 40, 38, 25, 4, 15, 39, 22]

Individual 15:
  Route length: 13148
  Contribution to Diversity: 0.0020591916732843885
  Route: [46, 32, 30, 2, 7, 42, 23, 1, 44, 34, 49, 28, 12, 11, 51, 33, 43, 10, 9, 8, 41, 19, 45, 21, 29, 39, 50, 20, 24, 5, 37, 40, 35, 38, 48, 25, 26, 27, 14, 47, 13, 52, 4, 6, 15, 17, 3, 18, 31, 16, 36, 22]

Individual 16:
  Route length: 13180
  Contribution to Diversity: 0.0004442243539060087
  Route: [1, 49, 24, 5, 39, 31, 2, 7, 42, 21, 17, 3, 23, 30, 45, 33, 43, 4, 25, 12, 40, 19, 10, 9, 8, 41, 50, 20, 29, 16, 46, 48, 44, 36, 15, 32, 18, 14, 13, 47, 26, 27, 28, 52, 11, 51, 6, 34, 35, 37, 38, 22]

Individual 17:
  Route length: 13104
  Contribution to Diversity: 0.0010764059539987159
  Route: [23, 20, 44, 24, 43, 4, 6, 15, 51, 11, 52, 14, 13, 47, 48, 40, 31, 18, 33, 5, 41, 8, 9, 10, 12, 27, 26, 28, 25, 39, 16, 46, 38, 35, 34, 29, 50, 1, 45, 19, 32, 49, 37, 36, 3, 17, 21, 42, 7, 2, 30, 22]

Individual 18:
  Route length: 13116
  Contribution to Diversity: 0.0007057530464873452
  Route: [46, 16, 29, 39, 8, 41, 19, 45, 1, 49, 35, 36, 40, 15, 43, 10, 9, 34, 20, 50, 44, 24, 48, 51, 11, 14, 13, 52, 47, 28, 12, 32, 4, 33, 38, 37, 25, 6, 5, 27, 26, 23, 30, 2, 7, 42, 21, 17, 3, 18, 31, 22]

Individual 19:
  Route length: 12978
  Contribution to Diversity: 0.0004440483152396979
  Route: [4, 48, 38, 25, 28, 12, 13, 47, 26, 27, 14, 52, 11, 51, 33, 46, 29, 31, 3, 19, 49, 1, 18, 8, 44, 35, 34, 36, 20, 23, 30, 2, 7, 42, 21, 17, 32, 41, 39, 40, 43, 10, 9, 45, 50, 16, 37, 24, 5, 15, 6, 22]

Individual 20:
  Route length: 13192
  Contribution to Diversity: 0.0017025296375079435
  Route: [42, 7, 2, 30, 29, 50, 20, 23, 15, 48, 38, 49, 32, 45, 3, 18, 34, 35, 37, 40, 1, 36, 39, 44, 46, 10, 8, 41, 9, 5, 43, 33, 51, 28, 12, 25, 4, 27, 47, 13, 14, 52, 11, 6, 26, 16, 24, 19, 17, 21, 31, 22]

Individual 21:
  Route length: 13054
  Contribution to Diversity: 0.0009231228072330566
  Route: [32, 19, 41, 8, 9, 10, 43, 33, 51, 11, 52, 44, 36, 17, 42, 7, 2, 30, 50, 20, 31, 21, 3, 12, 47, 25, 4, 28, 27, 26, 13, 14, 29, 16, 23, 45, 18, 35, 1, 46, 49, 34, 39, 40, 37, 38, 48, 24, 5, 15, 6, 22]

Individual 22:
  Route length: 13095
  Contribution to Diversity: 0.0009603098109911556
  Route: [34, 35, 36, 33, 43, 10, 9, 8, 41, 18, 3, 17, 19, 45, 24, 5, 15, 25, 29, 47, 26, 27, 28, 39, 12, 51, 52, 11, 37, 46, 38, 6, 13, 14, 4, 48, 40, 20, 50, 16, 44, 32, 49, 1, 23, 30, 2, 7, 42, 21, 31, 22]

Individual 23:
  Route length: 13090
  Contribution to Diversity: 0.0011298537812995946
  Route: [32, 19, 41, 8, 9, 10, 43, 33, 51, 11, 52, 44, 36, 17, 42, 7, 2, 30, 50, 20, 31, 21, 3, 12, 47, 25, 4, 28, 27, 26, 13, 14, 29, 16, 23, 45, 18, 35, 1, 39, 34, 49, 46, 24, 48, 38, 37, 40, 5, 15, 6, 22]

Individual 24:
  Route length: 13157
  Contribution to Diversity: 0.0006460369122880394
  Route: [1, 49, 39, 23, 3, 17, 41, 8, 9, 10, 19, 4, 43, 33, 45, 30, 50, 20, 29, 16, 5, 24, 15, 25, 12, 40, 37, 18, 38, 14, 13, 47, 26, 27, 28, 52, 11, 51, 6, 35, 34, 44, 48, 46, 36, 32, 31, 2, 7, 42, 21, 22]

Individual 25:
  Route length: 13038
  Contribution to Diversity: 0.0004514315107480016
  Route: [32, 21, 30, 2, 7, 42, 29, 23, 31, 18, 49, 24, 5, 25, 4, 46, 26, 27, 14, 47, 13, 52, 15, 6, 43, 33, 51, 11, 12, 28, 20, 44, 1, 3, 17, 39, 50, 36, 45, 19, 41, 8, 9, 10, 16, 37, 38, 48, 40, 35, 34, 22]

Individual 26:
  Route length: 13163
  Contribution to Diversity: 0.0025125969896002687
  Route: [1, 49, 20, 29, 50, 19, 41, 8, 9, 10, 43, 14, 52, 11, 51, 33, 40, 37, 38, 15, 13, 47, 26, 27, 46, 5, 6, 4, 39, 35, 48, 24, 12, 25, 28, 36, 45, 32, 31, 44, 34, 23, 21, 18, 3, 17, 42, 7, 2, 30, 16, 22]

Individual 27:
  Route length: 13124
  Contribution to Diversity: 0.0015163242303097846
  Route: [23, 48, 15, 32, 12, 5, 50, 20, 21, 17, 3, 18, 6, 45, 19, 10, 9, 8, 41, 35, 7, 2, 42, 30, 34, 37, 25, 36, 49, 31, 1, 24, 39, 38, 28, 27, 26, 47, 13, 14, 52, 11, 51, 33, 43, 4, 40, 46, 16, 29, 44, 22]

Individual 28:
  Route length: 13136
  Contribution to Diversity: 0.0015973843949206312
  Route: [7, 42, 21, 2, 30, 1, 44, 3, 35, 36, 37, 38, 48, 5, 6, 40, 24, 46, 16, 34, 15, 25, 4, 33, 43, 49, 31, 18, 17, 23, 8, 45, 20, 50, 29, 47, 13, 14, 52, 11, 51, 12, 28, 27, 26, 32, 41, 19, 9, 10, 39, 22]

Individual 29:
  Route length: 13110
  Contribution to Diversity: 0.0012961510377982322
  Route: [19, 10, 9, 8, 41, 1, 44, 46, 38, 48, 24, 4, 13, 14, 47, 27, 26, 34, 6, 5, 15, 43, 33, 51, 28, 12, 25, 52, 11, 37, 35, 36, 29, 16, 20, 23, 30, 2, 7, 42, 40, 49, 32, 45, 39, 50, 3, 17, 21, 18, 31, 22]

Individual 30:
  Route length: 13064
  Contribution to Diversity: 0.000779440476150306
  Route: [4, 48, 38, 25, 28, 12, 13, 47, 26, 27, 14, 52, 11, 51, 33, 46, 29, 31, 43, 49, 41, 32, 35, 44, 34, 19, 3, 17, 21, 42, 7, 2, 30, 23, 20, 36, 40, 39, 37, 16, 50, 45, 9, 10, 8, 18, 1, 24, 5, 15, 6, 22]

Individual 31:
  Route length: 13037
  Contribution to Diversity: 0.001852137458063119
  Route: [1, 36, 35, 44, 40, 23, 20, 50, 2, 7, 42, 21, 17, 32, 49, 10, 43, 33, 6, 4, 25, 11, 52, 14, 26, 27, 28, 13, 47, 12, 9, 8, 41, 19, 45, 3, 37, 39, 51, 48, 38, 34, 29, 30, 16, 46, 24, 5, 15, 31, 18, 22]

Individual 32:
  Route length: 13118
  Contribution to Diversity: 0.0010726854103966232
  Route: [1, 49, 39, 18, 37, 40, 12, 25, 15, 24, 4, 43, 33, 45, 30, 50, 20, 29, 16, 5, 9, 10, 19, 8, 41, 17, 3, 23, 21, 42, 7, 2, 31, 32, 36, 46, 48, 44, 34, 35, 6, 51, 11, 52, 28, 27, 26, 47, 13, 14, 38, 22]

Individual 33:
  Route length: 13172
  Contribution to Diversity: 0.0011597965640177677
  Route: [1, 50, 29, 46, 43, 4, 6, 15, 45, 19, 32, 49, 37, 24, 44, 20, 23, 30, 2, 7, 42, 21, 17, 3, 36, 34, 35, 41, 8, 9, 10, 51, 11, 52, 14, 13, 28, 27, 12, 40, 48, 47, 26, 25, 39, 16, 38, 31, 18, 33, 5, 22]

Individual 34:
  Route length: 12978
  Contribution to Diversity: 0.0010540131294174415
  Route: [20, 23, 30, 42, 7, 2, 21, 49, 35, 48, 25, 32, 43, 15, 5, 38, 40, 39, 36, 6, 46, 16, 29, 50, 14, 52, 11, 51, 33, 12, 13, 47, 26, 27, 28, 24, 10, 9, 17, 3, 4, 34, 1, 37, 44, 8, 41, 19, 45, 18, 31, 22]

Individual 35:
  Route length: 13091
  Contribution to Diversity: 0.0005721528878934734
  Route: [32, 21, 30, 2, 7, 42, 29, 23, 31, 18, 49, 24, 5, 25, 4, 46, 26, 27, 14, 47, 13, 52, 50, 39, 17, 3, 1, 44, 20, 28, 12, 11, 51, 33, 43, 6, 15, 34, 35, 40, 48, 38, 37, 16, 10, 9, 8, 41, 19, 45, 36, 22]

Individual 36:
  Route length: 13195
  Contribution to Diversity: 0.0005495449754588932
  Route: [32, 43, 15, 48, 35, 1, 44, 8, 41, 10, 9, 17, 3, 26, 27, 28, 47, 13, 12, 33, 51, 11, 52, 14, 25, 50, 29, 16, 37, 5, 6, 36, 39, 40, 38, 34, 20, 23, 30, 42, 7, 2, 21, 49, 4, 24, 46, 19, 45, 18, 31, 22]

Individual 37:
  Route length: 12978
  Contribution to Diversity: 0.001945352617154228
  Route: [9, 19, 41, 37, 5, 6, 15, 49, 23, 30, 2, 7, 42, 21, 17, 20, 32, 3, 18, 38, 25, 28, 12, 26, 47, 27, 35, 34, 44, 46, 50, 29, 16, 40, 24, 4, 48, 45, 8, 10, 43, 33, 51, 11, 52, 14, 13, 39, 36, 1, 31, 22]

Individual 38:
  Route length: 13177
  Contribution to Diversity: 0.0014986659232993915
  Route: [38, 48, 24, 5, 15, 42, 7, 2, 30, 21, 23, 40, 37, 46, 44, 34, 43, 39, 31, 1, 17, 45, 19, 10, 9, 8, 41, 3, 32, 49, 6, 16, 20, 18, 35, 36, 4, 25, 12, 28, 11, 52, 14, 13, 47, 27, 33, 51, 26, 29, 50, 22]

Individual 39:
  Route length: 13099
  Contribution to Diversity: 0.0012416624988471625
  Route: [34, 43, 39, 31, 1, 17, 23, 21, 30, 2, 7, 42, 15, 5, 24, 48, 38, 46, 44, 37, 40, 3, 41, 8, 9, 10, 19, 45, 32, 49, 6, 16, 20, 18, 35, 36, 4, 25, 12, 28, 11, 52, 14, 13, 47, 27, 33, 51, 26, 29, 50, 22]

Individual 40:
  Route length: 13117
  Contribution to Diversity: 0.0013550044852710386
  Route: [11, 52, 51, 12, 5, 39, 37, 44, 23, 30, 2, 7, 42, 21, 31, 48, 28, 27, 26, 47, 14, 13, 4, 33, 43, 10, 9, 8, 41, 18, 36, 35, 46, 24, 29, 50, 20, 3, 17, 19, 45, 6, 25, 15, 16, 1, 49, 34, 40, 38, 32, 22]

Individual 41:
  Route length: 13076
  Contribution to Diversity: 0.00149777577684862
  Route: [1, 48, 8, 45, 18, 17, 32, 41, 19, 9, 10, 40, 24, 5, 38, 37, 44, 6, 33, 39, 23, 49, 31, 3, 35, 36, 34, 4, 25, 43, 15, 16, 29, 30, 2, 7, 42, 21, 47, 13, 14, 52, 11, 51, 12, 28, 27, 26, 46, 50, 20, 22]

Individual 42:
  Route length: 13146
  Contribution to Diversity: 6.856361720330995e-05
  Route: [42, 7, 2, 30, 23, 20, 34, 38, 5, 24, 4, 11, 51, 33, 12, 13, 47, 28, 27, 26, 52, 14, 50, 29, 25, 35, 32, 45, 19, 41, 8, 3, 15, 6, 46, 36, 39, 9, 10, 43, 48, 37, 40, 49, 18, 17, 21, 1, 44, 16, 31, 22]

Individual 43:
  Route length: 13098
  Contribution to Diversity: 0.0013343120001598763
  Route: [35, 30, 2, 7, 21, 42, 31, 18, 17, 23, 20, 50, 39, 15, 37, 38, 48, 19, 32, 1, 6, 33, 43, 41, 8, 45, 3, 9, 10, 34, 44, 49, 36, 24, 40, 4, 25, 12, 51, 11, 52, 14, 13, 47, 46, 16, 29, 28, 27, 26, 5, 22]

Individual 44:
  Route length: 13189
  Contribution to Diversity: 0.001117311756298811
  Route: [31, 18, 23, 20, 49, 32, 45, 19, 41, 8, 9, 10, 12, 25, 26, 47, 13, 51, 11, 52, 14, 46, 16, 34, 50, 29, 24, 37, 40, 48, 38, 5, 33, 1, 39, 35, 44, 15, 43, 4, 6, 28, 27, 30, 2, 7, 42, 21, 17, 3, 36, 22]

Individual 45:
  Route length: 13149
  Contribution to Diversity: 0.002710482230043887
  Route: [1, 40, 46, 50, 29, 2, 7, 42, 21, 17, 3, 18, 49, 39, 36, 24, 48, 34, 44, 31, 9, 10, 43, 33, 11, 13, 14, 52, 20, 23, 30, 32, 37, 38, 6, 4, 15, 51, 28, 27, 26, 47, 16, 35, 8, 41, 19, 45, 5, 25, 12, 22]

Individual 46:
  Route length: 13105
  Contribution to Diversity: 0.0024688568717747827
  Route: [49, 1, 32, 30, 31, 9, 10, 43, 33, 11, 51, 24, 48, 16, 50, 26, 27, 28, 25, 46, 44, 34, 29, 2, 7, 42, 21, 17, 3, 18, 12, 52, 14, 13, 47, 20, 23, 40, 39, 35, 36, 41, 8, 19, 45, 37, 38, 4, 6, 15, 5, 22]

Individual 47:
  Route length: 13183
  Contribution to Diversity: 0.0011294293794170684
  Route: [1, 3, 25, 4, 6, 20, 29, 16, 49, 15, 46, 34, 44, 36, 8, 41, 19, 45, 10, 9, 32, 21, 17, 30, 31, 24, 5, 27, 26, 47, 13, 14, 52, 11, 51, 33, 43, 12, 28, 39, 35, 38, 37, 48, 40, 50, 2, 7, 42, 23, 18, 22]

Individual 48:
  Route length: 13164
  Contribution to Diversity: 0.0010834612702863566
  Route: [1, 49, 32, 20, 50, 29, 16, 47, 26, 27, 11, 51, 52, 14, 13, 38, 4, 28, 12, 25, 24, 40, 44, 18, 3, 46, 36, 35, 45, 17, 21, 42, 7, 2, 5, 34, 41, 8, 19, 9, 10, 43, 33, 48, 39, 37, 6, 15, 30, 23, 31, 22]

Individual 49:
  Route length: 13186
  Contribution to Diversity: 0.0015061222322687584
  Route: [1, 31, 48, 36, 24, 15, 26, 25, 4, 2, 7, 42, 32, 45, 19, 41, 8, 9, 10, 43, 33, 51, 11, 52, 13, 47, 14, 27, 28, 12, 39, 6, 38, 37, 21, 30, 16, 46, 23, 20, 50, 34, 35, 40, 5, 49, 44, 17, 3, 18, 29, 22]

Individual 50:
  Route length: 13140
  Contribution to Diversity: 0.001236321717193789
  Route: [3, 41, 8, 6, 15, 46, 20, 1, 18, 32, 35, 38, 48, 25, 4, 37, 40, 36, 16, 29, 34, 44, 49, 23, 50, 30, 2, 7, 42, 31, 9, 10, 45, 39, 28, 12, 43, 33, 51, 11, 52, 14, 13, 47, 26, 27, 5, 24, 17, 21, 19, 22]

Individual 51:
  Route length: 13054
  Contribution to Diversity: 0.0008291521691878856
  Route: [29, 43, 6, 33, 51, 11, 52, 14, 13, 47, 28, 27, 26, 16, 50, 17, 3, 8, 41, 9, 10, 45, 30, 2, 7, 42, 21, 49, 44, 20, 23, 1, 38, 34, 25, 46, 32, 36, 35, 39, 40, 24, 5, 4, 37, 48, 12, 15, 31, 18, 19, 22]

Individual 52:
  Route length: 12988
  Contribution to Diversity: 0.0004835247362180439
  Route: [42, 7, 2, 30, 29, 50, 20, 23, 27, 4, 25, 12, 28, 51, 33, 43, 5, 9, 41, 8, 10, 46, 44, 39, 36, 1, 40, 37, 35, 34, 18, 3, 45, 32, 49, 38, 48, 15, 6, 11, 52, 14, 13, 47, 26, 16, 24, 19, 17, 21, 31, 22]

Individual 53:
  Route length: 13139
  Contribution to Diversity: 0.0005936505635020239
  Route: [1, 49, 39, 19, 10, 9, 8, 41, 17, 3, 23, 20, 50, 30, 45, 33, 43, 4, 29, 16, 5, 24, 15, 25, 12, 40, 37, 18, 38, 14, 13, 47, 26, 27, 28, 52, 11, 51, 6, 35, 34, 44, 48, 46, 36, 32, 31, 2, 7, 42, 21, 22]

Individual 54:
  Route length: 12889
  Contribution to Diversity: 0
  Route: [5, 29, 26, 25, 31, 7, 2, 42, 18, 3, 17, 10, 9, 8, 41, 19, 49, 1, 32, 45, 40, 36, 48, 37, 39, 43, 33, 51, 11, 52, 13, 47, 14, 27, 28, 12, 4, 38, 6, 15, 24, 23, 46, 16, 44, 30, 21, 35, 34, 50, 20, 22]

Individual 55:
  Route length: 13147
  Contribution to Diversity: 0.0018113280752478644
  Route: [45, 20, 23, 34, 35, 36, 24, 49, 1, 50, 29, 11, 51, 33, 9, 8, 41, 39, 40, 46, 16, 52, 14, 13, 47, 26, 27, 28, 12, 25, 43, 5, 44, 37, 6, 4, 48, 38, 32, 10, 15, 19, 31, 18, 3, 17, 21, 42, 7, 2, 30, 22]

Individual 56:
  Route length: 13161
  Contribution to Diversity: 0.0019390087368877928
  Route: [44, 46, 16, 29, 50, 47, 52, 14, 13, 40, 39, 6, 15, 9, 10, 43, 45, 8, 41, 19, 1, 49, 35, 36, 4, 33, 34, 20, 25, 37, 38, 32, 5, 51, 11, 12, 28, 27, 26, 48, 24, 23, 30, 42, 7, 2, 21, 17, 3, 18, 31, 22]

Individual 57:
  Route length: 12732
  Contribution to Diversity: 0.00047093351443727727
  Route: [1, 42, 7, 2, 9, 10, 8, 41, 19, 5, 24, 48, 38, 37, 32, 23, 30, 49, 45, 4, 6, 21, 31, 17, 3, 15, 27, 26, 28, 12, 43, 33, 51, 11, 52, 14, 13, 47, 16, 29, 50, 20, 36, 39, 44, 46, 25, 40, 34, 35, 18, 22]

Individual 58:
  Route length: 12953
  Contribution to Diversity: 3.6171863623479794e-05
  Route: [4, 16, 6, 15, 5, 38, 25, 24, 48, 34, 46, 1, 20, 44, 10, 9, 8, 41, 19, 45, 32, 49, 36, 35, 28, 12, 43, 51, 33, 27, 47, 13, 14, 52, 11, 26, 40, 37, 39, 50, 29, 42, 7, 2, 30, 23, 21, 3, 18, 17, 31, 22]

Individual 59:
  Route length: 13142
  Contribution to Diversity: 0.0010143944116869363
  Route: [1, 49, 37, 15, 5, 39, 46, 44, 34, 35, 20, 29, 36, 16, 50, 42, 21, 23, 41, 19, 8, 48, 24, 7, 2, 30, 9, 10, 43, 33, 51, 11, 52, 14, 13, 47, 26, 27, 28, 12, 45, 32, 17, 3, 18, 38, 40, 6, 4, 25, 31, 22]

Individual 60:
  Route length: 13182
  Contribution to Diversity: 0.0009757376048851185
  Route: [44, 28, 47, 26, 27, 24, 38, 48, 32, 45, 36, 35, 40, 39, 5, 46, 18, 31, 1, 19, 15, 6, 4, 13, 37, 16, 21, 30, 2, 7, 42, 17, 3, 41, 8, 9, 10, 43, 33, 51, 11, 52, 14, 12, 25, 34, 49, 29, 50, 20, 23, 22]

Individual 61:
  Route length: 13099
  Contribution to Diversity: 0.000700988414401138
  Route: [3, 18, 41, 34, 35, 36, 37, 20, 17, 21, 30, 2, 7, 42, 23, 49, 32, 16, 29, 50, 40, 38, 25, 44, 46, 24, 5, 48, 6, 15, 13, 14, 52, 11, 51, 33, 43, 9, 10, 39, 28, 12, 26, 47, 27, 4, 8, 45, 19, 1, 31, 22]

Individual 62:
  Route length: 13142
  Contribution to Diversity: 0.0019828311960248257
  Route: [1, 49, 32, 44, 40, 24, 25, 12, 20, 23, 30, 6, 15, 37, 38, 4, 28, 13, 14, 52, 51, 11, 27, 26, 47, 16, 29, 50, 34, 19, 8, 41, 43, 10, 9, 33, 48, 39, 5, 2, 7, 42, 21, 17, 45, 35, 36, 46, 3, 18, 31, 22]

Individual 63:
  Route length: 13149
  Contribution to Diversity: 0.0012024198962432564
  Route: [3, 18, 41, 34, 35, 36, 37, 20, 17, 21, 30, 2, 7, 42, 23, 49, 32, 16, 29, 40, 50, 44, 25, 38, 46, 24, 5, 48, 6, 15, 13, 14, 52, 11, 51, 33, 43, 10, 9, 19, 45, 8, 4, 27, 47, 26, 12, 28, 39, 1, 31, 22]

Individual 64:
  Route length: 13123
  Contribution to Diversity: 0.00022586897449183851
  Route: [5, 29, 26, 25, 31, 7, 2, 42, 3, 18, 23, 24, 40, 36, 48, 37, 39, 43, 33, 51, 11, 52, 13, 47, 14, 27, 28, 12, 4, 38, 6, 15, 49, 1, 32, 45, 19, 41, 8, 9, 10, 17, 46, 16, 44, 30, 21, 35, 34, 50, 20, 22]

Individual 65:
  Route length: 13168
  Contribution to Diversity: 0.0010173186763253739
  Route: [29, 34, 25, 46, 32, 36, 35, 21, 42, 7, 2, 30, 44, 20, 23, 1, 38, 49, 17, 3, 8, 41, 9, 10, 45, 50, 16, 26, 27, 28, 47, 13, 14, 52, 11, 51, 33, 6, 43, 37, 4, 5, 24, 40, 39, 48, 12, 15, 31, 18, 19, 22]

Individual 66:
  Route length: 13134
  Contribution to Diversity: 0.0030978448307186213
  Route: [5, 35, 24, 37, 50, 20, 23, 30, 29, 26, 47, 13, 14, 52, 11, 6, 43, 33, 4, 25, 12, 28, 51, 27, 46, 16, 48, 40, 8, 41, 19, 45, 9, 10, 15, 44, 1, 18, 42, 7, 2, 34, 39, 36, 38, 21, 17, 3, 49, 32, 31, 22]

Individual 67:
  Route length: 12861
  Contribution to Diversity: 2.7063953170092248e-05
  Route: [1, 49, 19, 3, 31, 29, 46, 33, 51, 11, 52, 14, 27, 26, 47, 13, 12, 28, 25, 38, 48, 4, 40, 39, 41, 32, 17, 21, 42, 7, 2, 30, 23, 20, 36, 34, 35, 44, 8, 18, 43, 10, 9, 45, 50, 16, 37, 24, 5, 15, 6, 22]

Individual 68:
  Route length: 13173
  Contribution to Diversity: 0.0016526606269877675
  Route: [18, 3, 41, 8, 10, 9, 15, 39, 40, 38, 45, 19, 30, 23, 20, 50, 1, 44, 29, 47, 13, 14, 11, 52, 28, 26, 27, 49, 35, 17, 21, 42, 2, 7, 37, 46, 16, 25, 4, 43, 33, 51, 12, 24, 48, 36, 34, 32, 31, 6, 5, 22]

Individual 69:
  Route length: 13031
  Contribution to Diversity: 0.0023141461287146115
  Route: [25, 15, 34, 40, 37, 48, 36, 39, 4, 35, 43, 10, 9, 33, 51, 11, 52, 14, 47, 28, 27, 26, 42, 7, 2, 30, 23, 20, 6, 46, 16, 29, 50, 21, 1, 32, 24, 12, 13, 5, 38, 49, 44, 45, 19, 41, 8, 3, 17, 18, 31, 22]

Individual 70:
  Route length: 13170
  Contribution to Diversity: 0.0016612014162271649
  Route: [3, 1, 20, 46, 44, 34, 29, 16, 28, 12, 43, 33, 51, 11, 52, 14, 13, 47, 26, 27, 38, 25, 36, 50, 23, 30, 2, 7, 42, 31, 9, 10, 45, 39, 48, 49, 40, 37, 4, 15, 6, 8, 41, 19, 21, 17, 24, 5, 35, 32, 18, 22]

Individual 71:
  Route length: 12993
  Contribution to Diversity: 0
  Route: [1, 49, 15, 44, 39, 24, 6, 38, 4, 12, 28, 27, 14, 47, 13, 52, 11, 51, 33, 43, 19, 42, 2, 7, 30, 21, 37, 36, 48, 34, 35, 29, 26, 25, 46, 16, 41, 8, 9, 10, 17, 3, 18, 5, 40, 50, 23, 20, 32, 45, 31, 22]

Individual 72:
  Route length: 13131
  Contribution to Diversity: 0.0012887632068334653
  Route: [32, 43, 15, 48, 44, 1, 35, 19, 46, 24, 4, 49, 21, 2, 7, 42, 30, 23, 20, 34, 38, 40, 39, 36, 6, 5, 37, 16, 29, 50, 25, 14, 52, 11, 51, 33, 12, 13, 47, 28, 27, 26, 3, 17, 9, 10, 41, 8, 45, 18, 31, 22]

Individual 73:
  Route length: 13086
  Contribution to Diversity: 0.0008868462256641507
  Route: [46, 16, 29, 39, 8, 41, 19, 45, 1, 49, 35, 36, 40, 15, 43, 10, 9, 34, 20, 50, 44, 24, 48, 51, 11, 14, 13, 52, 47, 28, 12, 5, 6, 25, 37, 38, 33, 4, 32, 27, 26, 23, 30, 2, 7, 42, 21, 17, 3, 18, 31, 22]

Individual 74:
  Route length: 13176
  Contribution to Diversity: 0.00038981943842841815
  Route: [1, 31, 3, 2, 7, 42, 21, 44, 36, 8, 41, 19, 9, 10, 40, 6, 37, 38, 5, 35, 4, 34, 32, 50, 23, 17, 18, 49, 29, 16, 30, 48, 24, 46, 26, 27, 28, 12, 51, 11, 52, 14, 13, 47, 20, 45, 43, 33, 25, 15, 39, 22]

Individual 75:
  Route length: 12855
  Contribution to Diversity: 0.00035260108148005287
  Route: [1, 42, 7, 2, 9, 10, 8, 41, 19, 5, 24, 48, 38, 37, 32, 23, 30, 6, 4, 45, 49, 17, 31, 21, 3, 15, 27, 26, 28, 12, 43, 33, 51, 11, 52, 14, 13, 47, 16, 29, 50, 20, 36, 39, 44, 46, 25, 40, 34, 35, 18, 22]

Individual 76:
  Route length: 13172
  Contribution to Diversity: 0.0017783960333943583
  Route: [37, 5, 48, 6, 4, 38, 35, 24, 46, 16, 27, 15, 34, 39, 2, 7, 42, 44, 1, 18, 3, 17, 21, 49, 32, 30, 23, 20, 50, 29, 26, 47, 13, 14, 52, 11, 28, 51, 33, 43, 25, 12, 36, 40, 8, 41, 19, 45, 9, 10, 31, 22]

Individual 77:
  Route length: 13156
  Contribution to Diversity: 0.0017284619552802027
  Route: [32, 17, 3, 8, 41, 19, 45, 43, 6, 12, 15, 38, 50, 16, 26, 27, 28, 47, 13, 14, 52, 11, 51, 33, 39, 40, 24, 5, 4, 48, 46, 31, 18, 30, 20, 23, 44, 29, 35, 36, 10, 9, 25, 34, 21, 42, 7, 2, 1, 37, 49, 22]

Individual 78:
  Route length: 12940
  Contribution to Diversity: 0
  Route: [11, 52, 51, 12, 37, 39, 5, 15, 6, 25, 48, 46, 24, 49, 1, 16, 44, 23, 30, 2, 7, 42, 21, 31, 38, 34, 40, 18, 41, 8, 9, 10, 43, 33, 4, 13, 14, 47, 26, 27, 28, 45, 19, 17, 3, 20, 50, 29, 36, 35, 32, 22]

Individual 79:
  Route length: 12903
  Contribution to Diversity: 0
  Route: [1, 49, 15, 44, 39, 24, 6, 38, 48, 37, 21, 30, 7, 2, 42, 19, 43, 33, 51, 11, 52, 13, 47, 14, 27, 28, 12, 4, 20, 23, 50, 34, 35, 29, 26, 25, 46, 16, 41, 8, 9, 10, 17, 3, 18, 5, 40, 36, 32, 45, 31, 22]

Individual 80:
  Route length: 13179
  Contribution to Diversity: 0.0007914572660299157
  Route: [44, 16, 50, 36, 5, 12, 28, 27, 26, 46, 24, 34, 35, 3, 17, 18, 31, 48, 49, 1, 41, 19, 9, 10, 40, 6, 33, 51, 11, 52, 14, 13, 47, 23, 20, 29, 30, 2, 7, 42, 21, 37, 38, 8, 45, 43, 32, 15, 25, 4, 39, 22]

Individual 81:
  Route length: 13162
  Contribution to Diversity: 0.0015092900649866792
  Route: [1, 31, 3, 2, 7, 42, 21, 44, 36, 8, 41, 19, 9, 10, 40, 6, 48, 16, 29, 49, 18, 17, 23, 50, 32, 34, 4, 35, 5, 38, 37, 26, 27, 28, 12, 51, 11, 52, 14, 13, 47, 20, 30, 46, 24, 45, 43, 33, 25, 15, 39, 22]

Individual 82:
  Route length: 12732
  Contribution to Diversity: 0.0008543418846551631
  Route: [32, 23, 17, 21, 42, 7, 2, 30, 44, 40, 38, 24, 46, 39, 49, 34, 1, 28, 27, 14, 13, 47, 26, 52, 11, 51, 4, 36, 33, 43, 45, 19, 10, 9, 8, 41, 31, 3, 18, 50, 29, 16, 12, 25, 20, 5, 15, 6, 37, 48, 35, 22]

Individual 83:
  Route length: 13099
  Contribution to Diversity: 0
  Route: [11, 52, 51, 12, 37, 39, 5, 15, 6, 48, 25, 35, 36, 29, 50, 20, 3, 17, 19, 45, 28, 27, 26, 47, 14, 13, 4, 33, 43, 10, 9, 8, 41, 18, 34, 40, 38, 31, 21, 42, 7, 2, 30, 23, 44, 16, 1, 49, 24, 46, 32, 22]

Individual 84:
  Route length: 13125
  Contribution to Diversity: 0.0020242159390102543
  Route: [1, 49, 8, 17, 18, 31, 32, 36, 44, 30, 2, 7, 42, 21, 3, 33, 43, 45, 38, 23, 41, 19, 9, 10, 40, 6, 37, 20, 50, 29, 16, 39, 34, 5, 26, 27, 28, 12, 51, 11, 52, 14, 13, 47, 35, 48, 15, 25, 4, 46, 24, 22]

Individual 85:
  Route length: 12977
  Contribution to Diversity: 0.0013130310646705112
  Route: [1, 40, 17, 18, 31, 21, 30, 2, 7, 42, 38, 6, 37, 4, 28, 27, 26, 47, 13, 14, 52, 11, 51, 33, 5, 24, 23, 20, 50, 29, 35, 49, 32, 39, 36, 34, 48, 46, 16, 44, 19, 45, 41, 8, 3, 9, 43, 15, 10, 12, 25, 22]

Individual 86:
  Route length: 12724
  Contribution to Diversity: 0
  Route: [1, 49, 15, 44, 39, 24, 6, 38, 48, 37, 21, 30, 7, 2, 42, 19, 43, 33, 51, 11, 52, 13, 47, 14, 27, 28, 12, 4, 20, 23, 50, 34, 35, 29, 26, 25, 46, 16, 10, 9, 8, 41, 3, 17, 18, 5, 40, 36, 32, 45, 31, 22]

Individual 87:
  Route length: 12865
  Contribution to Diversity: 0.0004872231330477206
  Route: [23, 29, 35, 50, 20, 44, 34, 4, 27, 26, 47, 13, 14, 52, 11, 51, 43, 16, 28, 12, 25, 46, 48, 6, 15, 17, 30, 2, 7, 42, 21, 40, 5, 24, 37, 38, 39, 36, 32, 49, 1, 3, 31, 18, 9, 8, 45, 19, 41, 10, 33, 22]

Individual 88:
  Route length: 13167
  Contribution to Diversity: 0.0012867608639703931
  Route: [40, 5, 24, 37, 38, 39, 36, 32, 15, 6, 48, 46, 25, 12, 28, 16, 43, 51, 11, 52, 14, 13, 47, 26, 27, 4, 34, 23, 29, 35, 50, 20, 18, 31, 3, 1, 49, 21, 42, 7, 2, 30, 17, 44, 33, 10, 41, 19, 45, 8, 9, 22]

Individual 89:
  Route length: 13150
  Contribution to Diversity: 1.2697153309204623e-05
  Route: [23, 48, 15, 32, 34, 3, 17, 21, 30, 42, 2, 7, 35, 41, 8, 9, 10, 24, 39, 38, 28, 27, 26, 47, 13, 14, 52, 11, 51, 33, 43, 49, 31, 6, 45, 19, 18, 1, 4, 40, 46, 5, 12, 25, 37, 36, 50, 20, 16, 29, 44, 22]

Individual 90:
  Route length: 13016
  Contribution to Diversity: 0
  Route: [23, 1, 24, 39, 38, 34, 10, 9, 8, 41, 35, 7, 2, 42, 30, 21, 17, 3, 18, 19, 45, 6, 31, 49, 43, 33, 51, 11, 52, 14, 13, 47, 26, 27, 28, 50, 36, 4, 40, 46, 5, 12, 25, 37, 48, 15, 32, 20, 16, 29, 44, 22]

Individual 91:
  Route length: 13174
  Contribution to Diversity: 0
  Route: [23, 48, 15, 32, 34, 10, 9, 8, 41, 35, 7, 2, 42, 30, 21, 17, 3, 18, 19, 45, 6, 31, 49, 43, 33, 51, 11, 52, 14, 13, 47, 26, 27, 28, 38, 39, 24, 1, 4, 40, 46, 5, 37, 25, 12, 36, 50, 20, 16, 29, 44, 22]

Individual 92:
  Route length: 13057
  Contribution to Diversity: 0
  Route: [4, 16, 6, 15, 5, 38, 25, 24, 48, 46, 34, 28, 12, 43, 51, 33, 27, 47, 13, 14, 52, 11, 26, 40, 37, 39, 50, 29, 35, 36, 49, 32, 45, 19, 41, 8, 9, 10, 44, 20, 1, 42, 7, 2, 30, 23, 21, 3, 18, 17, 31, 22]

Individual 93:
  Route length: 13174
  Contribution to Diversity: 0.0003677731267686113
  Route: [1, 31, 3, 2, 7, 42, 21, 44, 36, 40, 10, 9, 19, 41, 8, 4, 35, 5, 38, 37, 6, 34, 32, 50, 23, 17, 18, 49, 29, 16, 30, 48, 24, 46, 26, 27, 28, 12, 51, 11, 52, 14, 13, 47, 20, 45, 43, 33, 25, 15, 39, 22]

Individual 94:
  Route length: 12914
  Contribution to Diversity: 0
  Route: [23, 48, 15, 32, 34, 10, 9, 8, 41, 35, 7, 2, 42, 30, 21, 17, 3, 18, 19, 45, 6, 4, 1, 24, 39, 38, 28, 27, 26, 47, 13, 14, 52, 11, 51, 33, 43, 49, 31, 46, 40, 5, 37, 25, 12, 36, 50, 20, 16, 29, 44, 22]

Individual 95:
  Route length: 13095
  Contribution to Diversity: 0.0012735681479796312
  Route: [36, 49, 41, 8, 45, 10, 9, 3, 44, 34, 32, 38, 48, 19, 43, 33, 6, 1, 37, 15, 39, 50, 20, 31, 18, 17, 23, 21, 42, 7, 2, 30, 35, 5, 26, 27, 28, 29, 16, 46, 47, 13, 14, 52, 11, 51, 12, 25, 4, 40, 24, 22]

Individual 96:
  Route length: 12452
  Contribution to Diversity: 0
  Route: [4, 16, 6, 34, 46, 48, 24, 25, 38, 5, 15, 33, 51, 43, 12, 28, 27, 47, 13, 14, 52, 11, 26, 40, 37, 39, 50, 29, 35, 36, 49, 32, 45, 19, 41, 8, 9, 10, 44, 20, 1, 42, 7, 2, 30, 23, 21, 3, 18, 17, 31, 22]

Individual 97:
  Route length: 12832
  Contribution to Diversity: 0.0006298669929707401
  Route: [32, 23, 17, 21, 42, 7, 2, 30, 44, 40, 38, 24, 46, 39, 36, 4, 51, 11, 52, 26, 47, 13, 14, 27, 28, 1, 34, 49, 31, 41, 8, 9, 10, 19, 45, 43, 33, 3, 18, 50, 29, 16, 12, 25, 20, 5, 15, 6, 37, 48, 35, 22]

Individual 98:
  Route length: 12474
  Contribution to Diversity: 0
  Route: [1, 49, 42, 2, 7, 30, 21, 37, 48, 38, 6, 24, 39, 44, 15, 4, 12, 28, 27, 14, 47, 13, 52, 11, 51, 33, 43, 19, 20, 23, 50, 34, 35, 29, 26, 25, 46, 16, 10, 9, 8, 41, 3, 17, 18, 5, 40, 36, 32, 45, 31, 22]

Individual 99:
  Route length: 13137
  Contribution to Diversity: 0.00044218307806165313
  Route: [5, 29, 26, 39, 37, 48, 36, 40, 45, 32, 1, 49, 19, 41, 8, 9, 10, 17, 3, 18, 42, 2, 7, 31, 25, 43, 33, 51, 11, 52, 13, 47, 14, 27, 28, 12, 4, 38, 6, 15, 24, 23, 46, 16, 44, 30, 21, 35, 34, 50, 20, 22]

Total Entropy H: 5.869931338897108
