Individual 0:
  Route length: 13191
  Contribution to Diversity: 0.0002829043518692842
  Route: [40, 42, 7, 2, 30, 23, 20, 1, 41, 8, 9, 10, 19, 45, 32, 16, 46, 35, 34, 6, 5, 15, 43, 33, 51, 28, 12, 25, 52, 11, 37, 47, 27, 26, 14, 13, 4, 24, 48, 38, 50, 29, 36, 39, 49, 44, 21, 17, 3, 18, 31, 22]

Individual 1:
  Route length: 13149
  Contribution to Diversity: 0.0012467732765868433
  Route: [44, 46, 16, 29, 39, 40, 1, 49, 35, 36, 4, 33, 34, 20, 50, 47, 52, 14, 13, 8, 41, 19, 45, 43, 10, 9, 15, 6, 25, 37, 38, 32, 5, 51, 11, 12, 28, 27, 26, 48, 24, 23, 30, 42, 7, 2, 21, 17, 3, 18, 31, 22]

Individual 2:
  Route length: 13183
  Contribution to Diversity: 0.001983573443184561
  Route: [20, 23, 30, 19, 45, 41, 8, 9, 10, 43, 33, 38, 14, 13, 47, 26, 27, 28, 12, 25, 6, 4, 34, 37, 29, 50, 15, 24, 5, 36, 39, 35, 1, 32, 18, 3, 17, 21, 42, 7, 2, 44, 48, 52, 11, 51, 16, 46, 49, 31, 40, 22]

Individual 3:
  Route length: 13087
  Contribution to Diversity: 0.0006037849751603375
  Route: [25, 20, 50, 29, 6, 16, 40, 11, 52, 51, 12, 37, 44, 39, 5, 24, 33, 43, 10, 9, 8, 41, 18, 3, 17, 19, 45, 38, 4, 13, 14, 47, 26, 27, 28, 48, 36, 35, 34, 46, 15, 32, 1, 49, 23, 30, 2, 7, 42, 21, 31, 22]

Individual 4:
  Route length: 13109
  Contribution to Diversity: 0.0011841987774063867
  Route: [1, 42, 7, 2, 9, 10, 8, 41, 19, 5, 24, 48, 38, 37, 45, 49, 30, 23, 32, 31, 21, 6, 4, 17, 3, 15, 27, 26, 28, 12, 43, 33, 51, 11, 52, 14, 13, 47, 16, 29, 50, 20, 36, 39, 44, 46, 25, 40, 34, 35, 18, 22]

Individual 5:
  Route length: 13195
  Contribution to Diversity: 0.002102383020397447
  Route: [25, 35, 36, 39, 9, 10, 43, 1, 21, 50, 29, 16, 46, 6, 15, 34, 40, 37, 48, 32, 24, 4, 20, 23, 30, 2, 7, 42, 26, 27, 28, 47, 14, 52, 11, 51, 33, 12, 13, 5, 38, 49, 44, 45, 19, 41, 8, 3, 17, 18, 31, 22]

Individual 6:
  Route length: 13182
  Contribution to Diversity: 0.0013980461831470947
  Route: [44, 36, 45, 32, 31, 18, 46, 5, 4, 15, 6, 34, 40, 39, 21, 30, 2, 7, 42, 17, 3, 41, 8, 9, 10, 43, 33, 51, 11, 52, 14, 12, 25, 28, 47, 26, 27, 24, 38, 13, 37, 16, 35, 48, 19, 1, 49, 29, 50, 20, 23, 22]

Individual 7:
  Route length: 13022
  Contribution to Diversity: 0.002466024758584595
  Route: [1, 30, 2, 21, 42, 7, 16, 46, 24, 40, 6, 49, 43, 33, 4, 25, 15, 34, 44, 3, 35, 36, 37, 38, 48, 5, 26, 27, 28, 12, 51, 11, 52, 14, 13, 47, 29, 50, 20, 45, 8, 23, 17, 18, 31, 32, 41, 19, 9, 10, 39, 22]

Individual 8:
  Route length: 13039
  Contribution to Diversity: 0.0009745419820417212
  Route: [23, 48, 15, 32, 34, 10, 9, 8, 41, 35, 7, 2, 42, 30, 19, 45, 6, 18, 3, 17, 21, 20, 50, 5, 12, 25, 4, 43, 33, 51, 11, 52, 14, 13, 47, 26, 27, 28, 38, 39, 24, 1, 31, 49, 36, 37, 29, 16, 46, 40, 44, 22]

Individual 9:
  Route length: 13041
  Contribution to Diversity: 0.0012777664264600475
  Route: [23, 48, 15, 32, 34, 10, 9, 8, 41, 35, 7, 2, 42, 30, 19, 45, 6, 18, 3, 17, 21, 20, 50, 5, 12, 25, 37, 36, 49, 31, 1, 24, 39, 38, 28, 27, 26, 47, 13, 14, 52, 11, 51, 33, 43, 4, 40, 46, 16, 29, 44, 22]

Individual 10:
  Route length: 13171
  Contribution to Diversity: 0.0011459549512053968
  Route: [23, 20, 44, 24, 43, 4, 6, 15, 51, 11, 52, 14, 13, 47, 48, 40, 31, 18, 33, 5, 41, 8, 9, 10, 12, 27, 28, 26, 25, 39, 16, 46, 38, 35, 34, 29, 50, 1, 45, 19, 32, 49, 37, 36, 3, 17, 21, 42, 7, 2, 30, 22]

Individual 11:
  Route length: 13149
  Contribution to Diversity: 0.0018984964699466644
  Route: [1, 49, 32, 36, 35, 25, 4, 16, 48, 38, 19, 41, 8, 9, 10, 45, 18, 3, 43, 33, 6, 39, 40, 37, 15, 5, 34, 23, 30, 2, 7, 44, 29, 52, 14, 13, 11, 51, 12, 28, 27, 26, 47, 24, 17, 21, 42, 20, 50, 46, 31, 22]

Individual 12:
  Route length: 13191
  Contribution to Diversity: 0.0015448089644616303
  Route: [42, 7, 2, 30, 23, 20, 34, 38, 5, 24, 4, 11, 51, 33, 12, 13, 47, 28, 27, 26, 52, 14, 50, 29, 25, 35, 32, 45, 19, 41, 8, 3, 17, 18, 49, 40, 37, 48, 43, 10, 9, 39, 36, 46, 6, 15, 21, 1, 44, 16, 31, 22]

Individual 13:
  Route length: 13072
  Contribution to Diversity: 0.0012123556761407528
  Route: [1, 49, 18, 3, 17, 21, 42, 7, 2, 29, 50, 46, 44, 34, 48, 24, 36, 39, 40, 23, 20, 52, 14, 13, 47, 26, 27, 28, 16, 35, 8, 41, 19, 45, 5, 15, 4, 6, 38, 37, 51, 11, 33, 43, 10, 9, 31, 30, 32, 25, 12, 22]

Individual 14:
  Route length: 13049
  Contribution to Diversity: 0.0019053114556912831
  Route: [1, 49, 39, 9, 10, 19, 45, 51, 28, 11, 52, 14, 13, 47, 26, 27, 46, 30, 2, 7, 42, 48, 38, 24, 5, 15, 6, 4, 25, 40, 16, 35, 36, 21, 17, 3, 18, 44, 34, 32, 43, 33, 41, 8, 37, 12, 29, 50, 20, 23, 31, 22]

Individual 15:
  Route length: 13059
  Contribution to Diversity: 0.0007522983657164417
  Route: [34, 1, 38, 46, 35, 29, 44, 40, 39, 48, 6, 33, 51, 11, 52, 14, 13, 47, 28, 27, 26, 16, 50, 25, 37, 23, 20, 30, 2, 7, 42, 21, 49, 32, 43, 4, 12, 15, 31, 18, 24, 5, 36, 17, 3, 8, 41, 19, 45, 10, 9, 22]

Individual 16:
  Route length: 13144
  Contribution to Diversity: 0.0018569215330970223
  Route: [37, 34, 15, 5, 35, 24, 16, 46, 47, 13, 14, 52, 11, 28, 51, 33, 43, 6, 48, 27, 26, 29, 50, 20, 23, 30, 32, 49, 21, 17, 3, 18, 1, 44, 42, 7, 2, 39, 38, 4, 25, 12, 36, 40, 8, 41, 19, 45, 9, 10, 31, 22]

Individual 17:
  Route length: 12821
  Contribution to Diversity: 0.0011601344325535834
  Route: [18, 31, 3, 1, 49, 44, 34, 4, 35, 50, 20, 23, 29, 28, 12, 25, 46, 16, 43, 51, 11, 52, 14, 13, 47, 26, 27, 48, 21, 42, 7, 2, 30, 17, 15, 6, 38, 37, 24, 5, 40, 39, 36, 32, 33, 10, 41, 19, 45, 8, 9, 22]

Individual 18:
  Route length: 13031
  Contribution to Diversity: 0.002916892373650448
  Route: [32, 49, 1, 24, 6, 43, 33, 5, 15, 51, 8, 9, 38, 41, 4, 25, 44, 48, 34, 36, 35, 23, 30, 2, 7, 42, 21, 17, 3, 45, 40, 39, 20, 50, 29, 16, 46, 12, 11, 52, 14, 13, 47, 26, 27, 28, 37, 10, 19, 18, 31, 22]

Individual 19:
  Route length: 13188
  Contribution to Diversity: 0.0008505154350579858
  Route: [16, 32, 45, 19, 10, 9, 8, 41, 1, 44, 46, 38, 48, 24, 4, 13, 14, 47, 27, 26, 34, 6, 5, 15, 43, 33, 51, 28, 12, 25, 52, 11, 37, 35, 36, 29, 20, 23, 30, 2, 7, 42, 40, 49, 39, 50, 3, 17, 21, 18, 31, 22]

Individual 20:
  Route length: 13143
  Contribution to Diversity: 0.001438740782337966
  Route: [24, 35, 5, 15, 44, 1, 18, 42, 7, 2, 34, 39, 36, 32, 49, 3, 17, 21, 38, 37, 50, 20, 23, 30, 29, 26, 47, 13, 14, 52, 11, 6, 43, 33, 51, 28, 12, 25, 4, 27, 46, 16, 48, 40, 8, 41, 19, 45, 9, 10, 31, 22]

Individual 21:
  Route length: 13117
  Contribution to Diversity: 0.0006336578667207604
  Route: [1, 17, 2, 7, 42, 32, 14, 13, 26, 27, 28, 12, 25, 4, 6, 44, 35, 15, 5, 24, 38, 48, 18, 31, 23, 20, 16, 47, 3, 45, 19, 41, 8, 9, 10, 43, 33, 51, 11, 52, 46, 49, 34, 36, 39, 37, 40, 21, 50, 30, 29, 22]

Individual 22:
  Route length: 12961
  Contribution to Diversity: 0.00039693511306637674
  Route: [11, 52, 51, 12, 37, 39, 44, 16, 23, 30, 2, 7, 42, 21, 31, 48, 28, 27, 26, 47, 14, 13, 4, 45, 19, 17, 3, 20, 50, 29, 36, 35, 46, 6, 25, 15, 5, 24, 33, 43, 10, 9, 8, 41, 18, 34, 49, 1, 40, 38, 32, 22]

Individual 23:
  Route length: 13166
  Contribution to Diversity: 0.0005850162000768933
  Route: [1, 49, 15, 44, 39, 43, 33, 51, 11, 52, 13, 47, 14, 27, 28, 12, 4, 38, 6, 24, 7, 2, 42, 46, 16, 30, 21, 37, 48, 36, 40, 5, 18, 3, 17, 10, 9, 8, 41, 19, 45, 32, 20, 23, 50, 34, 35, 29, 26, 25, 31, 22]

Individual 24:
  Route length: 13175
  Contribution to Diversity: 0.000601464133846541
  Route: [44, 19, 1, 31, 18, 46, 5, 35, 40, 39, 21, 30, 2, 7, 42, 17, 3, 41, 8, 9, 10, 43, 33, 51, 11, 52, 14, 12, 25, 28, 47, 26, 27, 24, 38, 48, 32, 45, 36, 16, 37, 13, 4, 6, 15, 34, 49, 29, 50, 20, 23, 22]

Individual 25:
  Route length: 13075
  Contribution to Diversity: 0.0016107332627832704
  Route: [9, 19, 41, 37, 5, 6, 15, 49, 23, 30, 2, 7, 42, 21, 17, 20, 35, 34, 44, 46, 50, 29, 16, 40, 24, 18, 3, 32, 36, 39, 13, 14, 52, 11, 51, 33, 43, 10, 8, 45, 4, 48, 38, 25, 28, 12, 26, 47, 27, 1, 31, 22]

Individual 26:
  Route length: 12978
  Contribution to Diversity: 0.00023611693395153566
  Route: [1, 49, 20, 50, 29, 21, 23, 34, 44, 31, 32, 45, 36, 28, 25, 12, 24, 48, 35, 39, 4, 6, 5, 46, 27, 26, 47, 13, 15, 38, 37, 40, 33, 51, 11, 52, 14, 43, 10, 9, 8, 41, 19, 18, 3, 17, 42, 7, 2, 30, 16, 22]

Individual 27:
  Route length: 13089
  Contribution to Diversity: 0.0009047466337763765
  Route: [1, 3, 25, 4, 6, 49, 16, 29, 20, 46, 15, 34, 44, 36, 8, 41, 19, 45, 10, 9, 32, 21, 17, 30, 31, 24, 5, 27, 26, 47, 13, 14, 52, 11, 51, 33, 43, 12, 28, 39, 35, 38, 37, 48, 40, 50, 2, 7, 42, 23, 18, 22]

Individual 28:
  Route length: 12796
  Contribution to Diversity: 0.0005279592831044511
  Route: [32, 19, 41, 8, 9, 10, 43, 33, 51, 11, 52, 44, 35, 18, 45, 23, 16, 29, 14, 13, 26, 27, 28, 4, 25, 47, 12, 3, 21, 31, 20, 50, 30, 2, 7, 42, 17, 36, 6, 15, 5, 24, 48, 38, 37, 40, 39, 34, 49, 46, 1, 22]

Individual 29:
  Route length: 12994
  Contribution to Diversity: 0.0011426394061366807
  Route: [32, 17, 3, 8, 41, 19, 45, 34, 25, 9, 10, 36, 35, 29, 44, 23, 20, 30, 18, 31, 46, 48, 39, 40, 24, 5, 4, 12, 15, 38, 50, 16, 26, 27, 28, 47, 13, 14, 52, 11, 51, 33, 6, 43, 37, 1, 2, 7, 42, 21, 49, 22]

Individual 30:
  Route length: 13183
  Contribution to Diversity: 0.0003452895942075429
  Route: [1, 17, 2, 7, 42, 23, 20, 31, 18, 48, 38, 24, 5, 15, 35, 44, 6, 4, 25, 12, 28, 27, 26, 13, 14, 32, 34, 49, 46, 52, 11, 51, 33, 43, 10, 9, 8, 41, 19, 45, 3, 47, 16, 36, 39, 37, 40, 21, 50, 30, 29, 22]

Individual 31:
  Route length: 12673
  Contribution to Diversity: 0.002264511594991525
  Route: [32, 21, 30, 2, 7, 42, 29, 23, 49, 18, 31, 16, 37, 38, 48, 40, 35, 34, 44, 1, 3, 17, 39, 50, 20, 28, 12, 11, 51, 33, 43, 6, 15, 52, 13, 47, 14, 27, 26, 46, 4, 25, 5, 24, 10, 9, 8, 41, 19, 45, 36, 22]

Individual 32:
  Route length: 13184
  Contribution to Diversity: 0.002440807665971434
  Route: [32, 17, 3, 8, 41, 19, 45, 34, 25, 9, 10, 36, 35, 29, 44, 23, 20, 30, 18, 31, 46, 48, 4, 5, 24, 40, 39, 33, 51, 11, 52, 14, 13, 47, 28, 27, 26, 16, 50, 38, 15, 12, 6, 43, 37, 1, 2, 7, 42, 21, 49, 22]

Individual 33:
  Route length: 13030
  Contribution to Diversity: 0.0005566940706875911
  Route: [1, 36, 35, 39, 40, 44, 29, 30, 23, 20, 50, 2, 7, 42, 21, 17, 32, 49, 10, 43, 33, 6, 4, 25, 11, 52, 14, 47, 13, 28, 27, 26, 37, 3, 45, 19, 41, 8, 9, 12, 34, 38, 48, 51, 16, 46, 15, 5, 24, 18, 31, 22]

Individual 34:
  Route length: 13179
  Contribution to Diversity: 0.0013702296361399746
  Route: [1, 50, 29, 43, 4, 6, 15, 41, 8, 9, 10, 12, 27, 28, 13, 14, 52, 11, 51, 38, 16, 39, 25, 26, 47, 48, 40, 31, 18, 33, 5, 46, 35, 34, 36, 3, 17, 21, 42, 7, 2, 30, 23, 20, 44, 24, 37, 49, 32, 19, 45, 22]

Individual 35:
  Route length: 13051
  Contribution to Diversity: 0.0016143511258732701
  Route: [1, 49, 45, 19, 8, 41, 36, 35, 39, 40, 23, 20, 47, 13, 14, 52, 12, 18, 3, 17, 21, 42, 7, 2, 29, 26, 27, 28, 25, 46, 44, 34, 24, 48, 16, 50, 51, 11, 33, 43, 10, 9, 31, 30, 32, 37, 38, 4, 6, 15, 5, 22]

Individual 36:
  Route length: 12981
  Contribution to Diversity: 0.0021014836447852403
  Route: [1, 5, 38, 37, 34, 32, 50, 44, 21, 42, 7, 2, 3, 31, 18, 17, 23, 49, 29, 16, 48, 30, 20, 47, 13, 14, 52, 11, 51, 12, 28, 27, 26, 46, 24, 45, 43, 33, 6, 40, 10, 9, 19, 41, 8, 36, 35, 4, 25, 15, 39, 22]

Individual 37:
  Route length: 13026
  Contribution to Diversity: 0.0010163736917467858
  Route: [32, 19, 41, 8, 9, 10, 43, 33, 51, 11, 52, 44, 35, 18, 45, 23, 16, 29, 14, 13, 26, 27, 28, 4, 25, 47, 12, 3, 21, 31, 20, 49, 34, 39, 40, 37, 38, 48, 24, 5, 15, 6, 36, 17, 42, 7, 2, 30, 50, 46, 1, 22]

Individual 38:
  Route length: 13120
  Contribution to Diversity: 0.0013644225922178066
  Route: [35, 36, 29, 30, 2, 7, 42, 21, 31, 48, 28, 27, 26, 47, 14, 13, 4, 45, 19, 17, 3, 20, 50, 1, 40, 11, 52, 51, 12, 37, 39, 44, 16, 23, 49, 34, 18, 41, 8, 9, 10, 43, 33, 24, 5, 15, 25, 6, 46, 38, 32, 22]

Individual 39:
  Route length: 13053
  Contribution to Diversity: 0.0001330463350157629
  Route: [42, 7, 2, 30, 23, 20, 40, 37, 14, 52, 26, 27, 28, 47, 13, 12, 33, 51, 11, 4, 24, 5, 38, 34, 15, 6, 46, 16, 50, 29, 25, 35, 36, 49, 21, 1, 44, 32, 43, 10, 9, 45, 19, 41, 8, 39, 48, 3, 17, 18, 31, 22]

Individual 40:
  Route length: 13175
  Contribution to Diversity: 0.000849242412360951
  Route: [8, 39, 51, 6, 25, 4, 52, 14, 13, 47, 26, 27, 28, 12, 11, 10, 9, 33, 41, 19, 45, 31, 48, 37, 38, 17, 3, 18, 5, 24, 15, 36, 35, 34, 43, 40, 44, 46, 16, 29, 50, 20, 23, 30, 2, 7, 42, 21, 32, 49, 1, 22]

Individual 41:
  Route length: 13065
  Contribution to Diversity: 0.0012373090212092208
  Route: [1, 3, 6, 4, 25, 46, 15, 20, 29, 16, 49, 48, 37, 38, 35, 39, 28, 12, 43, 33, 51, 11, 52, 14, 13, 47, 26, 27, 5, 24, 31, 30, 17, 21, 32, 9, 10, 45, 19, 41, 8, 36, 44, 34, 40, 50, 2, 7, 42, 23, 18, 22]

Individual 42:
  Route length: 13196
  Contribution to Diversity: 0.0004424353946292925
  Route: [1, 32, 49, 45, 19, 41, 8, 10, 7, 42, 21, 17, 2, 30, 23, 20, 50, 29, 25, 12, 28, 27, 26, 47, 13, 46, 44, 34, 16, 38, 37, 43, 5, 24, 48, 4, 6, 15, 51, 11, 52, 14, 35, 40, 36, 39, 3, 9, 33, 18, 31, 22]

Individual 43:
  Route length: 13135
  Contribution to Diversity: 0.0008148828877656555
  Route: [38, 5, 34, 20, 23, 30, 42, 7, 2, 21, 49, 35, 48, 25, 32, 43, 15, 10, 9, 17, 3, 4, 24, 28, 27, 26, 47, 13, 12, 33, 51, 11, 52, 14, 50, 29, 16, 46, 6, 36, 39, 40, 37, 1, 44, 8, 41, 19, 45, 18, 31, 22]

Individual 44:
  Route length: 13024
  Contribution to Diversity: 0.001759853237544462
  Route: [18, 3, 41, 8, 10, 9, 15, 39, 40, 38, 45, 19, 30, 23, 20, 50, 1, 44, 29, 16, 46, 48, 24, 12, 51, 33, 43, 4, 25, 47, 13, 14, 11, 52, 28, 26, 27, 35, 49, 2, 7, 42, 21, 17, 6, 31, 32, 34, 36, 37, 5, 22]

Individual 45:
  Route length: 12973
  Contribution to Diversity: 0.0001550182484750806
  Route: [1, 49, 39, 18, 37, 40, 12, 25, 15, 24, 5, 16, 29, 20, 50, 30, 45, 33, 43, 4, 19, 10, 9, 8, 41, 17, 3, 23, 21, 42, 7, 2, 31, 32, 36, 46, 48, 44, 34, 35, 6, 51, 11, 52, 28, 27, 26, 47, 13, 14, 38, 22]

Individual 46:
  Route length: 13056
  Contribution to Diversity: 0.0026205046691067935
  Route: [45, 23, 20, 50, 1, 49, 29, 34, 35, 36, 24, 5, 43, 25, 12, 28, 27, 26, 47, 13, 14, 52, 16, 46, 40, 39, 41, 8, 9, 33, 51, 11, 44, 37, 6, 4, 48, 10, 32, 38, 15, 19, 31, 18, 3, 17, 21, 42, 7, 2, 30, 22]

Individual 47:
  Route length: 12574
  Contribution to Diversity: 0.0004804543715266618
  Route: [1, 42, 7, 2, 9, 10, 8, 41, 19, 5, 24, 17, 3, 15, 27, 26, 28, 12, 47, 13, 14, 52, 11, 51, 33, 43, 6, 4, 25, 46, 35, 23, 21, 31, 32, 36, 20, 50, 29, 16, 44, 34, 39, 45, 37, 38, 48, 40, 49, 30, 18, 22]

Individual 48:
  Route length: 12929
  Contribution to Diversity: 0.0009172072766263639
  Route: [1, 38, 48, 23, 20, 50, 29, 16, 46, 12, 11, 52, 14, 47, 13, 51, 6, 4, 25, 24, 28, 27, 26, 37, 42, 7, 2, 30, 21, 17, 49, 32, 34, 5, 15, 33, 43, 10, 39, 45, 19, 35, 36, 44, 40, 8, 9, 41, 3, 18, 31, 22]

Individual 49:
  Route length: 13197
  Contribution to Diversity: 0.0021780987250670236
  Route: [1, 49, 8, 30, 44, 36, 32, 31, 18, 17, 23, 41, 19, 9, 10, 40, 6, 33, 43, 45, 3, 2, 7, 42, 21, 35, 47, 13, 14, 52, 11, 51, 12, 28, 27, 26, 5, 34, 39, 16, 29, 50, 20, 37, 38, 48, 15, 25, 4, 46, 24, 22]

Individual 50:
  Route length: 13081
  Contribution to Diversity: 0.00033538131467647503
  Route: [34, 35, 36, 33, 43, 10, 9, 8, 41, 18, 3, 17, 19, 45, 24, 5, 15, 25, 38, 46, 37, 11, 52, 51, 12, 39, 28, 27, 26, 47, 29, 50, 20, 40, 48, 4, 14, 13, 6, 16, 44, 32, 49, 1, 23, 30, 2, 7, 42, 21, 31, 22]

Individual 51:
  Route length: 13198
  Contribution to Diversity: 0.0012689150965350393
  Route: [3, 41, 8, 6, 15, 46, 20, 1, 18, 32, 35, 38, 48, 25, 4, 37, 40, 49, 44, 34, 29, 16, 36, 50, 23, 30, 2, 7, 42, 31, 9, 10, 45, 39, 28, 12, 43, 33, 51, 11, 52, 14, 13, 47, 26, 27, 5, 24, 17, 21, 19, 22]

Individual 52:
  Route length: 13021
  Contribution to Diversity: 0.0022925731795240267
  Route: [50, 29, 20, 44, 10, 34, 1, 49, 36, 48, 38, 6, 43, 39, 24, 5, 4, 33, 51, 11, 25, 12, 28, 27, 26, 47, 13, 14, 52, 46, 16, 3, 17, 21, 42, 7, 2, 30, 15, 40, 32, 35, 37, 31, 18, 9, 8, 41, 19, 45, 23, 22]

Individual 53:
  Route length: 12925
  Contribution to Diversity: 0.0010174569823622193
  Route: [1, 5, 38, 37, 34, 32, 44, 30, 20, 50, 33, 43, 45, 24, 46, 26, 27, 28, 12, 51, 11, 52, 14, 13, 47, 21, 42, 7, 2, 3, 31, 18, 17, 23, 49, 29, 16, 48, 6, 40, 10, 9, 19, 41, 8, 36, 35, 4, 25, 15, 39, 22]

Individual 54:
  Route length: 13084
  Contribution to Diversity: 0.0020666100855253333
  Route: [3, 1, 20, 46, 44, 34, 29, 16, 28, 12, 43, 33, 51, 11, 52, 14, 13, 47, 26, 27, 5, 24, 17, 21, 19, 41, 8, 6, 15, 4, 37, 40, 49, 48, 39, 45, 10, 9, 31, 42, 7, 2, 30, 23, 50, 36, 25, 38, 35, 32, 18, 22]

Individual 55:
  Route length: 12745
  Contribution to Diversity: 8.761239150878453e-05
  Route: [20, 23, 37, 38, 48, 24, 35, 19, 41, 8, 9, 10, 43, 33, 51, 11, 52, 14, 12, 25, 28, 47, 50, 29, 49, 1, 31, 18, 3, 17, 42, 7, 2, 30, 21, 39, 40, 34, 15, 5, 46, 13, 26, 27, 44, 36, 45, 32, 4, 6, 16, 22]

Individual 56:
  Route length: 13076
  Contribution to Diversity: 0.0022110456171615667
  Route: [18, 3, 41, 8, 10, 9, 15, 39, 40, 38, 45, 19, 30, 23, 20, 50, 1, 44, 29, 16, 46, 37, 7, 2, 42, 21, 17, 35, 49, 27, 26, 28, 52, 11, 14, 13, 47, 25, 4, 43, 33, 51, 12, 24, 48, 36, 34, 32, 31, 6, 5, 22]

Individual 57:
  Route length: 13113
  Contribution to Diversity: 0.001990233794195717
  Route: [1, 49, 21, 24, 46, 16, 27, 33, 6, 37, 34, 44, 32, 45, 19, 9, 10, 43, 28, 12, 51, 11, 52, 14, 13, 47, 26, 23, 8, 41, 5, 36, 35, 3, 31, 18, 17, 2, 7, 42, 30, 29, 50, 20, 48, 40, 38, 25, 4, 15, 39, 22]

Individual 58:
  Route length: 13011
  Contribution to Diversity: 0.0014647551928348435
  Route: [18, 31, 49, 1, 3, 4, 24, 37, 38, 6, 48, 34, 15, 17, 30, 21, 42, 7, 2, 50, 20, 23, 29, 28, 12, 25, 46, 16, 43, 51, 11, 52, 14, 13, 47, 26, 27, 32, 35, 44, 36, 39, 40, 5, 33, 10, 41, 19, 45, 8, 9, 22]

Individual 59:
  Route length: 13136
  Contribution to Diversity: 0.001616111566020706
  Route: [46, 16, 29, 39, 8, 41, 19, 45, 1, 49, 35, 36, 40, 6, 25, 37, 38, 33, 4, 32, 12, 28, 47, 52, 13, 14, 11, 51, 48, 24, 44, 50, 20, 34, 9, 10, 43, 15, 5, 27, 26, 23, 30, 2, 7, 42, 21, 17, 3, 18, 31, 22]

Individual 60:
  Route length: 13075
  Contribution to Diversity: 0.0002132686337619205
  Route: [24, 40, 44, 32, 49, 1, 38, 37, 15, 6, 25, 4, 12, 28, 27, 26, 47, 30, 23, 20, 50, 29, 16, 11, 51, 52, 14, 13, 34, 41, 8, 19, 9, 10, 43, 33, 48, 39, 5, 2, 7, 42, 21, 17, 45, 35, 36, 46, 3, 18, 31, 22]

Individual 61:
  Route length: 13140
  Contribution to Diversity: 0.0008585463058849996
  Route: [1, 50, 29, 39, 16, 38, 51, 11, 52, 14, 13, 28, 27, 12, 10, 9, 8, 41, 15, 6, 4, 43, 37, 24, 44, 20, 23, 30, 2, 7, 42, 21, 17, 3, 36, 34, 35, 46, 5, 33, 18, 31, 40, 48, 47, 26, 25, 49, 32, 19, 45, 22]

Individual 62:
  Route length: 12846
  Contribution to Diversity: 0.001425961226161121
  Route: [48, 1, 49, 5, 36, 50, 20, 23, 47, 13, 14, 52, 11, 51, 12, 28, 27, 26, 46, 24, 34, 35, 3, 31, 18, 17, 44, 16, 29, 30, 2, 7, 42, 21, 37, 38, 8, 45, 43, 33, 6, 40, 10, 9, 19, 41, 32, 15, 25, 4, 39, 22]

Individual 63:
  Route length: 13121
  Contribution to Diversity: 0.001762605017233021
  Route: [32, 43, 15, 48, 35, 25, 14, 52, 11, 51, 33, 12, 13, 47, 28, 27, 26, 3, 17, 9, 10, 41, 8, 44, 1, 49, 21, 2, 7, 42, 30, 23, 20, 34, 38, 40, 39, 36, 6, 5, 37, 16, 29, 50, 4, 24, 46, 19, 45, 18, 31, 22]

Individual 64:
  Route length: 13059
  Contribution to Diversity: 0.0002759356248640543
  Route: [3, 18, 41, 34, 35, 36, 4, 8, 45, 19, 9, 10, 43, 33, 51, 11, 52, 14, 13, 15, 6, 5, 48, 38, 25, 44, 46, 24, 40, 50, 29, 16, 32, 49, 23, 42, 7, 2, 30, 21, 17, 20, 37, 39, 28, 12, 26, 47, 27, 1, 31, 22]

Individual 65:
  Route length: 13028
  Contribution to Diversity: 0.0012135913115622898
  Route: [1, 31, 35, 34, 50, 20, 23, 46, 16, 30, 21, 37, 38, 6, 39, 12, 28, 27, 14, 47, 13, 52, 11, 51, 33, 43, 10, 9, 8, 41, 19, 45, 32, 42, 7, 2, 4, 25, 26, 15, 24, 36, 48, 40, 5, 49, 44, 17, 3, 18, 29, 22]

Individual 66:
  Route length: 13120
  Contribution to Diversity: 0.00015791695233868808
  Route: [44, 20, 50, 4, 13, 14, 52, 47, 33, 34, 8, 41, 19, 45, 1, 40, 39, 29, 49, 32, 26, 27, 28, 12, 11, 51, 15, 5, 24, 6, 25, 43, 10, 9, 35, 36, 37, 38, 48, 46, 16, 23, 30, 2, 7, 42, 21, 17, 3, 18, 31, 22]

Individual 67:
  Route length: 13097
  Contribution to Diversity: 0.0007194592825223722
  Route: [38, 48, 24, 5, 15, 42, 7, 2, 30, 21, 23, 17, 1, 31, 39, 36, 35, 18, 20, 16, 6, 49, 32, 45, 19, 10, 9, 8, 41, 3, 40, 37, 46, 44, 34, 43, 51, 33, 27, 47, 13, 14, 52, 11, 28, 12, 25, 4, 26, 29, 50, 22]

Individual 68:
  Route length: 13159
  Contribution to Diversity: 0.00032833048837233036
  Route: [4, 6, 16, 36, 49, 32, 45, 19, 10, 9, 8, 41, 25, 24, 48, 38, 5, 15, 29, 50, 39, 28, 12, 43, 51, 33, 27, 47, 13, 14, 52, 11, 26, 40, 37, 35, 34, 46, 44, 20, 1, 42, 7, 2, 30, 23, 21, 3, 18, 17, 31, 22]

Individual 69:
  Route length: 12885
  Contribution to Diversity: 0.0011075616367799412
  Route: [1, 28, 27, 14, 13, 47, 26, 52, 11, 51, 4, 36, 33, 43, 24, 17, 21, 42, 7, 2, 30, 23, 20, 5, 15, 6, 37, 32, 25, 12, 16, 29, 50, 18, 3, 31, 41, 8, 9, 10, 19, 45, 48, 34, 49, 39, 46, 44, 40, 38, 35, 22]

Individual 70:
  Route length: 13026
  Contribution to Diversity: 0.0005159586263863147
  Route: [29, 35, 36, 32, 46, 25, 34, 38, 1, 23, 20, 44, 49, 21, 42, 7, 2, 30, 45, 10, 9, 41, 8, 3, 17, 50, 16, 26, 27, 28, 47, 13, 14, 52, 11, 51, 33, 6, 43, 37, 4, 5, 24, 40, 39, 48, 12, 15, 31, 18, 19, 22]

Individual 71:
  Route length: 12989
  Contribution to Diversity: 0
  Route: [1, 49, 5, 24, 15, 32, 18, 39, 36, 44, 48, 46, 16, 29, 20, 50, 41, 8, 9, 10, 19, 40, 12, 25, 4, 43, 33, 45, 30, 23, 3, 17, 21, 42, 7, 2, 31, 37, 35, 34, 6, 51, 11, 52, 28, 27, 26, 47, 13, 14, 38, 22]

Individual 72:
  Route length: 12974
  Contribution to Diversity: 0.0010711827578466782
  Route: [1, 49, 15, 44, 39, 43, 33, 51, 11, 52, 13, 47, 14, 27, 28, 12, 4, 38, 6, 24, 7, 2, 42, 19, 41, 8, 9, 10, 17, 3, 18, 5, 40, 36, 48, 37, 21, 30, 16, 46, 25, 26, 29, 35, 34, 50, 23, 20, 32, 45, 31, 22]

Individual 73:
  Route length: 13045
  Contribution to Diversity: 0.0003623072994161092
  Route: [42, 7, 2, 30, 23, 20, 50, 29, 26, 6, 11, 52, 14, 13, 47, 27, 4, 25, 12, 28, 51, 33, 43, 5, 9, 41, 8, 10, 46, 44, 39, 36, 1, 40, 37, 35, 34, 18, 3, 45, 32, 49, 38, 48, 15, 16, 24, 19, 17, 21, 31, 22]

Individual 74:
  Route length: 13191
  Contribution to Diversity: 0.001419062210963773
  Route: [35, 48, 38, 37, 15, 39, 50, 20, 31, 18, 17, 23, 21, 42, 7, 2, 30, 43, 33, 6, 1, 32, 19, 41, 8, 45, 24, 36, 49, 34, 44, 3, 9, 10, 47, 13, 14, 52, 11, 51, 12, 25, 4, 40, 46, 16, 29, 28, 27, 26, 5, 22]

Individual 75:
  Route length: 12901
  Contribution to Diversity: 0.0016741002419768947
  Route: [1, 31, 18, 44, 38, 6, 37, 4, 26, 27, 28, 47, 13, 14, 52, 11, 51, 33, 5, 24, 21, 30, 2, 7, 42, 16, 46, 48, 34, 36, 39, 32, 49, 35, 29, 50, 20, 23, 40, 17, 45, 19, 41, 8, 3, 9, 10, 15, 43, 25, 12, 22]

Individual 76:
  Route length: 13023
  Contribution to Diversity: 0.0016354723039988528
  Route: [4, 48, 38, 25, 28, 12, 13, 47, 26, 27, 14, 52, 11, 51, 33, 46, 29, 31, 3, 19, 34, 35, 44, 8, 18, 1, 49, 41, 32, 17, 21, 42, 7, 2, 30, 23, 20, 36, 39, 40, 43, 10, 9, 45, 50, 16, 37, 24, 5, 15, 6, 22]

Individual 77:
  Route length: 12993
  Contribution to Diversity: 0
  Route: [46, 32, 42, 7, 2, 30, 21, 45, 19, 41, 8, 9, 10, 43, 33, 51, 11, 12, 28, 49, 34, 44, 1, 23, 29, 39, 50, 20, 24, 5, 37, 40, 35, 38, 48, 25, 26, 27, 14, 47, 13, 52, 4, 6, 15, 17, 3, 18, 31, 16, 36, 22]

Individual 78:
  Route length: 12851
  Contribution to Diversity: 0.0007517013290163632
  Route: [5, 40, 36, 48, 37, 21, 30, 16, 46, 23, 24, 6, 38, 4, 12, 28, 27, 14, 47, 13, 52, 11, 51, 33, 43, 39, 44, 15, 49, 1, 32, 45, 19, 41, 8, 9, 10, 17, 3, 18, 42, 2, 7, 31, 25, 26, 29, 35, 34, 50, 20, 22]

Individual 79:
  Route length: 13148
  Contribution to Diversity: 0
  Route: [46, 32, 30, 2, 7, 42, 23, 1, 44, 34, 49, 28, 12, 11, 51, 33, 43, 10, 9, 8, 41, 19, 45, 21, 29, 39, 50, 20, 24, 5, 37, 40, 35, 38, 48, 25, 26, 27, 14, 47, 13, 52, 4, 6, 15, 17, 3, 18, 31, 16, 36, 22]

Individual 80:
  Route length: 12984
  Contribution to Diversity: 0.0009168682394733452
  Route: [1, 48, 8, 45, 44, 6, 33, 43, 15, 16, 29, 30, 2, 7, 42, 21, 47, 13, 14, 52, 11, 51, 12, 28, 27, 26, 46, 50, 20, 34, 36, 35, 3, 31, 18, 17, 32, 41, 19, 9, 10, 40, 24, 23, 49, 5, 38, 37, 25, 4, 39, 22]

Individual 81:
  Route length: 13044
  Contribution to Diversity: 0.0008243598495081272
  Route: [29, 35, 36, 32, 46, 25, 34, 38, 1, 23, 20, 44, 30, 2, 7, 42, 21, 49, 17, 3, 8, 41, 9, 10, 45, 50, 16, 26, 27, 28, 47, 13, 14, 52, 11, 51, 33, 6, 43, 37, 4, 5, 24, 40, 39, 48, 12, 15, 31, 18, 19, 22]

Individual 82:
  Route length: 12792
  Contribution to Diversity: 0.001356967118747221
  Route: [32, 23, 30, 2, 7, 42, 21, 17, 24, 38, 40, 44, 46, 39, 49, 34, 1, 28, 27, 14, 13, 47, 26, 52, 11, 51, 4, 36, 33, 43, 45, 19, 10, 9, 8, 41, 31, 3, 18, 50, 29, 16, 12, 25, 20, 5, 15, 6, 37, 48, 35, 22]

Individual 83:
  Route length: 13164
  Contribution to Diversity: 0.00020777380571157522
  Route: [3, 18, 41, 25, 38, 48, 5, 6, 15, 13, 14, 52, 11, 51, 33, 43, 10, 9, 19, 45, 8, 4, 36, 35, 34, 46, 44, 24, 40, 50, 29, 16, 32, 49, 23, 42, 7, 2, 30, 21, 17, 20, 37, 39, 28, 12, 26, 47, 27, 1, 31, 22]

Individual 84:
  Route length: 12434
  Contribution to Diversity: 0
  Route: [42, 7, 2, 30, 23, 20, 50, 29, 26, 6, 38, 48, 15, 5, 9, 41, 8, 10, 43, 33, 51, 28, 12, 25, 4, 27, 47, 13, 14, 52, 11, 49, 32, 45, 3, 18, 34, 35, 37, 40, 1, 36, 39, 44, 46, 16, 24, 19, 17, 21, 31, 22]

Individual 85:
  Route length: 13133
  Contribution to Diversity: 3.388128653458722e-05
  Route: [4, 16, 6, 15, 5, 38, 48, 24, 25, 41, 8, 9, 10, 19, 45, 32, 49, 36, 35, 37, 40, 26, 11, 52, 14, 13, 47, 27, 33, 51, 43, 12, 28, 39, 50, 29, 34, 46, 44, 20, 1, 42, 7, 2, 30, 23, 21, 3, 18, 17, 31, 22]

Individual 86:
  Route length: 13109
  Contribution to Diversity: 0.0008311658298465474
  Route: [1, 23, 20, 42, 7, 2, 30, 21, 49, 32, 43, 6, 33, 51, 11, 52, 14, 13, 47, 16, 26, 27, 28, 12, 45, 19, 41, 10, 9, 25, 24, 5, 4, 37, 46, 29, 50, 35, 36, 39, 40, 44, 38, 34, 15, 31, 18, 8, 3, 17, 48, 22]

Individual 87:
  Route length: 12884
  Contribution to Diversity: 0.001464117218796801
  Route: [23, 48, 15, 32, 34, 10, 9, 8, 41, 35, 7, 2, 42, 30, 21, 17, 3, 18, 6, 45, 19, 46, 40, 4, 43, 33, 51, 11, 52, 14, 13, 47, 26, 27, 28, 38, 39, 24, 1, 31, 49, 36, 37, 25, 12, 5, 50, 20, 16, 29, 44, 22]

Individual 88:
  Route length: 13101
  Contribution to Diversity: 0.00040865197368322725
  Route: [49, 1, 44, 48, 46, 36, 32, 31, 18, 37, 40, 12, 25, 15, 24, 5, 16, 29, 20, 50, 30, 45, 33, 43, 4, 19, 10, 9, 8, 41, 17, 3, 23, 21, 42, 7, 2, 39, 34, 35, 6, 51, 11, 52, 28, 27, 26, 47, 13, 14, 38, 22]

Individual 89:
  Route length: 13180
  Contribution to Diversity: 0
  Route: [1, 49, 24, 5, 39, 18, 32, 15, 36, 44, 48, 46, 16, 29, 20, 50, 41, 8, 9, 10, 19, 40, 12, 25, 4, 43, 33, 45, 30, 23, 3, 17, 21, 42, 7, 2, 31, 37, 35, 34, 6, 51, 11, 52, 28, 27, 26, 47, 13, 14, 38, 22]

Individual 90:
  Route length: 12851
  Contribution to Diversity: 0
  Route: [1, 49, 20, 50, 29, 21, 23, 34, 44, 31, 32, 45, 36, 28, 25, 12, 24, 48, 35, 46, 5, 6, 4, 39, 40, 37, 38, 15, 13, 47, 26, 27, 33, 51, 11, 52, 14, 43, 10, 9, 8, 41, 19, 18, 3, 17, 42, 7, 2, 30, 16, 22]

Individual 91:
  Route length: 13059
  Contribution to Diversity: 0.0016488325429762085
  Route: [4, 48, 38, 25, 28, 12, 13, 47, 26, 27, 14, 52, 11, 51, 33, 46, 29, 31, 3, 19, 34, 35, 44, 8, 18, 1, 49, 41, 32, 17, 21, 42, 7, 2, 30, 23, 20, 36, 40, 39, 37, 16, 50, 45, 9, 10, 43, 24, 5, 15, 6, 22]

Individual 92:
  Route length: 13031
  Contribution to Diversity: 0.0011547874808668368
  Route: [5, 40, 36, 48, 10, 9, 8, 41, 19, 45, 32, 1, 49, 15, 44, 39, 43, 33, 51, 11, 52, 13, 47, 14, 27, 28, 12, 4, 38, 6, 24, 23, 46, 16, 30, 21, 37, 34, 35, 29, 26, 25, 31, 7, 2, 42, 18, 3, 17, 50, 20, 22]

Individual 93:
  Route length: 13180
  Contribution to Diversity: 0
  Route: [1, 49, 24, 5, 39, 31, 2, 7, 42, 21, 17, 3, 23, 30, 45, 33, 43, 4, 25, 12, 40, 19, 10, 9, 8, 41, 50, 20, 29, 16, 46, 48, 44, 36, 15, 32, 18, 14, 13, 47, 26, 27, 28, 52, 11, 51, 6, 34, 35, 37, 38, 22]

Individual 94:
  Route length: 13097
  Contribution to Diversity: 0.0013343866109023494
  Route: [1, 39, 35, 44, 15, 46, 16, 34, 50, 29, 14, 52, 11, 51, 13, 47, 26, 25, 12, 10, 9, 8, 41, 19, 45, 32, 49, 20, 23, 18, 31, 40, 48, 38, 5, 33, 37, 24, 43, 4, 6, 28, 27, 30, 2, 7, 42, 21, 17, 3, 36, 22]

Individual 95:
  Route length: 13121
  Contribution to Diversity: 0.0010528174570829663
  Route: [1, 49, 16, 50, 42, 21, 23, 41, 19, 8, 48, 24, 5, 39, 46, 44, 34, 35, 36, 29, 20, 15, 37, 17, 3, 18, 32, 45, 12, 28, 27, 26, 47, 13, 14, 52, 11, 51, 33, 43, 10, 9, 30, 2, 7, 25, 4, 6, 40, 38, 31, 22]

Individual 96:
  Route length: 13176
  Contribution to Diversity: 0.00031387903655843985
  Route: [1, 49, 15, 6, 39, 50, 20, 23, 31, 16, 29, 13, 47, 14, 27, 26, 25, 24, 5, 19, 45, 21, 30, 2, 7, 42, 32, 46, 52, 12, 28, 11, 51, 4, 34, 44, 35, 40, 37, 38, 48, 36, 33, 43, 10, 9, 8, 41, 17, 3, 18, 22]

Individual 97:
  Route length: 12742
  Contribution to Diversity: 0
  Route: [38, 48, 24, 5, 15, 20, 16, 6, 49, 32, 45, 19, 10, 9, 8, 41, 3, 40, 37, 46, 44, 34, 43, 51, 33, 27, 47, 13, 14, 52, 11, 28, 12, 25, 4, 26, 29, 50, 21, 23, 30, 2, 7, 42, 1, 31, 39, 36, 35, 18, 17, 22]

Individual 98:
  Route length: 13061
  Contribution to Diversity: 0
  Route: [42, 7, 2, 30, 23, 20, 50, 29, 26, 6, 11, 52, 14, 13, 47, 27, 4, 25, 12, 28, 51, 33, 43, 10, 36, 1, 40, 37, 35, 34, 18, 3, 45, 32, 49, 38, 48, 15, 5, 9, 41, 8, 16, 46, 44, 39, 24, 19, 17, 21, 31, 22]

Individual 99:
  Route length: 13182
  Contribution to Diversity: 0
  Route: [24, 40, 44, 32, 49, 1, 38, 37, 15, 6, 25, 4, 12, 28, 27, 26, 47, 30, 23, 20, 50, 29, 16, 11, 51, 33, 43, 10, 9, 19, 8, 41, 34, 13, 14, 52, 46, 36, 35, 45, 17, 21, 42, 7, 2, 5, 39, 48, 3, 18, 31, 22]

Total Entropy H: 5.815849568638166
