Individual 0:
  Route length: 8093
  Contribution to Diversity: 0.001014939007725424
  Route: [36, 39, 40, 37, 38, 48, 24, 5, 15, 6, 4, 25, 12, 28, 27, 26, 47, 13, 14, 52, 11, 51, 33, 43, 10, 9, 8, 41, 19, 45, 32, 49, 1, 31, 18, 3, 17, 21, 42, 7, 2, 30, 29, 50, 20, 23, 46, 16, 44, 34, 35, 22]

Individual 1:
  Route length: 8015
  Contribution to Diversity: 0.0003859785437470009
  Route: [1, 49, 32, 45, 19, 3, 17, 21, 42, 7, 2, 30, 23, 20, 50, 29, 16, 46, 44, 34, 35, 40, 39, 36, 38, 37, 48, 24, 5, 15, 6, 4, 25, 12, 28, 27, 26, 47, 13, 14, 52, 11, 51, 33, 43, 10, 9, 8, 41, 18, 31, 22]

Individual 2:
  Route length: 8118
  Contribution to Diversity: 0.0005899705787006937
  Route: [1, 32, 49, 40, 37, 38, 48, 24, 5, 15, 6, 4, 25, 12, 28, 27, 26, 47, 13, 14, 52, 11, 51, 33, 43, 10, 9, 8, 41, 19, 45, 39, 36, 44, 34, 35, 16, 46, 29, 50, 20, 23, 30, 2, 7, 42, 21, 17, 3, 18, 31, 22]

Individual 3:
  Route length: 8029
  Contribution to Diversity: 7.911524161130501e-06
  Route: [1, 32, 49, 3, 17, 21, 42, 7, 2, 30, 23, 20, 16, 29, 50, 44, 46, 34, 35, 36, 39, 40, 37, 38, 48, 24, 5, 15, 6, 4, 25, 12, 28, 27, 26, 47, 13, 14, 52, 11, 51, 33, 43, 10, 9, 8, 41, 19, 45, 18, 31, 22]

Individual 4:
  Route length: 8215
  Contribution to Diversity: 0.0013130654658590757
  Route: [1, 49, 32, 45, 19, 41, 8, 10, 9, 43, 33, 15, 6, 4, 25, 12, 28, 27, 26, 47, 13, 14, 52, 11, 51, 48, 24, 5, 38, 37, 40, 39, 36, 35, 34, 44, 46, 16, 29, 50, 20, 23, 30, 2, 7, 42, 21, 17, 3, 18, 31, 22]

Individual 5:
  Route length: 8266
  Contribution to Diversity: 0.0007641167067431454
  Route: [1, 49, 32, 45, 19, 34, 35, 36, 39, 40, 37, 38, 48, 24, 5, 15, 6, 4, 25, 12, 28, 27, 26, 47, 13, 14, 52, 11, 51, 33, 43, 10, 9, 8, 41, 3, 17, 21, 42, 7, 2, 30, 23, 20, 44, 46, 16, 29, 50, 31, 18, 22]

Individual 6:
  Route length: 8205
  Contribution to Diversity: 0.00013983593942956674
  Route: [1, 49, 39, 40, 37, 38, 48, 24, 5, 15, 6, 4, 25, 26, 27, 28, 12, 47, 13, 14, 52, 11, 51, 33, 43, 10, 9, 8, 41, 19, 45, 32, 35, 36, 34, 44, 46, 16, 29, 50, 20, 23, 30, 2, 7, 42, 21, 17, 3, 18, 31, 22]

Individual 7:
  Route length: 8206
  Contribution to Diversity: 0
  Route: [1, 49, 32, 45, 19, 41, 8, 9, 10, 43, 33, 51, 11, 52, 14, 13, 47, 26, 27, 28, 12, 25, 4, 6, 15, 5, 24, 48, 38, 37, 40, 39, 36, 35, 34, 44, 20, 50, 29, 16, 46, 21, 42, 7, 2, 30, 23, 17, 3, 18, 31, 22]

Individual 8:
  Route length: 8200
  Contribution to Diversity: 0.0007519680519685323
  Route: [45, 19, 41, 8, 9, 10, 43, 33, 51, 11, 52, 14, 13, 47, 26, 27, 28, 12, 25, 38, 48, 24, 5, 15, 6, 4, 37, 40, 39, 36, 1, 34, 35, 49, 32, 44, 46, 16, 29, 50, 20, 23, 30, 2, 7, 42, 21, 17, 3, 18, 31, 22]

Individual 9:
  Route length: 8133
  Contribution to Diversity: 0.00030199991002000104
  Route: [1, 49, 32, 45, 19, 41, 8, 9, 10, 43, 33, 51, 11, 52, 14, 13, 47, 26, 27, 28, 12, 25, 4, 6, 35, 34, 38, 48, 24, 5, 39, 40, 37, 15, 36, 44, 46, 16, 29, 50, 20, 23, 30, 2, 7, 42, 21, 17, 3, 18, 31, 22]

Individual 10:
  Route length: 8174
  Contribution to Diversity: 0.0008628151512306559
  Route: [1, 49, 32, 45, 19, 41, 8, 9, 10, 43, 33, 51, 11, 52, 14, 13, 47, 26, 27, 28, 12, 25, 6, 4, 36, 39, 40, 37, 48, 38, 34, 35, 15, 5, 24, 44, 46, 16, 29, 50, 20, 23, 30, 2, 7, 42, 21, 17, 3, 18, 31, 22]

Individual 11:
  Route length: 8193
  Contribution to Diversity: 6.072240227972259e-06
  Route: [1, 36, 39, 40, 37, 38, 48, 24, 5, 15, 6, 4, 25, 12, 28, 27, 26, 47, 13, 14, 52, 11, 51, 33, 43, 10, 9, 41, 8, 32, 45, 19, 49, 35, 34, 44, 46, 16, 29, 50, 20, 23, 30, 2, 7, 42, 21, 17, 3, 18, 31, 22]

Individual 12:
  Route length: 8088
  Contribution to Diversity: 0
  Route: [1, 15, 6, 4, 25, 12, 28, 27, 26, 47, 13, 14, 52, 11, 51, 33, 43, 10, 9, 8, 41, 19, 45, 32, 49, 5, 24, 48, 38, 37, 40, 39, 36, 35, 34, 44, 46, 16, 29, 50, 20, 23, 30, 21, 42, 7, 2, 17, 3, 18, 31, 22]

Individual 13:
  Route length: 8283
  Contribution to Diversity: 0.0004777075935313846
  Route: [1, 49, 32, 45, 19, 41, 8, 9, 10, 43, 33, 51, 11, 52, 14, 47, 13, 12, 28, 27, 26, 25, 4, 6, 15, 40, 37, 38, 48, 24, 5, 39, 36, 35, 34, 44, 46, 16, 29, 50, 20, 23, 30, 2, 7, 42, 21, 17, 3, 18, 31, 22]

Individual 14:
  Route length: 8254
  Contribution to Diversity: 0
  Route: [1, 49, 32, 45, 19, 41, 8, 9, 10, 43, 33, 51, 11, 52, 14, 13, 47, 26, 27, 28, 12, 25, 4, 6, 15, 5, 24, 36, 35, 48, 38, 37, 40, 39, 20, 50, 29, 16, 46, 44, 34, 23, 30, 2, 7, 42, 21, 17, 3, 18, 31, 22]

Individual 15:
  Route length: 8078
  Contribution to Diversity: 7.070205408687968e-05
  Route: [1, 49, 32, 45, 19, 41, 8, 9, 10, 43, 33, 51, 11, 52, 14, 13, 47, 26, 27, 28, 12, 25, 4, 6, 15, 38, 48, 24, 5, 16, 46, 44, 34, 35, 37, 40, 39, 36, 23, 20, 50, 29, 30, 2, 7, 42, 21, 17, 3, 18, 31, 22]

Individual 16:
  Route length: 8196
  Contribution to Diversity: 0.00013701119508535697
  Route: [49, 1, 29, 16, 46, 44, 34, 35, 36, 39, 40, 37, 5, 24, 48, 38, 6, 15, 4, 25, 12, 28, 27, 26, 47, 13, 14, 52, 11, 51, 33, 43, 10, 9, 8, 41, 19, 45, 32, 50, 20, 23, 30, 2, 7, 42, 21, 17, 3, 18, 31, 22]

Individual 17:
  Route length: 8044
  Contribution to Diversity: 0
  Route: [1, 49, 32, 41, 19, 45, 8, 9, 10, 43, 33, 51, 11, 52, 14, 13, 47, 26, 27, 28, 12, 25, 4, 6, 15, 38, 48, 24, 5, 35, 36, 39, 40, 37, 34, 44, 46, 16, 29, 50, 20, 23, 30, 2, 7, 42, 21, 17, 3, 18, 31, 22]

Individual 18:
  Route length: 8287
  Contribution to Diversity: 0.0007635408100306051
  Route: [1, 5, 15, 46, 44, 34, 35, 36, 39, 40, 37, 38, 24, 48, 49, 32, 45, 19, 41, 8, 9, 10, 43, 33, 51, 11, 52, 14, 13, 47, 26, 27, 28, 12, 25, 4, 6, 16, 29, 50, 20, 23, 30, 2, 7, 42, 21, 17, 3, 18, 31, 22]

Individual 19:
  Route length: 8063
  Contribution to Diversity: 0
  Route: [1, 49, 34, 35, 36, 39, 40, 37, 38, 48, 24, 5, 15, 6, 4, 25, 12, 28, 27, 26, 47, 13, 14, 52, 11, 51, 33, 43, 10, 9, 8, 41, 19, 45, 32, 23, 20, 50, 29, 44, 46, 16, 30, 2, 7, 42, 21, 17, 3, 18, 31, 22]

Individual 20:
  Route length: 8060
  Contribution to Diversity: 0
  Route: [1, 49, 19, 41, 8, 9, 10, 43, 33, 51, 11, 52, 14, 13, 47, 26, 27, 28, 12, 25, 4, 6, 15, 5, 24, 48, 38, 37, 40, 39, 36, 35, 34, 44, 46, 16, 29, 50, 20, 23, 30, 2, 7, 42, 21, 17, 3, 18, 32, 45, 31, 22]

Individual 21:
  Route length: 8186
  Contribution to Diversity: 0.00032809535504618736
  Route: [1, 19, 45, 32, 39, 40, 37, 38, 48, 24, 5, 15, 6, 4, 25, 12, 28, 27, 26, 47, 13, 14, 52, 11, 51, 33, 43, 10, 9, 8, 41, 49, 36, 35, 34, 44, 46, 16, 29, 50, 20, 23, 30, 2, 7, 42, 21, 17, 3, 18, 31, 22]

Individual 22:
  Route length: 8236
  Contribution to Diversity: 0
  Route: [1, 49, 32, 45, 19, 41, 8, 9, 10, 43, 33, 51, 11, 52, 14, 13, 47, 26, 27, 28, 12, 25, 4, 6, 15, 5, 24, 48, 38, 18, 3, 17, 21, 42, 7, 2, 30, 23, 20, 50, 29, 16, 46, 35, 34, 44, 37, 40, 39, 36, 31, 22]

Individual 23:
  Route length: 8145
  Contribution to Diversity: 0
  Route: [1, 36, 39, 38, 37, 40, 48, 24, 5, 15, 6, 4, 25, 12, 28, 27, 26, 47, 13, 14, 52, 11, 51, 33, 43, 10, 9, 8, 41, 19, 45, 32, 49, 50, 29, 16, 46, 44, 34, 35, 20, 23, 30, 2, 7, 42, 21, 17, 3, 18, 31, 22]

Individual 24:
  Route length: 8006
  Contribution to Diversity: 0
  Route: [1, 49, 32, 45, 19, 41, 8, 9, 10, 43, 33, 51, 11, 52, 14, 13, 47, 26, 27, 28, 12, 48, 24, 5, 15, 6, 4, 25, 38, 37, 40, 39, 36, 35, 34, 44, 46, 16, 29, 50, 20, 23, 30, 2, 7, 42, 21, 31, 18, 3, 17, 22]

Individual 25:
  Route length: 8170
  Contribution to Diversity: 0
  Route: [19, 41, 8, 9, 10, 43, 33, 51, 11, 52, 14, 13, 47, 26, 27, 28, 12, 25, 4, 6, 15, 5, 24, 48, 38, 45, 32, 49, 1, 37, 40, 39, 36, 35, 34, 44, 46, 16, 29, 50, 20, 23, 30, 2, 7, 42, 21, 17, 3, 18, 31, 22]

Individual 26:
  Route length: 8185
  Contribution to Diversity: 0.0010821332033481568
  Route: [1, 49, 32, 4, 25, 12, 28, 27, 26, 47, 13, 14, 52, 11, 51, 33, 43, 10, 9, 8, 41, 19, 45, 5, 15, 6, 24, 48, 38, 37, 36, 39, 40, 34, 35, 44, 46, 16, 29, 50, 20, 23, 30, 2, 7, 42, 21, 17, 3, 18, 31, 22]

Individual 27:
  Route length: 8240
  Contribution to Diversity: 0
  Route: [1, 49, 32, 45, 19, 41, 8, 9, 10, 43, 33, 51, 11, 52, 14, 13, 47, 26, 27, 28, 12, 25, 4, 6, 15, 5, 24, 48, 38, 37, 40, 44, 34, 35, 36, 39, 31, 18, 3, 17, 21, 42, 7, 2, 30, 23, 20, 50, 46, 16, 29, 22]

Individual 28:
  Route length: 7938
  Contribution to Diversity: 0
  Route: [1, 49, 32, 45, 19, 41, 8, 9, 10, 33, 43, 51, 11, 52, 14, 13, 47, 26, 27, 28, 12, 25, 4, 6, 15, 5, 24, 48, 38, 37, 40, 44, 34, 35, 36, 39, 46, 16, 29, 50, 20, 23, 30, 2, 7, 42, 21, 17, 3, 18, 31, 22]

Individual 29:
  Route length: 8278
  Contribution to Diversity: 8.47693899874713e-06
  Route: [1, 49, 17, 21, 42, 7, 2, 30, 23, 20, 50, 29, 16, 46, 44, 34, 48, 38, 37, 40, 39, 36, 35, 24, 5, 15, 6, 4, 25, 12, 28, 27, 26, 47, 13, 14, 52, 11, 51, 33, 43, 10, 9, 8, 41, 19, 45, 32, 18, 3, 31, 22]

Individual 30:
  Route length: 8087
  Contribution to Diversity: 0
  Route: [1, 49, 32, 19, 45, 10, 9, 8, 41, 43, 33, 51, 11, 52, 14, 13, 47, 26, 27, 28, 12, 25, 48, 24, 5, 15, 6, 4, 38, 37, 40, 39, 36, 35, 34, 44, 46, 16, 29, 50, 20, 23, 30, 2, 7, 42, 21, 17, 3, 18, 31, 22]

Individual 31:
  Route length: 8296
  Contribution to Diversity: 0.0006116270612839259
  Route: [24, 5, 15, 6, 4, 25, 12, 28, 27, 26, 47, 13, 14, 52, 11, 51, 33, 43, 10, 9, 8, 41, 19, 45, 32, 49, 1, 34, 44, 37, 40, 39, 36, 38, 48, 35, 46, 16, 29, 50, 20, 23, 30, 2, 7, 42, 21, 17, 3, 18, 31, 22]

Individual 32:
  Route length: 8137
  Contribution to Diversity: 0
  Route: [1, 49, 32, 45, 19, 41, 8, 9, 10, 43, 33, 51, 11, 52, 14, 13, 47, 26, 27, 28, 12, 25, 4, 48, 24, 5, 15, 6, 44, 34, 39, 36, 35, 46, 38, 37, 40, 16, 29, 50, 20, 23, 30, 2, 7, 42, 21, 17, 3, 18, 31, 22]

Individual 33:
  Route length: 8223
  Contribution to Diversity: 0.0010258221955332658
  Route: [1, 49, 32, 45, 19, 41, 8, 9, 10, 43, 33, 51, 11, 52, 14, 13, 47, 26, 27, 28, 12, 25, 4, 6, 24, 5, 15, 48, 38, 37, 40, 39, 36, 35, 34, 16, 46, 20, 44, 29, 50, 23, 30, 2, 7, 42, 21, 17, 3, 18, 31, 22]

Individual 34:
  Route length: 8121
  Contribution to Diversity: 0
  Route: [37, 38, 48, 24, 5, 6, 15, 40, 39, 36, 1, 49, 32, 45, 19, 41, 8, 9, 10, 43, 33, 51, 11, 52, 14, 13, 47, 26, 27, 28, 12, 25, 4, 35, 34, 44, 46, 16, 29, 50, 20, 23, 30, 2, 7, 42, 21, 17, 3, 18, 31, 22]

Individual 35:
  Route length: 8136
  Contribution to Diversity: 0.00016470659607126237
  Route: [1, 49, 32, 36, 39, 37, 40, 25, 4, 6, 15, 5, 24, 48, 38, 12, 28, 27, 26, 47, 13, 14, 52, 11, 51, 33, 43, 10, 9, 8, 41, 19, 45, 35, 34, 44, 46, 16, 29, 50, 20, 23, 30, 2, 7, 42, 21, 17, 3, 18, 31, 22]

Individual 36:
  Route length: 8160
  Contribution to Diversity: 0
  Route: [1, 49, 32, 38, 48, 24, 5, 15, 6, 4, 25, 12, 28, 27, 26, 47, 13, 52, 14, 11, 51, 33, 43, 10, 9, 8, 41, 19, 45, 37, 40, 39, 36, 35, 34, 44, 46, 16, 29, 50, 20, 23, 30, 2, 7, 42, 21, 17, 3, 18, 31, 22]

Individual 37:
  Route length: 8196
  Contribution to Diversity: 0
  Route: [1, 5, 24, 32, 49, 45, 19, 41, 8, 9, 10, 43, 33, 51, 11, 52, 14, 13, 47, 26, 27, 28, 12, 25, 4, 6, 15, 40, 37, 38, 48, 39, 36, 35, 34, 44, 46, 16, 29, 50, 20, 23, 30, 2, 7, 42, 21, 17, 3, 18, 31, 22]

Individual 38:
  Route length: 8236
  Contribution to Diversity: 0.00039104013171264995
  Route: [1, 49, 5, 15, 4, 6, 40, 37, 24, 48, 38, 32, 45, 19, 41, 8, 9, 10, 43, 33, 51, 11, 52, 14, 13, 47, 26, 27, 28, 12, 25, 39, 36, 35, 34, 44, 46, 16, 29, 50, 20, 23, 30, 2, 7, 42, 21, 17, 3, 18, 31, 22]

Individual 39:
  Route length: 8267
  Contribution to Diversity: 0
  Route: [1, 34, 35, 36, 39, 40, 37, 38, 48, 24, 5, 15, 6, 4, 25, 12, 28, 27, 26, 47, 13, 14, 52, 11, 51, 33, 43, 10, 9, 8, 41, 19, 45, 32, 49, 3, 17, 21, 42, 7, 2, 30, 23, 20, 50, 46, 16, 29, 44, 18, 31, 22]

Individual 40:
  Route length: 8142
  Contribution to Diversity: 0
  Route: [44, 34, 35, 36, 39, 40, 38, 37, 25, 4, 6, 15, 5, 24, 48, 12, 28, 27, 26, 47, 13, 14, 52, 11, 51, 33, 43, 10, 9, 8, 41, 19, 45, 32, 49, 1, 46, 16, 29, 50, 20, 23, 30, 2, 7, 42, 21, 17, 3, 18, 31, 22]

Individual 41:
  Route length: 8158
  Contribution to Diversity: 0
  Route: [1, 49, 32, 18, 3, 17, 21, 42, 7, 2, 30, 23, 20, 50, 29, 16, 46, 44, 34, 35, 36, 39, 40, 25, 4, 6, 15, 5, 24, 48, 38, 37, 12, 28, 27, 26, 47, 13, 14, 52, 11, 51, 33, 43, 10, 9, 8, 41, 19, 45, 31, 22]

Individual 42:
  Route length: 8222
  Contribution to Diversity: 0.00046695954562991915
  Route: [1, 49, 38, 37, 39, 40, 44, 34, 35, 36, 46, 48, 24, 5, 15, 6, 4, 25, 12, 28, 27, 26, 47, 13, 14, 52, 11, 51, 33, 43, 10, 9, 8, 41, 19, 45, 32, 23, 20, 50, 29, 16, 30, 2, 7, 42, 21, 17, 3, 18, 31, 22]

Individual 43:
  Route length: 8008
  Contribution to Diversity: 0
  Route: [1, 32, 49, 5, 24, 15, 6, 4, 25, 12, 28, 27, 26, 47, 13, 14, 52, 11, 51, 33, 43, 10, 9, 8, 41, 19, 45, 40, 37, 38, 48, 39, 36, 35, 34, 44, 46, 16, 29, 50, 20, 23, 30, 2, 7, 42, 21, 17, 3, 18, 31, 22]

Individual 44:
  Route length: 8226
  Contribution to Diversity: 0.00012572243184028054
  Route: [1, 46, 48, 24, 5, 15, 6, 4, 25, 12, 28, 27, 26, 47, 13, 14, 52, 11, 51, 33, 43, 10, 9, 8, 41, 19, 45, 32, 49, 18, 3, 17, 21, 42, 7, 2, 30, 23, 20, 50, 29, 16, 38, 37, 40, 39, 36, 35, 34, 44, 31, 22]

Individual 45:
  Route length: 8222
  Contribution to Diversity: 0.0009316317872354318
  Route: [1, 49, 32, 45, 19, 41, 8, 43, 10, 9, 33, 51, 11, 52, 14, 13, 47, 26, 27, 28, 12, 25, 4, 6, 15, 5, 36, 39, 24, 48, 38, 37, 40, 34, 35, 44, 46, 16, 29, 50, 20, 23, 30, 2, 7, 42, 21, 17, 3, 18, 31, 22]

Individual 46:
  Route length: 8277
  Contribution to Diversity: 0.0004183601269520665
  Route: [1, 49, 32, 45, 41, 19, 31, 18, 3, 17, 21, 42, 7, 2, 30, 23, 20, 50, 29, 16, 46, 44, 34, 35, 36, 39, 38, 37, 40, 48, 24, 5, 15, 6, 4, 25, 12, 28, 27, 26, 47, 13, 14, 52, 11, 51, 33, 43, 10, 9, 8, 22]

Individual 47:
  Route length: 8258
  Contribution to Diversity: 0.00048459837652625737
  Route: [1, 32, 49, 15, 5, 24, 48, 38, 6, 4, 25, 12, 28, 27, 26, 47, 13, 52, 14, 11, 51, 33, 43, 10, 9, 8, 41, 19, 45, 37, 40, 39, 36, 35, 34, 44, 46, 16, 29, 50, 20, 23, 30, 2, 7, 42, 21, 17, 3, 18, 31, 22]

Individual 48:
  Route length: 8294
  Contribution to Diversity: 0
  Route: [1, 49, 5, 15, 6, 4, 25, 12, 28, 27, 26, 47, 13, 14, 52, 11, 51, 33, 43, 10, 9, 8, 41, 19, 45, 32, 38, 48, 24, 37, 40, 39, 36, 35, 34, 44, 46, 16, 29, 50, 31, 18, 3, 17, 21, 42, 7, 2, 30, 23, 20, 22]

Individual 49:
  Route length: 8276
  Contribution to Diversity: 0
  Route: [1, 32, 49, 23, 30, 2, 7, 42, 21, 17, 3, 29, 50, 20, 16, 46, 44, 34, 35, 36, 39, 40, 37, 38, 48, 24, 5, 15, 6, 4, 25, 12, 28, 27, 26, 47, 13, 14, 52, 11, 51, 33, 43, 10, 9, 8, 41, 19, 45, 18, 31, 22]

Individual 50:
  Route length: 8214
  Contribution to Diversity: 0.0003579843374836855
  Route: [1, 49, 32, 45, 19, 41, 8, 9, 10, 43, 33, 51, 11, 52, 14, 13, 47, 26, 27, 28, 12, 25, 36, 39, 40, 38, 37, 34, 44, 4, 6, 15, 5, 24, 48, 35, 46, 16, 29, 50, 20, 23, 30, 2, 7, 42, 21, 17, 3, 18, 31, 22]

Individual 51:
  Route length: 7922
  Contribution to Diversity: 0
  Route: [1, 49, 32, 45, 19, 41, 8, 9, 10, 43, 33, 51, 11, 52, 14, 13, 47, 26, 27, 28, 12, 25, 37, 5, 24, 48, 38, 6, 15, 4, 40, 39, 36, 35, 34, 44, 46, 16, 29, 50, 20, 23, 30, 2, 7, 42, 21, 17, 3, 18, 31, 22]

Individual 52:
  Route length: 7999
  Contribution to Diversity: 0
  Route: [1, 49, 32, 41, 8, 9, 10, 45, 19, 43, 33, 51, 11, 52, 14, 13, 47, 26, 27, 28, 12, 25, 4, 6, 15, 5, 24, 48, 38, 37, 40, 39, 36, 35, 34, 44, 46, 16, 29, 50, 20, 23, 30, 2, 7, 42, 21, 17, 3, 18, 31, 22]

Individual 53:
  Route length: 8196
  Contribution to Diversity: 0
  Route: [1, 49, 32, 8, 41, 19, 45, 9, 10, 43, 33, 51, 11, 52, 14, 13, 47, 26, 27, 28, 12, 48, 24, 5, 15, 6, 4, 25, 38, 37, 40, 39, 36, 35, 34, 44, 46, 16, 29, 50, 20, 23, 30, 2, 7, 42, 21, 17, 3, 18, 31, 22]

Individual 54:
  Route length: 8291
  Contribution to Diversity: 0.00071784110614459
  Route: [1, 49, 32, 45, 19, 41, 8, 9, 10, 43, 33, 51, 11, 52, 14, 13, 47, 26, 27, 28, 12, 25, 4, 40, 39, 36, 35, 34, 44, 46, 24, 5, 15, 6, 38, 37, 48, 31, 18, 3, 17, 21, 42, 7, 2, 30, 23, 20, 50, 29, 16, 22]

Individual 55:
  Route length: 8150
  Contribution to Diversity: 0.0002728902437949543
  Route: [1, 49, 32, 45, 19, 41, 8, 9, 10, 43, 33, 51, 11, 52, 14, 13, 47, 26, 27, 28, 12, 25, 4, 6, 15, 5, 44, 34, 35, 36, 39, 40, 37, 38, 48, 24, 46, 16, 30, 23, 20, 50, 29, 42, 7, 2, 21, 17, 3, 18, 31, 22]

Individual 56:
  Route length: 8277
  Contribution to Diversity: 0.001683333505907214
  Route: [1, 49, 39, 40, 37, 38, 4, 6, 15, 5, 24, 48, 44, 34, 35, 36, 32, 45, 19, 41, 8, 43, 10, 9, 33, 51, 11, 52, 14, 13, 47, 26, 27, 28, 12, 25, 46, 16, 29, 50, 20, 23, 30, 2, 7, 42, 21, 17, 3, 18, 31, 22]

Individual 57:
  Route length: 8157
  Contribution to Diversity: 0.00021166894715829443
  Route: [1, 49, 32, 45, 19, 41, 8, 9, 10, 43, 33, 51, 11, 52, 14, 13, 47, 26, 27, 28, 12, 25, 4, 6, 15, 5, 24, 48, 38, 37, 40, 39, 36, 35, 34, 44, 46, 29, 16, 21, 50, 20, 23, 30, 2, 7, 42, 17, 3, 18, 31, 22]

Individual 58:
  Route length: 8227
  Contribution to Diversity: 0
  Route: [1, 49, 32, 45, 19, 41, 8, 9, 10, 43, 33, 51, 11, 52, 14, 13, 47, 26, 27, 28, 12, 25, 4, 6, 15, 5, 24, 48, 38, 37, 40, 44, 36, 35, 34, 50, 29, 16, 46, 39, 20, 23, 30, 2, 7, 42, 21, 17, 3, 18, 31, 22]

Individual 59:
  Route length: 8212
  Contribution to Diversity: 0.00016823514481689728
  Route: [1, 49, 32, 45, 19, 41, 8, 9, 10, 43, 33, 51, 11, 52, 14, 13, 47, 26, 27, 28, 12, 38, 48, 24, 5, 15, 6, 4, 25, 40, 37, 39, 36, 34, 35, 16, 46, 44, 29, 50, 20, 23, 30, 2, 7, 42, 21, 17, 3, 18, 31, 22]

Individual 60:
  Route length: 8052
  Contribution to Diversity: 0
  Route: [1, 49, 17, 21, 42, 7, 2, 30, 23, 20, 50, 29, 16, 46, 44, 34, 36, 35, 39, 40, 37, 38, 48, 24, 5, 15, 6, 4, 25, 12, 28, 27, 26, 47, 13, 14, 52, 11, 51, 33, 43, 10, 9, 8, 41, 19, 45, 32, 18, 3, 31, 22]

Individual 61:
  Route length: 8216
  Contribution to Diversity: 9.922572715481692e-05
  Route: [1, 49, 32, 45, 19, 41, 8, 9, 10, 43, 33, 51, 11, 52, 14, 13, 47, 26, 27, 28, 12, 25, 4, 15, 6, 34, 35, 36, 39, 40, 37, 5, 24, 48, 38, 20, 50, 29, 16, 46, 44, 23, 30, 2, 7, 42, 21, 17, 3, 18, 31, 22]

Individual 62:
  Route length: 8257
  Contribution to Diversity: 0
  Route: [37, 38, 48, 24, 5, 15, 6, 4, 25, 12, 28, 27, 26, 47, 13, 14, 52, 11, 51, 33, 43, 10, 9, 8, 41, 19, 1, 49, 32, 45, 36, 39, 40, 35, 34, 44, 46, 16, 29, 50, 20, 23, 30, 2, 7, 42, 21, 17, 3, 18, 31, 22]

Individual 63:
  Route length: 8015
  Contribution to Diversity: 0
  Route: [1, 32, 49, 35, 34, 44, 46, 16, 29, 50, 20, 23, 30, 2, 7, 42, 21, 17, 3, 39, 36, 40, 37, 38, 48, 24, 5, 15, 6, 4, 25, 12, 28, 27, 26, 47, 13, 14, 52, 11, 51, 33, 43, 10, 9, 8, 41, 19, 45, 18, 31, 22]

Individual 64:
  Route length: 8269
  Contribution to Diversity: 0
  Route: [1, 49, 37, 40, 39, 36, 35, 34, 6, 15, 5, 24, 48, 38, 4, 25, 12, 28, 27, 26, 47, 13, 14, 52, 11, 51, 33, 43, 10, 9, 8, 41, 19, 45, 32, 16, 46, 44, 29, 50, 20, 23, 30, 2, 7, 42, 21, 17, 3, 18, 31, 22]

Individual 65:
  Route length: 8258
  Contribution to Diversity: 0.0009470099679740329
  Route: [1, 49, 32, 45, 19, 41, 8, 9, 10, 43, 33, 12, 28, 27, 26, 47, 13, 14, 52, 11, 51, 15, 6, 4, 25, 5, 24, 46, 44, 34, 35, 36, 39, 40, 37, 38, 48, 16, 29, 50, 20, 23, 30, 2, 7, 42, 21, 17, 3, 18, 31, 22]

Individual 66:
  Route length: 8248
  Contribution to Diversity: 0
  Route: [1, 15, 6, 4, 25, 12, 28, 27, 26, 47, 13, 14, 52, 11, 51, 33, 43, 10, 9, 8, 41, 19, 45, 32, 49, 5, 48, 38, 37, 24, 36, 39, 40, 35, 34, 44, 46, 16, 29, 50, 20, 23, 30, 2, 7, 42, 21, 17, 3, 18, 31, 22]

Individual 67:
  Route length: 8280
  Contribution to Diversity: 0.0008936263831893498
  Route: [1, 49, 32, 45, 19, 10, 9, 8, 41, 43, 33, 51, 11, 52, 14, 13, 47, 26, 27, 28, 12, 25, 4, 6, 15, 5, 24, 48, 38, 37, 46, 44, 34, 35, 36, 39, 40, 20, 50, 29, 16, 23, 30, 2, 7, 42, 21, 17, 3, 18, 31, 22]

Individual 68:
  Route length: 8171
  Contribution to Diversity: 3.094993602203999e-05
  Route: [1, 44, 34, 35, 36, 39, 40, 37, 24, 48, 38, 32, 45, 19, 41, 8, 9, 10, 43, 33, 51, 11, 52, 14, 13, 47, 26, 27, 28, 12, 25, 4, 6, 15, 5, 49, 46, 16, 29, 50, 20, 23, 30, 2, 7, 42, 21, 17, 3, 18, 31, 22]

Individual 69:
  Route length: 8254
  Contribution to Diversity: 0.00026459602527051373
  Route: [1, 32, 49, 3, 17, 21, 42, 7, 2, 30, 23, 20, 50, 29, 16, 46, 44, 34, 35, 36, 39, 40, 37, 38, 48, 24, 5, 15, 6, 4, 25, 12, 47, 26, 27, 28, 14, 13, 52, 11, 51, 33, 43, 10, 9, 8, 41, 19, 45, 18, 31, 22]

Individual 70:
  Route length: 7779
  Contribution to Diversity: 0
  Route: [1, 49, 32, 45, 19, 41, 8, 9, 10, 43, 33, 51, 11, 52, 14, 13, 47, 26, 27, 28, 12, 25, 4, 15, 6, 38, 48, 24, 5, 37, 40, 36, 39, 34, 35, 44, 46, 16, 29, 50, 20, 23, 30, 2, 7, 42, 21, 17, 3, 18, 31, 22]

Individual 71:
  Route length: 7832
  Contribution to Diversity: 0
  Route: [1, 40, 37, 38, 48, 24, 5, 15, 6, 4, 25, 12, 28, 27, 26, 47, 13, 14, 52, 11, 51, 33, 43, 10, 9, 8, 41, 19, 45, 32, 49, 34, 35, 36, 39, 44, 46, 16, 29, 50, 20, 23, 30, 42, 7, 2, 21, 17, 3, 18, 31, 22]

Individual 72:
  Route length: 8124
  Contribution to Diversity: 0
  Route: [1, 48, 25, 12, 28, 27, 26, 47, 13, 14, 52, 11, 51, 33, 43, 10, 9, 8, 41, 19, 45, 32, 49, 38, 37, 24, 5, 15, 6, 4, 40, 39, 36, 35, 34, 44, 46, 16, 29, 50, 20, 23, 30, 2, 7, 42, 21, 17, 3, 18, 31, 22]

Individual 73:
  Route length: 8076
  Contribution to Diversity: 0
  Route: [46, 1, 49, 32, 45, 19, 41, 8, 9, 10, 43, 33, 51, 11, 52, 14, 13, 47, 26, 27, 28, 12, 25, 4, 6, 15, 5, 24, 48, 38, 37, 40, 39, 36, 35, 34, 44, 29, 16, 50, 20, 23, 30, 2, 7, 42, 21, 17, 3, 18, 31, 22]

Individual 74:
  Route length: 8213
  Contribution to Diversity: 0.0009505868094068504
  Route: [1, 49, 32, 41, 19, 45, 8, 9, 10, 43, 33, 51, 11, 52, 14, 13, 47, 26, 27, 28, 12, 25, 4, 6, 39, 36, 35, 5, 24, 48, 38, 15, 40, 37, 34, 44, 46, 16, 29, 50, 20, 23, 30, 2, 7, 42, 21, 17, 3, 18, 31, 22]

Individual 75:
  Route length: 7954
  Contribution to Diversity: 0.0007091966796641813
  Route: [32, 49, 1, 31, 18, 3, 17, 21, 42, 7, 2, 30, 23, 20, 50, 29, 16, 46, 44, 35, 34, 39, 36, 40, 37, 5, 24, 48, 38, 6, 15, 4, 25, 12, 28, 27, 26, 47, 13, 14, 52, 11, 51, 33, 43, 10, 9, 8, 41, 19, 45, 22]

Individual 76:
  Route length: 8140
  Contribution to Diversity: 0.0009481685248653449
  Route: [1, 40, 37, 38, 48, 5, 24, 34, 49, 32, 45, 19, 41, 8, 9, 10, 43, 33, 51, 11, 52, 14, 13, 47, 26, 27, 28, 12, 25, 4, 6, 15, 35, 36, 39, 44, 46, 16, 29, 50, 20, 23, 30, 42, 7, 2, 21, 17, 3, 18, 31, 22]

Individual 77:
  Route length: 8064
  Contribution to Diversity: 0
  Route: [37, 38, 48, 24, 5, 15, 6, 4, 25, 12, 28, 26, 27, 47, 13, 14, 52, 11, 51, 33, 43, 10, 9, 8, 41, 19, 45, 32, 49, 1, 36, 39, 40, 35, 34, 44, 46, 16, 29, 50, 20, 23, 30, 2, 7, 42, 21, 17, 3, 18, 31, 22]

Individual 78:
  Route length: 8248
  Contribution to Diversity: 0.0011405720717396761
  Route: [29, 16, 38, 37, 40, 39, 36, 35, 34, 44, 46, 5, 24, 48, 15, 6, 4, 25, 12, 28, 27, 26, 47, 13, 14, 52, 11, 51, 33, 43, 10, 9, 8, 41, 19, 45, 32, 49, 1, 23, 20, 50, 30, 2, 7, 42, 21, 17, 3, 18, 31, 22]

Individual 79:
  Route length: 8233
  Contribution to Diversity: 0.001350120609837191
  Route: [1, 40, 37, 38, 48, 24, 5, 15, 6, 4, 25, 12, 51, 11, 52, 14, 13, 47, 26, 27, 28, 33, 43, 10, 9, 8, 41, 19, 45, 32, 49, 34, 35, 36, 39, 44, 46, 16, 29, 50, 20, 23, 30, 2, 42, 7, 21, 17, 3, 18, 31, 22]

Individual 80:
  Route length: 7995
  Contribution to Diversity: 0
  Route: [1, 49, 32, 45, 19, 41, 8, 9, 10, 43, 33, 51, 11, 52, 14, 13, 47, 26, 27, 28, 12, 25, 4, 15, 6, 35, 36, 39, 40, 37, 5, 24, 48, 38, 46, 44, 34, 16, 29, 50, 20, 23, 30, 2, 7, 42, 21, 17, 3, 18, 31, 22]

Individual 81:
  Route length: 8245
  Contribution to Diversity: 0.00022504418092772482
  Route: [1, 32, 49, 5, 24, 34, 35, 36, 39, 48, 38, 37, 40, 45, 19, 41, 8, 9, 10, 43, 33, 51, 11, 52, 14, 13, 47, 26, 27, 28, 12, 25, 4, 6, 15, 44, 46, 16, 29, 50, 20, 23, 30, 2, 7, 42, 21, 17, 3, 18, 31, 22]

Individual 82:
  Route length: 8250
  Contribution to Diversity: 0
  Route: [1, 49, 32, 45, 19, 41, 8, 9, 10, 43, 33, 51, 11, 52, 14, 13, 47, 26, 27, 28, 12, 25, 4, 44, 46, 16, 29, 50, 20, 23, 30, 2, 7, 42, 21, 17, 3, 18, 31, 6, 15, 5, 24, 48, 38, 37, 40, 39, 34, 35, 36, 22]

Individual 83:
  Route length: 8186
  Contribution to Diversity: 0.0008811152297178992
  Route: [44, 34, 35, 36, 39, 40, 38, 15, 6, 4, 25, 37, 48, 24, 5, 12, 28, 27, 26, 47, 13, 14, 52, 11, 51, 33, 43, 10, 9, 8, 41, 19, 45, 32, 49, 1, 46, 16, 29, 50, 20, 23, 30, 2, 7, 42, 21, 17, 3, 18, 31, 22]

Individual 84:
  Route length: 7957
  Contribution to Diversity: 0
  Route: [1, 49, 32, 45, 19, 41, 8, 9, 10, 43, 33, 51, 11, 52, 14, 13, 47, 26, 27, 28, 12, 25, 4, 6, 15, 5, 24, 48, 38, 37, 40, 39, 36, 35, 34, 18, 3, 17, 21, 42, 7, 2, 30, 23, 20, 50, 29, 16, 46, 44, 31, 22]

Individual 85:
  Route length: 8184
  Contribution to Diversity: 0.00010930053450763921
  Route: [1, 32, 49, 3, 17, 21, 42, 7, 2, 30, 29, 50, 20, 23, 36, 35, 34, 44, 46, 16, 39, 40, 37, 38, 48, 24, 5, 15, 6, 4, 25, 12, 28, 27, 26, 47, 13, 14, 52, 11, 51, 33, 43, 10, 9, 8, 41, 19, 45, 18, 31, 22]

Individual 86:
  Route length: 8039
  Contribution to Diversity: 0.00130273793983271
  Route: [32, 49, 1, 31, 18, 3, 17, 21, 42, 7, 2, 30, 23, 20, 50, 29, 16, 46, 44, 35, 34, 39, 36, 40, 37, 5, 24, 48, 38, 6, 4, 15, 25, 12, 28, 27, 26, 47, 13, 14, 52, 11, 51, 33, 43, 10, 9, 8, 41, 19, 45, 22]

Individual 87:
  Route length: 8132
  Contribution to Diversity: 0.00041031935799562547
  Route: [1, 49, 32, 19, 45, 10, 9, 8, 41, 43, 33, 51, 11, 52, 14, 13, 47, 26, 27, 28, 12, 25, 4, 6, 15, 5, 24, 48, 38, 37, 40, 39, 36, 35, 34, 44, 46, 16, 29, 50, 20, 23, 30, 2, 7, 42, 17, 21, 3, 18, 31, 22]

Individual 88:
  Route length: 7834
  Contribution to Diversity: 0
  Route: [1, 32, 49, 3, 17, 21, 42, 7, 2, 30, 23, 20, 50, 29, 16, 46, 44, 35, 34, 36, 39, 40, 37, 38, 48, 24, 5, 15, 6, 4, 25, 12, 28, 27, 26, 47, 13, 14, 52, 11, 51, 33, 43, 10, 9, 8, 41, 19, 45, 18, 31, 22]

Individual 89:
  Route length: 8051
  Contribution to Diversity: 0
  Route: [1, 36, 39, 40, 37, 38, 48, 24, 5, 15, 6, 33, 51, 11, 52, 14, 13, 47, 26, 27, 28, 12, 25, 4, 43, 10, 9, 8, 41, 19, 45, 32, 49, 35, 34, 44, 46, 16, 29, 50, 20, 23, 30, 2, 7, 42, 21, 17, 3, 18, 31, 22]

Individual 90:
  Route length: 8221
  Contribution to Diversity: 0
  Route: [1, 32, 49, 35, 34, 44, 46, 3, 17, 21, 42, 7, 2, 30, 23, 20, 50, 29, 16, 36, 39, 40, 37, 38, 48, 24, 5, 15, 6, 4, 25, 12, 28, 27, 26, 47, 13, 14, 52, 11, 51, 33, 43, 10, 9, 8, 41, 19, 45, 18, 31, 22]

Individual 91:
  Route length: 7894
  Contribution to Diversity: 0
  Route: [1, 36, 39, 40, 37, 38, 48, 34, 35, 49, 32, 45, 19, 41, 8, 9, 10, 43, 33, 51, 11, 52, 14, 13, 47, 26, 27, 28, 12, 25, 4, 6, 15, 5, 24, 44, 46, 16, 29, 50, 20, 23, 30, 2, 7, 42, 21, 17, 3, 18, 31, 22]

Individual 92:
  Route length: 8223
  Contribution to Diversity: 0.000832184793671864
  Route: [1, 24, 37, 40, 39, 36, 35, 34, 49, 32, 45, 19, 41, 8, 9, 10, 43, 33, 51, 11, 52, 14, 26, 47, 13, 27, 28, 12, 25, 4, 6, 15, 5, 48, 38, 44, 46, 16, 29, 50, 20, 23, 30, 2, 7, 42, 21, 17, 3, 18, 31, 22]

Individual 93:
  Route length: 8212
  Contribution to Diversity: 0
  Route: [1, 49, 32, 16, 29, 50, 20, 23, 30, 2, 7, 42, 21, 17, 3, 46, 44, 34, 35, 36, 39, 40, 37, 38, 48, 24, 5, 15, 6, 4, 25, 12, 28, 27, 26, 47, 13, 14, 52, 11, 51, 33, 43, 10, 9, 8, 41, 19, 45, 18, 31, 22]

Individual 94:
  Route length: 8093
  Contribution to Diversity: 0.0004013875631834196
  Route: [1, 36, 39, 40, 37, 38, 48, 6, 15, 5, 24, 25, 12, 28, 27, 26, 47, 13, 14, 52, 11, 51, 33, 4, 43, 10, 9, 8, 41, 19, 45, 32, 49, 35, 34, 44, 46, 16, 29, 50, 20, 23, 30, 2, 7, 42, 21, 17, 3, 18, 31, 22]

Individual 95:
  Route length: 8091
  Contribution to Diversity: 0.0003553695727820383
  Route: [1, 49, 32, 45, 19, 41, 8, 9, 10, 43, 33, 51, 11, 52, 14, 13, 47, 26, 27, 28, 12, 25, 4, 48, 24, 5, 15, 6, 44, 34, 39, 36, 35, 46, 38, 40, 37, 16, 29, 50, 20, 23, 30, 2, 7, 42, 21, 17, 3, 18, 31, 22]

Individual 96:
  Route length: 8141
  Contribution to Diversity: 0.000631548690189554
  Route: [1, 40, 37, 38, 48, 24, 5, 15, 6, 4, 25, 12, 28, 27, 26, 47, 13, 14, 52, 11, 51, 33, 43, 10, 9, 8, 41, 19, 45, 32, 49, 34, 35, 36, 39, 44, 46, 16, 29, 50, 20, 23, 30, 2, 42, 7, 17, 21, 18, 3, 31, 22]

Individual 97:
  Route length: 8293
  Contribution to Diversity: 0.001123663193829394
  Route: [1, 36, 40, 37, 5, 24, 48, 38, 6, 15, 4, 25, 12, 28, 27, 26, 47, 13, 14, 52, 11, 51, 33, 43, 10, 9, 8, 41, 19, 45, 32, 49, 20, 50, 29, 16, 46, 44, 35, 34, 39, 23, 30, 2, 7, 42, 21, 17, 3, 18, 31, 22]

Individual 98:
  Route length: 8239
  Contribution to Diversity: 0.00127880976185768
  Route: [1, 49, 32, 45, 19, 41, 8, 9, 10, 43, 33, 51, 11, 52, 14, 13, 47, 26, 27, 28, 12, 25, 4, 48, 24, 5, 15, 6, 44, 34, 39, 36, 35, 46, 38, 37, 40, 16, 29, 50, 23, 20, 30, 2, 7, 42, 21, 17, 3, 18, 31, 22]

Individual 99:
  Route length: 8217
  Contribution to Diversity: 0.0004632161232320797
  Route: [1, 49, 37, 38, 39, 40, 44, 34, 35, 36, 46, 48, 24, 5, 15, 6, 4, 25, 12, 28, 27, 26, 47, 13, 14, 52, 11, 51, 33, 43, 10, 9, 8, 41, 19, 45, 32, 23, 20, 50, 29, 16, 30, 2, 7, 42, 21, 17, 3, 18, 31, 22]

Individual 100:
  Route length: 8243
  Contribution to Diversity: 0.00015345562242341515
  Route: [1, 24, 5, 49, 32, 45, 19, 41, 8, 9, 10, 43, 33, 51, 11, 52, 14, 13, 47, 26, 27, 28, 12, 25, 4, 6, 15, 40, 37, 38, 39, 48, 36, 35, 34, 44, 46, 16, 29, 50, 20, 23, 30, 2, 7, 42, 21, 17, 3, 18, 31, 22]

Individual 101:
  Route length: 8293
  Contribution to Diversity: 0.0014537259719524798
  Route: [1, 32, 49, 3, 17, 21, 42, 7, 2, 30, 29, 50, 20, 23, 36, 35, 34, 44, 46, 16, 24, 48, 38, 37, 40, 39, 15, 5, 6, 4, 25, 12, 28, 27, 26, 47, 13, 14, 52, 11, 51, 33, 43, 10, 9, 8, 41, 19, 45, 18, 31, 22]

Individual 102:
  Route length: 8039
  Contribution to Diversity: 0
  Route: [1, 49, 32, 45, 19, 41, 8, 9, 10, 43, 33, 51, 11, 52, 14, 13, 47, 26, 27, 28, 12, 48, 25, 4, 6, 15, 5, 24, 46, 44, 34, 35, 36, 39, 40, 37, 38, 16, 29, 50, 20, 23, 30, 2, 7, 42, 21, 17, 3, 18, 31, 22]

Individual 103:
  Route length: 8256
  Contribution to Diversity: 0
  Route: [1, 32, 49, 3, 17, 21, 42, 7, 2, 30, 23, 34, 35, 44, 46, 16, 29, 50, 20, 36, 39, 40, 37, 38, 48, 24, 5, 15, 6, 4, 25, 12, 28, 27, 26, 47, 13, 14, 52, 11, 51, 33, 43, 10, 9, 8, 41, 19, 45, 18, 31, 22]

Individual 104:
  Route length: 7972
  Contribution to Diversity: 0
  Route: [38, 37, 24, 48, 5, 15, 6, 4, 25, 12, 28, 27, 26, 47, 13, 14, 52, 11, 51, 33, 43, 10, 9, 8, 41, 19, 45, 32, 49, 1, 36, 39, 40, 35, 34, 44, 46, 16, 29, 50, 20, 23, 30, 2, 7, 42, 21, 17, 3, 18, 31, 22]

Individual 105:
  Route length: 8098
  Contribution to Diversity: 0
  Route: [1, 15, 6, 4, 25, 12, 28, 27, 26, 47, 13, 14, 52, 11, 51, 33, 43, 10, 9, 8, 41, 19, 45, 32, 49, 5, 48, 38, 37, 24, 40, 39, 36, 35, 34, 44, 46, 16, 29, 50, 20, 23, 30, 2, 7, 42, 21, 17, 3, 18, 31, 22]

Individual 106:
  Route length: 8171
  Contribution to Diversity: 0
  Route: [1, 49, 32, 45, 19, 41, 8, 9, 10, 43, 33, 51, 11, 52, 14, 13, 47, 26, 27, 28, 12, 25, 4, 6, 15, 5, 24, 48, 38, 37, 40, 36, 39, 20, 23, 30, 2, 7, 42, 21, 17, 3, 18, 31, 50, 29, 16, 46, 44, 34, 35, 22]

Individual 107:
  Route length: 8183
  Contribution to Diversity: 0.0002942141748061289
  Route: [1, 49, 37, 38, 44, 34, 35, 36, 39, 40, 46, 48, 24, 5, 15, 6, 4, 25, 12, 28, 27, 26, 47, 13, 14, 52, 11, 51, 33, 43, 10, 9, 8, 41, 19, 45, 32, 23, 20, 50, 29, 16, 30, 2, 7, 42, 21, 17, 3, 18, 31, 22]

Individual 108:
  Route length: 7862
  Contribution to Diversity: 0
  Route: [44, 34, 37, 40, 39, 36, 35, 1, 49, 32, 45, 19, 41, 8, 9, 10, 43, 33, 51, 11, 52, 14, 13, 47, 26, 27, 28, 12, 25, 4, 6, 15, 5, 24, 48, 38, 46, 16, 29, 50, 20, 23, 30, 2, 7, 42, 21, 17, 3, 18, 31, 22]

Individual 109:
  Route length: 8092
  Contribution to Diversity: 0
  Route: [32, 45, 19, 41, 8, 9, 10, 43, 33, 51, 11, 52, 14, 13, 47, 26, 27, 28, 12, 25, 4, 6, 15, 5, 24, 48, 38, 37, 40, 39, 35, 36, 34, 44, 46, 16, 29, 50, 20, 23, 30, 2, 7, 42, 21, 17, 49, 1, 3, 18, 31, 22]

Individual 110:
  Route length: 8241
  Contribution to Diversity: 0.00020112445026310155
  Route: [1, 32, 49, 35, 34, 44, 46, 40, 36, 39, 3, 17, 21, 42, 7, 2, 30, 23, 20, 50, 29, 16, 37, 38, 48, 24, 5, 15, 6, 4, 25, 12, 28, 27, 26, 47, 13, 14, 52, 11, 51, 33, 43, 10, 9, 8, 41, 19, 45, 18, 31, 22]

Individual 111:
  Route length: 8153
  Contribution to Diversity: 0.0006406314915983202
  Route: [38, 37, 24, 48, 5, 15, 6, 4, 25, 12, 28, 27, 26, 47, 13, 14, 52, 11, 51, 33, 43, 10, 9, 8, 41, 19, 45, 32, 49, 1, 36, 39, 35, 40, 44, 34, 46, 16, 29, 50, 20, 23, 30, 2, 7, 42, 21, 17, 3, 18, 31, 22]

Individual 112:
  Route length: 8226
  Contribution to Diversity: 0
  Route: [1, 49, 32, 45, 19, 41, 8, 9, 10, 43, 33, 51, 11, 52, 14, 13, 47, 26, 27, 28, 12, 25, 4, 44, 46, 16, 29, 50, 20, 23, 30, 2, 7, 42, 21, 17, 3, 18, 31, 39, 40, 37, 38, 48, 24, 5, 15, 6, 34, 35, 36, 22]

Individual 113:
  Route length: 8244
  Contribution to Diversity: 0
  Route: [1, 49, 32, 45, 19, 41, 8, 9, 10, 43, 33, 51, 11, 52, 14, 13, 47, 26, 27, 28, 12, 25, 4, 6, 15, 5, 24, 48, 38, 18, 3, 17, 21, 42, 7, 2, 30, 23, 20, 50, 29, 16, 46, 40, 37, 44, 34, 35, 36, 39, 31, 22]

Individual 114:
  Route length: 7964
  Contribution to Diversity: 0.0002393976039023471
  Route: [1, 32, 31, 18, 45, 19, 41, 8, 9, 10, 43, 33, 51, 11, 52, 14, 13, 47, 26, 27, 28, 12, 25, 4, 6, 15, 5, 24, 48, 38, 37, 40, 39, 36, 34, 35, 44, 46, 16, 29, 50, 20, 23, 30, 2, 7, 42, 21, 17, 3, 49, 22]

Individual 115:
  Route length: 8244
  Contribution to Diversity: 0.0024921624170035628
  Route: [1, 40, 37, 38, 48, 24, 15, 5, 4, 6, 25, 12, 28, 27, 26, 47, 13, 14, 52, 11, 51, 33, 43, 10, 9, 8, 41, 19, 45, 32, 49, 34, 35, 36, 39, 44, 46, 16, 29, 50, 20, 23, 30, 2, 42, 7, 17, 21, 18, 3, 31, 22]

Individual 116:
  Route length: 8125
  Contribution to Diversity: 0
  Route: [1, 49, 44, 46, 16, 34, 35, 32, 45, 19, 41, 8, 9, 10, 43, 33, 51, 11, 52, 14, 13, 47, 26, 27, 28, 12, 25, 4, 6, 15, 5, 24, 48, 38, 37, 40, 39, 36, 29, 50, 20, 23, 30, 2, 7, 42, 21, 17, 3, 18, 31, 22]

Individual 117:
  Route length: 8122
  Contribution to Diversity: 0.0008921463927826778
  Route: [1, 40, 37, 24, 38, 48, 5, 15, 6, 4, 25, 12, 28, 27, 13, 47, 26, 14, 52, 11, 51, 33, 43, 10, 9, 8, 41, 19, 45, 32, 49, 34, 35, 36, 39, 44, 46, 16, 29, 50, 20, 23, 30, 2, 7, 42, 21, 17, 3, 18, 31, 22]

Individual 118:
  Route length: 8241
  Contribution to Diversity: 0.00010674425056933501
  Route: [1, 39, 3, 17, 21, 42, 7, 2, 30, 23, 20, 50, 29, 16, 46, 44, 34, 35, 49, 32, 45, 19, 41, 8, 9, 10, 43, 33, 51, 11, 52, 14, 13, 47, 26, 27, 28, 12, 25, 4, 6, 15, 5, 24, 48, 38, 37, 40, 36, 18, 31, 22]

Individual 119:
  Route length: 7923
  Contribution to Diversity: 0
  Route: [37, 38, 48, 24, 5, 15, 6, 4, 25, 12, 28, 27, 26, 47, 13, 14, 52, 11, 51, 33, 43, 10, 9, 8, 41, 19, 45, 32, 1, 49, 35, 40, 39, 36, 34, 44, 46, 16, 29, 50, 20, 23, 30, 2, 7, 42, 21, 17, 3, 18, 31, 22]

Individual 120:
  Route length: 8016
  Contribution to Diversity: 0.0002455364077196265
  Route: [1, 49, 32, 45, 19, 41, 8, 9, 10, 43, 33, 51, 11, 52, 14, 13, 47, 26, 27, 28, 12, 25, 4, 15, 6, 39, 36, 35, 44, 46, 38, 48, 24, 5, 37, 40, 34, 16, 29, 50, 20, 23, 30, 2, 7, 42, 21, 17, 3, 18, 31, 22]

Individual 121:
  Route length: 8112
  Contribution to Diversity: 0.00025481310967023774
  Route: [1, 49, 32, 45, 19, 41, 8, 9, 10, 43, 33, 51, 11, 52, 14, 13, 47, 26, 27, 28, 12, 48, 25, 4, 6, 15, 5, 24, 46, 44, 34, 39, 36, 35, 37, 40, 38, 16, 29, 50, 20, 23, 30, 2, 7, 42, 21, 17, 3, 18, 31, 22]

Individual 122:
  Route length: 8241
  Contribution to Diversity: 0.0004279487473022314
  Route: [1, 49, 32, 45, 19, 41, 8, 9, 10, 33, 43, 51, 11, 52, 14, 13, 47, 26, 27, 28, 12, 25, 4, 6, 15, 5, 24, 48, 38, 37, 40, 29, 16, 46, 39, 36, 35, 34, 44, 50, 20, 23, 30, 2, 7, 42, 21, 17, 3, 18, 31, 22]

Individual 123:
  Route length: 8249
  Contribution to Diversity: 0.0003722011701459138
  Route: [1, 49, 44, 34, 35, 36, 39, 40, 37, 24, 48, 38, 32, 45, 19, 41, 8, 9, 10, 43, 33, 51, 11, 52, 14, 13, 47, 26, 27, 28, 12, 25, 4, 6, 15, 5, 46, 16, 29, 50, 31, 18, 3, 17, 21, 42, 7, 2, 30, 23, 20, 22]

Individual 124:
  Route length: 8219
  Contribution to Diversity: 0.00039344704575228207
  Route: [37, 38, 48, 24, 5, 15, 6, 4, 25, 12, 28, 27, 26, 47, 13, 14, 52, 11, 51, 33, 43, 10, 9, 8, 41, 19, 45, 32, 1, 20, 50, 29, 16, 46, 44, 34, 36, 39, 40, 35, 49, 23, 30, 2, 7, 42, 21, 17, 3, 18, 31, 22]

Individual 125:
  Route length: 8234
  Contribution to Diversity: 0.0011869886963715715
  Route: [1, 49, 38, 40, 39, 37, 35, 34, 44, 36, 46, 48, 24, 5, 15, 6, 4, 25, 12, 28, 27, 26, 47, 13, 14, 52, 11, 51, 33, 43, 10, 9, 8, 41, 19, 45, 32, 23, 20, 50, 29, 16, 30, 2, 7, 42, 21, 17, 3, 18, 31, 22]

Individual 126:
  Route length: 8266
  Contribution to Diversity: 0.00037714215415096675
  Route: [1, 5, 24, 32, 49, 45, 19, 41, 8, 9, 10, 43, 33, 51, 11, 52, 14, 13, 47, 26, 27, 28, 12, 25, 4, 6, 15, 40, 37, 38, 48, 36, 39, 35, 34, 44, 46, 16, 29, 50, 20, 23, 30, 2, 7, 42, 21, 17, 3, 18, 31, 22]

Individual 127:
  Route length: 8059
  Contribution to Diversity: 8.916935062863729e-05
  Route: [1, 32, 49, 5, 24, 15, 6, 4, 25, 12, 28, 27, 26, 47, 13, 14, 52, 11, 51, 33, 43, 10, 9, 8, 41, 19, 45, 40, 48, 38, 37, 35, 36, 39, 34, 44, 46, 16, 29, 50, 20, 23, 30, 2, 7, 42, 21, 17, 3, 18, 31, 22]

Individual 128:
  Route length: 8133
  Contribution to Diversity: 0.002346298892639709
  Route: [32, 49, 1, 31, 18, 3, 17, 2, 7, 42, 21, 30, 23, 20, 50, 29, 16, 46, 44, 35, 34, 39, 36, 40, 37, 5, 24, 48, 38, 6, 4, 15, 25, 12, 28, 27, 26, 47, 13, 14, 52, 11, 51, 33, 43, 10, 9, 8, 41, 19, 45, 22]

Individual 129:
  Route length: 8238
  Contribution to Diversity: 0.0010755756263653993
  Route: [1, 49, 32, 45, 19, 41, 8, 9, 10, 43, 33, 51, 11, 52, 14, 13, 47, 26, 27, 28, 12, 25, 4, 6, 35, 44, 36, 15, 37, 40, 39, 5, 24, 48, 38, 34, 46, 16, 29, 50, 20, 23, 30, 2, 7, 42, 21, 17, 3, 18, 31, 22]

Individual 130:
  Route length: 8148
  Contribution to Diversity: 0.0008281166745041091
  Route: [1, 49, 17, 21, 42, 7, 2, 30, 23, 20, 50, 29, 16, 46, 44, 34, 36, 35, 39, 40, 37, 38, 48, 24, 5, 15, 6, 4, 25, 12, 28, 27, 47, 26, 13, 14, 52, 11, 51, 33, 43, 10, 9, 8, 41, 19, 45, 32, 18, 3, 31, 22]

Individual 131:
  Route length: 8172
  Contribution to Diversity: 0.00010729925613350844
  Route: [1, 16, 29, 50, 49, 32, 45, 19, 41, 8, 9, 10, 43, 33, 51, 11, 52, 14, 13, 47, 26, 27, 28, 12, 25, 4, 6, 15, 5, 24, 48, 40, 37, 38, 39, 36, 35, 34, 44, 46, 20, 23, 30, 2, 7, 42, 21, 17, 3, 18, 31, 22]

Individual 132:
  Route length: 8204
  Contribution to Diversity: 0
  Route: [1, 49, 32, 18, 3, 17, 21, 42, 7, 2, 30, 23, 20, 50, 29, 16, 46, 44, 34, 35, 36, 39, 40, 37, 38, 48, 24, 5, 15, 6, 51, 11, 52, 14, 13, 47, 26, 27, 28, 12, 25, 4, 33, 43, 10, 9, 8, 41, 19, 45, 31, 22]

Individual 133:
  Route length: 8265
  Contribution to Diversity: 0.0004433178755993694
  Route: [23, 30, 2, 7, 42, 21, 17, 3, 49, 32, 1, 36, 34, 35, 44, 46, 16, 29, 50, 20, 39, 40, 37, 38, 48, 24, 5, 15, 6, 4, 25, 12, 28, 27, 26, 47, 13, 14, 52, 11, 51, 33, 43, 10, 9, 8, 41, 19, 45, 18, 31, 22]

Individual 134:
  Route length: 8185
  Contribution to Diversity: 0.0011614563678303824
  Route: [1, 40, 37, 38, 48, 6, 15, 5, 24, 46, 44, 39, 36, 35, 34, 49, 32, 45, 19, 41, 8, 9, 10, 43, 33, 51, 11, 52, 14, 13, 47, 26, 27, 28, 12, 25, 4, 16, 29, 50, 20, 23, 30, 42, 7, 2, 21, 17, 3, 18, 31, 22]

Individual 135:
  Route length: 8147
  Contribution to Diversity: 1.5033541672870854e-05
  Route: [1, 49, 32, 45, 19, 41, 8, 9, 10, 43, 33, 51, 11, 52, 14, 13, 47, 26, 27, 28, 12, 25, 4, 48, 24, 5, 15, 6, 34, 44, 40, 37, 38, 46, 39, 36, 35, 16, 29, 50, 20, 23, 30, 2, 7, 42, 21, 17, 3, 18, 31, 22]

Individual 136:
  Route length: 8133
  Contribution to Diversity: 0.000370301297629716
  Route: [1, 49, 32, 45, 19, 41, 8, 9, 10, 43, 33, 51, 11, 52, 14, 13, 47, 26, 27, 28, 12, 25, 24, 5, 15, 6, 4, 34, 48, 38, 37, 40, 44, 35, 36, 39, 46, 16, 29, 50, 20, 23, 30, 2, 7, 42, 21, 17, 3, 18, 31, 22]

Individual 137:
  Route length: 8053
  Contribution to Diversity: 0
  Route: [1, 49, 32, 45, 19, 41, 8, 9, 10, 43, 33, 51, 11, 52, 14, 13, 47, 26, 27, 28, 12, 48, 24, 5, 15, 6, 4, 25, 38, 37, 40, 39, 34, 35, 36, 44, 46, 16, 29, 50, 20, 23, 30, 2, 7, 42, 21, 31, 18, 3, 17, 22]

Individual 138:
  Route length: 8296
  Contribution to Diversity: 4.892029198000358e-05
  Route: [44, 34, 37, 40, 39, 36, 35, 49, 1, 29, 16, 46, 38, 48, 24, 5, 15, 6, 4, 25, 12, 28, 27, 26, 47, 13, 14, 52, 11, 51, 33, 43, 10, 9, 8, 41, 19, 45, 32, 50, 20, 23, 30, 2, 7, 42, 21, 17, 3, 18, 31, 22]

Individual 139:
  Route length: 8023
  Contribution to Diversity: 0
  Route: [1, 29, 16, 46, 44, 34, 35, 36, 39, 38, 37, 40, 48, 24, 5, 15, 6, 4, 25, 12, 28, 27, 26, 47, 13, 14, 52, 11, 51, 33, 43, 10, 9, 8, 41, 19, 45, 32, 49, 50, 20, 23, 30, 2, 7, 42, 21, 17, 3, 18, 31, 22]

Individual 140:
  Route length: 8270
  Contribution to Diversity: 0.001985070742407835
  Route: [1, 49, 38, 40, 39, 37, 35, 34, 44, 36, 32, 45, 19, 41, 8, 9, 10, 43, 33, 51, 11, 52, 14, 13, 47, 26, 27, 28, 12, 25, 4, 6, 15, 5, 24, 48, 46, 50, 20, 23, 29, 16, 30, 2, 7, 42, 21, 17, 3, 18, 31, 22]

Individual 141:
  Route length: 8274
  Contribution to Diversity: 0.001367443206001795
  Route: [1, 49, 32, 45, 19, 41, 8, 9, 10, 43, 33, 51, 11, 52, 14, 13, 47, 26, 27, 28, 12, 48, 4, 6, 15, 5, 24, 38, 25, 37, 40, 39, 34, 35, 36, 44, 46, 16, 29, 50, 20, 23, 30, 2, 7, 42, 21, 31, 18, 3, 17, 22]

Individual 142:
  Route length: 7965
  Contribution to Diversity: 7.913708091322746e-05
  Route: [44, 34, 37, 40, 39, 36, 35, 1, 49, 32, 45, 19, 41, 8, 9, 10, 43, 33, 51, 11, 52, 14, 13, 47, 26, 27, 28, 12, 25, 4, 38, 48, 24, 5, 15, 6, 46, 16, 29, 50, 20, 23, 30, 2, 7, 42, 21, 17, 3, 18, 31, 22]

Individual 143:
  Route length: 8141
  Contribution to Diversity: 0.00019007554105510138
  Route: [37, 38, 48, 24, 5, 15, 6, 4, 25, 12, 28, 27, 26, 47, 13, 14, 52, 11, 51, 33, 43, 10, 9, 8, 41, 19, 45, 49, 1, 32, 44, 34, 36, 39, 40, 35, 46, 16, 29, 50, 20, 23, 30, 2, 7, 42, 21, 17, 3, 18, 31, 22]

Individual 144:
  Route length: 8088
  Contribution to Diversity: 0.0006001688571268815
  Route: [1, 40, 37, 38, 48, 24, 49, 32, 45, 19, 41, 8, 9, 10, 43, 33, 51, 11, 52, 14, 13, 47, 26, 27, 28, 12, 25, 4, 6, 15, 5, 34, 35, 36, 39, 44, 46, 16, 29, 50, 20, 23, 30, 42, 7, 2, 21, 17, 3, 18, 31, 22]

Individual 145:
  Route length: 8213
  Contribution to Diversity: 0.00022882115579392348
  Route: [1, 49, 17, 21, 42, 7, 2, 30, 23, 20, 50, 29, 16, 46, 35, 36, 34, 44, 37, 40, 39, 38, 48, 24, 5, 15, 6, 4, 25, 12, 28, 27, 26, 47, 13, 14, 52, 11, 51, 33, 43, 10, 9, 8, 41, 19, 45, 32, 18, 3, 31, 22]

Individual 146:
  Route length: 8140
  Contribution to Diversity: 0.0005909487965132243
  Route: [1, 15, 6, 4, 25, 12, 28, 27, 26, 47, 13, 14, 52, 11, 51, 33, 43, 10, 9, 8, 41, 19, 45, 32, 49, 5, 24, 48, 38, 37, 40, 39, 36, 35, 34, 44, 46, 16, 29, 20, 50, 23, 30, 21, 42, 7, 2, 17, 3, 18, 31, 22]

Individual 147:
  Route length: 8128
  Contribution to Diversity: 0
  Route: [1, 49, 44, 46, 16, 34, 35, 39, 40, 37, 38, 48, 24, 5, 15, 6, 4, 25, 12, 28, 27, 26, 47, 13, 14, 52, 11, 51, 33, 43, 10, 9, 8, 41, 19, 45, 32, 36, 29, 50, 20, 23, 30, 2, 7, 42, 21, 17, 3, 18, 31, 22]

Individual 148:
  Route length: 8266
  Contribution to Diversity: 0.0007762244201137136
  Route: [1, 49, 32, 19, 10, 9, 8, 41, 45, 40, 39, 36, 35, 34, 37, 38, 48, 24, 5, 15, 6, 4, 25, 12, 28, 27, 26, 47, 13, 14, 52, 11, 51, 33, 43, 44, 46, 16, 29, 50, 20, 23, 30, 2, 7, 42, 21, 17, 3, 18, 31, 22]

Individual 149:
  Route length: 8019
  Contribution to Diversity: 0.0004533510998516732
  Route: [1, 49, 32, 45, 19, 41, 8, 9, 10, 43, 33, 51, 11, 52, 14, 13, 47, 26, 27, 28, 12, 25, 4, 6, 38, 34, 35, 37, 40, 39, 5, 24, 48, 15, 36, 44, 46, 16, 29, 50, 20, 23, 30, 2, 7, 42, 21, 17, 3, 18, 31, 22]

Total Entropy H: 4.44299479159991
