Individual 0:
  Route length: 14876
  Contribution to Diversity: 0.04753974453779364
  Route: [50, 20, 42, 7, 2, 23, 18, 45, 10, 43, 31, 21, 46, 16, 17, 35, 5, 40, 15, 48, 37, 44, 36, 29, 30, 38, 32, 24, 27, 28, 52, 14, 13, 47, 26, 12, 25, 4, 1, 49, 6, 51, 11, 33, 39, 34, 3, 41, 8, 9, 19, 22]

Individual 1:
  Route length: 14839
  Contribution to Diversity: 0.05516028614154145
  Route: [35, 46, 33, 41, 45, 8, 9, 37, 38, 15, 40, 5, 12, 51, 24, 48, 4, 11, 52, 14, 47, 28, 27, 13, 26, 6, 43, 44, 16, 23, 21, 18, 3, 39, 25, 32, 10, 19, 1, 36, 34, 31, 29, 42, 2, 7, 30, 17, 49, 50, 20, 22]

Individual 2:
  Route length: 15067
  Contribution to Diversity: 0.04907756324574919
  Route: [3, 36, 34, 25, 12, 46, 40, 5, 35, 50, 30, 20, 29, 1, 41, 8, 37, 24, 45, 17, 43, 4, 9, 10, 19, 31, 39, 15, 48, 38, 16, 26, 47, 28, 27, 14, 13, 52, 11, 33, 51, 18, 2, 42, 7, 21, 23, 6, 44, 49, 32, 22]

Individual 3:
  Route length: 14992
  Contribution to Diversity: 0.05255591138449045
  Route: [21, 42, 7, 2, 30, 31, 17, 39, 15, 9, 8, 10, 38, 51, 12, 11, 52, 13, 14, 27, 28, 26, 47, 48, 5, 19, 20, 43, 35, 3, 18, 40, 49, 45, 41, 33, 46, 29, 50, 34, 24, 6, 37, 16, 44, 36, 25, 4, 1, 32, 23, 22]

Individual 4:
  Route length: 14768
  Contribution to Diversity: 0.06828515100707566
  Route: [48, 24, 37, 34, 6, 25, 14, 52, 11, 51, 4, 46, 27, 13, 47, 26, 28, 29, 12, 40, 38, 18, 49, 39, 32, 41, 9, 10, 33, 15, 5, 16, 30, 21, 31, 23, 2, 42, 7, 17, 3, 44, 20, 36, 35, 43, 19, 50, 1, 8, 45, 22]

Individual 5:
  Route length: 15073
  Contribution to Diversity: 0.04702356383734241
  Route: [17, 18, 3, 50, 20, 1, 31, 21, 41, 10, 9, 23, 16, 46, 40, 6, 44, 48, 37, 15, 38, 39, 32, 19, 8, 33, 35, 42, 7, 2, 30, 45, 49, 36, 29, 34, 25, 51, 4, 5, 43, 11, 52, 47, 26, 27, 28, 14, 13, 12, 24, 22]

Individual 6:
  Route length: 14815
  Contribution to Diversity: 0.06350689200509407
  Route: [1, 25, 4, 23, 50, 44, 3, 42, 7, 2, 21, 8, 45, 20, 30, 29, 16, 35, 34, 49, 24, 6, 48, 39, 28, 12, 27, 13, 14, 52, 26, 47, 46, 36, 15, 38, 37, 9, 17, 18, 19, 40, 41, 10, 33, 11, 51, 5, 43, 32, 31, 22]

Individual 7:
  Route length: 14771
  Contribution to Diversity: 0.0641707373313567
  Route: [29, 44, 41, 31, 17, 9, 43, 10, 33, 5, 4, 15, 51, 11, 27, 47, 13, 52, 14, 12, 28, 26, 46, 25, 24, 6, 1, 20, 16, 2, 42, 7, 3, 23, 34, 39, 45, 8, 19, 18, 32, 40, 36, 38, 48, 37, 35, 50, 49, 30, 21, 22]

Individual 8:
  Route length: 14999
  Contribution to Diversity: 0.06147660834755175
  Route: [44, 24, 36, 37, 49, 34, 6, 23, 3, 48, 16, 46, 35, 1, 50, 5, 39, 19, 31, 38, 25, 51, 52, 14, 27, 28, 12, 11, 13, 26, 47, 4, 40, 9, 10, 33, 43, 15, 32, 45, 18, 21, 17, 30, 20, 29, 2, 7, 42, 41, 8, 22]

Individual 9:
  Route length: 15065
  Contribution to Diversity: 0.06429086666395811
  Route: [9, 48, 35, 33, 10, 8, 41, 42, 21, 31, 32, 6, 5, 4, 43, 30, 16, 36, 37, 46, 15, 25, 44, 34, 38, 45, 19, 17, 3, 7, 2, 18, 20, 50, 29, 47, 28, 26, 51, 11, 27, 52, 14, 13, 12, 24, 39, 40, 1, 49, 23, 22]

Total Entropy H: 5.665138894687752
