Individual 0:
  Route length: 22527
  Contribution to Diversity: 0.08067441690337684
  Route: [30, 29, 19, 9, 4, 25, 24, 45, 32, 14, 52, 23, 20, 10, 48, 38, 42, 8, 16, 3, 2, 7, 50, 21, 49, 13, 47, 26, 35, 44, 43, 5, 15, 6, 39, 36, 18, 37, 27, 28, 34, 51, 12, 40, 11, 33, 46, 17, 41, 1, 31, 22]

Individual 1:
  Route length: 22530
  Contribution to Diversity: 0.05368489706680357
  Route: [1, 50, 14, 44, 39, 40, 37, 46, 2, 18, 49, 3, 32, 43, 9, 10, 48, 51, 24, 27, 28, 12, 52, 16, 30, 11, 38, 29, 4, 25, 21, 42, 7, 5, 33, 36, 26, 34, 35, 23, 20, 47, 13, 45, 19, 41, 17, 8, 6, 15, 31, 22]

Individual 2:
  Route length: 22600
  Contribution to Diversity: 0.07889227549179889
  Route: [48, 24, 5, 15, 51, 46, 6, 4, 31, 49, 17, 30, 23, 16, 19, 42, 7, 9, 12, 11, 40, 35, 2, 41, 38, 33, 8, 10, 43, 52, 37, 1, 28, 26, 13, 47, 50, 29, 25, 32, 20, 18, 14, 27, 21, 39, 44, 34, 36, 45, 3, 22]

Individual 3:
  Route length: 22620
  Contribution to Diversity: 0.056312987574717255
  Route: [49, 1, 28, 12, 25, 5, 52, 13, 44, 47, 16, 35, 20, 32, 2, 30, 17, 21, 45, 43, 31, 23, 4, 29, 42, 7, 8, 37, 3, 18, 36, 24, 9, 14, 34, 46, 10, 33, 19, 41, 51, 15, 6, 39, 40, 11, 26, 27, 48, 38, 50, 22]

Individual 4:
  Route length: 22473
  Contribution to Diversity: 0.07184988902597844
  Route: [32, 16, 5, 25, 40, 46, 18, 24, 51, 44, 38, 9, 10, 43, 33, 52, 11, 1, 49, 31, 13, 28, 26, 14, 35, 50, 8, 41, 45, 39, 37, 30, 47, 15, 3, 42, 7, 20, 21, 17, 27, 4, 6, 48, 19, 34, 29, 2, 36, 23, 12, 22]

Individual 5:
  Route length: 22324
  Contribution to Diversity: 0.07855819856141899
  Route: [24, 14, 11, 52, 33, 25, 26, 51, 50, 29, 27, 28, 23, 6, 15, 5, 3, 16, 42, 7, 2, 10, 34, 47, 18, 30, 8, 41, 19, 17, 43, 9, 35, 20, 21, 12, 13, 32, 49, 40, 39, 38, 37, 4, 1, 48, 31, 36, 44, 46, 45, 22]

Individual 6:
  Route length: 22384
  Contribution to Diversity: 0.07199779814786123
  Route: [1, 41, 51, 27, 28, 12, 14, 7, 42, 21, 30, 23, 39, 36, 5, 50, 19, 3, 45, 38, 52, 13, 34, 25, 48, 24, 26, 47, 9, 35, 6, 15, 33, 37, 49, 20, 11, 18, 40, 31, 32, 2, 29, 4, 46, 16, 44, 8, 17, 10, 43, 22]

Individual 7:
  Route length: 22620
  Contribution to Diversity: 0.045916446341174755
  Route: [1, 49, 17, 27, 35, 34, 45, 36, 43, 38, 15, 6, 44, 46, 37, 8, 41, 19, 26, 32, 29, 47, 4, 51, 13, 48, 2, 30, 23, 20, 50, 40, 33, 21, 42, 7, 52, 11, 24, 5, 16, 10, 9, 14, 39, 25, 12, 28, 3, 18, 31, 22]

Individual 8:
  Route length: 21505
  Contribution to Diversity: 0.07221816060454511
  Route: [32, 49, 23, 26, 46, 16, 1, 20, 34, 2, 47, 28, 48, 43, 15, 37, 40, 39, 9, 3, 21, 17, 7, 44, 38, 29, 50, 12, 27, 52, 24, 51, 11, 14, 30, 31, 33, 10, 45, 13, 5, 25, 4, 6, 42, 18, 35, 8, 41, 19, 36, 22]

Individual 9:
  Route length: 21782
  Contribution to Diversity: 0.06039320660224856
  Route: [32, 49, 39, 45, 51, 12, 14, 30, 5, 28, 48, 24, 6, 17, 21, 18, 31, 8, 25, 36, 34, 35, 11, 52, 46, 15, 43, 33, 47, 13, 40, 37, 41, 3, 2, 29, 50, 20, 1, 9, 19, 10, 16, 26, 44, 27, 4, 7, 42, 23, 38, 22]

Total Entropy H: 5.8073193228830124
