Individual 0:
  Route length: 9370
  Contribution to Diversity: 0.0009289561603553764
  Route: [20, 50, 34, 35, 36, 39, 6, 15, 5, 24, 48, 38, 37, 44, 25, 4, 12, 28, 27, 26, 47, 13, 14, 52, 11, 51, 33, 43, 10, 9, 8, 41, 19, 45, 32, 49, 1, 46, 16, 29, 40, 42, 7, 2, 30, 23, 21, 17, 3, 18, 31, 22]

Individual 1:
  Route length: 9307
  Contribution to Diversity: 4.896421165057063e-05
  Route: [1, 49, 32, 45, 19, 41, 8, 9, 10, 43, 33, 25, 12, 28, 27, 26, 47, 13, 14, 52, 11, 51, 48, 24, 37, 38, 4, 6, 15, 5, 35, 36, 44, 34, 46, 16, 29, 50, 20, 39, 40, 30, 23, 2, 7, 42, 21, 17, 3, 18, 31, 22]

Individual 2:
  Route length: 9293
  Contribution to Diversity: 0.000515971979686114
  Route: [1, 49, 32, 45, 19, 41, 8, 9, 33, 10, 43, 5, 4, 25, 51, 11, 52, 14, 13, 47, 26, 27, 28, 12, 15, 6, 24, 48, 38, 37, 40, 39, 35, 34, 44, 46, 16, 29, 50, 20, 23, 3, 17, 21, 42, 7, 2, 30, 36, 18, 31, 22]

Individual 3:
  Route length: 9413
  Contribution to Diversity: 0.0016793506353716126
  Route: [1, 49, 23, 19, 18, 30, 7, 2, 42, 21, 17, 3, 32, 41, 8, 45, 9, 10, 43, 33, 51, 11, 52, 14, 13, 47, 26, 27, 28, 12, 25, 4, 6, 15, 5, 24, 38, 48, 46, 44, 34, 35, 36, 39, 40, 37, 16, 29, 50, 20, 31, 22]

Individual 4:
  Route length: 9408
  Contribution to Diversity: 8.315300992389751e-05
  Route: [1, 49, 32, 45, 8, 41, 19, 9, 10, 43, 28, 27, 26, 47, 13, 52, 14, 11, 51, 33, 48, 24, 5, 15, 6, 4, 25, 12, 46, 44, 38, 34, 35, 36, 39, 40, 37, 16, 29, 50, 20, 23, 30, 2, 7, 42, 21, 17, 3, 18, 31, 22]

Individual 5:
  Route length: 9368
  Contribution to Diversity: 0.0003479756386921551
  Route: [5, 24, 1, 44, 34, 36, 15, 6, 4, 33, 43, 10, 9, 8, 41, 19, 45, 49, 32, 39, 37, 40, 51, 11, 52, 14, 13, 47, 26, 27, 28, 12, 25, 35, 38, 48, 46, 16, 29, 50, 20, 23, 30, 2, 7, 42, 21, 17, 3, 18, 31, 22]

Individual 6:
  Route length: 9414
  Contribution to Diversity: 0.00016505423784529683
  Route: [1, 49, 32, 45, 19, 41, 8, 9, 10, 15, 33, 51, 11, 52, 14, 13, 47, 26, 27, 28, 12, 25, 4, 37, 40, 24, 48, 5, 6, 43, 29, 16, 46, 44, 34, 35, 36, 39, 38, 50, 20, 23, 30, 2, 7, 42, 21, 3, 17, 18, 31, 22]

Individual 7:
  Route length: 9391
  Contribution to Diversity: 0.00023814948951184078
  Route: [1, 49, 32, 45, 19, 41, 8, 9, 10, 43, 33, 51, 11, 52, 14, 13, 27, 47, 26, 38, 6, 15, 48, 24, 5, 20, 25, 12, 28, 4, 40, 37, 39, 36, 35, 34, 44, 46, 16, 29, 50, 23, 30, 2, 7, 42, 21, 17, 3, 18, 31, 22]

Individual 8:
  Route length: 9339
  Contribution to Diversity: 0.0001370487126068909
  Route: [45, 32, 49, 34, 44, 46, 16, 29, 50, 20, 23, 30, 7, 2, 42, 21, 17, 3, 18, 1, 10, 43, 15, 6, 35, 36, 40, 39, 38, 37, 48, 24, 5, 4, 25, 12, 28, 27, 26, 47, 13, 14, 52, 11, 51, 33, 9, 8, 41, 19, 31, 22]

Individual 9:
  Route length: 9167
  Contribution to Diversity: 0.001992177274065199
  Route: [45, 32, 1, 18, 49, 23, 20, 50, 29, 16, 46, 44, 34, 35, 36, 39, 38, 37, 40, 48, 24, 5, 15, 6, 4, 25, 12, 52, 14, 13, 47, 26, 27, 28, 11, 51, 33, 43, 10, 9, 8, 41, 19, 31, 3, 17, 21, 42, 2, 7, 30, 22]

Individual 10:
  Route length: 9365
  Contribution to Diversity: 0.0005383114039068104
  Route: [1, 49, 32, 45, 19, 41, 8, 9, 10, 43, 25, 4, 6, 15, 5, 40, 39, 37, 48, 24, 38, 47, 13, 14, 52, 11, 51, 33, 12, 28, 27, 26, 46, 16, 29, 44, 34, 35, 36, 3, 17, 21, 42, 7, 2, 30, 50, 20, 23, 18, 31, 22]

Individual 11:
  Route length: 9399
  Contribution to Diversity: 4.1811157123206044e-05
  Route: [1, 49, 32, 45, 19, 41, 8, 9, 10, 43, 33, 51, 11, 52, 14, 13, 27, 26, 47, 15, 6, 4, 28, 12, 25, 20, 5, 24, 40, 34, 48, 38, 37, 39, 36, 35, 44, 46, 16, 29, 50, 23, 30, 2, 7, 42, 21, 17, 3, 18, 31, 22]

Individual 12:
  Route length: 9320
  Contribution to Diversity: 0.0009854162293514435
  Route: [1, 49, 32, 17, 21, 42, 7, 2, 30, 29, 50, 20, 23, 16, 27, 26, 47, 13, 14, 52, 11, 51, 28, 12, 25, 4, 6, 15, 5, 24, 38, 48, 46, 44, 34, 35, 36, 39, 40, 37, 43, 33, 41, 19, 10, 9, 8, 45, 3, 18, 31, 22]

Individual 13:
  Route length: 9288
  Contribution to Diversity: 0.0005670935182164882
  Route: [39, 36, 35, 34, 44, 46, 43, 33, 51, 11, 52, 14, 13, 47, 26, 27, 28, 12, 25, 4, 6, 15, 5, 37, 38, 48, 24, 20, 23, 30, 1, 49, 32, 45, 19, 41, 8, 9, 10, 40, 16, 29, 50, 21, 42, 7, 2, 17, 3, 18, 31, 22]

Individual 14:
  Route length: 9349
  Contribution to Diversity: 0.0009730364348294884
  Route: [1, 49, 32, 45, 8, 41, 3, 17, 21, 42, 7, 2, 30, 23, 20, 50, 29, 16, 37, 40, 39, 36, 35, 34, 38, 44, 46, 48, 24, 15, 5, 12, 28, 27, 25, 4, 6, 26, 47, 13, 14, 52, 11, 51, 33, 43, 10, 9, 19, 18, 31, 22]

Individual 15:
  Route length: 9403
  Contribution to Diversity: 0.0020802840793816557
  Route: [1, 49, 32, 45, 25, 12, 28, 27, 26, 47, 13, 14, 52, 11, 51, 33, 43, 10, 9, 8, 41, 19, 36, 39, 40, 37, 6, 15, 5, 24, 48, 38, 4, 35, 44, 34, 23, 20, 30, 46, 16, 29, 50, 21, 42, 2, 7, 17, 3, 18, 31, 22]

Individual 16:
  Route length: 9226
  Contribution to Diversity: 0.000458944812062434
  Route: [44, 46, 16, 1, 31, 19, 41, 8, 9, 10, 45, 37, 38, 48, 24, 5, 15, 6, 4, 25, 12, 28, 27, 26, 47, 13, 14, 52, 11, 51, 33, 43, 40, 39, 36, 35, 34, 32, 49, 18, 20, 50, 29, 23, 30, 7, 2, 42, 21, 17, 3, 22]

Individual 17:
  Route length: 9421
  Contribution to Diversity: 0.0007777440479106446
  Route: [1, 49, 34, 44, 46, 16, 37, 40, 32, 35, 36, 24, 45, 19, 41, 8, 9, 10, 43, 33, 51, 11, 52, 14, 13, 47, 26, 27, 28, 12, 38, 48, 39, 15, 5, 6, 4, 25, 30, 23, 20, 50, 29, 2, 7, 42, 21, 17, 3, 18, 31, 22]

Individual 18:
  Route length: 9418
  Contribution to Diversity: 0.0013900272308084993
  Route: [41, 8, 45, 32, 49, 5, 24, 38, 6, 15, 1, 31, 18, 3, 17, 21, 42, 7, 2, 30, 23, 20, 50, 29, 16, 37, 40, 39, 44, 46, 48, 35, 34, 36, 4, 25, 12, 28, 27, 26, 47, 13, 14, 52, 11, 51, 33, 43, 10, 9, 19, 22]

Individual 19:
  Route length: 9403
  Contribution to Diversity: 0.00025601344566617
  Route: [1, 49, 32, 45, 19, 41, 8, 9, 10, 43, 33, 51, 11, 52, 14, 13, 27, 47, 26, 38, 6, 15, 48, 4, 28, 12, 25, 20, 5, 24, 40, 37, 39, 36, 35, 34, 44, 46, 16, 29, 50, 23, 30, 2, 7, 42, 21, 17, 3, 18, 31, 22]

Individual 20:
  Route length: 9288
  Contribution to Diversity: 0.0017933546238451115
  Route: [1, 5, 24, 31, 18, 3, 17, 21, 42, 7, 2, 30, 23, 20, 50, 29, 16, 46, 48, 38, 35, 36, 40, 37, 39, 32, 49, 44, 34, 4, 25, 12, 51, 11, 52, 13, 14, 47, 26, 27, 28, 6, 15, 33, 43, 10, 9, 8, 41, 19, 45, 22]

Individual 21:
  Route length: 9398
  Contribution to Diversity: 0.0006570974859352319
  Route: [45, 32, 49, 34, 44, 46, 16, 29, 50, 20, 23, 30, 7, 2, 42, 21, 17, 3, 18, 1, 10, 43, 15, 6, 37, 38, 39, 40, 36, 35, 5, 24, 48, 4, 25, 12, 28, 27, 26, 47, 13, 14, 52, 11, 51, 33, 9, 8, 41, 19, 31, 22]

Individual 22:
  Route length: 9400
  Contribution to Diversity: 0.0013690175432072849
  Route: [41, 8, 45, 1, 44, 38, 24, 15, 6, 4, 25, 12, 28, 27, 26, 47, 13, 14, 52, 11, 51, 33, 43, 10, 9, 19, 5, 32, 49, 40, 39, 36, 34, 35, 48, 46, 37, 16, 29, 50, 20, 23, 30, 2, 7, 42, 21, 17, 3, 18, 31, 22]

Individual 23:
  Route length: 9403
  Contribution to Diversity: 0.002415309398638321
  Route: [1, 49, 35, 34, 38, 44, 46, 6, 15, 32, 16, 20, 50, 29, 48, 24, 5, 4, 25, 12, 28, 27, 26, 47, 13, 14, 52, 11, 51, 33, 43, 10, 9, 19, 41, 8, 45, 36, 39, 40, 37, 18, 3, 17, 21, 42, 7, 2, 30, 23, 31, 22]

Individual 24:
  Route length: 9395
  Contribution to Diversity: 0.0013821034970886714
  Route: [20, 50, 29, 16, 37, 39, 36, 49, 6, 40, 32, 35, 1, 34, 44, 46, 5, 15, 38, 48, 24, 4, 25, 12, 28, 27, 26, 47, 13, 14, 52, 11, 51, 33, 43, 10, 9, 8, 41, 19, 45, 21, 17, 3, 42, 7, 2, 30, 23, 18, 31, 22]

Individual 25:
  Route length: 9288
  Contribution to Diversity: 0.0013603773929533602
  Route: [18, 31, 32, 6, 4, 25, 12, 28, 27, 26, 47, 13, 14, 52, 11, 51, 33, 43, 10, 9, 8, 41, 19, 45, 3, 17, 21, 42, 7, 2, 30, 23, 20, 50, 29, 34, 39, 49, 1, 5, 15, 46, 37, 36, 44, 35, 40, 24, 48, 38, 16, 22]

Individual 26:
  Route length: 9376
  Contribution to Diversity: 0.0005474188629417398
  Route: [32, 49, 1, 37, 48, 38, 24, 5, 15, 25, 4, 6, 51, 11, 52, 14, 13, 47, 26, 27, 28, 12, 33, 43, 10, 9, 8, 41, 19, 45, 40, 39, 36, 35, 34, 44, 46, 16, 29, 17, 2, 7, 42, 21, 31, 50, 20, 23, 30, 18, 3, 22]

Individual 27:
  Route length: 9416
  Contribution to Diversity: 0.0015367255247387135
  Route: [18, 31, 32, 46, 44, 49, 1, 20, 23, 30, 2, 7, 42, 21, 17, 3, 45, 19, 41, 8, 9, 10, 43, 33, 51, 11, 52, 14, 13, 47, 26, 27, 28, 12, 24, 25, 29, 50, 16, 5, 15, 6, 4, 37, 38, 48, 35, 36, 39, 40, 34, 22]

Individual 28:
  Route length: 9412
  Contribution to Diversity: 0.0003191946917429078
  Route: [1, 20, 50, 29, 16, 46, 44, 34, 31, 32, 39, 37, 40, 51, 11, 52, 14, 13, 47, 26, 27, 28, 12, 25, 4, 6, 15, 33, 43, 10, 9, 8, 41, 19, 45, 49, 36, 35, 38, 48, 5, 24, 18, 3, 17, 21, 42, 7, 2, 30, 23, 22]

Individual 29:
  Route length: 9216
  Contribution to Diversity: 0.00016379072985639453
  Route: [18, 31, 32, 46, 5, 40, 23, 20, 30, 2, 7, 42, 21, 17, 3, 45, 19, 41, 8, 9, 10, 43, 33, 51, 11, 52, 14, 13, 47, 26, 27, 28, 12, 25, 4, 6, 15, 50, 29, 16, 44, 49, 1, 35, 36, 38, 37, 48, 24, 39, 34, 22]

Individual 30:
  Route length: 9411
  Contribution to Diversity: 0.0008561708232761589
  Route: [1, 49, 32, 39, 6, 4, 13, 14, 52, 11, 51, 47, 26, 27, 28, 12, 25, 46, 44, 34, 36, 35, 38, 5, 45, 19, 41, 8, 9, 10, 43, 33, 15, 24, 48, 37, 40, 16, 29, 50, 20, 23, 30, 2, 7, 42, 21, 17, 3, 18, 31, 22]

Individual 31:
  Route length: 9075
  Contribution to Diversity: 0.0010011404672294333
  Route: [1, 49, 32, 44, 34, 25, 12, 28, 27, 26, 47, 13, 14, 52, 11, 51, 33, 43, 10, 9, 8, 41, 19, 36, 45, 35, 4, 6, 15, 5, 24, 48, 38, 37, 40, 39, 46, 16, 29, 50, 30, 20, 23, 7, 2, 42, 21, 17, 3, 18, 31, 22]

Individual 32:
  Route length: 9306
  Contribution to Diversity: 0.00015143786094995448
  Route: [1, 16, 29, 50, 20, 23, 30, 2, 7, 42, 17, 3, 46, 44, 34, 5, 15, 38, 37, 39, 36, 35, 32, 40, 6, 49, 48, 24, 4, 25, 12, 28, 27, 26, 47, 13, 14, 52, 11, 51, 33, 43, 10, 9, 8, 41, 19, 45, 21, 31, 18, 22]

Individual 33:
  Route length: 9345
  Contribution to Diversity: 0.0017629743813127874
  Route: [46, 34, 35, 36, 1, 49, 32, 45, 19, 41, 8, 9, 33, 10, 43, 5, 4, 25, 51, 11, 52, 14, 13, 47, 26, 27, 28, 12, 15, 6, 24, 48, 38, 37, 40, 39, 23, 20, 50, 29, 16, 44, 30, 2, 7, 42, 21, 17, 3, 18, 31, 22]

Individual 34:
  Route length: 9343
  Contribution to Diversity: 0.0007184021394106566
  Route: [23, 30, 2, 7, 42, 21, 17, 3, 45, 19, 41, 8, 9, 10, 43, 33, 51, 11, 52, 14, 13, 47, 26, 27, 28, 12, 25, 24, 48, 38, 37, 40, 36, 46, 4, 15, 5, 6, 1, 49, 39, 20, 50, 29, 44, 16, 18, 31, 32, 35, 34, 22]

Individual 35:
  Route length: 9374
  Contribution to Diversity: 0.0014565482331994062
  Route: [1, 49, 32, 45, 19, 41, 8, 9, 10, 43, 33, 51, 11, 52, 14, 13, 47, 26, 27, 28, 12, 4, 34, 44, 46, 15, 5, 6, 38, 37, 25, 24, 35, 48, 16, 29, 50, 20, 36, 39, 40, 30, 23, 2, 7, 42, 21, 17, 3, 18, 31, 22]

Individual 36:
  Route length: 9141
  Contribution to Diversity: 0
  Route: [1, 49, 32, 45, 19, 41, 8, 9, 10, 15, 33, 51, 11, 52, 14, 13, 47, 26, 27, 28, 12, 25, 4, 46, 16, 29, 24, 48, 5, 6, 43, 37, 40, 38, 39, 36, 35, 34, 44, 50, 20, 23, 30, 2, 7, 42, 21, 3, 17, 18, 31, 22]

Individual 37:
  Route length: 9275
  Contribution to Diversity: 0.00015417051959776273
  Route: [1, 40, 37, 24, 48, 44, 34, 36, 35, 46, 16, 38, 5, 15, 6, 4, 25, 12, 28, 27, 26, 47, 13, 14, 52, 11, 51, 39, 32, 45, 19, 41, 8, 9, 10, 43, 33, 49, 31, 18, 3, 17, 21, 42, 7, 2, 30, 29, 50, 20, 23, 22]

Individual 38:
  Route length: 9340
  Contribution to Diversity: 0.00044839303103039185
  Route: [1, 49, 19, 45, 40, 51, 11, 52, 14, 13, 47, 26, 27, 28, 12, 25, 4, 6, 15, 38, 37, 48, 24, 5, 39, 36, 35, 34, 44, 46, 16, 29, 50, 20, 23, 30, 2, 7, 42, 21, 32, 43, 33, 10, 9, 8, 41, 31, 3, 17, 18, 22]

Individual 39:
  Route length: 9275
  Contribution to Diversity: 0.00017044483626627027
  Route: [49, 1, 4, 25, 32, 19, 45, 41, 8, 9, 10, 43, 33, 51, 11, 52, 14, 13, 47, 26, 27, 28, 12, 6, 15, 5, 24, 48, 38, 39, 36, 35, 34, 44, 46, 40, 37, 20, 23, 31, 18, 3, 17, 21, 42, 7, 2, 30, 50, 16, 29, 22]

Individual 40:
  Route length: 9390
  Contribution to Diversity: 0.0011270124556554961
  Route: [49, 34, 35, 36, 39, 38, 48, 24, 5, 15, 6, 12, 28, 27, 26, 47, 13, 14, 52, 11, 51, 33, 43, 10, 9, 8, 41, 45, 19, 32, 25, 4, 1, 44, 46, 40, 37, 20, 23, 31, 18, 3, 17, 21, 42, 7, 2, 30, 50, 16, 29, 22]

Individual 41:
  Route length: 9386
  Contribution to Diversity: 0.00039005526418289804
  Route: [1, 49, 32, 45, 19, 41, 8, 10, 9, 43, 33, 12, 28, 27, 26, 47, 13, 14, 52, 11, 51, 6, 4, 25, 15, 5, 24, 48, 38, 37, 40, 29, 16, 46, 44, 34, 35, 36, 39, 17, 2, 7, 42, 21, 31, 50, 20, 23, 30, 18, 3, 22]

Individual 42:
  Route length: 9371
  Contribution to Diversity: 0
  Route: [4, 25, 15, 5, 24, 48, 37, 43, 33, 12, 28, 27, 26, 47, 13, 14, 52, 11, 51, 6, 36, 35, 34, 44, 46, 39, 40, 38, 16, 29, 50, 20, 23, 30, 2, 7, 42, 21, 17, 3, 18, 31, 1, 49, 32, 45, 19, 41, 8, 9, 10, 22]

Individual 43:
  Route length: 9337
  Contribution to Diversity: 0
  Route: [1, 49, 39, 32, 45, 19, 41, 8, 9, 10, 43, 33, 40, 37, 24, 25, 12, 28, 27, 26, 47, 13, 14, 52, 11, 51, 44, 34, 35, 36, 46, 16, 38, 48, 5, 15, 6, 4, 23, 20, 50, 29, 30, 2, 7, 42, 21, 17, 3, 18, 31, 22]

Individual 44:
  Route length: 9395
  Contribution to Diversity: 0.0008993197450184454
  Route: [1, 40, 35, 36, 24, 48, 44, 34, 37, 16, 46, 38, 5, 15, 6, 4, 25, 12, 28, 27, 26, 47, 13, 14, 52, 11, 51, 39, 32, 45, 19, 41, 8, 9, 10, 43, 33, 49, 31, 18, 3, 17, 21, 42, 7, 2, 30, 29, 50, 20, 23, 22]

Individual 45:
  Route length: 9330
  Contribution to Diversity: 0
  Route: [36, 35, 34, 44, 46, 16, 29, 50, 20, 23, 30, 2, 7, 42, 21, 17, 3, 18, 31, 1, 49, 32, 45, 19, 41, 8, 10, 9, 15, 5, 24, 48, 25, 4, 28, 12, 51, 11, 52, 14, 13, 47, 26, 27, 6, 33, 43, 37, 38, 40, 39, 22]

Individual 46:
  Route length: 9265
  Contribution to Diversity: 0
  Route: [1, 37, 23, 20, 50, 30, 2, 7, 42, 21, 17, 45, 19, 41, 8, 32, 49, 35, 36, 39, 40, 24, 48, 38, 29, 16, 46, 44, 34, 5, 15, 6, 4, 25, 12, 28, 27, 26, 47, 13, 14, 52, 11, 51, 33, 43, 10, 9, 3, 18, 31, 22]

Individual 47:
  Route length: 9041
  Contribution to Diversity: 0
  Route: [17, 3, 45, 19, 41, 8, 9, 10, 43, 33, 51, 11, 52, 14, 13, 47, 26, 27, 28, 12, 25, 4, 6, 32, 31, 18, 21, 42, 7, 2, 30, 23, 20, 50, 29, 44, 34, 38, 48, 24, 15, 5, 1, 49, 39, 40, 37, 46, 16, 36, 35, 22]

Individual 48:
  Route length: 9391
  Contribution to Diversity: 0.0013660285300236552
  Route: [17, 3, 45, 8, 41, 19, 10, 9, 43, 33, 51, 11, 52, 14, 13, 47, 26, 27, 28, 12, 25, 4, 6, 32, 31, 18, 21, 42, 7, 2, 30, 23, 20, 50, 29, 44, 46, 37, 40, 39, 49, 1, 5, 15, 24, 48, 38, 34, 35, 36, 16, 22]

Individual 49:
  Route length: 9229
  Contribution to Diversity: 0
  Route: [4, 25, 15, 48, 37, 38, 40, 39, 5, 24, 43, 33, 12, 28, 27, 26, 47, 13, 14, 52, 11, 51, 6, 36, 35, 34, 44, 46, 16, 29, 50, 20, 23, 30, 2, 7, 42, 21, 17, 3, 18, 31, 1, 49, 32, 45, 19, 41, 8, 9, 10, 22]

Individual 50:
  Route length: 9373
  Contribution to Diversity: 0
  Route: [4, 48, 15, 25, 24, 5, 39, 40, 38, 37, 43, 33, 12, 28, 27, 26, 47, 13, 14, 52, 11, 51, 6, 36, 35, 34, 44, 46, 16, 29, 50, 20, 23, 30, 2, 7, 42, 21, 17, 3, 18, 31, 1, 49, 32, 45, 19, 41, 8, 9, 10, 22]

Individual 51:
  Route length: 9339
  Contribution to Diversity: 0.0008329805130555812
  Route: [1, 16, 29, 50, 20, 23, 30, 2, 7, 42, 17, 3, 46, 6, 49, 37, 38, 15, 5, 34, 44, 39, 36, 35, 32, 40, 48, 24, 4, 25, 12, 28, 27, 26, 47, 13, 14, 52, 11, 51, 33, 43, 10, 9, 8, 41, 19, 45, 21, 31, 18, 22]

Individual 52:
  Route length: 8951
  Contribution to Diversity: 0
  Route: [36, 35, 34, 44, 46, 16, 29, 50, 20, 23, 30, 2, 7, 42, 21, 17, 3, 18, 31, 1, 49, 32, 45, 19, 41, 8, 9, 10, 48, 24, 5, 15, 4, 25, 37, 43, 33, 12, 28, 27, 26, 47, 13, 14, 52, 11, 51, 6, 38, 40, 39, 22]

Individual 53:
  Route length: 9109
  Contribution to Diversity: 0
  Route: [1, 49, 37, 40, 39, 15, 48, 5, 24, 36, 35, 6, 4, 25, 12, 28, 27, 46, 44, 34, 38, 32, 45, 19, 41, 8, 9, 10, 43, 33, 51, 11, 52, 14, 13, 47, 26, 16, 29, 50, 20, 23, 30, 2, 7, 42, 21, 17, 3, 18, 31, 22]

Individual 54:
  Route length: 9318
  Contribution to Diversity: 0.0011652187971371575
  Route: [44, 46, 16, 1, 31, 19, 41, 8, 9, 10, 45, 37, 39, 40, 43, 33, 51, 11, 52, 14, 13, 47, 26, 27, 28, 12, 25, 4, 6, 15, 5, 24, 48, 38, 36, 35, 34, 32, 49, 18, 50, 20, 23, 29, 30, 7, 2, 42, 21, 17, 3, 22]

Individual 55:
  Route length: 9397
  Contribution to Diversity: 0
  Route: [4, 48, 15, 25, 24, 5, 39, 6, 51, 11, 52, 14, 13, 47, 26, 27, 28, 12, 33, 43, 37, 38, 40, 35, 36, 34, 44, 46, 16, 29, 50, 20, 23, 30, 2, 7, 42, 21, 17, 3, 18, 31, 1, 49, 32, 45, 19, 41, 8, 9, 10, 22]

Individual 56:
  Route length: 8976
  Contribution to Diversity: 0
  Route: [1, 49, 35, 36, 39, 40, 37, 38, 32, 45, 19, 41, 8, 9, 10, 43, 33, 51, 11, 52, 14, 13, 47, 26, 27, 28, 12, 25, 4, 6, 5, 15, 24, 48, 34, 44, 46, 16, 18, 31, 21, 17, 3, 29, 42, 7, 2, 30, 23, 20, 50, 22]

Individual 57:
  Route length: 9226
  Contribution to Diversity: 0
  Route: [1, 49, 44, 35, 15, 5, 24, 48, 38, 37, 40, 6, 4, 25, 12, 33, 51, 11, 52, 14, 13, 47, 26, 27, 28, 46, 32, 18, 31, 16, 29, 50, 20, 23, 30, 2, 7, 42, 21, 17, 3, 45, 19, 41, 8, 9, 10, 43, 39, 36, 34, 22]

Individual 58:
  Route length: 9214
  Contribution to Diversity: 0.0010798400619451698
  Route: [1, 49, 32, 5, 15, 40, 37, 35, 44, 34, 46, 48, 38, 24, 39, 36, 6, 4, 25, 12, 28, 27, 26, 47, 13, 14, 52, 11, 51, 43, 33, 10, 9, 45, 8, 41, 19, 23, 20, 50, 29, 16, 30, 2, 7, 42, 21, 17, 3, 18, 31, 22]

Individual 59:
  Route length: 9346
  Contribution to Diversity: 0.00039701773776190663
  Route: [18, 31, 32, 6, 4, 25, 12, 28, 27, 26, 47, 13, 14, 52, 11, 51, 33, 43, 10, 9, 8, 41, 19, 45, 3, 17, 21, 42, 7, 2, 30, 23, 20, 50, 29, 15, 5, 49, 1, 39, 40, 46, 37, 36, 44, 35, 34, 38, 48, 24, 16, 22]

Individual 60:
  Route length: 9309
  Contribution to Diversity: 0.0008554692983766543
  Route: [45, 32, 1, 18, 49, 23, 31, 19, 41, 8, 9, 10, 43, 33, 51, 11, 52, 14, 13, 47, 26, 27, 28, 48, 24, 5, 15, 6, 4, 25, 12, 40, 37, 38, 39, 36, 35, 34, 44, 46, 16, 29, 50, 20, 30, 7, 2, 42, 21, 17, 3, 22]

Individual 61:
  Route length: 9103
  Contribution to Diversity: 0
  Route: [1, 40, 37, 36, 46, 16, 38, 51, 11, 52, 14, 13, 47, 26, 27, 28, 12, 25, 4, 6, 15, 5, 48, 24, 33, 43, 10, 9, 8, 41, 19, 45, 32, 39, 44, 34, 35, 49, 31, 18, 3, 17, 21, 42, 7, 2, 30, 29, 50, 20, 23, 22]

Individual 62:
  Route length: 9332
  Contribution to Diversity: 0.0002738573290805846
  Route: [36, 32, 49, 1, 31, 18, 3, 17, 21, 42, 7, 2, 30, 23, 20, 50, 29, 16, 46, 44, 34, 35, 37, 25, 4, 15, 5, 24, 48, 10, 9, 8, 41, 19, 45, 43, 33, 6, 51, 11, 52, 14, 13, 47, 26, 27, 28, 12, 38, 40, 39, 22]

Individual 63:
  Route length: 9416
  Contribution to Diversity: 0.0006521713310139177
  Route: [1, 49, 32, 45, 19, 41, 8, 9, 10, 43, 33, 51, 11, 52, 14, 13, 47, 26, 27, 28, 12, 4, 34, 44, 46, 38, 37, 25, 24, 5, 15, 16, 29, 50, 20, 6, 48, 35, 36, 39, 40, 30, 23, 2, 7, 42, 21, 17, 3, 18, 31, 22]

Individual 64:
  Route length: 9304
  Contribution to Diversity: 0.0005635982985854326
  Route: [36, 35, 34, 1, 31, 18, 3, 17, 21, 42, 7, 2, 30, 23, 20, 50, 29, 16, 46, 44, 37, 43, 33, 6, 51, 11, 52, 14, 13, 47, 26, 27, 28, 12, 4, 25, 48, 24, 5, 15, 9, 10, 8, 41, 19, 45, 32, 49, 38, 40, 39, 22]

Individual 65:
  Route length: 9347
  Contribution to Diversity: 0.0006862242261744811
  Route: [45, 32, 49, 18, 1, 31, 19, 41, 8, 37, 35, 34, 40, 39, 36, 9, 10, 43, 33, 51, 11, 52, 14, 13, 47, 26, 27, 28, 12, 25, 4, 6, 15, 5, 24, 38, 48, 46, 44, 16, 29, 50, 20, 23, 30, 7, 2, 42, 21, 17, 3, 22]

Individual 66:
  Route length: 9344
  Contribution to Diversity: 3.235447220539811e-05
  Route: [18, 31, 32, 46, 5, 40, 23, 20, 30, 2, 7, 42, 21, 17, 3, 45, 19, 41, 8, 9, 10, 43, 33, 51, 11, 52, 14, 13, 47, 26, 27, 28, 12, 25, 4, 6, 15, 50, 29, 16, 1, 49, 44, 24, 48, 37, 38, 36, 35, 39, 34, 22]

Individual 67:
  Route length: 9407
  Contribution to Diversity: 0
  Route: [18, 31, 32, 46, 5, 1, 49, 44, 16, 29, 50, 15, 6, 39, 40, 23, 20, 30, 2, 7, 42, 21, 17, 3, 45, 19, 41, 8, 9, 10, 43, 33, 51, 11, 52, 14, 13, 47, 26, 27, 28, 12, 25, 4, 24, 48, 37, 38, 36, 35, 34, 22]

Individual 68:
  Route length: 9405
  Contribution to Diversity: 0.0009761596779700454
  Route: [1, 48, 38, 24, 5, 15, 32, 49, 44, 34, 46, 35, 37, 40, 39, 36, 6, 4, 25, 12, 28, 27, 26, 47, 13, 14, 52, 11, 51, 43, 33, 10, 9, 45, 8, 41, 19, 23, 20, 50, 29, 16, 30, 2, 7, 42, 21, 17, 3, 18, 31, 22]

Individual 69:
  Route length: 9108
  Contribution to Diversity: 0.00027727930401066914
  Route: [45, 19, 41, 8, 9, 10, 43, 33, 51, 11, 52, 14, 13, 47, 26, 27, 28, 12, 25, 4, 5, 15, 38, 48, 46, 44, 34, 24, 6, 40, 32, 35, 36, 39, 37, 16, 29, 50, 20, 49, 1, 31, 18, 23, 30, 2, 7, 42, 3, 17, 21, 22]

Individual 70:
  Route length: 9384
  Contribution to Diversity: 0.0006716492449925227
  Route: [1, 37, 23, 20, 50, 30, 2, 7, 42, 21, 17, 45, 19, 41, 8, 32, 49, 35, 36, 40, 39, 38, 48, 24, 6, 15, 5, 34, 44, 46, 29, 16, 4, 25, 12, 28, 27, 26, 47, 13, 14, 52, 11, 51, 33, 43, 10, 9, 3, 18, 31, 22]

Individual 71:
  Route length: 9186
  Contribution to Diversity: 0
  Route: [41, 8, 45, 1, 49, 32, 5, 19, 9, 10, 43, 33, 51, 11, 52, 14, 13, 47, 26, 27, 28, 12, 25, 4, 6, 15, 24, 38, 44, 46, 48, 35, 34, 36, 39, 40, 37, 16, 29, 50, 20, 23, 30, 2, 7, 42, 21, 17, 3, 18, 31, 22]

Individual 72:
  Route length: 9395
  Contribution to Diversity: 0.00034458068139375797
  Route: [1, 49, 44, 35, 15, 5, 24, 48, 38, 37, 40, 6, 4, 25, 12, 33, 51, 11, 52, 14, 13, 47, 26, 27, 28, 46, 32, 18, 3, 17, 21, 42, 7, 2, 30, 23, 20, 50, 29, 16, 31, 34, 36, 39, 43, 10, 9, 8, 41, 19, 45, 22]

Individual 73:
  Route length: 9360
  Contribution to Diversity: 0.0002995607789175736
  Route: [1, 49, 32, 15, 5, 24, 38, 48, 46, 44, 34, 6, 36, 39, 40, 37, 35, 4, 25, 12, 28, 27, 26, 47, 13, 14, 52, 11, 51, 43, 33, 10, 9, 45, 8, 41, 19, 23, 20, 50, 29, 16, 30, 2, 7, 42, 21, 17, 3, 18, 31, 22]

Individual 74:
  Route length: 9035
  Contribution to Diversity: 0
  Route: [23, 30, 2, 7, 42, 21, 17, 3, 45, 19, 41, 8, 9, 10, 43, 33, 51, 11, 52, 14, 13, 47, 26, 27, 28, 12, 25, 4, 6, 15, 5, 24, 48, 38, 37, 40, 36, 46, 1, 49, 39, 20, 50, 29, 44, 16, 18, 31, 32, 35, 34, 22]

Individual 75:
  Route length: 9399
  Contribution to Diversity: 0.0018777671056460221
  Route: [1, 16, 29, 30, 23, 20, 50, 45, 19, 41, 8, 9, 10, 43, 33, 51, 11, 52, 14, 13, 47, 26, 27, 28, 12, 25, 4, 24, 48, 39, 36, 35, 32, 40, 6, 49, 37, 38, 15, 5, 34, 44, 46, 3, 17, 42, 7, 2, 21, 31, 18, 22]

Individual 76:
  Route length: 9247
  Contribution to Diversity: 0
  Route: [1, 49, 32, 45, 19, 41, 8, 9, 10, 33, 15, 29, 16, 46, 4, 25, 12, 28, 27, 26, 47, 13, 14, 52, 11, 51, 24, 48, 5, 6, 43, 37, 40, 38, 39, 36, 35, 34, 44, 50, 20, 23, 30, 2, 7, 42, 21, 3, 17, 18, 31, 22]

Individual 77:
  Route length: 9249
  Contribution to Diversity: 0
  Route: [18, 31, 32, 46, 5, 40, 23, 20, 30, 2, 7, 42, 21, 17, 3, 45, 19, 41, 8, 9, 10, 43, 33, 51, 11, 52, 14, 13, 47, 26, 27, 28, 12, 25, 4, 6, 15, 50, 29, 16, 1, 49, 44, 24, 48, 38, 37, 39, 35, 36, 34, 22]

Individual 78:
  Route length: 9358
  Contribution to Diversity: 0.0007185615718556804
  Route: [32, 49, 1, 37, 34, 35, 36, 39, 40, 24, 48, 15, 25, 12, 28, 27, 26, 47, 13, 14, 52, 11, 51, 33, 43, 6, 38, 4, 17, 21, 42, 7, 2, 30, 23, 20, 50, 29, 16, 46, 44, 5, 45, 19, 41, 8, 9, 10, 3, 18, 31, 22]

Individual 79:
  Route length: 9354
  Contribution to Diversity: 0.0014094727596694057
  Route: [18, 31, 32, 5, 15, 29, 50, 20, 23, 30, 2, 7, 42, 21, 17, 3, 45, 19, 41, 8, 9, 10, 43, 33, 51, 11, 52, 14, 13, 47, 26, 27, 28, 12, 25, 4, 6, 48, 38, 34, 35, 44, 36, 37, 46, 40, 39, 1, 49, 24, 16, 22]

Individual 80:
  Route length: 9323
  Contribution to Diversity: 0
  Route: [1, 37, 23, 20, 50, 30, 2, 7, 42, 21, 17, 19, 45, 41, 8, 32, 49, 35, 36, 39, 40, 24, 48, 38, 29, 16, 46, 44, 34, 5, 15, 6, 4, 25, 12, 28, 27, 26, 47, 13, 14, 52, 11, 51, 33, 43, 10, 9, 3, 18, 31, 22]

Individual 81:
  Route length: 9190
  Contribution to Diversity: 0.0005290856925892484
  Route: [18, 31, 32, 40, 5, 46, 36, 35, 1, 49, 44, 16, 29, 50, 15, 6, 4, 25, 12, 28, 27, 26, 47, 13, 14, 52, 11, 51, 33, 43, 10, 9, 8, 41, 19, 45, 3, 17, 21, 42, 7, 2, 30, 20, 23, 38, 37, 48, 24, 39, 34, 22]

Individual 82:
  Route length: 9324
  Contribution to Diversity: 0
  Route: [1, 49, 35, 36, 39, 40, 37, 38, 32, 45, 19, 41, 8, 9, 10, 43, 33, 51, 11, 52, 14, 13, 47, 26, 27, 28, 12, 25, 4, 6, 5, 15, 3, 17, 21, 31, 18, 16, 46, 44, 34, 48, 24, 50, 20, 23, 30, 2, 7, 42, 29, 22]

Individual 83:
  Route length: 9300
  Contribution to Diversity: 0.001557270698472557
  Route: [1, 16, 29, 50, 20, 23, 30, 2, 7, 42, 17, 3, 46, 44, 34, 5, 15, 39, 36, 32, 35, 40, 6, 45, 19, 41, 8, 9, 10, 43, 33, 51, 11, 52, 14, 13, 47, 26, 27, 28, 12, 25, 4, 24, 48, 38, 37, 49, 31, 21, 18, 22]

Individual 84:
  Route length: 9386
  Contribution to Diversity: 0.00011252087244262299
  Route: [18, 31, 21, 42, 7, 2, 30, 20, 23, 40, 5, 46, 32, 17, 3, 45, 19, 41, 8, 9, 10, 43, 33, 51, 11, 52, 14, 13, 47, 26, 27, 28, 12, 25, 4, 6, 15, 50, 29, 16, 1, 49, 44, 24, 48, 38, 37, 39, 35, 36, 34, 22]

Individual 85:
  Route length: 9209
  Contribution to Diversity: 0.0011850319072861382
  Route: [45, 19, 41, 8, 9, 10, 43, 33, 51, 11, 52, 14, 13, 47, 26, 27, 28, 12, 25, 4, 5, 15, 38, 48, 46, 6, 24, 34, 44, 32, 40, 35, 36, 39, 37, 16, 29, 50, 20, 49, 1, 31, 18, 23, 30, 2, 7, 42, 3, 17, 21, 22]

Individual 86:
  Route length: 9236
  Contribution to Diversity: 0.001688180961739505
  Route: [49, 34, 35, 36, 39, 38, 48, 24, 5, 15, 6, 12, 28, 27, 26, 47, 13, 14, 52, 11, 51, 33, 43, 10, 9, 8, 41, 45, 19, 32, 44, 1, 4, 25, 37, 40, 46, 20, 23, 31, 18, 3, 17, 21, 42, 7, 2, 30, 50, 16, 29, 22]

Individual 87:
  Route length: 9414
  Contribution to Diversity: 0.0011309404683874646
  Route: [1, 49, 32, 45, 19, 41, 8, 9, 33, 10, 43, 4, 5, 48, 38, 37, 40, 39, 23, 20, 50, 29, 16, 46, 44, 34, 35, 24, 6, 15, 12, 28, 27, 26, 47, 13, 14, 52, 11, 51, 25, 36, 30, 2, 7, 42, 21, 17, 3, 18, 31, 22]

Individual 88:
  Route length: 9239
  Contribution to Diversity: 0.0012930807860023208
  Route: [18, 31, 32, 39, 40, 37, 38, 48, 24, 16, 29, 50, 20, 23, 30, 21, 42, 7, 2, 17, 3, 45, 19, 41, 8, 10, 9, 33, 43, 44, 49, 1, 5, 15, 6, 4, 25, 12, 28, 27, 26, 47, 13, 14, 52, 11, 51, 46, 34, 35, 36, 22]

Individual 89:
  Route length: 9419
  Contribution to Diversity: 0.0021574362536131986
  Route: [44, 46, 16, 1, 31, 19, 41, 8, 9, 10, 45, 37, 24, 5, 15, 6, 4, 25, 12, 28, 27, 26, 47, 13, 14, 52, 11, 51, 33, 43, 40, 39, 38, 48, 36, 35, 34, 32, 49, 18, 50, 20, 23, 29, 30, 7, 2, 42, 21, 17, 3, 22]

Individual 90:
  Route length: 9388
  Contribution to Diversity: 0.0013410789747929641
  Route: [1, 49, 32, 45, 19, 41, 8, 9, 10, 43, 33, 51, 11, 52, 14, 28, 27, 26, 47, 13, 4, 39, 48, 38, 37, 24, 6, 15, 5, 40, 36, 35, 34, 44, 25, 12, 46, 16, 50, 29, 23, 20, 30, 2, 7, 42, 21, 17, 3, 18, 31, 22]

Individual 91:
  Route length: 9277
  Contribution to Diversity: 0.00014520642274540307
  Route: [32, 49, 1, 37, 34, 35, 36, 40, 39, 44, 46, 16, 29, 50, 20, 23, 30, 2, 7, 42, 21, 17, 4, 38, 6, 43, 33, 51, 11, 52, 14, 13, 47, 26, 27, 28, 12, 25, 15, 48, 24, 5, 45, 19, 41, 8, 9, 10, 3, 18, 31, 22]

Individual 92:
  Route length: 9256
  Contribution to Diversity: 0.001315308133630566
  Route: [5, 24, 1, 44, 34, 36, 15, 6, 40, 37, 39, 32, 49, 45, 19, 41, 8, 9, 10, 43, 33, 4, 28, 27, 26, 47, 13, 14, 52, 11, 51, 12, 25, 35, 38, 48, 46, 16, 29, 50, 20, 23, 30, 2, 7, 42, 21, 17, 3, 18, 31, 22]

Individual 93:
  Route length: 9317
  Contribution to Diversity: 0.0014424325549597938
  Route: [1, 49, 19, 45, 40, 38, 15, 6, 4, 25, 12, 28, 27, 26, 47, 13, 14, 52, 11, 51, 24, 48, 37, 5, 39, 36, 35, 34, 44, 46, 16, 29, 50, 20, 23, 30, 2, 7, 42, 21, 32, 43, 33, 10, 9, 8, 41, 31, 3, 17, 18, 22]

Individual 94:
  Route length: 9424
  Contribution to Diversity: 0.0017898220153060862
  Route: [49, 34, 35, 36, 39, 38, 48, 24, 5, 15, 6, 1, 44, 32, 19, 45, 41, 8, 9, 10, 43, 33, 51, 11, 52, 14, 13, 47, 26, 27, 28, 12, 46, 40, 37, 25, 4, 20, 23, 31, 18, 3, 17, 21, 42, 7, 2, 30, 50, 16, 29, 22]

Individual 95:
  Route length: 9408
  Contribution to Diversity: 3.647240588833256e-05
  Route: [23, 30, 2, 7, 42, 21, 17, 3, 45, 19, 41, 8, 9, 10, 43, 33, 51, 11, 52, 14, 13, 47, 26, 27, 28, 12, 25, 4, 6, 15, 5, 24, 48, 38, 37, 40, 36, 46, 1, 49, 39, 20, 50, 31, 18, 16, 44, 29, 32, 35, 34, 22]

Individual 96:
  Route length: 9217
  Contribution to Diversity: 0
  Route: [36, 35, 34, 24, 5, 15, 9, 10, 8, 41, 19, 45, 32, 49, 1, 31, 18, 3, 17, 21, 42, 7, 2, 30, 23, 20, 50, 29, 16, 46, 44, 37, 43, 33, 6, 51, 11, 52, 14, 13, 47, 26, 27, 28, 12, 4, 25, 48, 38, 40, 39, 22]

Individual 97:
  Route length: 9347
  Contribution to Diversity: 0.000618140257683919
  Route: [1, 49, 32, 45, 19, 41, 8, 9, 10, 15, 38, 40, 37, 43, 6, 5, 48, 24, 29, 16, 46, 4, 25, 12, 28, 27, 26, 47, 13, 14, 52, 11, 51, 33, 34, 35, 36, 39, 44, 50, 20, 23, 30, 2, 7, 42, 21, 3, 17, 18, 31, 22]

Individual 98:
  Route length: 9406
  Contribution to Diversity: 0.0010697866885625018
  Route: [1, 40, 38, 16, 46, 36, 37, 26, 47, 13, 14, 52, 11, 51, 27, 28, 12, 25, 4, 6, 15, 5, 48, 24, 33, 43, 10, 9, 8, 41, 19, 45, 32, 39, 44, 34, 35, 49, 31, 18, 3, 17, 21, 42, 7, 2, 30, 29, 50, 20, 23, 22]

Individual 99:
  Route length: 9392
  Contribution to Diversity: 0.0006741647158374775
  Route: [37, 45, 10, 9, 8, 41, 19, 31, 1, 16, 46, 44, 34, 35, 36, 39, 40, 43, 33, 51, 11, 52, 14, 13, 47, 26, 27, 28, 12, 25, 4, 6, 15, 5, 24, 48, 38, 32, 49, 18, 50, 20, 23, 29, 30, 7, 2, 42, 21, 17, 3, 22]

Total Entropy H: 4.941454841530831
