Individual 0:
  Route length: 12810
  Contribution to Diversity: 0.0004638837309434152
  Route: [7, 2, 30, 23, 20, 50, 29, 16, 44, 46, 15, 6, 4, 36, 35, 34, 5, 24, 18, 9, 10, 43, 33, 51, 11, 52, 14, 13, 1, 48, 3, 17, 21, 42, 38, 37, 40, 39, 12, 47, 26, 27, 28, 25, 49, 32, 45, 19, 41, 8, 31, 22]

Individual 1:
  Route length: 16749
  Contribution to Diversity: 0.0016666231568134293
  Route: [8, 41, 19, 45, 32, 49, 1, 23, 28, 44, 27, 2, 7, 42, 15, 5, 24, 48, 38, 37, 40, 39, 36, 35, 34, 20, 9, 10, 26, 47, 13, 46, 16, 29, 50, 52, 11, 51, 33, 43, 30, 14, 12, 25, 4, 6, 3, 17, 21, 18, 31, 22]

Individual 2:
  Route length: 15557
  Contribution to Diversity: 0.0020388965980995266
  Route: [1, 49, 32, 28, 27, 26, 47, 42, 21, 17, 39, 40, 37, 38, 35, 36, 33, 51, 11, 52, 14, 13, 9, 8, 41, 15, 5, 43, 34, 30, 2, 7, 20, 19, 45, 24, 48, 10, 25, 12, 50, 29, 16, 46, 44, 4, 6, 23, 3, 18, 31, 22]

Individual 3:
  Route length: 20974
  Contribution to Diversity: 0.001650957070125969
  Route: [1, 49, 32, 12, 14, 29, 16, 46, 35, 34, 44, 8, 9, 10, 28, 11, 7, 19, 45, 31, 18, 3, 51, 33, 17, 27, 26, 47, 13, 43, 48, 24, 5, 15, 6, 4, 52, 2, 30, 23, 20, 50, 21, 38, 37, 40, 39, 36, 41, 42, 25, 22]

Individual 4:
  Route length: 12049
  Contribution to Diversity: 0.0005994687227648399
  Route: [1, 49, 38, 48, 32, 34, 37, 45, 19, 41, 8, 9, 10, 43, 33, 6, 15, 5, 40, 31, 18, 3, 27, 28, 42, 7, 2, 30, 23, 20, 50, 29, 16, 46, 26, 47, 13, 14, 52, 11, 51, 12, 25, 4, 21, 17, 44, 24, 39, 36, 35, 22]

Individual 5:
  Route length: 17595
  Contribution to Diversity: 0.0011656855289654544
  Route: [16, 29, 50, 20, 23, 43, 33, 51, 48, 24, 5, 15, 19, 52, 9, 28, 27, 14, 13, 47, 26, 45, 10, 31, 18, 3, 17, 21, 42, 7, 2, 41, 8, 32, 49, 1, 4, 6, 30, 11, 35, 36, 39, 40, 37, 38, 34, 44, 46, 25, 12, 22]

Individual 6:
  Route length: 17008
  Contribution to Diversity: 0.0017185356291467002
  Route: [39, 36, 35, 34, 15, 47, 1, 44, 16, 46, 40, 49, 32, 38, 28, 5, 24, 48, 6, 26, 27, 13, 14, 52, 9, 10, 42, 4, 25, 12, 29, 50, 20, 23, 30, 2, 7, 37, 51, 11, 31, 18, 3, 17, 21, 45, 33, 43, 19, 41, 8, 22]

Individual 7:
  Route length: 15662
  Contribution to Diversity: 0.0010982923689892843
  Route: [1, 13, 20, 45, 32, 49, 25, 28, 27, 26, 47, 10, 9, 8, 41, 19, 11, 51, 33, 43, 52, 14, 42, 7, 2, 30, 46, 15, 6, 4, 36, 37, 38, 48, 24, 5, 34, 35, 40, 39, 12, 23, 50, 29, 16, 44, 21, 17, 3, 18, 31, 22]

Individual 8:
  Route length: 21671
  Contribution to Diversity: 0.0010037222246062072
  Route: [1, 49, 32, 9, 7, 2, 30, 11, 52, 14, 3, 23, 13, 10, 43, 5, 38, 48, 24, 20, 6, 50, 41, 19, 36, 35, 26, 27, 28, 12, 25, 4, 21, 17, 51, 8, 33, 42, 45, 47, 15, 40, 37, 34, 44, 46, 16, 29, 39, 18, 31, 22]

Individual 9:
  Route length: 15836
  Contribution to Diversity: 0.0009702698712263924
  Route: [1, 49, 32, 45, 19, 41, 8, 5, 24, 12, 28, 27, 26, 21, 48, 33, 43, 10, 9, 46, 44, 34, 35, 36, 42, 25, 51, 11, 52, 47, 13, 14, 31, 18, 3, 17, 29, 7, 15, 6, 4, 38, 37, 40, 39, 2, 30, 23, 20, 50, 16, 22]

Individual 10:
  Route length: 18096
  Contribution to Diversity: 0.0007472895610858288
  Route: [1, 9, 34, 35, 18, 3, 17, 21, 48, 24, 44, 46, 8, 41, 19, 45, 32, 7, 2, 26, 47, 13, 14, 27, 49, 11, 38, 37, 40, 39, 36, 51, 33, 43, 10, 5, 15, 6, 4, 25, 12, 28, 42, 52, 30, 23, 20, 50, 29, 16, 31, 22]

Individual 11:
  Route length: 21572
  Contribution to Diversity: 0.0009221522431168694
  Route: [1, 49, 32, 4, 6, 50, 20, 24, 48, 38, 5, 43, 10, 13, 23, 3, 14, 52, 11, 30, 2, 7, 9, 27, 28, 12, 25, 26, 35, 36, 39, 17, 21, 41, 19, 45, 47, 15, 40, 44, 34, 37, 29, 16, 46, 42, 33, 8, 51, 18, 31, 22]

Individual 12:
  Route length: 19800
  Contribution to Diversity: 0.00021673014540191105
  Route: [1, 30, 2, 7, 9, 32, 49, 10, 13, 23, 3, 14, 52, 11, 43, 5, 38, 48, 24, 20, 50, 6, 4, 25, 12, 28, 27, 26, 35, 36, 39, 17, 21, 41, 19, 45, 47, 15, 40, 37, 34, 44, 46, 16, 29, 42, 33, 8, 51, 18, 31, 22]

Individual 13:
  Route length: 18421
  Contribution to Diversity: 0.0015144963346847007
  Route: [14, 52, 11, 51, 33, 36, 35, 34, 44, 46, 16, 29, 50, 21, 5, 15, 43, 1, 6, 17, 39, 40, 37, 10, 2, 23, 42, 7, 49, 30, 4, 13, 41, 19, 45, 24, 48, 38, 47, 26, 27, 28, 12, 25, 8, 9, 32, 20, 3, 18, 31, 22]

Individual 14:
  Route length: 21932
  Contribution to Diversity: 0.0020199690272608706
  Route: [1, 49, 32, 10, 13, 23, 3, 14, 52, 11, 30, 2, 7, 9, 50, 6, 20, 24, 48, 38, 5, 43, 41, 19, 36, 35, 26, 27, 28, 12, 25, 4, 21, 17, 39, 29, 16, 46, 44, 34, 37, 40, 15, 47, 45, 42, 33, 8, 51, 18, 31, 22]

Individual 15:
  Route length: 20403
  Contribution to Diversity: 0.0019046515255114471
  Route: [1, 49, 3, 18, 31, 45, 19, 7, 11, 28, 10, 9, 8, 44, 34, 35, 46, 16, 29, 14, 12, 32, 30, 23, 20, 50, 21, 17, 27, 26, 47, 13, 43, 33, 51, 2, 52, 4, 6, 15, 5, 24, 48, 38, 37, 40, 39, 36, 41, 42, 25, 22]

Individual 16:
  Route length: 17599
  Contribution to Diversity: 0.0019744948677375973
  Route: [16, 29, 50, 20, 23, 43, 33, 51, 48, 24, 5, 15, 19, 52, 9, 28, 27, 14, 13, 26, 47, 35, 11, 30, 6, 4, 1, 49, 32, 8, 41, 2, 7, 42, 21, 17, 3, 18, 31, 10, 45, 36, 39, 40, 37, 38, 34, 44, 46, 25, 12, 22]

Individual 17:
  Route length: 16923
  Contribution to Diversity: 0.0022379874216875706
  Route: [6, 4, 38, 37, 40, 39, 50, 20, 41, 23, 30, 2, 7, 8, 3, 18, 31, 1, 49, 32, 45, 19, 16, 47, 13, 14, 9, 10, 43, 33, 51, 11, 52, 17, 29, 46, 44, 34, 35, 36, 42, 25, 12, 28, 27, 26, 21, 48, 24, 5, 15, 22]

Individual 18:
  Route length: 16495
  Contribution to Diversity: 0.0012065952388828904
  Route: [3, 18, 1, 47, 13, 26, 27, 28, 12, 25, 40, 37, 38, 44, 46, 48, 24, 5, 15, 34, 35, 36, 39, 17, 21, 16, 49, 14, 29, 50, 20, 7, 2, 30, 23, 6, 32, 45, 52, 11, 33, 43, 19, 41, 8, 9, 10, 42, 4, 51, 31, 22]

Individual 19:
  Route length: 15996
  Contribution to Diversity: 0.0007571902422105481
  Route: [1, 49, 19, 41, 8, 9, 10, 43, 33, 32, 34, 35, 2, 30, 40, 37, 38, 39, 5, 15, 6, 4, 25, 12, 28, 45, 44, 14, 52, 11, 51, 27, 26, 23, 7, 46, 13, 47, 48, 24, 3, 16, 29, 50, 20, 36, 17, 21, 42, 18, 31, 22]

Individual 20:
  Route length: 13527
  Contribution to Diversity: 0.0009908661416471176
  Route: [1, 49, 32, 45, 19, 41, 8, 9, 10, 46, 16, 23, 30, 20, 29, 28, 12, 25, 47, 13, 14, 52, 11, 51, 33, 43, 40, 37, 38, 48, 24, 36, 5, 42, 35, 34, 44, 21, 17, 2, 7, 15, 4, 6, 27, 26, 39, 50, 3, 18, 31, 22]

Individual 21:
  Route length: 18198
  Contribution to Diversity: 0.0009006792790646756
  Route: [1, 43, 15, 5, 21, 50, 29, 16, 46, 44, 34, 35, 36, 33, 51, 11, 52, 14, 13, 30, 49, 7, 10, 2, 23, 42, 26, 47, 38, 48, 24, 45, 40, 39, 17, 6, 4, 25, 37, 27, 28, 12, 19, 41, 8, 9, 32, 20, 3, 18, 31, 22]

Individual 22:
  Route length: 18402
  Contribution to Diversity: 0
  Route: [34, 40, 37, 38, 5, 24, 48, 6, 23, 30, 2, 7, 20, 50, 29, 14, 49, 32, 45, 52, 11, 4, 25, 12, 28, 44, 46, 16, 21, 17, 13, 47, 1, 18, 3, 43, 19, 41, 8, 9, 10, 42, 35, 36, 39, 26, 27, 15, 33, 51, 31, 22]

Individual 23:
  Route length: 16103
  Contribution to Diversity: 0
  Route: [1, 49, 32, 45, 19, 41, 8, 9, 2, 30, 23, 20, 50, 26, 47, 34, 16, 29, 10, 11, 51, 33, 43, 12, 28, 48, 40, 37, 38, 35, 36, 39, 27, 21, 17, 3, 18, 46, 44, 5, 15, 6, 4, 25, 52, 14, 13, 24, 42, 7, 31, 22]

Individual 24:
  Route length: 15850
  Contribution to Diversity: 0
  Route: [1, 49, 32, 40, 37, 38, 48, 42, 21, 17, 3, 5, 15, 6, 4, 46, 44, 34, 35, 36, 39, 18, 31, 7, 2, 50, 20, 23, 45, 19, 41, 51, 25, 12, 28, 27, 52, 11, 8, 16, 33, 43, 10, 9, 29, 24, 14, 13, 47, 26, 30, 22]

Individual 25:
  Route length: 19085
  Contribution to Diversity: 0
  Route: [1, 13, 47, 46, 36, 35, 49, 6, 4, 25, 51, 33, 43, 10, 9, 11, 34, 52, 28, 27, 26, 5, 24, 17, 3, 14, 8, 12, 16, 29, 50, 20, 23, 30, 44, 21, 48, 38, 37, 40, 39, 41, 19, 45, 32, 42, 7, 2, 15, 18, 31, 22]

Individual 26:
  Route length: 14942
  Contribution to Diversity: 0.0029859251127755115
  Route: [1, 49, 32, 45, 19, 39, 12, 43, 33, 51, 11, 10, 9, 8, 41, 18, 3, 17, 42, 21, 23, 44, 46, 16, 29, 50, 20, 4, 6, 15, 30, 2, 7, 27, 28, 5, 24, 48, 26, 47, 36, 35, 38, 37, 40, 34, 25, 52, 14, 13, 31, 22]

Individual 27:
  Route length: 15204
  Contribution to Diversity: 0
  Route: [1, 49, 6, 15, 5, 26, 47, 13, 14, 52, 11, 51, 33, 32, 25, 4, 43, 10, 9, 8, 39, 45, 17, 27, 28, 12, 3, 16, 21, 24, 48, 38, 37, 40, 41, 19, 7, 42, 46, 44, 34, 35, 36, 2, 30, 23, 20, 50, 29, 31, 18, 22]

Individual 28:
  Route length: 16207
  Contribution to Diversity: 0.00031083347115146154
  Route: [3, 18, 1, 47, 13, 26, 27, 28, 12, 25, 36, 39, 17, 21, 16, 46, 44, 38, 37, 40, 42, 10, 9, 8, 41, 19, 43, 33, 11, 52, 45, 32, 49, 14, 29, 50, 20, 7, 2, 30, 23, 6, 48, 24, 5, 15, 34, 35, 4, 51, 31, 22]

Individual 29:
  Route length: 19225
  Contribution to Diversity: 0
  Route: [1, 13, 47, 46, 36, 35, 49, 6, 4, 25, 51, 33, 43, 10, 9, 11, 34, 52, 3, 17, 24, 5, 26, 27, 28, 44, 21, 48, 38, 37, 40, 39, 41, 19, 45, 32, 42, 7, 2, 30, 23, 20, 50, 29, 16, 12, 8, 14, 15, 18, 31, 22]

Individual 30:
  Route length: 16241
  Contribution to Diversity: 0.002463052136464583
  Route: [39, 36, 35, 34, 15, 47, 1, 44, 38, 6, 48, 17, 37, 40, 46, 16, 8, 9, 10, 25, 4, 41, 43, 19, 45, 32, 49, 29, 50, 20, 23, 30, 2, 7, 42, 28, 12, 5, 24, 33, 21, 51, 11, 52, 14, 13, 27, 26, 3, 18, 31, 22]

Individual 31:
  Route length: 19060
  Contribution to Diversity: 0.0006711754280139814
  Route: [1, 49, 32, 45, 19, 3, 27, 15, 6, 4, 46, 44, 34, 35, 36, 39, 18, 31, 26, 40, 37, 28, 12, 25, 51, 41, 50, 2, 7, 29, 24, 5, 38, 48, 42, 21, 13, 14, 52, 47, 16, 33, 43, 10, 9, 8, 11, 17, 20, 23, 30, 22]

Individual 32:
  Route length: 16701
  Contribution to Diversity: 0
  Route: [1, 49, 32, 40, 37, 38, 48, 42, 21, 17, 8, 11, 52, 27, 28, 12, 25, 51, 41, 19, 45, 23, 20, 50, 2, 7, 31, 18, 39, 36, 35, 34, 44, 46, 4, 6, 15, 5, 3, 10, 43, 33, 16, 9, 29, 24, 14, 13, 47, 26, 30, 22]

Individual 33:
  Route length: 15866
  Contribution to Diversity: 0
  Route: [1, 49, 32, 45, 19, 3, 27, 28, 12, 25, 51, 41, 21, 17, 20, 23, 30, 34, 44, 46, 4, 6, 15, 5, 35, 36, 39, 18, 31, 7, 2, 50, 38, 48, 42, 37, 40, 26, 47, 13, 14, 52, 11, 8, 9, 10, 43, 33, 16, 29, 24, 22]

Individual 34:
  Route length: 12934
  Contribution to Diversity: 0
  Route: [1, 37, 38, 48, 15, 6, 49, 5, 26, 47, 13, 14, 52, 11, 51, 33, 32, 45, 19, 41, 40, 39, 8, 9, 10, 43, 4, 25, 12, 28, 27, 17, 3, 16, 21, 24, 36, 35, 34, 44, 46, 42, 7, 2, 30, 23, 20, 50, 29, 31, 18, 22]

Individual 35:
  Route length: 16502
  Contribution to Diversity: 0.002389394855465632
  Route: [9, 35, 36, 39, 40, 37, 38, 12, 25, 50, 29, 34, 44, 10, 43, 33, 51, 11, 52, 14, 13, 21, 42, 32, 45, 19, 41, 8, 23, 30, 2, 7, 49, 20, 3, 17, 18, 48, 24, 5, 15, 6, 4, 1, 46, 28, 47, 16, 31, 26, 27, 22]

Individual 36:
  Route length: 14509
  Contribution to Diversity: 0.0002508588858161076
  Route: [1, 49, 36, 39, 12, 28, 27, 26, 3, 50, 20, 13, 14, 52, 11, 38, 48, 24, 5, 15, 6, 4, 47, 17, 8, 35, 34, 44, 46, 51, 33, 43, 10, 9, 41, 19, 45, 32, 21, 23, 30, 2, 7, 42, 18, 31, 25, 29, 16, 37, 40, 22]

Individual 37:
  Route length: 19071
  Contribution to Diversity: 0.002972986120784782
  Route: [1, 23, 3, 18, 31, 30, 14, 52, 11, 51, 33, 42, 29, 16, 46, 44, 34, 2, 7, 47, 45, 8, 9, 32, 49, 50, 6, 4, 25, 12, 28, 41, 19, 38, 48, 24, 20, 13, 10, 43, 5, 27, 26, 37, 40, 15, 21, 17, 39, 36, 35, 22]

Individual 38:
  Route length: 17532
  Contribution to Diversity: 0.0038046363505399583
  Route: [9, 35, 36, 39, 40, 37, 38, 12, 25, 50, 29, 34, 44, 10, 43, 33, 19, 45, 32, 42, 21, 13, 14, 52, 11, 51, 41, 8, 23, 30, 2, 7, 49, 20, 3, 17, 18, 48, 24, 5, 15, 6, 4, 1, 46, 28, 47, 16, 31, 26, 27, 22]

Individual 39:
  Route length: 17288
  Contribution to Diversity: 0
  Route: [1, 49, 32, 33, 43, 10, 9, 15, 6, 4, 25, 12, 28, 45, 19, 41, 8, 37, 38, 30, 2, 35, 34, 44, 14, 52, 11, 27, 51, 17, 3, 16, 29, 50, 20, 36, 39, 40, 5, 24, 48, 47, 13, 46, 7, 23, 26, 21, 42, 18, 31, 22]

Individual 40:
  Route length: 18622
  Contribution to Diversity: 0.0020080953559444836
  Route: [1, 43, 15, 34, 44, 46, 16, 29, 50, 21, 5, 49, 30, 13, 14, 52, 11, 51, 33, 36, 35, 7, 10, 2, 23, 42, 26, 47, 38, 48, 24, 45, 40, 39, 17, 6, 4, 25, 37, 27, 28, 12, 19, 41, 8, 9, 32, 20, 3, 18, 31, 22]

Individual 41:
  Route length: 16471
  Contribution to Diversity: 0
  Route: [1, 23, 20, 50, 37, 8, 41, 9, 10, 43, 33, 51, 32, 49, 27, 26, 47, 38, 16, 46, 44, 34, 35, 36, 39, 24, 48, 7, 42, 21, 13, 11, 52, 14, 2, 29, 28, 5, 15, 6, 30, 40, 12, 25, 4, 45, 19, 17, 3, 18, 31, 22]

Individual 42:
  Route length: 19098
  Contribution to Diversity: 0.0008197419998046129
  Route: [1, 49, 32, 45, 19, 3, 27, 15, 6, 4, 46, 44, 34, 35, 36, 39, 18, 31, 26, 40, 37, 28, 12, 25, 51, 52, 14, 13, 21, 42, 48, 38, 5, 24, 29, 7, 2, 50, 41, 11, 8, 9, 10, 43, 33, 16, 47, 17, 20, 23, 30, 22]

Individual 43:
  Route length: 17920
  Contribution to Diversity: 0.0007829569169723882
  Route: [1, 49, 32, 33, 43, 10, 9, 15, 6, 4, 25, 12, 28, 45, 36, 20, 50, 29, 16, 3, 17, 51, 27, 11, 52, 14, 44, 34, 35, 2, 30, 38, 37, 8, 41, 19, 24, 5, 40, 39, 48, 47, 13, 46, 7, 23, 26, 21, 42, 18, 31, 22]

Individual 44:
  Route length: 15736
  Contribution to Diversity: 0
  Route: [1, 49, 32, 51, 33, 43, 10, 9, 41, 8, 37, 50, 20, 23, 30, 6, 15, 5, 28, 29, 2, 14, 52, 11, 13, 21, 42, 7, 48, 24, 39, 36, 35, 34, 44, 16, 46, 40, 27, 26, 47, 38, 12, 25, 4, 45, 19, 17, 3, 18, 31, 22]

Individual 45:
  Route length: 17842
  Contribution to Diversity: 0.004491636344849503
  Route: [39, 36, 35, 34, 15, 47, 1, 44, 38, 6, 48, 17, 37, 2, 30, 23, 20, 50, 29, 49, 32, 45, 19, 43, 41, 4, 25, 10, 9, 8, 16, 46, 40, 21, 33, 24, 5, 12, 28, 42, 7, 51, 11, 52, 14, 13, 27, 26, 3, 18, 31, 22]

Individual 46:
  Route length: 18119
  Contribution to Diversity: 0
  Route: [1, 49, 32, 33, 43, 10, 9, 15, 6, 4, 25, 12, 28, 45, 13, 47, 48, 24, 5, 40, 39, 36, 20, 50, 29, 16, 3, 17, 51, 27, 11, 52, 14, 44, 34, 35, 2, 30, 38, 37, 8, 41, 19, 46, 7, 23, 26, 21, 42, 18, 31, 22]

Individual 47:
  Route length: 18880
  Contribution to Diversity: 0.0028467418600399697
  Route: [1, 41, 42, 25, 19, 45, 7, 2, 30, 23, 20, 50, 21, 17, 27, 26, 47, 9, 10, 28, 11, 52, 4, 6, 15, 5, 24, 48, 38, 37, 40, 39, 36, 8, 44, 34, 35, 46, 16, 29, 14, 12, 32, 49, 31, 18, 3, 51, 33, 43, 13, 22]

Individual 48:
  Route length: 18703
  Contribution to Diversity: 9.989281684852358e-05
  Route: [1, 13, 47, 46, 36, 12, 8, 14, 3, 17, 24, 5, 26, 27, 28, 52, 34, 11, 9, 10, 43, 33, 51, 25, 4, 6, 49, 35, 29, 16, 50, 20, 23, 30, 2, 7, 42, 32, 45, 19, 41, 39, 40, 37, 38, 48, 21, 44, 15, 18, 31, 22]

Individual 49:
  Route length: 19574
  Contribution to Diversity: 0
  Route: [1, 52, 14, 30, 2, 7, 47, 45, 19, 41, 8, 9, 32, 49, 39, 17, 21, 15, 11, 51, 36, 35, 34, 44, 46, 16, 40, 37, 38, 33, 42, 29, 12, 25, 4, 6, 50, 20, 24, 48, 28, 27, 26, 5, 43, 10, 13, 23, 3, 18, 31, 22]

Individual 50:
  Route length: 15979
  Contribution to Diversity: 0.004653058317900083
  Route: [1, 49, 32, 36, 35, 34, 19, 45, 16, 29, 50, 39, 44, 11, 51, 33, 43, 10, 9, 8, 41, 37, 38, 48, 30, 20, 23, 40, 28, 12, 25, 4, 6, 15, 5, 24, 2, 14, 13, 47, 26, 27, 46, 31, 18, 3, 17, 21, 42, 7, 52, 22]

Individual 51:
  Route length: 20648
  Contribution to Diversity: 0.0003338849545961864
  Route: [1, 13, 48, 21, 44, 28, 27, 26, 5, 24, 17, 3, 52, 34, 11, 9, 10, 43, 33, 51, 25, 4, 6, 49, 35, 36, 46, 47, 45, 19, 41, 39, 40, 37, 38, 32, 42, 7, 2, 30, 23, 20, 50, 29, 16, 12, 8, 14, 15, 18, 31, 22]

Individual 52:
  Route length: 17940
  Contribution to Diversity: 0
  Route: [1, 49, 32, 9, 8, 41, 19, 45, 47, 7, 2, 30, 14, 52, 28, 12, 25, 4, 6, 50, 20, 24, 48, 36, 44, 46, 16, 29, 42, 15, 21, 17, 39, 38, 37, 40, 34, 35, 13, 23, 3, 18, 31, 11, 51, 33, 10, 43, 5, 26, 27, 22]

Individual 53:
  Route length: 17404
  Contribution to Diversity: 0
  Route: [1, 49, 32, 45, 19, 41, 8, 9, 2, 30, 23, 20, 50, 26, 44, 46, 18, 3, 17, 21, 27, 39, 36, 35, 38, 37, 40, 48, 28, 12, 43, 33, 51, 11, 10, 29, 16, 34, 47, 31, 7, 42, 24, 13, 14, 52, 25, 4, 6, 15, 5, 22]

Individual 54:
  Route length: 12426
  Contribution to Diversity: 0.00011002426082029615
  Route: [1, 49, 36, 35, 39, 32, 48, 38, 37, 40, 4, 25, 12, 51, 20, 50, 29, 16, 26, 47, 13, 14, 52, 11, 24, 44, 46, 34, 41, 19, 45, 27, 28, 5, 15, 10, 9, 8, 43, 33, 6, 23, 30, 2, 7, 42, 21, 17, 3, 18, 31, 22]

Individual 55:
  Route length: 19038
  Contribution to Diversity: 0
  Route: [1, 52, 14, 30, 2, 7, 47, 45, 32, 9, 8, 41, 19, 35, 36, 51, 11, 15, 21, 17, 39, 49, 34, 44, 46, 16, 29, 42, 33, 38, 37, 40, 48, 24, 20, 50, 6, 4, 25, 12, 28, 27, 26, 5, 43, 10, 13, 23, 3, 18, 31, 22]

Individual 56:
  Route length: 14604
  Contribution to Diversity: 0
  Route: [1, 49, 36, 39, 12, 28, 50, 20, 13, 14, 52, 11, 34, 35, 8, 17, 21, 27, 26, 47, 4, 6, 15, 5, 24, 48, 38, 29, 18, 31, 25, 23, 30, 2, 7, 42, 3, 32, 45, 19, 41, 9, 10, 43, 33, 51, 46, 44, 16, 37, 40, 22]

Individual 57:
  Route length: 15936
  Contribution to Diversity: 0.001308300778110727
  Route: [1, 9, 34, 35, 32, 19, 45, 28, 12, 25, 4, 6, 15, 36, 51, 33, 43, 10, 5, 8, 46, 44, 24, 48, 38, 37, 40, 39, 41, 18, 3, 17, 21, 42, 7, 2, 26, 47, 13, 14, 27, 49, 11, 52, 30, 23, 20, 50, 29, 16, 31, 22]

Individual 58:
  Route length: 15892
  Contribution to Diversity: 0
  Route: [1, 49, 6, 15, 5, 26, 47, 13, 14, 52, 24, 48, 38, 37, 40, 41, 19, 7, 42, 46, 44, 34, 35, 36, 2, 30, 8, 9, 10, 43, 4, 25, 12, 28, 27, 17, 3, 16, 21, 39, 45, 32, 33, 51, 11, 20, 23, 50, 29, 31, 18, 22]

Individual 59:
  Route length: 13509
  Contribution to Diversity: 0.0012760390209631822
  Route: [1, 6, 4, 36, 37, 38, 32, 45, 20, 44, 16, 29, 50, 23, 12, 39, 40, 35, 34, 5, 24, 48, 41, 19, 47, 26, 27, 28, 25, 49, 8, 9, 10, 43, 33, 51, 11, 52, 14, 13, 31, 18, 3, 17, 21, 42, 7, 2, 30, 46, 15, 22]

Individual 60:
  Route length: 18051
  Contribution to Diversity: 0
  Route: [34, 40, 37, 38, 5, 24, 48, 6, 16, 46, 44, 28, 12, 25, 4, 11, 52, 45, 32, 49, 14, 29, 50, 20, 7, 2, 30, 23, 1, 47, 13, 17, 21, 18, 3, 43, 19, 41, 8, 9, 10, 42, 35, 36, 39, 26, 27, 15, 33, 51, 31, 22]

Individual 61:
  Route length: 21924
  Contribution to Diversity: 0.003651941255975899
  Route: [1, 49, 32, 12, 27, 17, 33, 51, 3, 18, 31, 45, 19, 7, 11, 28, 10, 9, 8, 44, 34, 35, 46, 16, 29, 14, 48, 43, 13, 47, 26, 24, 5, 15, 6, 4, 52, 2, 30, 23, 20, 50, 21, 38, 37, 40, 39, 36, 41, 42, 25, 22]

Individual 62:
  Route length: 17034
  Contribution to Diversity: 0
  Route: [1, 49, 32, 45, 19, 41, 8, 9, 2, 23, 30, 10, 29, 16, 34, 47, 26, 50, 20, 11, 51, 33, 43, 12, 28, 48, 40, 37, 38, 35, 36, 39, 27, 21, 17, 3, 18, 46, 44, 5, 15, 6, 4, 25, 52, 14, 13, 24, 42, 7, 31, 22]

Individual 63:
  Route length: 15743
  Contribution to Diversity: 0.0006894163648007989
  Route: [1, 49, 36, 39, 12, 28, 50, 34, 11, 52, 14, 13, 20, 41, 19, 45, 32, 3, 42, 7, 2, 30, 23, 25, 31, 18, 29, 38, 48, 24, 5, 15, 6, 4, 47, 26, 27, 21, 17, 8, 35, 9, 10, 43, 33, 51, 46, 44, 16, 37, 40, 22]

Individual 64:
  Route length: 16028
  Contribution to Diversity: 0
  Route: [1, 49, 32, 45, 19, 3, 27, 28, 12, 25, 51, 41, 21, 17, 20, 23, 30, 34, 44, 46, 4, 6, 15, 42, 48, 38, 50, 2, 7, 31, 18, 39, 36, 35, 5, 37, 40, 26, 47, 13, 14, 52, 11, 8, 9, 10, 43, 33, 16, 29, 24, 22]

Individual 65:
  Route length: 22225
  Contribution to Diversity: 0.0025957326252932234
  Route: [1, 49, 32, 4, 45, 19, 41, 21, 17, 39, 36, 35, 26, 25, 12, 28, 27, 9, 7, 2, 30, 11, 52, 14, 3, 23, 13, 10, 43, 5, 38, 48, 24, 20, 50, 6, 18, 51, 8, 33, 42, 46, 16, 29, 37, 34, 44, 40, 15, 47, 31, 22]

Individual 66:
  Route length: 18569
  Contribution to Diversity: 0.00098938788782732
  Route: [34, 40, 37, 38, 5, 24, 52, 11, 4, 25, 12, 28, 44, 46, 16, 6, 48, 17, 13, 47, 1, 23, 30, 2, 7, 20, 50, 29, 14, 49, 32, 45, 21, 18, 3, 43, 19, 41, 8, 9, 10, 42, 35, 36, 39, 26, 27, 15, 33, 51, 31, 22]

Individual 67:
  Route length: 13126
  Contribution to Diversity: 0.001476057061214675
  Route: [1, 49, 51, 12, 25, 4, 40, 37, 38, 48, 32, 39, 35, 36, 6, 33, 8, 43, 24, 15, 5, 28, 27, 45, 19, 10, 9, 44, 46, 34, 41, 11, 52, 14, 13, 47, 26, 16, 29, 50, 20, 23, 30, 2, 7, 42, 21, 17, 3, 18, 31, 22]

Individual 68:
  Route length: 20563
  Contribution to Diversity: 0.00037332815700175104
  Route: [1, 13, 47, 46, 36, 35, 49, 6, 4, 25, 51, 33, 43, 10, 9, 11, 34, 52, 3, 5, 24, 17, 7, 42, 32, 45, 19, 41, 39, 40, 37, 38, 48, 21, 44, 28, 27, 26, 2, 30, 23, 20, 50, 29, 16, 12, 8, 14, 15, 18, 31, 22]

Individual 69:
  Route length: 17229
  Contribution to Diversity: 0.002929527902930218
  Route: [1, 49, 28, 5, 27, 40, 12, 25, 4, 13, 38, 48, 24, 39, 45, 19, 41, 8, 15, 6, 11, 52, 14, 9, 26, 47, 10, 43, 33, 51, 32, 37, 50, 20, 23, 30, 2, 7, 42, 21, 36, 35, 34, 44, 46, 16, 29, 17, 3, 18, 31, 22]

Individual 70:
  Route length: 18252
  Contribution to Diversity: 0.0005092210577037903
  Route: [1, 49, 32, 45, 19, 3, 18, 46, 44, 26, 50, 20, 23, 30, 2, 9, 8, 41, 35, 36, 39, 27, 21, 17, 38, 37, 40, 48, 28, 12, 43, 33, 51, 11, 10, 29, 16, 34, 47, 31, 7, 42, 24, 13, 14, 52, 25, 4, 6, 15, 5, 22]

Individual 71:
  Route length: 13886
  Contribution to Diversity: 0.002195796389505844
  Route: [1, 49, 51, 12, 25, 4, 40, 37, 38, 48, 32, 39, 35, 14, 52, 11, 41, 34, 46, 44, 24, 15, 5, 28, 27, 45, 19, 10, 9, 8, 43, 33, 6, 36, 16, 26, 47, 13, 29, 50, 20, 23, 30, 2, 7, 42, 21, 17, 3, 18, 31, 22]

Individual 72:
  Route length: 18906
  Contribution to Diversity: 0.00010073058002557644
  Route: [1, 49, 32, 34, 40, 37, 38, 39, 17, 21, 15, 42, 29, 16, 46, 44, 33, 51, 11, 31, 18, 3, 23, 9, 8, 41, 19, 45, 47, 7, 2, 30, 14, 48, 36, 35, 24, 20, 50, 6, 4, 25, 12, 28, 52, 13, 10, 43, 5, 26, 27, 22]

Individual 73:
  Route length: 17983
  Contribution to Diversity: 0
  Route: [1, 49, 47, 48, 24, 5, 15, 6, 4, 25, 12, 28, 45, 19, 40, 37, 38, 30, 2, 32, 33, 43, 10, 16, 52, 11, 51, 27, 26, 23, 7, 42, 21, 17, 3, 18, 31, 41, 8, 9, 50, 29, 14, 44, 34, 35, 13, 46, 20, 36, 39, 22]

Individual 74:
  Route length: 15182
  Contribution to Diversity: 0.00015929850196805262
  Route: [39, 36, 35, 34, 15, 47, 1, 44, 16, 46, 40, 49, 32, 4, 25, 12, 29, 50, 20, 23, 30, 2, 7, 37, 51, 11, 52, 14, 13, 27, 26, 6, 48, 24, 5, 28, 19, 43, 33, 38, 41, 8, 9, 10, 42, 45, 21, 17, 3, 18, 31, 22]

Individual 75:
  Route length: 18724
  Contribution to Diversity: 0.0014932773617912787
  Route: [1, 23, 20, 50, 37, 8, 35, 34, 44, 46, 16, 38, 47, 26, 27, 49, 32, 51, 33, 43, 10, 9, 41, 11, 13, 21, 42, 7, 48, 24, 39, 36, 52, 14, 2, 29, 28, 5, 15, 6, 30, 40, 12, 25, 4, 45, 19, 17, 3, 18, 31, 22]

Individual 76:
  Route length: 17660
  Contribution to Diversity: 0.0015329721377543848
  Route: [5, 24, 48, 6, 23, 30, 2, 7, 20, 50, 29, 14, 49, 32, 45, 52, 11, 33, 43, 19, 41, 44, 46, 16, 21, 17, 39, 36, 35, 38, 37, 40, 25, 12, 28, 27, 26, 13, 47, 1, 18, 3, 4, 42, 10, 9, 8, 34, 15, 51, 31, 22]

Individual 77:
  Route length: 18016
  Contribution to Diversity: 0
  Route: [1, 49, 32, 11, 51, 33, 43, 12, 28, 48, 40, 37, 38, 35, 36, 39, 27, 21, 17, 3, 18, 46, 44, 26, 50, 20, 23, 30, 2, 9, 8, 41, 19, 45, 24, 42, 7, 31, 47, 34, 16, 29, 10, 13, 14, 52, 25, 4, 6, 15, 5, 22]

Individual 78:
  Route length: 19922
  Contribution to Diversity: 0.00043022878305976064
  Route: [1, 13, 47, 46, 36, 12, 8, 14, 3, 17, 24, 5, 26, 27, 28, 52, 34, 11, 9, 10, 43, 33, 51, 25, 4, 6, 49, 7, 2, 30, 23, 20, 50, 16, 29, 35, 42, 32, 45, 19, 41, 39, 40, 37, 38, 48, 21, 44, 15, 18, 31, 22]

Individual 79:
  Route length: 18547
  Contribution to Diversity: 2.671125676023678e-05
  Route: [1, 49, 47, 48, 24, 5, 15, 6, 4, 45, 28, 12, 25, 43, 33, 32, 2, 30, 38, 37, 40, 19, 10, 16, 52, 11, 51, 27, 26, 23, 7, 42, 21, 17, 3, 18, 31, 41, 8, 9, 50, 29, 14, 44, 34, 35, 13, 46, 20, 36, 39, 22]

Individual 80:
  Route length: 15634
  Contribution to Diversity: 0
  Route: [1, 49, 14, 13, 47, 26, 5, 15, 6, 21, 16, 3, 17, 27, 28, 12, 25, 4, 43, 10, 9, 8, 39, 45, 32, 33, 51, 11, 52, 24, 48, 38, 37, 40, 41, 19, 7, 42, 46, 44, 34, 35, 36, 2, 30, 23, 20, 50, 29, 31, 18, 22]

Individual 81:
  Route length: 18268
  Contribution to Diversity: 0.0037340494474102925
  Route: [16, 24, 48, 51, 33, 43, 23, 20, 50, 29, 32, 49, 1, 4, 6, 30, 11, 35, 47, 26, 13, 14, 27, 28, 9, 52, 19, 15, 5, 8, 41, 2, 7, 42, 21, 17, 3, 18, 31, 10, 45, 36, 39, 40, 37, 38, 34, 44, 46, 25, 12, 22]

Individual 82:
  Route length: 19474
  Contribution to Diversity: 0.001531108693264116
  Route: [1, 49, 47, 48, 24, 5, 15, 6, 4, 45, 28, 12, 25, 43, 33, 32, 2, 30, 38, 37, 40, 19, 10, 16, 52, 11, 51, 27, 26, 23, 7, 50, 9, 8, 41, 31, 18, 3, 17, 21, 42, 35, 34, 44, 14, 29, 13, 46, 20, 36, 39, 22]

Individual 83:
  Route length: 15231
  Contribution to Diversity: 0.00120607966767583
  Route: [39, 36, 35, 34, 12, 25, 4, 32, 49, 40, 46, 16, 44, 1, 47, 15, 37, 7, 2, 30, 23, 20, 50, 29, 51, 11, 52, 14, 13, 27, 26, 6, 48, 24, 5, 28, 19, 43, 33, 38, 41, 8, 9, 10, 42, 45, 21, 17, 3, 18, 31, 22]

Individual 84:
  Route length: 17433
  Contribution to Diversity: 0
  Route: [1, 49, 32, 40, 37, 38, 48, 42, 21, 17, 3, 5, 15, 6, 4, 46, 44, 34, 35, 36, 39, 18, 31, 7, 11, 52, 27, 28, 12, 25, 51, 41, 19, 45, 23, 20, 50, 2, 26, 47, 13, 14, 24, 29, 9, 10, 43, 33, 16, 8, 30, 22]

Individual 85:
  Route length: 16757
  Contribution to Diversity: 0.0005242719846680899
  Route: [1, 49, 32, 45, 19, 3, 27, 28, 12, 25, 51, 41, 21, 17, 20, 23, 30, 34, 44, 46, 4, 6, 38, 48, 42, 15, 26, 40, 37, 5, 35, 36, 39, 18, 31, 7, 2, 50, 47, 13, 14, 52, 11, 8, 9, 10, 43, 33, 16, 29, 24, 22]

Individual 86:
  Route length: 16319
  Contribution to Diversity: 0.0007407805920127686
  Route: [1, 49, 32, 51, 33, 43, 16, 44, 34, 35, 36, 39, 24, 48, 7, 42, 21, 13, 11, 52, 14, 2, 29, 28, 5, 15, 6, 30, 23, 20, 50, 37, 8, 41, 9, 10, 38, 47, 26, 27, 40, 46, 12, 25, 4, 45, 19, 17, 3, 18, 31, 22]

Individual 87:
  Route length: 19451
  Contribution to Diversity: 0.0014702584613068836
  Route: [1, 49, 47, 48, 24, 5, 15, 6, 4, 45, 28, 12, 19, 40, 37, 38, 30, 2, 32, 33, 43, 25, 9, 8, 41, 31, 18, 3, 17, 21, 42, 7, 23, 26, 27, 51, 11, 52, 16, 10, 50, 29, 14, 44, 34, 35, 13, 46, 20, 36, 39, 22]

Individual 88:
  Route length: 19747
  Contribution to Diversity: 0.0021541439688883557
  Route: [1, 49, 32, 34, 40, 37, 38, 39, 17, 21, 15, 42, 29, 16, 19, 41, 8, 9, 23, 3, 18, 31, 11, 51, 33, 44, 46, 6, 50, 20, 24, 35, 36, 48, 14, 30, 2, 7, 47, 45, 4, 25, 12, 28, 52, 13, 10, 43, 5, 26, 27, 22]

Individual 89:
  Route length: 16899
  Contribution to Diversity: 0.001734663577460438
  Route: [11, 52, 45, 32, 49, 14, 48, 24, 5, 38, 37, 40, 34, 35, 36, 39, 26, 27, 15, 13, 47, 4, 25, 12, 28, 44, 46, 16, 21, 17, 3, 18, 1, 2, 7, 42, 30, 20, 50, 29, 51, 33, 43, 19, 41, 8, 9, 10, 23, 6, 31, 22]

Individual 90:
  Route length: 17822
  Contribution to Diversity: 0.0015992117680321272
  Route: [1, 15, 5, 24, 48, 45, 32, 49, 34, 35, 36, 39, 40, 47, 26, 27, 28, 13, 14, 52, 21, 42, 38, 37, 19, 41, 16, 46, 44, 2, 30, 23, 20, 9, 12, 25, 4, 6, 7, 10, 29, 50, 18, 31, 11, 51, 33, 43, 8, 3, 17, 22]

Individual 91:
  Route length: 19659
  Contribution to Diversity: 0
  Route: [1, 14, 52, 30, 2, 7, 47, 45, 19, 41, 8, 9, 32, 49, 39, 17, 21, 15, 11, 51, 36, 35, 34, 44, 46, 16, 40, 37, 38, 33, 42, 29, 12, 25, 4, 6, 50, 20, 24, 48, 28, 27, 26, 5, 43, 10, 13, 23, 3, 18, 31, 22]

Individual 92:
  Route length: 17031
  Contribution to Diversity: 0.002546487449981427
  Route: [12, 39, 36, 49, 1, 32, 45, 19, 41, 20, 13, 14, 52, 11, 34, 50, 28, 3, 42, 7, 2, 30, 23, 25, 31, 18, 29, 38, 48, 24, 5, 15, 6, 4, 47, 26, 27, 21, 17, 8, 35, 9, 10, 43, 33, 51, 46, 44, 16, 37, 40, 22]

Individual 93:
  Route length: 19144
  Contribution to Diversity: 0.003739122824550911
  Route: [1, 49, 32, 14, 15, 6, 38, 37, 40, 39, 28, 12, 25, 42, 36, 35, 34, 4, 52, 11, 51, 16, 47, 13, 18, 3, 17, 50, 20, 23, 30, 2, 9, 10, 43, 33, 45, 44, 46, 19, 41, 8, 5, 24, 48, 21, 26, 27, 29, 7, 31, 22]

Individual 94:
  Route length: 17965
  Contribution to Diversity: 0.0009356134414399975
  Route: [1, 15, 5, 24, 48, 45, 32, 49, 34, 35, 36, 39, 40, 37, 38, 42, 21, 52, 14, 13, 28, 27, 26, 47, 19, 41, 16, 46, 44, 2, 30, 23, 20, 9, 12, 6, 4, 25, 18, 50, 29, 10, 7, 31, 11, 51, 33, 43, 8, 3, 17, 22]

Individual 95:
  Route length: 13797
  Contribution to Diversity: 0.0015425247473270787
  Route: [1, 49, 32, 45, 19, 41, 8, 9, 10, 46, 43, 33, 51, 11, 52, 14, 13, 47, 25, 12, 28, 29, 20, 30, 23, 16, 40, 37, 38, 48, 24, 36, 5, 42, 35, 34, 44, 21, 17, 2, 7, 15, 4, 6, 27, 26, 39, 50, 3, 18, 31, 22]

Individual 96:
  Route length: 19470
  Contribution to Diversity: 0.003347579867182482
  Route: [14, 52, 11, 51, 33, 36, 35, 34, 44, 46, 16, 29, 50, 21, 5, 15, 43, 1, 6, 17, 39, 47, 38, 48, 24, 45, 19, 41, 13, 4, 30, 49, 7, 42, 23, 2, 10, 37, 40, 32, 9, 8, 25, 12, 28, 27, 26, 20, 3, 18, 31, 22]

Individual 97:
  Route length: 15354
  Contribution to Diversity: 0.0033873636455208356
  Route: [1, 6, 4, 36, 37, 38, 43, 10, 9, 8, 49, 25, 28, 27, 26, 47, 19, 41, 48, 24, 5, 34, 35, 40, 39, 12, 23, 50, 29, 16, 44, 20, 45, 32, 7, 42, 21, 17, 3, 18, 31, 13, 14, 52, 11, 51, 33, 2, 30, 46, 15, 22]

Individual 98:
  Route length: 18154
  Contribution to Diversity: 0.0020286004651799416
  Route: [1, 15, 5, 24, 48, 45, 32, 49, 34, 10, 29, 50, 18, 25, 4, 6, 12, 9, 20, 23, 30, 2, 44, 46, 16, 41, 19, 47, 26, 27, 28, 13, 14, 52, 21, 42, 38, 37, 40, 39, 36, 35, 7, 31, 11, 51, 33, 43, 8, 3, 17, 22]

Individual 99:
  Route length: 18278
  Contribution to Diversity: 0.003839129105164041
  Route: [1, 36, 33, 51, 11, 52, 14, 13, 30, 49, 5, 21, 50, 29, 16, 46, 44, 34, 15, 43, 9, 8, 41, 19, 12, 28, 27, 37, 25, 4, 6, 17, 39, 40, 45, 24, 48, 38, 47, 26, 42, 23, 2, 10, 7, 35, 32, 20, 3, 18, 31, 22]

Total Entropy H: 5.5758636562557005
