Individual 0:
  Route length: 9418
  Contribution to Diversity: 0.02583013951386892
  Route: [1, 35, 34, 16, 29, 50, 20, 31, 23, 30, 2, 7, 42, 21, 17, 3, 10, 9, 8, 19, 41, 43, 33, 51, 11, 52, 14, 13, 47, 26, 27, 28, 12, 25, 4, 24, 40, 6, 38, 37, 46, 44, 39, 36, 48, 5, 15, 49, 45, 18, 32, 22]

Individual 1:
  Route length: 9424
  Contribution to Diversity: 0.03849697857408074
  Route: [23, 30, 2, 7, 42, 21, 17, 3, 18, 19, 10, 9, 8, 41, 49, 32, 45, 43, 33, 51, 11, 52, 14, 13, 47, 26, 27, 28, 12, 4, 6, 37, 24, 25, 40, 15, 5, 48, 44, 46, 38, 34, 35, 36, 39, 16, 29, 20, 50, 31, 1, 22]

Individual 2:
  Route length: 9336
  Contribution to Diversity: 0.012591315678562864
  Route: [1, 32, 45, 40, 37, 46, 16, 29, 39, 36, 38, 49, 35, 44, 34, 24, 48, 5, 15, 6, 4, 25, 12, 28, 27, 26, 47, 13, 14, 52, 11, 51, 33, 43, 10, 8, 9, 41, 19, 50, 20, 23, 30, 2, 7, 42, 21, 17, 3, 31, 18, 22]

Individual 3:
  Route length: 9423
  Contribution to Diversity: 0.011669910795141014
  Route: [44, 35, 39, 46, 4, 38, 5, 24, 48, 37, 45, 19, 41, 8, 9, 10, 43, 6, 15, 36, 34, 40, 31, 18, 3, 17, 21, 42, 7, 2, 30, 23, 20, 50, 29, 16, 25, 12, 28, 27, 26, 47, 13, 14, 52, 11, 51, 33, 32, 49, 1, 22]

Individual 4:
  Route length: 9379
  Contribution to Diversity: 0.014088117743696671
  Route: [37, 34, 36, 35, 39, 48, 40, 5, 38, 12, 28, 26, 27, 47, 13, 14, 52, 11, 51, 33, 43, 10, 9, 8, 41, 19, 45, 32, 49, 15, 6, 24, 4, 25, 44, 18, 31, 3, 17, 21, 42, 7, 2, 30, 23, 20, 50, 16, 29, 46, 1, 22]

Individual 5:
  Route length: 9377
  Contribution to Diversity: 0.028655121223679636
  Route: [49, 50, 16, 25, 46, 6, 4, 40, 48, 37, 24, 38, 15, 5, 12, 28, 26, 27, 47, 13, 14, 52, 11, 51, 33, 43, 10, 9, 8, 41, 19, 45, 32, 18, 3, 17, 21, 42, 7, 2, 30, 29, 23, 20, 35, 36, 39, 44, 34, 1, 31, 22]

Individual 6:
  Route length: 9366
  Contribution to Diversity: 0.03397734071539471
  Route: [32, 44, 36, 49, 1, 37, 40, 38, 15, 43, 10, 9, 8, 41, 19, 45, 39, 35, 6, 24, 12, 28, 27, 26, 47, 13, 14, 52, 11, 51, 33, 4, 5, 25, 34, 48, 46, 16, 50, 29, 20, 23, 30, 2, 7, 42, 21, 17, 3, 18, 31, 22]

Individual 7:
  Route length: 9305
  Contribution to Diversity: 0.028678592478464715
  Route: [45, 19, 41, 8, 9, 10, 15, 37, 46, 6, 44, 34, 25, 12, 28, 27, 26, 47, 13, 14, 52, 11, 51, 33, 43, 4, 38, 39, 35, 40, 36, 49, 32, 1, 5, 24, 48, 16, 29, 50, 20, 23, 30, 7, 2, 42, 21, 17, 3, 18, 31, 22]

Individual 8:
  Route length: 9386
  Contribution to Diversity: 0.04093890127350086
  Route: [19, 41, 8, 10, 9, 43, 33, 51, 11, 52, 14, 13, 47, 26, 27, 28, 12, 25, 4, 48, 34, 38, 40, 37, 35, 44, 46, 16, 29, 50, 20, 23, 30, 2, 7, 42, 17, 18, 49, 32, 36, 39, 24, 5, 15, 6, 1, 21, 31, 45, 3, 22]

Individual 9:
  Route length: 9418
  Contribution to Diversity: 0.039938872692452776
  Route: [49, 1, 32, 31, 23, 20, 50, 30, 29, 16, 44, 39, 36, 35, 34, 37, 38, 5, 40, 24, 15, 46, 6, 48, 4, 25, 12, 28, 27, 26, 47, 13, 14, 52, 11, 51, 33, 43, 19, 41, 10, 9, 8, 3, 45, 18, 2, 7, 42, 21, 17, 22]

Total Entropy H: 4.8876687066463
