Individual 0:
  Route length: 11793
  Contribution to Diversity: 0.00038227666706003305
  Route: [1, 49, 32, 45, 19, 26, 35, 36, 39, 40, 37, 38, 34, 44, 46, 4, 6, 15, 5, 24, 48, 47, 13, 14, 52, 11, 51, 33, 43, 10, 9, 28, 12, 27, 25, 8, 41, 31, 18, 3, 17, 21, 42, 7, 2, 30, 23, 20, 50, 29, 16, 22]

Individual 1:
  Route length: 12487
  Contribution to Diversity: 0.001249724651919415
  Route: [10, 9, 8, 41, 19, 45, 32, 7, 2, 30, 23, 20, 50, 16, 49, 40, 37, 38, 48, 29, 21, 42, 39, 36, 35, 34, 44, 46, 15, 6, 4, 25, 12, 28, 27, 17, 1, 5, 24, 26, 47, 13, 14, 52, 11, 51, 33, 43, 3, 18, 31, 22]

Individual 2:
  Route length: 11909
  Contribution to Diversity: 0.00015291082066770656
  Route: [1, 49, 46, 16, 51, 47, 13, 14, 52, 11, 17, 21, 42, 7, 2, 30, 23, 20, 50, 29, 15, 6, 4, 25, 32, 45, 19, 41, 8, 9, 10, 43, 33, 5, 24, 48, 38, 37, 40, 39, 36, 35, 34, 44, 12, 28, 27, 26, 3, 18, 31, 22]

Individual 3:
  Route length: 12954
  Contribution to Diversity: 0.001400531733392718
  Route: [10, 9, 8, 41, 19, 49, 16, 29, 50, 32, 45, 6, 4, 25, 12, 28, 27, 26, 47, 13, 14, 7, 2, 30, 20, 23, 34, 35, 36, 39, 42, 21, 17, 1, 5, 24, 48, 38, 37, 40, 15, 46, 44, 52, 11, 51, 33, 43, 3, 18, 31, 22]

Individual 4:
  Route length: 11539
  Contribution to Diversity: 0.00018899804156280453
  Route: [28, 12, 25, 4, 6, 15, 5, 27, 47, 26, 17, 3, 18, 10, 9, 8, 41, 19, 45, 32, 49, 43, 33, 51, 11, 52, 14, 13, 21, 42, 7, 2, 30, 23, 20, 50, 29, 16, 46, 44, 34, 36, 39, 40, 37, 38, 48, 24, 35, 1, 31, 22]

Individual 5:
  Route length: 12957
  Contribution to Diversity: 0.001236353309253424
  Route: [1, 49, 32, 45, 41, 8, 9, 10, 43, 12, 25, 4, 6, 15, 5, 24, 48, 33, 46, 16, 29, 19, 38, 47, 26, 27, 28, 44, 34, 51, 11, 52, 14, 13, 7, 2, 30, 23, 20, 50, 37, 40, 39, 36, 35, 42, 21, 17, 3, 18, 31, 22]

Individual 6:
  Route length: 13107
  Contribution to Diversity: 0.0004132948460648933
  Route: [1, 49, 32, 45, 19, 41, 8, 7, 42, 28, 12, 25, 4, 27, 26, 47, 13, 52, 14, 33, 51, 11, 43, 10, 9, 31, 18, 3, 17, 21, 6, 15, 5, 24, 48, 38, 37, 40, 39, 23, 20, 50, 29, 16, 46, 44, 34, 35, 36, 30, 2, 22]

Individual 7:
  Route length: 12199
  Contribution to Diversity: 0.0001508859994752143
  Route: [1, 51, 33, 43, 10, 9, 8, 41, 19, 45, 32, 49, 30, 23, 20, 50, 29, 24, 48, 38, 37, 40, 39, 36, 35, 34, 44, 46, 16, 6, 21, 17, 3, 18, 42, 7, 2, 11, 52, 14, 13, 47, 26, 27, 4, 25, 12, 28, 15, 5, 31, 22]

Individual 8:
  Route length: 11564
  Contribution to Diversity: 0.000269811449313373
  Route: [1, 49, 32, 45, 19, 52, 11, 51, 33, 43, 10, 9, 8, 37, 40, 38, 48, 24, 5, 41, 15, 20, 50, 29, 16, 46, 44, 34, 35, 36, 39, 14, 13, 47, 26, 27, 28, 12, 25, 4, 6, 23, 30, 2, 7, 42, 21, 17, 3, 18, 31, 22]

Individual 9:
  Route length: 12917
  Contribution to Diversity: 0.000319201088819554
  Route: [39, 36, 35, 34, 44, 46, 16, 19, 45, 32, 49, 1, 30, 23, 20, 50, 41, 18, 3, 17, 21, 47, 13, 14, 52, 11, 51, 33, 43, 10, 9, 8, 7, 42, 26, 27, 28, 12, 25, 4, 6, 15, 5, 24, 48, 38, 37, 40, 2, 29, 31, 22]

Individual 10:
  Route length: 12967
  Contribution to Diversity: 0.0007618940315774481
  Route: [1, 49, 32, 45, 19, 41, 8, 9, 10, 43, 3, 17, 21, 42, 51, 11, 52, 14, 13, 47, 26, 33, 25, 12, 28, 31, 18, 4, 6, 15, 5, 24, 48, 38, 37, 40, 39, 36, 35, 34, 44, 27, 7, 2, 30, 23, 20, 50, 29, 16, 46, 22]

Individual 11:
  Route length: 12917
  Contribution to Diversity: 0.0009930532590161079
  Route: [1, 49, 32, 8, 7, 42, 21, 17, 3, 18, 41, 50, 20, 23, 30, 2, 14, 13, 47, 26, 27, 28, 12, 25, 4, 6, 15, 5, 24, 48, 38, 37, 40, 35, 36, 39, 19, 16, 46, 44, 34, 45, 9, 10, 43, 33, 51, 11, 52, 29, 31, 22]

Individual 12:
  Route length: 13094
  Contribution to Diversity: 0.0014697550227520395
  Route: [10, 9, 8, 41, 19, 45, 32, 7, 50, 20, 23, 30, 2, 3, 43, 33, 51, 11, 52, 14, 13, 47, 26, 24, 5, 1, 17, 21, 42, 39, 36, 35, 34, 44, 46, 15, 6, 4, 25, 12, 28, 27, 16, 49, 40, 37, 38, 48, 29, 18, 31, 22]

Individual 13:
  Route length: 13156
  Contribution to Diversity: 0.0006271444694530004
  Route: [1, 49, 32, 48, 33, 43, 10, 9, 26, 47, 13, 14, 52, 45, 41, 8, 12, 28, 27, 25, 4, 6, 15, 5, 24, 11, 51, 34, 44, 46, 16, 29, 19, 38, 35, 36, 39, 40, 37, 50, 20, 23, 30, 2, 7, 42, 21, 17, 3, 18, 31, 22]

Individual 14:
  Route length: 12007
  Contribution to Diversity: 0.0013296992682159114
  Route: [10, 9, 8, 41, 19, 45, 40, 37, 38, 48, 29, 50, 20, 23, 30, 2, 7, 32, 46, 15, 6, 4, 25, 12, 28, 27, 16, 49, 44, 34, 35, 36, 39, 42, 21, 17, 1, 5, 24, 26, 47, 13, 14, 52, 11, 51, 33, 43, 3, 18, 31, 22]

Individual 15:
  Route length: 12375
  Contribution to Diversity: 0.0010123387264791006
  Route: [43, 10, 9, 8, 41, 19, 37, 32, 45, 39, 40, 36, 35, 34, 28, 27, 15, 5, 6, 4, 25, 12, 46, 44, 16, 29, 50, 1, 49, 11, 52, 14, 13, 47, 26, 24, 48, 38, 51, 33, 20, 23, 30, 2, 7, 42, 21, 17, 3, 18, 31, 22]

Individual 16:
  Route length: 12058
  Contribution to Diversity: 0.0004902023210426876
  Route: [1, 49, 32, 45, 19, 41, 9, 8, 3, 17, 21, 6, 15, 5, 24, 48, 38, 37, 40, 39, 23, 20, 50, 29, 16, 46, 44, 34, 35, 36, 30, 2, 7, 42, 28, 12, 25, 4, 27, 26, 47, 13, 52, 14, 33, 51, 11, 43, 10, 18, 31, 22]

Individual 17:
  Route length: 12924
  Contribution to Diversity: 0.0005200425351867821
  Route: [4, 6, 15, 5, 24, 48, 38, 37, 40, 39, 36, 35, 34, 44, 46, 16, 19, 45, 32, 49, 1, 42, 7, 8, 9, 10, 43, 33, 51, 11, 52, 14, 13, 47, 21, 17, 3, 18, 25, 26, 27, 28, 12, 41, 50, 20, 23, 30, 2, 29, 31, 22]

Individual 18:
  Route length: 12693
  Contribution to Diversity: 0.000812751483264762
  Route: [1, 49, 32, 37, 38, 44, 46, 16, 5, 24, 48, 9, 8, 41, 19, 45, 42, 7, 2, 30, 23, 20, 39, 11, 51, 33, 43, 10, 34, 35, 36, 31, 18, 3, 17, 21, 40, 29, 50, 15, 6, 4, 25, 12, 28, 27, 26, 47, 13, 14, 52, 22]

Individual 19:
  Route length: 12748
  Contribution to Diversity: 0.0016375690021375178
  Route: [43, 10, 9, 8, 41, 19, 37, 45, 32, 4, 6, 5, 15, 27, 28, 34, 35, 36, 40, 39, 25, 12, 46, 44, 16, 29, 50, 1, 49, 11, 52, 14, 13, 47, 26, 24, 48, 38, 51, 33, 20, 23, 30, 2, 7, 42, 21, 17, 3, 18, 31, 22]

Individual 20:
  Route length: 11946
  Contribution to Diversity: 0.0012598362054703216
  Route: [1, 49, 32, 30, 2, 7, 42, 21, 17, 3, 18, 10, 43, 33, 51, 11, 52, 14, 13, 47, 46, 44, 34, 35, 36, 39, 40, 37, 38, 48, 24, 5, 15, 6, 4, 25, 12, 9, 50, 20, 26, 27, 28, 8, 41, 19, 45, 31, 29, 16, 23, 22]

Individual 21:
  Route length: 11534
  Contribution to Diversity: 0.0003681891866618159
  Route: [28, 12, 25, 4, 6, 7, 2, 30, 23, 20, 50, 29, 16, 46, 15, 44, 5, 27, 26, 47, 13, 14, 52, 11, 51, 33, 43, 49, 32, 45, 19, 41, 8, 9, 10, 18, 3, 17, 21, 42, 34, 36, 39, 40, 37, 38, 48, 24, 35, 1, 31, 22]

Individual 22:
  Route length: 11715
  Contribution to Diversity: 0
  Route: [51, 11, 52, 49, 1, 38, 48, 32, 45, 19, 41, 8, 9, 10, 43, 33, 37, 40, 39, 36, 35, 34, 44, 24, 5, 15, 6, 4, 25, 12, 28, 27, 26, 47, 13, 14, 17, 21, 42, 7, 2, 30, 23, 20, 50, 29, 16, 46, 3, 18, 31, 22]

Individual 23:
  Route length: 12950
  Contribution to Diversity: 0
  Route: [1, 49, 32, 45, 19, 41, 8, 9, 10, 43, 33, 51, 20, 23, 30, 2, 7, 42, 21, 17, 11, 52, 14, 50, 29, 16, 46, 44, 34, 35, 36, 39, 40, 37, 38, 48, 24, 6, 15, 47, 13, 28, 4, 25, 12, 5, 27, 26, 3, 18, 31, 22]

Individual 24:
  Route length: 10146
  Contribution to Diversity: 0.0002897839962354709
  Route: [30, 23, 20, 46, 16, 29, 50, 40, 39, 36, 35, 34, 44, 37, 38, 48, 24, 5, 15, 6, 13, 47, 26, 27, 28, 12, 25, 4, 51, 11, 52, 14, 33, 43, 10, 9, 8, 41, 19, 45, 32, 49, 1, 21, 42, 7, 2, 17, 3, 18, 31, 22]

Individual 25:
  Route length: 12902
  Contribution to Diversity: 0
  Route: [37, 40, 39, 36, 35, 34, 44, 46, 16, 29, 50, 32, 45, 19, 41, 8, 9, 10, 43, 33, 51, 11, 6, 4, 25, 12, 28, 27, 26, 47, 13, 14, 3, 17, 21, 42, 7, 2, 30, 52, 1, 49, 48, 24, 5, 15, 23, 20, 38, 18, 31, 22]

Individual 26:
  Route length: 10465
  Contribution to Diversity: 0
  Route: [28, 12, 25, 4, 6, 15, 46, 16, 29, 23, 20, 50, 49, 32, 45, 19, 41, 8, 9, 10, 18, 3, 17, 21, 42, 7, 2, 30, 43, 33, 51, 11, 52, 14, 13, 47, 26, 27, 5, 44, 34, 36, 39, 40, 37, 38, 48, 24, 35, 1, 31, 22]

Individual 27:
  Route length: 12911
  Contribution to Diversity: 0.0014740638377537252
  Route: [1, 49, 32, 45, 19, 46, 44, 34, 38, 37, 40, 39, 10, 9, 28, 12, 27, 26, 35, 36, 7, 42, 21, 17, 3, 18, 31, 41, 8, 25, 4, 6, 15, 5, 24, 48, 47, 13, 14, 52, 11, 51, 33, 43, 2, 30, 23, 20, 50, 29, 16, 22]

Individual 28:
  Route length: 13023
  Contribution to Diversity: 0.0004232294583896845
  Route: [1, 49, 32, 45, 19, 41, 8, 9, 10, 43, 33, 51, 20, 17, 21, 42, 7, 2, 30, 23, 38, 37, 40, 39, 36, 35, 34, 44, 46, 16, 29, 50, 14, 52, 11, 48, 24, 6, 15, 47, 13, 28, 4, 25, 12, 5, 27, 26, 3, 18, 31, 22]

Individual 29:
  Route length: 12618
  Contribution to Diversity: 0
  Route: [19, 45, 32, 49, 1, 38, 37, 11, 15, 5, 24, 48, 47, 13, 14, 52, 27, 28, 12, 25, 4, 6, 26, 51, 33, 43, 40, 39, 36, 35, 7, 2, 30, 23, 20, 50, 29, 16, 46, 44, 34, 41, 8, 9, 10, 42, 21, 17, 3, 18, 31, 22]

Individual 30:
  Route length: 11991
  Contribution to Diversity: 0.00010651571114372871
  Route: [1, 47, 13, 14, 52, 11, 51, 33, 43, 10, 34, 35, 36, 39, 20, 23, 30, 2, 7, 42, 45, 19, 41, 8, 9, 48, 24, 5, 16, 46, 44, 38, 37, 32, 49, 50, 15, 6, 4, 25, 12, 28, 27, 26, 29, 40, 21, 17, 3, 18, 31, 22]

Individual 31:
  Route length: 11784
  Contribution to Diversity: 0
  Route: [1, 49, 32, 45, 19, 41, 8, 9, 10, 33, 13, 48, 24, 5, 15, 6, 4, 25, 12, 28, 27, 26, 47, 21, 42, 7, 2, 30, 23, 20, 50, 29, 16, 46, 44, 34, 43, 52, 14, 11, 51, 35, 36, 39, 40, 37, 38, 17, 3, 18, 31, 22]

Individual 32:
  Route length: 11799
  Contribution to Diversity: 0
  Route: [1, 49, 32, 45, 19, 41, 8, 9, 10, 43, 33, 51, 13, 47, 52, 14, 11, 17, 7, 42, 21, 34, 44, 46, 16, 29, 50, 20, 23, 30, 2, 35, 36, 39, 40, 37, 38, 48, 24, 5, 15, 6, 4, 25, 12, 28, 27, 26, 3, 18, 31, 22]

Individual 33:
  Route length: 10283
  Contribution to Diversity: 0
  Route: [1, 49, 32, 45, 41, 8, 9, 10, 33, 43, 44, 34, 35, 36, 39, 40, 37, 50, 20, 23, 12, 28, 27, 26, 47, 13, 14, 52, 11, 51, 46, 16, 29, 19, 38, 48, 24, 5, 15, 6, 4, 25, 30, 2, 7, 42, 21, 17, 3, 18, 31, 22]

Individual 34:
  Route length: 10704
  Contribution to Diversity: 0
  Route: [43, 10, 9, 8, 41, 19, 45, 32, 49, 1, 50, 29, 16, 44, 6, 4, 25, 12, 46, 5, 15, 27, 28, 34, 35, 36, 39, 40, 37, 38, 48, 24, 26, 47, 13, 14, 52, 11, 51, 33, 20, 23, 30, 2, 7, 42, 21, 17, 3, 18, 31, 22]

Individual 35:
  Route length: 10911
  Contribution to Diversity: 0
  Route: [28, 12, 25, 4, 27, 26, 47, 13, 14, 52, 11, 51, 33, 43, 10, 9, 8, 41, 19, 45, 32, 49, 1, 40, 37, 38, 48, 24, 5, 15, 39, 36, 35, 34, 44, 46, 16, 29, 20, 50, 7, 2, 30, 23, 42, 18, 3, 17, 21, 6, 31, 22]

Individual 36:
  Route length: 12669
  Contribution to Diversity: 0.0008953160242644032
  Route: [1, 49, 52, 11, 51, 15, 6, 4, 25, 12, 38, 48, 32, 45, 19, 41, 8, 9, 10, 43, 33, 26, 27, 28, 37, 40, 39, 36, 35, 34, 44, 24, 5, 47, 13, 14, 17, 21, 42, 7, 2, 30, 23, 20, 50, 29, 16, 46, 3, 18, 31, 22]

Individual 37:
  Route length: 12261
  Contribution to Diversity: 0
  Route: [1, 49, 32, 45, 19, 41, 8, 9, 10, 51, 33, 28, 12, 25, 4, 6, 26, 35, 36, 39, 40, 43, 5, 24, 48, 47, 13, 14, 52, 27, 15, 11, 37, 38, 34, 44, 46, 16, 29, 50, 20, 23, 30, 2, 7, 42, 21, 17, 3, 18, 31, 22]

Individual 38:
  Route length: 10919
  Contribution to Diversity: 0.00039258062474178956
  Route: [1, 49, 38, 41, 8, 9, 10, 43, 33, 51, 11, 52, 14, 13, 47, 26, 27, 4, 25, 12, 28, 15, 5, 24, 48, 3, 17, 21, 6, 31, 32, 45, 19, 18, 42, 7, 2, 30, 23, 20, 50, 29, 16, 46, 44, 34, 35, 36, 39, 40, 37, 22]

Individual 39:
  Route length: 12886
  Contribution to Diversity: 0.0010272095070540388
  Route: [1, 49, 32, 45, 19, 41, 8, 9, 10, 48, 24, 5, 43, 40, 39, 36, 35, 26, 6, 4, 25, 12, 28, 33, 51, 23, 20, 50, 29, 16, 46, 44, 34, 38, 37, 11, 15, 27, 52, 14, 13, 47, 30, 2, 7, 42, 21, 17, 3, 18, 31, 22]

Individual 40:
  Route length: 11033
  Contribution to Diversity: 0
  Route: [11, 51, 33, 43, 10, 9, 8, 41, 19, 45, 32, 49, 28, 12, 25, 4, 6, 15, 5, 24, 48, 38, 37, 40, 39, 1, 31, 18, 3, 17, 21, 42, 7, 2, 30, 23, 29, 50, 20, 27, 26, 47, 13, 14, 52, 36, 35, 34, 44, 46, 16, 22]

Individual 41:
  Route length: 11598
  Contribution to Diversity: 0.00018491812948884245
  Route: [49, 1, 23, 40, 39, 36, 35, 34, 44, 46, 16, 29, 50, 20, 28, 30, 32, 42, 2, 7, 12, 25, 4, 6, 15, 5, 24, 48, 38, 37, 27, 26, 47, 13, 14, 52, 11, 51, 33, 43, 10, 9, 8, 41, 19, 45, 21, 17, 3, 18, 31, 22]

Individual 42:
  Route length: 12379
  Contribution to Diversity: 0.000400398344788222
  Route: [1, 49, 32, 45, 19, 41, 8, 9, 44, 34, 35, 28, 27, 26, 47, 13, 14, 38, 37, 40, 39, 36, 12, 25, 4, 6, 15, 5, 24, 48, 2, 7, 42, 21, 17, 3, 31, 18, 46, 16, 29, 50, 20, 23, 30, 52, 11, 51, 33, 43, 10, 22]

Individual 43:
  Route length: 10959
  Contribution to Diversity: 2.491263517345743e-05
  Route: [4, 25, 12, 28, 27, 26, 34, 35, 44, 46, 16, 19, 45, 32, 49, 1, 18, 3, 17, 21, 42, 7, 2, 30, 23, 20, 50, 29, 31, 48, 38, 37, 40, 39, 36, 47, 13, 14, 52, 11, 51, 33, 43, 10, 9, 8, 41, 24, 5, 15, 6, 22]

Individual 44:
  Route length: 11556
  Contribution to Diversity: 0
  Route: [28, 12, 25, 4, 6, 15, 5, 27, 51, 11, 52, 14, 13, 47, 26, 21, 46, 44, 34, 36, 39, 40, 37, 38, 48, 24, 35, 1, 49, 32, 45, 19, 41, 8, 9, 10, 43, 33, 42, 7, 2, 30, 23, 20, 50, 29, 16, 18, 3, 17, 31, 22]

Individual 45:
  Route length: 10152
  Contribution to Diversity: 0
  Route: [1, 49, 32, 45, 41, 8, 9, 10, 43, 33, 51, 11, 52, 14, 13, 47, 26, 27, 28, 12, 23, 20, 50, 37, 40, 39, 36, 35, 46, 44, 34, 5, 24, 48, 38, 19, 29, 16, 15, 6, 4, 25, 30, 2, 7, 42, 21, 17, 3, 18, 31, 22]

Individual 46:
  Route length: 10107
  Contribution to Diversity: 0.0010186896421435776
  Route: [30, 32, 45, 19, 41, 8, 9, 10, 43, 33, 51, 11, 28, 27, 26, 47, 13, 14, 52, 16, 29, 50, 40, 39, 36, 35, 34, 44, 37, 38, 48, 24, 5, 15, 6, 4, 25, 12, 46, 20, 23, 49, 1, 21, 42, 7, 2, 17, 3, 18, 31, 22]

Individual 47:
  Route length: 12799
  Contribution to Diversity: 0.0021863308318605945
  Route: [1, 49, 32, 45, 19, 41, 37, 40, 39, 36, 35, 9, 8, 46, 44, 34, 50, 20, 23, 30, 15, 25, 4, 6, 5, 52, 14, 13, 47, 26, 27, 28, 12, 24, 48, 38, 16, 29, 10, 43, 33, 51, 11, 2, 7, 42, 21, 17, 3, 18, 31, 22]

Individual 48:
  Route length: 12589
  Contribution to Diversity: 0.000751496071991653
  Route: [1, 51, 33, 43, 10, 9, 8, 35, 34, 44, 46, 16, 29, 50, 20, 23, 30, 49, 32, 45, 19, 41, 3, 18, 42, 7, 2, 11, 52, 14, 13, 47, 26, 27, 4, 25, 12, 28, 15, 5, 24, 48, 38, 37, 40, 39, 36, 17, 21, 6, 31, 22]

Individual 49:
  Route length: 12959
  Contribution to Diversity: 0.0023605278434040144
  Route: [1, 49, 32, 45, 19, 9, 8, 41, 30, 23, 16, 29, 50, 35, 47, 13, 20, 26, 27, 28, 12, 25, 4, 6, 15, 5, 24, 48, 38, 37, 40, 39, 36, 43, 33, 51, 11, 52, 14, 34, 44, 46, 10, 2, 7, 42, 21, 17, 3, 18, 31, 22]

Individual 50:
  Route length: 12215
  Contribution to Diversity: 0
  Route: [39, 36, 35, 26, 6, 14, 52, 27, 28, 12, 25, 4, 33, 51, 11, 15, 5, 24, 48, 47, 13, 43, 10, 9, 8, 41, 19, 45, 32, 49, 1, 23, 20, 50, 29, 16, 46, 44, 34, 38, 37, 40, 30, 2, 7, 42, 21, 17, 3, 18, 31, 22]

Individual 51:
  Route length: 11441
  Contribution to Diversity: 0
  Route: [1, 49, 45, 32, 27, 28, 43, 33, 51, 11, 52, 14, 13, 37, 26, 47, 39, 40, 19, 41, 8, 9, 10, 6, 4, 25, 12, 15, 5, 24, 48, 38, 36, 35, 34, 44, 46, 16, 29, 50, 20, 23, 30, 2, 7, 42, 21, 17, 3, 18, 31, 22]

Individual 52:
  Route length: 12142
  Contribution to Diversity: 0
  Route: [11, 48, 38, 37, 40, 39, 1, 49, 32, 45, 19, 41, 8, 9, 10, 43, 33, 51, 34, 44, 46, 16, 29, 50, 6, 4, 25, 12, 28, 27, 26, 47, 13, 14, 52, 36, 15, 5, 24, 21, 42, 7, 2, 30, 23, 20, 35, 17, 3, 18, 31, 22]

Individual 53:
  Route length: 11907
  Contribution to Diversity: 0
  Route: [1, 49, 32, 48, 33, 43, 10, 9, 8, 41, 45, 14, 52, 51, 11, 24, 5, 15, 6, 4, 25, 12, 28, 27, 26, 47, 13, 34, 44, 46, 16, 29, 19, 38, 35, 36, 39, 40, 37, 50, 20, 23, 30, 2, 7, 42, 21, 17, 3, 18, 31, 22]

Individual 54:
  Route length: 12404
  Contribution to Diversity: 0.0012719842746840015
  Route: [37, 40, 39, 36, 10, 9, 8, 41, 19, 45, 32, 50, 29, 16, 46, 44, 34, 35, 27, 28, 12, 25, 4, 6, 11, 51, 33, 43, 26, 47, 13, 14, 52, 30, 2, 7, 42, 21, 17, 3, 1, 49, 48, 24, 5, 15, 23, 20, 38, 18, 31, 22]

Individual 55:
  Route length: 10977
  Contribution to Diversity: 0
  Route: [5, 46, 12, 25, 4, 6, 44, 16, 29, 50, 1, 49, 32, 45, 19, 41, 8, 9, 10, 43, 36, 35, 34, 28, 27, 15, 39, 40, 37, 38, 48, 24, 26, 47, 13, 14, 52, 11, 51, 33, 20, 23, 30, 2, 7, 42, 21, 17, 3, 18, 31, 22]

Individual 56:
  Route length: 10122
  Contribution to Diversity: 0
  Route: [10, 9, 8, 41, 45, 32, 49, 1, 50, 20, 23, 12, 28, 27, 26, 47, 13, 14, 52, 11, 51, 33, 43, 37, 40, 39, 36, 35, 34, 44, 46, 16, 29, 19, 38, 48, 24, 5, 15, 6, 4, 25, 30, 2, 7, 42, 21, 17, 3, 18, 31, 22]

Individual 57:
  Route length: 12481
  Contribution to Diversity: 0.00018603686798268626
  Route: [1, 49, 32, 45, 19, 41, 8, 9, 10, 51, 33, 28, 12, 25, 4, 6, 26, 35, 43, 40, 39, 36, 27, 52, 14, 13, 47, 48, 24, 5, 15, 11, 37, 38, 34, 44, 46, 16, 29, 50, 20, 23, 30, 2, 7, 42, 21, 17, 3, 18, 31, 22]

Individual 58:
  Route length: 11159
  Contribution to Diversity: 4.7495290023569225e-05
  Route: [50, 29, 16, 44, 6, 4, 25, 12, 46, 5, 20, 33, 51, 11, 52, 14, 13, 47, 26, 24, 48, 38, 37, 40, 39, 15, 27, 28, 34, 35, 36, 43, 10, 9, 8, 41, 19, 45, 32, 49, 1, 23, 30, 2, 7, 42, 21, 17, 3, 18, 31, 22]

Individual 59:
  Route length: 10229
  Contribution to Diversity: 0
  Route: [43, 10, 9, 8, 41, 19, 45, 25, 12, 46, 44, 16, 29, 50, 1, 49, 32, 38, 37, 40, 48, 24, 5, 15, 6, 4, 35, 36, 39, 34, 28, 27, 26, 47, 13, 14, 52, 11, 51, 33, 20, 23, 30, 2, 7, 42, 21, 17, 3, 18, 31, 22]

Individual 60:
  Route length: 11222
  Contribution to Diversity: 0
  Route: [1, 49, 32, 45, 19, 41, 28, 12, 25, 4, 6, 15, 5, 24, 48, 13, 14, 52, 11, 51, 33, 43, 10, 9, 8, 36, 35, 34, 44, 46, 16, 29, 50, 20, 23, 42, 7, 2, 30, 38, 37, 40, 39, 27, 26, 47, 21, 17, 3, 18, 31, 22]

Individual 61:
  Route length: 13082
  Contribution to Diversity: 0.0020651289638315973
  Route: [1, 34, 44, 46, 16, 8, 32, 49, 25, 4, 6, 15, 5, 24, 48, 38, 37, 40, 39, 36, 35, 12, 28, 27, 26, 47, 13, 14, 2, 30, 23, 20, 50, 41, 18, 3, 17, 21, 42, 7, 19, 45, 9, 10, 43, 33, 51, 11, 52, 29, 31, 22]

Individual 62:
  Route length: 11468
  Contribution to Diversity: 0.0010850232875769805
  Route: [1, 49, 32, 48, 33, 43, 10, 9, 8, 41, 45, 52, 14, 13, 47, 26, 27, 28, 12, 25, 4, 6, 15, 5, 24, 11, 51, 34, 44, 36, 35, 38, 19, 29, 16, 46, 40, 39, 37, 50, 20, 23, 30, 2, 7, 42, 21, 17, 3, 18, 31, 22]

Individual 63:
  Route length: 12099
  Contribution to Diversity: 0.0002872147690498039
  Route: [1, 49, 45, 32, 27, 28, 43, 33, 51, 11, 52, 14, 13, 37, 26, 47, 39, 40, 19, 17, 21, 42, 7, 2, 30, 23, 20, 50, 29, 16, 46, 44, 34, 35, 36, 38, 48, 24, 5, 15, 12, 25, 4, 6, 10, 9, 8, 41, 31, 18, 3, 22]

Individual 64:
  Route length: 11998
  Contribution to Diversity: 0
  Route: [11, 45, 19, 41, 8, 9, 10, 43, 33, 51, 34, 44, 46, 16, 28, 12, 25, 4, 6, 15, 5, 24, 48, 38, 37, 40, 39, 1, 49, 32, 35, 36, 52, 14, 13, 47, 26, 27, 20, 50, 29, 23, 30, 2, 7, 42, 21, 17, 3, 18, 31, 22]

Individual 65:
  Route length: 10773
  Contribution to Diversity: 0
  Route: [12, 46, 44, 16, 29, 50, 1, 49, 32, 45, 19, 41, 8, 9, 10, 43, 31, 18, 3, 17, 21, 42, 7, 2, 30, 23, 20, 33, 51, 11, 52, 14, 13, 47, 26, 27, 28, 34, 39, 36, 35, 4, 6, 15, 5, 24, 48, 38, 37, 40, 25, 22]

Individual 66:
  Route length: 12338
  Contribution to Diversity: 0.0015608596879692627
  Route: [44, 34, 35, 36, 39, 40, 37, 38, 48, 24, 5, 15, 8, 41, 19, 45, 32, 49, 1, 31, 18, 3, 17, 6, 4, 25, 12, 28, 21, 42, 7, 2, 30, 23, 20, 27, 16, 29, 50, 13, 47, 26, 14, 52, 11, 51, 33, 43, 10, 9, 46, 22]

Individual 67:
  Route length: 10716
  Contribution to Diversity: 0
  Route: [1, 49, 32, 45, 19, 41, 8, 9, 10, 43, 33, 51, 47, 13, 14, 52, 11, 17, 21, 42, 7, 2, 30, 50, 20, 23, 29, 16, 46, 44, 34, 35, 36, 39, 40, 37, 38, 48, 24, 6, 15, 5, 12, 25, 4, 28, 27, 26, 3, 18, 31, 22]

Individual 68:
  Route length: 12445
  Contribution to Diversity: 0.0001715018329440099
  Route: [19, 45, 32, 49, 1, 38, 37, 11, 15, 5, 24, 48, 47, 13, 14, 52, 27, 28, 12, 25, 4, 6, 26, 35, 40, 39, 36, 16, 46, 44, 34, 41, 8, 9, 10, 51, 33, 43, 29, 50, 20, 23, 30, 2, 7, 42, 21, 17, 3, 18, 31, 22]

Individual 69:
  Route length: 12710
  Contribution to Diversity: 0.002270152743372833
  Route: [10, 9, 8, 41, 19, 49, 16, 29, 50, 7, 14, 13, 47, 26, 27, 28, 12, 25, 4, 6, 45, 32, 39, 36, 35, 34, 23, 20, 30, 2, 42, 21, 17, 1, 5, 24, 48, 38, 37, 40, 15, 46, 44, 52, 11, 51, 33, 43, 3, 18, 31, 22]

Individual 70:
  Route length: 11838
  Contribution to Diversity: 0
  Route: [1, 49, 32, 45, 19, 41, 8, 33, 43, 10, 9, 15, 6, 21, 17, 35, 34, 44, 46, 16, 29, 50, 20, 23, 39, 40, 37, 38, 36, 30, 2, 7, 42, 28, 12, 25, 4, 27, 26, 47, 13, 14, 52, 11, 51, 5, 24, 48, 3, 18, 31, 22]

Individual 71:
  Route length: 12452
  Contribution to Diversity: 0
  Route: [1, 49, 32, 45, 41, 8, 9, 10, 43, 33, 51, 11, 52, 14, 7, 2, 30, 25, 4, 6, 15, 5, 24, 48, 38, 19, 29, 16, 46, 44, 34, 35, 36, 39, 40, 37, 50, 20, 23, 12, 28, 27, 26, 47, 13, 31, 18, 3, 17, 21, 42, 22]

Individual 72:
  Route length: 10849
  Contribution to Diversity: 0
  Route: [1, 49, 32, 45, 19, 41, 8, 7, 2, 30, 23, 20, 50, 12, 28, 27, 26, 47, 13, 14, 52, 11, 51, 39, 40, 37, 38, 48, 24, 5, 15, 6, 4, 36, 35, 34, 44, 46, 16, 29, 25, 33, 43, 10, 9, 42, 21, 17, 3, 18, 31, 22]

Individual 73:
  Route length: 12918
  Contribution to Diversity: 0.001665070842126859
  Route: [1, 49, 52, 11, 51, 33, 43, 10, 9, 8, 41, 5, 24, 44, 34, 35, 36, 3, 46, 16, 29, 50, 20, 23, 30, 2, 7, 42, 21, 17, 14, 13, 15, 6, 4, 25, 12, 28, 27, 26, 47, 19, 45, 32, 48, 38, 37, 40, 39, 31, 18, 22]

Individual 74:
  Route length: 12630
  Contribution to Diversity: 0.0022729321615377884
  Route: [50, 29, 16, 44, 6, 4, 25, 12, 46, 5, 20, 33, 51, 11, 52, 14, 13, 47, 26, 24, 48, 38, 7, 2, 30, 23, 1, 49, 32, 45, 19, 41, 8, 9, 10, 43, 36, 35, 34, 28, 27, 15, 39, 40, 37, 18, 3, 17, 21, 42, 31, 22]

Individual 75:
  Route length: 13002
  Contribution to Diversity: 0
  Route: [11, 51, 33, 43, 10, 9, 8, 41, 19, 45, 32, 49, 28, 12, 25, 4, 6, 15, 5, 24, 48, 38, 37, 40, 3, 18, 31, 1, 39, 47, 26, 27, 20, 50, 29, 23, 30, 2, 7, 42, 21, 17, 13, 14, 52, 36, 35, 34, 44, 46, 16, 22]

Individual 76:
  Route length: 12300
  Contribution to Diversity: 0.00204704948370793
  Route: [49, 1, 23, 40, 39, 36, 35, 34, 44, 46, 48, 24, 5, 15, 6, 4, 25, 12, 7, 2, 42, 32, 30, 28, 20, 50, 29, 16, 3, 17, 21, 45, 19, 41, 8, 9, 10, 43, 33, 51, 11, 52, 14, 13, 47, 26, 27, 37, 38, 18, 31, 22]

Individual 77:
  Route length: 11736
  Contribution to Diversity: 0
  Route: [1, 49, 45, 32, 27, 28, 43, 33, 51, 11, 52, 14, 13, 37, 26, 47, 39, 40, 19, 41, 8, 9, 10, 3, 17, 21, 42, 7, 2, 30, 23, 20, 50, 29, 16, 46, 44, 34, 35, 36, 38, 48, 24, 5, 15, 12, 25, 4, 6, 18, 31, 22]

Individual 78:
  Route length: 10140
  Contribution to Diversity: 0
  Route: [1, 38, 37, 40, 39, 36, 35, 34, 44, 50, 29, 16, 46, 49, 32, 45, 19, 41, 8, 7, 2, 30, 23, 20, 6, 15, 5, 24, 48, 4, 25, 12, 28, 27, 26, 47, 13, 14, 52, 11, 51, 33, 43, 10, 9, 42, 21, 17, 3, 18, 31, 22]

Individual 79:
  Route length: 12432
  Contribution to Diversity: 0
  Route: [1, 49, 32, 37, 38, 44, 46, 16, 24, 5, 42, 45, 19, 41, 8, 9, 48, 7, 2, 30, 23, 20, 39, 36, 35, 34, 10, 43, 33, 51, 11, 52, 14, 13, 47, 26, 27, 28, 12, 25, 4, 6, 15, 50, 29, 40, 21, 17, 3, 18, 31, 22]

Individual 80:
  Route length: 13166
  Contribution to Diversity: 0.0007844592353967172
  Route: [1, 49, 32, 45, 19, 41, 8, 52, 44, 34, 35, 36, 39, 30, 2, 7, 29, 50, 20, 23, 18, 3, 17, 21, 42, 9, 10, 43, 33, 51, 11, 16, 46, 5, 15, 6, 4, 25, 12, 28, 27, 26, 47, 13, 14, 24, 48, 38, 37, 40, 31, 22]

Individual 81:
  Route length: 11343
  Contribution to Diversity: 0
  Route: [11, 51, 33, 43, 10, 9, 8, 41, 19, 45, 32, 49, 1, 39, 40, 37, 38, 48, 24, 5, 15, 6, 4, 25, 28, 12, 52, 36, 35, 34, 44, 46, 16, 14, 13, 47, 26, 27, 20, 50, 29, 23, 30, 2, 7, 42, 21, 17, 3, 18, 31, 22]

Individual 82:
  Route length: 11879
  Contribution to Diversity: 0
  Route: [10, 9, 8, 41, 19, 45, 32, 7, 2, 30, 23, 20, 50, 29, 16, 44, 46, 15, 6, 4, 25, 12, 28, 27, 26, 47, 37, 40, 49, 1, 17, 21, 42, 39, 36, 35, 34, 5, 24, 48, 38, 18, 3, 43, 33, 51, 11, 52, 14, 13, 31, 22]

Individual 83:
  Route length: 12688
  Contribution to Diversity: 0
  Route: [1, 49, 32, 45, 19, 41, 34, 21, 42, 7, 17, 11, 14, 52, 47, 13, 51, 33, 43, 10, 9, 8, 37, 40, 39, 36, 35, 2, 30, 23, 20, 50, 29, 16, 46, 44, 38, 48, 24, 5, 15, 6, 4, 25, 12, 28, 27, 26, 3, 18, 31, 22]

Individual 84:
  Route length: 12090
  Contribution to Diversity: 0.0001500907682441266
  Route: [37, 40, 39, 23, 20, 50, 29, 16, 46, 44, 47, 26, 27, 4, 25, 12, 28, 42, 7, 2, 30, 13, 14, 52, 11, 51, 33, 43, 10, 9, 8, 41, 19, 45, 32, 49, 1, 38, 36, 34, 35, 17, 21, 6, 15, 5, 24, 48, 3, 18, 31, 22]

Individual 85:
  Route length: 12881
  Contribution to Diversity: 0
  Route: [11, 51, 33, 15, 6, 4, 25, 12, 28, 49, 32, 45, 19, 41, 8, 9, 10, 43, 13, 47, 26, 27, 20, 50, 29, 23, 30, 2, 7, 42, 21, 17, 3, 18, 31, 1, 39, 40, 37, 38, 48, 24, 5, 14, 52, 36, 35, 34, 44, 46, 16, 22]

Individual 86:
  Route length: 11457
  Contribution to Diversity: 0.0011835180392081313
  Route: [1, 49, 32, 36, 39, 14, 52, 11, 51, 33, 43, 15, 5, 24, 48, 38, 4, 25, 13, 47, 26, 27, 28, 12, 40, 37, 41, 19, 6, 8, 9, 10, 45, 42, 7, 2, 30, 23, 20, 50, 29, 16, 46, 44, 34, 35, 21, 17, 3, 18, 31, 22]

Individual 87:
  Route length: 12124
  Contribution to Diversity: 0.0022826328294929255
  Route: [1, 32, 49, 33, 51, 11, 52, 14, 39, 36, 43, 15, 5, 24, 48, 38, 4, 25, 13, 47, 26, 27, 28, 12, 40, 37, 41, 19, 6, 8, 9, 10, 45, 42, 7, 2, 30, 23, 20, 50, 29, 16, 46, 44, 34, 35, 21, 17, 3, 18, 31, 22]

Individual 88:
  Route length: 12410
  Contribution to Diversity: 0
  Route: [1, 49, 32, 9, 8, 41, 19, 45, 47, 26, 27, 28, 12, 25, 4, 6, 15, 5, 24, 48, 2, 7, 42, 21, 17, 3, 10, 43, 33, 51, 11, 52, 30, 23, 20, 50, 29, 16, 46, 44, 34, 35, 36, 39, 40, 37, 38, 14, 13, 18, 31, 22]

Individual 89:
  Route length: 12792
  Contribution to Diversity: 0.0002648738423003394
  Route: [1, 49, 32, 45, 19, 41, 8, 9, 16, 46, 44, 34, 35, 36, 39, 40, 37, 38, 14, 13, 11, 52, 30, 23, 20, 50, 29, 51, 33, 43, 10, 3, 17, 21, 42, 7, 2, 48, 24, 5, 15, 6, 4, 25, 12, 47, 26, 27, 28, 18, 31, 22]

Individual 90:
  Route length: 11964
  Contribution to Diversity: 0
  Route: [1, 49, 52, 14, 13, 47, 26, 9, 8, 41, 19, 45, 32, 30, 23, 20, 50, 29, 16, 11, 51, 33, 43, 10, 6, 4, 25, 12, 28, 27, 15, 5, 24, 48, 38, 37, 40, 39, 36, 35, 34, 44, 46, 2, 7, 42, 21, 17, 3, 18, 31, 22]

Individual 91:
  Route length: 10770
  Contribution to Diversity: 0.0007001154957606559
  Route: [17, 3, 18, 10, 9, 8, 41, 19, 45, 32, 49, 50, 20, 23, 29, 16, 46, 15, 6, 4, 25, 12, 28, 13, 14, 52, 11, 51, 33, 43, 30, 2, 7, 42, 21, 47, 26, 27, 5, 44, 34, 36, 39, 40, 37, 38, 48, 24, 35, 1, 31, 22]

Individual 92:
  Route length: 12756
  Contribution to Diversity: 0.001481335182902832
  Route: [10, 9, 8, 41, 19, 45, 32, 7, 2, 30, 23, 20, 50, 29, 17, 1, 49, 40, 37, 47, 26, 27, 28, 12, 25, 4, 6, 15, 46, 44, 16, 35, 36, 39, 42, 21, 34, 5, 24, 48, 38, 18, 3, 43, 33, 51, 11, 52, 14, 13, 31, 22]

Individual 93:
  Route length: 12920
  Contribution to Diversity: 0.0008551240052891984
  Route: [1, 42, 32, 49, 48, 24, 5, 15, 6, 4, 3, 17, 44, 46, 16, 29, 50, 20, 23, 30, 28, 27, 26, 47, 13, 14, 52, 11, 51, 33, 43, 10, 9, 8, 41, 19, 45, 21, 37, 40, 39, 36, 35, 34, 38, 2, 7, 12, 25, 18, 31, 22]

Individual 94:
  Route length: 12894
  Contribution to Diversity: 0.0015969970534532862
  Route: [37, 40, 47, 13, 14, 52, 30, 2, 7, 42, 21, 50, 29, 16, 46, 44, 34, 35, 36, 39, 8, 9, 10, 43, 33, 51, 11, 6, 4, 25, 12, 28, 27, 26, 41, 19, 45, 32, 3, 17, 1, 49, 48, 24, 5, 15, 23, 20, 38, 18, 31, 22]

Individual 95:
  Route length: 11252
  Contribution to Diversity: 0.00010597868773043473
  Route: [1, 49, 47, 13, 14, 52, 11, 51, 33, 43, 10, 9, 8, 41, 45, 32, 34, 44, 46, 35, 36, 39, 40, 37, 50, 20, 23, 12, 28, 27, 26, 5, 24, 48, 38, 19, 29, 16, 15, 6, 4, 25, 30, 2, 7, 42, 21, 17, 3, 18, 31, 22]

Individual 96:
  Route length: 12331
  Contribution to Diversity: 0.0019275318367890648
  Route: [1, 49, 32, 16, 46, 44, 34, 35, 36, 39, 40, 50, 20, 28, 12, 25, 51, 45, 19, 41, 37, 38, 48, 24, 5, 15, 6, 4, 33, 43, 10, 9, 8, 29, 11, 52, 14, 13, 47, 26, 27, 42, 7, 2, 30, 23, 21, 17, 3, 18, 31, 22]

Individual 97:
  Route length: 12702
  Contribution to Diversity: 0.0007247842519326753
  Route: [1, 49, 32, 36, 39, 40, 37, 38, 48, 24, 5, 15, 6, 4, 47, 26, 27, 28, 12, 25, 10, 43, 33, 51, 11, 52, 14, 45, 19, 41, 8, 9, 46, 16, 29, 7, 2, 30, 23, 20, 50, 13, 44, 34, 35, 42, 21, 17, 3, 18, 31, 22]

Individual 98:
  Route length: 12309
  Contribution to Diversity: 0.00022233639462321264
  Route: [1, 49, 45, 32, 27, 28, 43, 47, 26, 37, 13, 14, 52, 11, 51, 33, 35, 34, 44, 46, 16, 29, 50, 20, 23, 30, 2, 7, 42, 21, 17, 3, 10, 9, 8, 41, 19, 40, 39, 36, 38, 48, 24, 5, 15, 12, 25, 4, 6, 18, 31, 22]

Individual 99:
  Route length: 12643
  Contribution to Diversity: 0.0016012154755120633
  Route: [1, 29, 50, 11, 52, 14, 43, 10, 9, 8, 41, 19, 42, 7, 2, 30, 23, 20, 38, 37, 40, 39, 16, 46, 44, 34, 51, 33, 15, 6, 4, 25, 12, 28, 27, 26, 47, 13, 5, 24, 48, 49, 36, 35, 32, 45, 21, 17, 3, 18, 31, 22]

Individual 100:
  Route length: 12148
  Contribution to Diversity: 0.00017145583094357875
  Route: [1, 49, 30, 2, 7, 42, 21, 17, 3, 10, 9, 8, 41, 19, 40, 39, 47, 26, 37, 13, 14, 52, 11, 51, 33, 43, 28, 27, 32, 45, 31, 18, 6, 4, 25, 12, 15, 5, 24, 48, 38, 36, 35, 34, 44, 46, 16, 29, 50, 20, 23, 22]

Individual 101:
  Route length: 13027
  Contribution to Diversity: 0.00014413004903879312
  Route: [1, 49, 32, 37, 38, 44, 46, 16, 5, 24, 48, 9, 8, 41, 19, 45, 42, 7, 47, 13, 14, 52, 11, 51, 33, 43, 10, 34, 35, 36, 39, 20, 23, 30, 2, 17, 21, 40, 29, 50, 15, 6, 4, 25, 12, 28, 27, 26, 3, 18, 31, 22]

Individual 102:
  Route length: 13198
  Contribution to Diversity: 0
  Route: [11, 45, 19, 41, 8, 9, 29, 50, 20, 27, 26, 47, 13, 14, 52, 36, 35, 32, 49, 1, 39, 40, 37, 38, 48, 24, 5, 15, 6, 4, 25, 12, 28, 16, 46, 44, 34, 51, 33, 43, 10, 3, 17, 21, 42, 7, 2, 30, 23, 18, 31, 22]

Individual 103:
  Route length: 10966
  Contribution to Diversity: 0
  Route: [1, 49, 34, 35, 36, 39, 20, 23, 30, 2, 7, 42, 45, 19, 41, 8, 9, 48, 24, 5, 16, 46, 44, 38, 37, 32, 31, 18, 3, 17, 21, 40, 29, 50, 15, 6, 4, 25, 12, 28, 27, 26, 47, 13, 14, 52, 11, 51, 33, 43, 10, 22]

Individual 104:
  Route length: 13101
  Contribution to Diversity: 0.00032481847494558735
  Route: [11, 45, 19, 41, 8, 9, 10, 43, 33, 51, 34, 44, 46, 16, 28, 12, 25, 4, 6, 15, 5, 24, 48, 38, 37, 40, 13, 14, 52, 36, 35, 32, 49, 1, 39, 50, 20, 27, 26, 47, 29, 23, 30, 2, 7, 42, 21, 17, 3, 18, 31, 22]

Individual 105:
  Route length: 12336
  Contribution to Diversity: 0.001233833203952095
  Route: [28, 12, 25, 4, 27, 26, 47, 13, 14, 52, 11, 32, 45, 19, 41, 8, 9, 10, 43, 33, 51, 37, 40, 1, 49, 38, 48, 24, 5, 15, 39, 36, 35, 34, 44, 46, 16, 29, 20, 50, 7, 2, 30, 23, 42, 18, 3, 17, 21, 6, 31, 22]

Individual 106:
  Route length: 12507
  Contribution to Diversity: 0.00141366718309488
  Route: [1, 49, 32, 45, 19, 41, 8, 33, 43, 10, 9, 39, 23, 20, 50, 29, 16, 46, 44, 34, 35, 17, 21, 6, 15, 3, 48, 24, 5, 51, 11, 52, 14, 13, 47, 26, 27, 4, 25, 12, 28, 42, 7, 2, 30, 36, 38, 37, 40, 18, 31, 22]

Individual 107:
  Route length: 13021
  Contribution to Diversity: 0.0024235029674573028
  Route: [1, 49, 32, 45, 19, 26, 28, 12, 25, 4, 8, 41, 48, 24, 34, 44, 46, 16, 6, 15, 5, 30, 23, 20, 50, 29, 9, 10, 43, 33, 51, 11, 52, 14, 13, 47, 40, 37, 38, 27, 39, 36, 35, 2, 7, 42, 21, 17, 3, 18, 31, 22]

Individual 108:
  Route length: 11655
  Contribution to Diversity: 0.00011767585063893193
  Route: [1, 49, 32, 45, 41, 8, 9, 10, 43, 33, 51, 11, 52, 14, 13, 47, 26, 27, 28, 12, 23, 20, 50, 37, 7, 2, 30, 25, 4, 6, 15, 16, 29, 19, 38, 48, 24, 5, 34, 44, 46, 35, 36, 39, 40, 31, 18, 3, 17, 21, 42, 22]

Individual 109:
  Route length: 12544
  Contribution to Diversity: 0
  Route: [1, 49, 32, 45, 19, 7, 42, 21, 17, 11, 52, 14, 13, 47, 51, 33, 43, 10, 9, 8, 41, 25, 15, 6, 4, 38, 48, 24, 5, 37, 40, 39, 36, 35, 34, 44, 46, 16, 29, 50, 20, 23, 30, 2, 12, 28, 27, 26, 3, 18, 31, 22]

Individual 110:
  Route length: 11184
  Contribution to Diversity: 0.00039505161940933675
  Route: [1, 20, 23, 30, 38, 37, 40, 39, 36, 35, 44, 34, 24, 5, 15, 6, 2, 7, 8, 41, 19, 45, 32, 49, 46, 16, 29, 50, 48, 4, 25, 12, 28, 27, 26, 47, 13, 14, 52, 11, 51, 33, 43, 10, 9, 42, 21, 17, 3, 18, 31, 22]

Individual 111:
  Route length: 12461
  Contribution to Diversity: 0.0013327049206077746
  Route: [1, 39, 47, 26, 37, 13, 14, 52, 11, 51, 33, 43, 28, 27, 32, 45, 49, 41, 8, 9, 10, 6, 4, 25, 12, 15, 5, 24, 48, 38, 36, 35, 34, 44, 46, 16, 29, 50, 20, 23, 30, 2, 7, 42, 21, 17, 19, 40, 31, 18, 3, 22]

Individual 112:
  Route length: 13010
  Contribution to Diversity: 0.001339195424624684
  Route: [1, 47, 13, 14, 52, 11, 51, 33, 43, 10, 34, 35, 36, 39, 20, 23, 30, 2, 7, 42, 45, 41, 19, 16, 5, 24, 48, 9, 8, 46, 44, 38, 37, 32, 49, 50, 15, 6, 4, 25, 12, 28, 27, 26, 29, 40, 21, 17, 3, 18, 31, 22]

Individual 113:
  Route length: 10724
  Contribution to Diversity: 0
  Route: [1, 49, 32, 45, 19, 41, 8, 9, 10, 43, 33, 51, 47, 13, 14, 52, 11, 23, 20, 50, 30, 2, 7, 42, 21, 17, 31, 18, 3, 26, 27, 28, 4, 25, 12, 5, 15, 6, 24, 48, 38, 37, 40, 39, 36, 35, 34, 44, 46, 16, 29, 22]

Individual 114:
  Route length: 12654
  Contribution to Diversity: 0.000705652079989072
  Route: [1, 4, 6, 15, 5, 24, 48, 49, 32, 42, 25, 12, 7, 2, 38, 34, 35, 36, 39, 40, 37, 21, 45, 19, 41, 8, 9, 10, 43, 33, 51, 11, 52, 14, 13, 47, 26, 27, 28, 30, 23, 20, 50, 29, 16, 46, 44, 17, 3, 18, 31, 22]

Individual 115:
  Route length: 12677
  Contribution to Diversity: 0.0014144555821298255
  Route: [43, 10, 9, 8, 41, 19, 45, 25, 12, 46, 44, 16, 29, 50, 1, 49, 32, 38, 37, 40, 48, 24, 5, 15, 6, 28, 34, 39, 36, 35, 4, 7, 2, 30, 23, 20, 33, 51, 11, 52, 14, 13, 47, 26, 27, 42, 21, 17, 3, 18, 31, 22]

Individual 116:
  Route length: 12047
  Contribution to Diversity: 0
  Route: [1, 49, 52, 11, 51, 33, 43, 28, 27, 32, 45, 34, 35, 36, 39, 40, 19, 41, 8, 9, 10, 6, 4, 25, 12, 15, 5, 24, 48, 38, 37, 26, 47, 13, 14, 44, 46, 16, 29, 50, 20, 23, 30, 2, 7, 42, 21, 17, 3, 18, 31, 22]

Individual 117:
  Route length: 12436
  Contribution to Diversity: 0.0021649362364026814
  Route: [28, 12, 25, 4, 6, 7, 2, 30, 23, 20, 10, 9, 8, 41, 19, 45, 32, 49, 43, 33, 51, 11, 52, 14, 13, 47, 26, 27, 5, 44, 15, 46, 16, 29, 50, 38, 37, 40, 39, 36, 34, 42, 21, 17, 3, 18, 48, 24, 35, 1, 31, 22]

Individual 118:
  Route length: 10875
  Contribution to Diversity: 0
  Route: [1, 49, 32, 45, 41, 8, 9, 10, 43, 33, 51, 11, 52, 14, 13, 47, 26, 27, 28, 12, 23, 20, 50, 37, 40, 39, 36, 35, 46, 44, 34, 5, 24, 48, 38, 19, 29, 3, 17, 21, 42, 7, 2, 30, 25, 4, 6, 15, 16, 18, 31, 22]

Individual 119:
  Route length: 13153
  Contribution to Diversity: 0.0014940006842074638
  Route: [19, 45, 32, 49, 1, 38, 37, 11, 15, 5, 24, 48, 47, 13, 14, 52, 27, 28, 12, 25, 4, 6, 26, 51, 33, 43, 39, 40, 23, 30, 2, 7, 35, 36, 20, 50, 29, 16, 46, 44, 34, 41, 8, 9, 10, 42, 21, 17, 3, 18, 31, 22]

Individual 120:
  Route length: 12156
  Contribution to Diversity: 0
  Route: [1, 49, 32, 45, 19, 41, 8, 9, 10, 43, 33, 51, 13, 47, 52, 14, 11, 17, 7, 42, 21, 50, 29, 16, 46, 44, 34, 48, 38, 37, 40, 39, 36, 35, 2, 30, 23, 20, 24, 5, 15, 6, 4, 25, 12, 28, 27, 26, 3, 18, 31, 22]

Individual 121:
  Route length: 13183
  Contribution to Diversity: 0.0012673612960094616
  Route: [1, 49, 32, 37, 38, 35, 36, 39, 20, 23, 30, 2, 7, 48, 9, 8, 41, 19, 45, 42, 5, 24, 16, 46, 44, 43, 10, 34, 33, 51, 11, 52, 14, 13, 47, 26, 27, 28, 12, 25, 4, 6, 15, 50, 29, 40, 21, 17, 3, 18, 31, 22]

Individual 122:
  Route length: 12441
  Contribution to Diversity: 0
  Route: [5, 24, 48, 38, 37, 40, 39, 36, 35, 2, 30, 23, 20, 50, 29, 16, 46, 44, 34, 21, 42, 7, 17, 11, 14, 52, 47, 13, 51, 33, 43, 10, 9, 8, 41, 19, 45, 32, 49, 1, 31, 18, 3, 26, 27, 28, 12, 25, 4, 6, 15, 22]

Individual 123:
  Route length: 12292
  Contribution to Diversity: 0
  Route: [1, 49, 32, 45, 19, 41, 8, 9, 10, 33, 13, 48, 24, 5, 15, 6, 4, 25, 12, 28, 27, 26, 47, 21, 42, 7, 2, 30, 23, 20, 50, 29, 16, 46, 44, 34, 43, 52, 51, 11, 14, 38, 37, 40, 39, 36, 35, 17, 3, 18, 31, 22]

Individual 124:
  Route length: 13135
  Contribution to Diversity: 0.0014360348638442488
  Route: [10, 9, 8, 41, 19, 45, 32, 50, 29, 48, 38, 37, 40, 49, 16, 36, 39, 42, 21, 17, 1, 5, 24, 35, 34, 23, 20, 30, 2, 7, 14, 13, 47, 26, 27, 28, 12, 25, 4, 6, 15, 46, 44, 52, 11, 51, 33, 43, 3, 18, 31, 22]

Individual 125:
  Route length: 12470
  Contribution to Diversity: 0.0005663535836033518
  Route: [1, 49, 48, 24, 5, 15, 6, 4, 25, 11, 51, 33, 43, 50, 32, 45, 19, 41, 8, 9, 12, 28, 27, 10, 29, 26, 47, 13, 14, 52, 16, 46, 44, 34, 35, 36, 39, 40, 37, 38, 20, 23, 30, 2, 7, 42, 21, 17, 3, 18, 31, 22]

Individual 126:
  Route length: 12957
  Contribution to Diversity: 0.0013242944224067799
  Route: [39, 36, 35, 26, 6, 14, 52, 27, 28, 12, 25, 4, 33, 51, 11, 15, 5, 24, 48, 47, 13, 43, 10, 9, 8, 41, 19, 23, 1, 49, 32, 45, 20, 50, 29, 16, 46, 44, 34, 38, 37, 40, 30, 2, 7, 42, 21, 17, 3, 18, 31, 22]

Individual 127:
  Route length: 13041
  Contribution to Diversity: 0.0003147665317690951
  Route: [1, 49, 32, 45, 19, 41, 8, 9, 10, 43, 33, 39, 36, 35, 2, 30, 23, 20, 50, 29, 16, 46, 44, 34, 21, 42, 7, 17, 11, 14, 52, 47, 13, 51, 31, 18, 3, 26, 27, 28, 12, 25, 4, 6, 15, 5, 24, 48, 38, 37, 40, 22]

Individual 128:
  Route length: 12580
  Contribution to Diversity: 0.00022039268658691213
  Route: [1, 49, 32, 45, 19, 16, 46, 44, 34, 35, 36, 39, 29, 38, 37, 40, 2, 30, 23, 20, 50, 41, 18, 43, 10, 9, 8, 7, 42, 21, 17, 3, 24, 5, 15, 6, 4, 25, 12, 28, 27, 26, 47, 13, 14, 52, 11, 51, 33, 48, 31, 22]

Individual 129:
  Route length: 12447
  Contribution to Diversity: 0.0012719463082930815
  Route: [1, 36, 35, 34, 44, 46, 16, 5, 24, 48, 38, 37, 32, 49, 27, 26, 47, 13, 25, 12, 28, 39, 20, 23, 30, 2, 7, 42, 45, 19, 41, 8, 9, 10, 43, 33, 51, 11, 52, 14, 40, 29, 50, 15, 6, 4, 21, 17, 3, 18, 31, 22]

Individual 130:
  Route length: 11751
  Contribution to Diversity: 0.0009494628684416639
  Route: [1, 49, 32, 45, 19, 41, 8, 9, 10, 43, 33, 4, 3, 18, 51, 11, 52, 14, 13, 47, 26, 27, 28, 12, 16, 46, 44, 25, 15, 30, 2, 7, 42, 23, 20, 50, 29, 5, 24, 48, 38, 37, 40, 39, 36, 35, 34, 17, 21, 6, 31, 22]

Individual 131:
  Route length: 13059
  Contribution to Diversity: 0.0002974548837872959
  Route: [1, 49, 32, 45, 19, 41, 8, 9, 10, 33, 13, 48, 24, 5, 15, 6, 4, 25, 29, 50, 20, 23, 30, 2, 7, 42, 21, 47, 26, 27, 28, 12, 52, 43, 34, 44, 46, 16, 51, 11, 14, 38, 37, 40, 39, 36, 35, 17, 3, 18, 31, 22]

Individual 132:
  Route length: 11459
  Contribution to Diversity: 0.0011981055377185967
  Route: [12, 46, 44, 16, 29, 50, 1, 49, 32, 19, 45, 38, 48, 24, 5, 15, 6, 4, 35, 36, 39, 34, 28, 27, 26, 47, 13, 14, 52, 11, 51, 33, 20, 23, 30, 2, 7, 42, 21, 17, 3, 18, 31, 43, 10, 9, 8, 41, 37, 40, 25, 22]

Individual 133:
  Route length: 12903
  Contribution to Diversity: 0.0018637535350123358
  Route: [1, 49, 32, 45, 19, 41, 8, 9, 10, 43, 33, 4, 3, 18, 13, 14, 52, 11, 51, 40, 37, 38, 48, 24, 5, 29, 50, 20, 23, 42, 7, 2, 30, 15, 25, 44, 46, 16, 12, 28, 27, 26, 47, 39, 36, 35, 34, 17, 21, 6, 31, 22]

Individual 134:
  Route length: 11975
  Contribution to Diversity: 0.001969382535885522
  Route: [4, 25, 13, 47, 36, 39, 40, 37, 38, 48, 31, 29, 50, 20, 23, 30, 2, 7, 42, 21, 17, 3, 18, 1, 49, 32, 45, 19, 16, 46, 44, 35, 34, 26, 27, 28, 12, 11, 52, 14, 51, 33, 43, 10, 9, 8, 41, 24, 5, 15, 6, 22]

Individual 135:
  Route length: 11424
  Contribution to Diversity: 0.0010385464114888165
  Route: [12, 46, 44, 16, 29, 50, 1, 49, 32, 45, 19, 41, 8, 9, 10, 43, 31, 18, 28, 27, 26, 47, 13, 14, 52, 11, 51, 33, 20, 23, 30, 2, 7, 42, 21, 17, 3, 37, 38, 48, 24, 5, 15, 6, 4, 35, 36, 39, 34, 40, 25, 22]

Individual 136:
  Route length: 12981
  Contribution to Diversity: 0.0006696291272278998
  Route: [1, 49, 9, 8, 41, 19, 45, 32, 35, 36, 39, 40, 37, 38, 14, 11, 51, 52, 43, 34, 44, 46, 16, 29, 50, 20, 23, 30, 2, 7, 42, 21, 47, 26, 27, 28, 12, 25, 4, 6, 15, 5, 24, 48, 13, 33, 10, 17, 3, 18, 31, 22]

Individual 137:
  Route length: 12097
  Contribution to Diversity: 0.0016709766459985786
  Route: [1, 29, 5, 24, 48, 49, 36, 35, 32, 45, 19, 41, 8, 9, 10, 43, 14, 52, 11, 50, 47, 13, 26, 27, 28, 12, 25, 4, 6, 15, 33, 51, 34, 44, 46, 16, 39, 40, 37, 38, 20, 23, 30, 2, 7, 42, 21, 17, 3, 18, 31, 22]

Individual 138:
  Route length: 13137
  Contribution to Diversity: 0.001377739357684149
  Route: [1, 49, 32, 45, 19, 16, 46, 44, 34, 35, 36, 39, 29, 38, 37, 40, 43, 18, 41, 50, 20, 23, 30, 2, 6, 15, 5, 24, 3, 17, 21, 42, 7, 8, 9, 10, 4, 25, 12, 28, 27, 26, 47, 13, 14, 52, 11, 51, 33, 48, 31, 22]

Individual 139:
  Route length: 12081
  Contribution to Diversity: 0
  Route: [39, 40, 37, 38, 48, 24, 5, 15, 6, 4, 25, 12, 28, 16, 46, 44, 34, 51, 33, 43, 10, 9, 8, 41, 19, 45, 11, 31, 18, 3, 17, 21, 42, 7, 2, 30, 23, 29, 50, 20, 27, 26, 47, 13, 14, 52, 36, 35, 32, 49, 1, 22]

Individual 140:
  Route length: 11886
  Contribution to Diversity: 0.00022028679207153345
  Route: [9, 26, 47, 13, 14, 52, 11, 51, 33, 43, 10, 28, 27, 12, 25, 4, 6, 15, 5, 24, 48, 38, 1, 32, 45, 19, 41, 8, 37, 40, 39, 36, 35, 34, 44, 46, 16, 29, 50, 20, 23, 30, 2, 49, 42, 7, 21, 17, 3, 18, 31, 22]

Individual 141:
  Route length: 13129
  Contribution to Diversity: 0.001653417880167929
  Route: [19, 5, 15, 11, 37, 38, 1, 49, 32, 45, 26, 6, 4, 25, 12, 28, 27, 52, 14, 13, 47, 48, 24, 35, 40, 39, 36, 16, 46, 44, 34, 41, 8, 9, 10, 51, 33, 43, 29, 50, 20, 23, 30, 2, 7, 42, 21, 17, 3, 18, 31, 22]

Individual 142:
  Route length: 10867
  Contribution to Diversity: 0
  Route: [1, 49, 32, 45, 19, 41, 8, 7, 2, 30, 23, 20, 50, 12, 28, 27, 26, 47, 13, 14, 52, 11, 51, 39, 40, 37, 38, 5, 24, 48, 4, 6, 15, 36, 35, 34, 44, 46, 16, 29, 25, 33, 43, 10, 9, 42, 21, 17, 3, 18, 31, 22]

Individual 143:
  Route length: 12043
  Contribution to Diversity: 0.0007412841037099938
  Route: [10, 9, 8, 41, 19, 45, 32, 49, 1, 39, 40, 37, 38, 48, 11, 33, 43, 51, 34, 44, 46, 16, 29, 50, 6, 4, 25, 12, 28, 27, 26, 47, 13, 14, 52, 36, 15, 5, 24, 21, 42, 7, 2, 30, 23, 20, 35, 17, 3, 18, 31, 22]

Individual 144:
  Route length: 11521
  Contribution to Diversity: 0
  Route: [11, 51, 33, 43, 10, 9, 8, 41, 19, 45, 32, 49, 1, 39, 40, 37, 38, 48, 24, 5, 15, 6, 4, 25, 34, 44, 46, 16, 28, 12, 20, 27, 26, 47, 13, 14, 52, 36, 35, 50, 29, 23, 30, 2, 7, 42, 21, 17, 3, 18, 31, 22]

Individual 145:
  Route length: 12268
  Contribution to Diversity: 0.0016784695675227113
  Route: [9, 26, 47, 13, 14, 52, 11, 51, 33, 43, 10, 28, 27, 12, 25, 4, 6, 40, 37, 8, 41, 19, 45, 32, 1, 38, 48, 24, 5, 15, 2, 30, 23, 20, 50, 29, 16, 46, 44, 34, 35, 36, 39, 49, 42, 7, 21, 17, 3, 18, 31, 22]

Individual 146:
  Route length: 12907
  Contribution to Diversity: 0.0025617356058615925
  Route: [43, 10, 9, 8, 41, 19, 37, 45, 32, 4, 6, 5, 15, 27, 28, 13, 14, 52, 11, 49, 1, 50, 29, 16, 44, 46, 12, 25, 39, 40, 36, 35, 34, 24, 26, 47, 48, 38, 51, 33, 20, 23, 30, 2, 7, 42, 21, 17, 3, 18, 31, 22]

Individual 147:
  Route length: 12546
  Contribution to Diversity: 0.0016165500361973173
  Route: [28, 12, 25, 4, 6, 15, 5, 27, 51, 11, 52, 14, 13, 47, 26, 21, 46, 44, 34, 36, 39, 20, 23, 30, 2, 7, 42, 33, 43, 10, 9, 8, 41, 19, 45, 32, 49, 1, 35, 24, 48, 38, 37, 40, 3, 18, 16, 29, 50, 17, 31, 22]

Individual 148:
  Route length: 12483
  Contribution to Diversity: 0.0015566432059674895
  Route: [1, 49, 30, 2, 42, 7, 23, 20, 50, 29, 16, 46, 44, 34, 35, 36, 38, 48, 24, 5, 15, 12, 25, 4, 6, 18, 31, 45, 32, 27, 28, 43, 33, 51, 11, 52, 14, 13, 37, 26, 47, 39, 40, 19, 41, 8, 9, 10, 3, 17, 21, 22]

Individual 149:
  Route length: 12288
  Contribution to Diversity: 0.0007910098125289977
  Route: [1, 49, 32, 45, 19, 41, 8, 9, 10, 43, 33, 51, 20, 17, 21, 42, 7, 2, 30, 23, 38, 37, 40, 39, 36, 35, 34, 44, 46, 16, 29, 50, 14, 52, 11, 26, 27, 5, 12, 25, 4, 28, 13, 47, 15, 6, 24, 48, 3, 18, 31, 22]

Total Entropy H: 4.943456626939288
