Individual 0:
  Route length: 8549
  Contribution to Diversity: 0.0006251154891270261
  Route: [45, 32, 49, 1, 41, 19, 8, 9, 10, 43, 33, 51, 11, 52, 14, 13, 47, 26, 27, 28, 12, 25, 4, 6, 15, 5, 24, 48, 38, 37, 40, 39, 36, 35, 46, 44, 34, 23, 20, 50, 29, 16, 30, 2, 7, 42, 21, 17, 3, 18, 31, 22]

Individual 1:
  Route length: 9120
  Contribution to Diversity: 0.0005954173619429071
  Route: [1, 49, 32, 45, 19, 41, 8, 9, 10, 39, 40, 37, 48, 38, 46, 16, 29, 50, 20, 23, 30, 43, 33, 51, 11, 52, 14, 13, 47, 26, 27, 28, 12, 25, 4, 6, 15, 5, 24, 44, 34, 35, 36, 2, 7, 42, 21, 17, 3, 18, 31, 22]

Individual 2:
  Route length: 9279
  Contribution to Diversity: 0.0017573890787545565
  Route: [1, 49, 32, 45, 19, 41, 8, 9, 10, 43, 33, 51, 11, 52, 14, 13, 47, 26, 27, 28, 15, 6, 4, 25, 12, 24, 5, 48, 38, 37, 40, 39, 36, 35, 42, 7, 2, 23, 30, 29, 50, 20, 16, 46, 44, 34, 21, 17, 3, 18, 31, 22]

Individual 3:
  Route length: 9206
  Contribution to Diversity: 0.0003034899400935487
  Route: [1, 49, 32, 45, 39, 36, 35, 34, 44, 46, 16, 29, 50, 38, 48, 24, 5, 15, 6, 4, 25, 12, 28, 27, 26, 47, 13, 14, 52, 11, 51, 33, 43, 10, 9, 8, 41, 19, 3, 20, 23, 30, 2, 7, 42, 21, 17, 37, 40, 18, 31, 22]

Individual 4:
  Route length: 9136
  Contribution to Diversity: 0.0011544129604850184
  Route: [1, 10, 9, 19, 41, 8, 32, 45, 39, 36, 35, 34, 44, 46, 16, 29, 50, 20, 23, 30, 2, 7, 42, 21, 17, 3, 18, 31, 49, 24, 48, 38, 37, 40, 5, 15, 6, 4, 25, 12, 28, 27, 26, 47, 13, 14, 52, 11, 51, 33, 43, 22]

Individual 5:
  Route length: 9293
  Contribution to Diversity: 7.703856115437446e-05
  Route: [39, 40, 37, 38, 6, 15, 5, 24, 48, 30, 23, 20, 36, 35, 34, 44, 46, 16, 29, 50, 1, 49, 32, 45, 19, 41, 8, 9, 10, 43, 33, 51, 11, 52, 14, 13, 47, 26, 27, 28, 12, 25, 4, 2, 7, 42, 21, 17, 3, 18, 31, 22]

Individual 6:
  Route length: 9075
  Contribution to Diversity: 0.0001536573860887458
  Route: [16, 46, 44, 34, 35, 36, 39, 40, 9, 10, 43, 33, 51, 11, 52, 14, 13, 47, 26, 27, 28, 12, 25, 4, 6, 15, 5, 24, 48, 38, 37, 21, 42, 7, 2, 30, 23, 20, 50, 29, 1, 49, 32, 45, 19, 41, 8, 17, 3, 18, 31, 22]

Individual 7:
  Route length: 9356
  Contribution to Diversity: 0.00030354242469687875
  Route: [1, 49, 32, 45, 25, 12, 28, 27, 26, 47, 13, 14, 52, 11, 51, 33, 43, 10, 9, 8, 41, 19, 21, 42, 7, 2, 30, 23, 36, 35, 34, 44, 46, 16, 29, 50, 20, 40, 39, 37, 38, 48, 24, 5, 15, 6, 4, 17, 3, 18, 31, 22]

Individual 8:
  Route length: 9078
  Contribution to Diversity: 0.001033902440583212
  Route: [1, 10, 9, 19, 41, 8, 32, 45, 49, 31, 18, 3, 17, 21, 42, 7, 2, 30, 23, 20, 50, 29, 16, 48, 38, 37, 40, 39, 36, 35, 34, 44, 46, 24, 5, 15, 6, 4, 25, 12, 28, 27, 26, 47, 13, 14, 52, 11, 51, 33, 43, 22]

Individual 9:
  Route length: 9205
  Contribution to Diversity: 0.0007116114114191774
  Route: [1, 49, 32, 50, 20, 23, 30, 2, 7, 42, 21, 17, 3, 9, 10, 43, 33, 51, 11, 52, 14, 13, 47, 26, 27, 28, 12, 25, 4, 6, 15, 5, 24, 8, 41, 19, 45, 29, 16, 46, 44, 34, 35, 36, 39, 40, 37, 38, 48, 18, 31, 22]

Individual 10:
  Route length: 9330
  Contribution to Diversity: 0.0003942653777917471
  Route: [1, 49, 32, 45, 19, 41, 8, 9, 10, 43, 33, 51, 11, 52, 14, 13, 46, 44, 34, 35, 38, 37, 40, 39, 36, 20, 23, 47, 26, 27, 28, 12, 25, 4, 6, 15, 5, 24, 48, 50, 29, 16, 30, 2, 7, 42, 21, 17, 3, 18, 31, 22]

Individual 11:
  Route length: 8931
  Contribution to Diversity: 0
  Route: [1, 49, 32, 6, 34, 45, 19, 41, 8, 9, 10, 43, 33, 51, 11, 52, 14, 13, 47, 26, 27, 28, 12, 25, 4, 3, 17, 21, 42, 7, 2, 30, 23, 20, 50, 29, 16, 46, 44, 15, 5, 24, 48, 38, 37, 40, 39, 36, 35, 18, 31, 22]

Individual 12:
  Route length: 9298
  Contribution to Diversity: 0.00016307402519899483
  Route: [1, 16, 46, 44, 34, 35, 12, 25, 4, 6, 15, 5, 24, 48, 38, 37, 40, 39, 36, 23, 29, 50, 20, 49, 32, 45, 19, 41, 8, 9, 10, 43, 33, 51, 11, 52, 14, 13, 47, 26, 27, 28, 30, 2, 7, 42, 21, 17, 3, 18, 31, 22]

Individual 13:
  Route length: 9262
  Contribution to Diversity: 4.367147564909857e-05
  Route: [1, 49, 32, 45, 19, 5, 24, 48, 38, 37, 40, 39, 36, 35, 34, 44, 46, 16, 29, 50, 20, 23, 25, 12, 28, 27, 26, 47, 13, 14, 52, 11, 51, 33, 43, 10, 9, 8, 41, 4, 6, 15, 18, 3, 17, 21, 42, 7, 2, 30, 31, 22]

Individual 14:
  Route length: 9423
  Contribution to Diversity: 0.001227291775184547
  Route: [1, 26, 47, 13, 14, 52, 11, 51, 33, 45, 19, 41, 8, 9, 10, 43, 40, 37, 27, 28, 12, 25, 4, 6, 15, 5, 24, 48, 38, 49, 32, 39, 36, 35, 34, 44, 46, 16, 29, 50, 20, 23, 30, 2, 7, 42, 21, 17, 3, 18, 31, 22]

Individual 15:
  Route length: 9235
  Contribution to Diversity: 0.0006071268257255014
  Route: [41, 19, 45, 32, 49, 16, 1, 20, 50, 29, 8, 9, 10, 43, 33, 51, 11, 52, 14, 13, 47, 26, 27, 28, 12, 25, 4, 6, 15, 5, 24, 48, 38, 37, 40, 39, 36, 35, 34, 44, 46, 23, 30, 2, 7, 42, 21, 17, 3, 18, 31, 22]

Individual 16:
  Route length: 9083
  Contribution to Diversity: 0
  Route: [1, 49, 32, 45, 19, 41, 8, 9, 10, 43, 38, 48, 24, 5, 15, 6, 4, 25, 12, 28, 27, 26, 47, 13, 14, 52, 11, 51, 33, 16, 29, 50, 20, 23, 30, 2, 7, 42, 35, 36, 39, 40, 37, 46, 44, 34, 21, 17, 3, 18, 31, 22]

Individual 17:
  Route length: 8511
  Contribution to Diversity: 0.00015575091071351466
  Route: [1, 49, 32, 45, 15, 6, 4, 25, 12, 28, 27, 26, 47, 13, 14, 52, 11, 51, 33, 43, 10, 9, 8, 41, 19, 3, 17, 21, 42, 7, 2, 30, 29, 50, 20, 23, 44, 46, 16, 34, 35, 36, 39, 40, 37, 38, 48, 24, 5, 18, 31, 22]

Individual 18:
  Route length: 8455
  Contribution to Diversity: 0
  Route: [1, 49, 32, 45, 19, 41, 8, 9, 10, 43, 33, 51, 11, 52, 14, 13, 47, 26, 27, 28, 12, 25, 4, 6, 15, 5, 24, 35, 34, 44, 36, 39, 40, 37, 38, 48, 3, 17, 21, 42, 7, 2, 30, 23, 20, 50, 29, 16, 46, 18, 31, 22]

Individual 19:
  Route length: 9401
  Contribution to Diversity: 0
  Route: [1, 49, 32, 45, 19, 41, 47, 13, 14, 52, 11, 51, 33, 43, 10, 9, 8, 5, 15, 6, 4, 25, 12, 28, 27, 26, 24, 48, 38, 37, 40, 39, 36, 35, 34, 44, 46, 16, 29, 50, 20, 23, 30, 2, 7, 42, 21, 17, 3, 18, 31, 22]

Individual 20:
  Route length: 8862
  Contribution to Diversity: 0
  Route: [1, 49, 32, 45, 19, 41, 8, 9, 10, 43, 33, 51, 11, 52, 14, 13, 47, 26, 27, 28, 12, 42, 7, 2, 30, 23, 20, 50, 29, 16, 46, 44, 34, 35, 36, 39, 40, 37, 38, 48, 24, 5, 15, 6, 4, 25, 21, 17, 3, 18, 31, 22]

Individual 21:
  Route length: 8837
  Contribution to Diversity: 0
  Route: [1, 49, 45, 35, 34, 44, 32, 4, 6, 15, 5, 24, 48, 38, 37, 40, 39, 36, 25, 12, 28, 27, 26, 47, 13, 14, 52, 11, 51, 33, 43, 10, 9, 8, 41, 19, 46, 16, 29, 50, 20, 23, 30, 2, 7, 42, 21, 17, 3, 18, 31, 22]

Individual 22:
  Route length: 9059
  Contribution to Diversity: 0
  Route: [44, 34, 35, 36, 39, 40, 37, 24, 48, 38, 18, 3, 46, 16, 29, 50, 20, 23, 30, 2, 7, 42, 21, 17, 1, 49, 32, 45, 19, 41, 8, 9, 10, 43, 33, 51, 11, 52, 14, 13, 47, 26, 27, 28, 12, 25, 4, 6, 15, 5, 31, 22]

Individual 23:
  Route length: 9013
  Contribution to Diversity: 0.0005988559216998368
  Route: [1, 49, 32, 6, 4, 43, 33, 51, 11, 52, 14, 13, 47, 26, 27, 28, 12, 25, 18, 3, 17, 21, 42, 7, 2, 30, 23, 20, 50, 29, 16, 46, 44, 15, 5, 24, 48, 38, 37, 40, 39, 36, 35, 34, 45, 19, 41, 8, 9, 10, 31, 22]

Individual 24:
  Route length: 8844
  Contribution to Diversity: 0
  Route: [1, 49, 32, 45, 19, 41, 8, 9, 10, 43, 33, 51, 11, 52, 26, 47, 13, 14, 27, 28, 12, 25, 4, 6, 15, 5, 24, 44, 34, 35, 36, 39, 40, 37, 38, 48, 3, 17, 21, 42, 7, 2, 30, 23, 20, 50, 29, 16, 46, 18, 31, 22]

Individual 25:
  Route length: 8908
  Contribution to Diversity: 0.0001721301319204116
  Route: [41, 19, 45, 32, 49, 39, 36, 35, 34, 44, 46, 16, 1, 37, 40, 38, 48, 24, 5, 15, 6, 4, 25, 12, 28, 27, 26, 47, 13, 14, 52, 11, 51, 33, 43, 10, 9, 8, 29, 50, 20, 23, 30, 2, 7, 42, 21, 17, 3, 18, 31, 22]

Individual 26:
  Route length: 8953
  Contribution to Diversity: 0
  Route: [1, 49, 32, 45, 19, 41, 8, 9, 10, 43, 33, 51, 11, 52, 27, 28, 12, 25, 4, 6, 26, 47, 13, 14, 48, 24, 5, 15, 38, 37, 40, 39, 36, 35, 34, 44, 46, 16, 29, 50, 20, 23, 30, 2, 7, 42, 21, 17, 3, 18, 31, 22]

Individual 27:
  Route length: 8904
  Contribution to Diversity: 0.0003722072401490806
  Route: [49, 1, 44, 46, 16, 29, 50, 20, 23, 30, 2, 7, 42, 41, 8, 9, 10, 43, 33, 51, 11, 52, 14, 13, 47, 26, 27, 28, 12, 25, 4, 6, 15, 5, 24, 48, 38, 37, 40, 39, 36, 35, 19, 45, 32, 34, 21, 17, 3, 18, 31, 22]

Individual 28:
  Route length: 9154
  Contribution to Diversity: 0
  Route: [1, 49, 35, 36, 39, 40, 37, 38, 48, 24, 41, 8, 9, 10, 43, 33, 51, 11, 52, 14, 13, 47, 26, 27, 28, 12, 25, 4, 6, 15, 5, 31, 18, 3, 34, 44, 46, 16, 29, 50, 20, 23, 30, 2, 7, 42, 21, 17, 32, 45, 19, 22]

Individual 29:
  Route length: 9403
  Contribution to Diversity: 0
  Route: [1, 49, 11, 51, 33, 43, 10, 9, 41, 8, 19, 45, 32, 36, 39, 40, 37, 38, 48, 24, 5, 15, 6, 4, 25, 12, 28, 27, 26, 47, 13, 14, 52, 35, 34, 44, 46, 16, 29, 50, 20, 23, 30, 2, 7, 42, 21, 17, 3, 18, 31, 22]

Individual 30:
  Route length: 8399
  Contribution to Diversity: 0
  Route: [16, 46, 44, 34, 35, 36, 39, 40, 24, 48, 38, 37, 32, 45, 19, 41, 8, 9, 10, 43, 33, 51, 11, 52, 14, 13, 47, 26, 27, 28, 12, 25, 4, 6, 15, 5, 49, 1, 29, 50, 20, 23, 30, 2, 7, 42, 21, 17, 3, 18, 31, 22]

Individual 31:
  Route length: 9332
  Contribution to Diversity: 0.0008960898496388481
  Route: [1, 49, 45, 35, 34, 44, 32, 38, 48, 24, 5, 15, 6, 4, 31, 18, 3, 17, 21, 42, 7, 2, 30, 23, 20, 50, 29, 16, 46, 19, 41, 8, 9, 10, 43, 33, 51, 11, 52, 14, 13, 47, 26, 27, 28, 12, 25, 36, 39, 40, 37, 22]

Individual 32:
  Route length: 9300
  Contribution to Diversity: 0.0001523632533393382
  Route: [1, 49, 32, 45, 15, 6, 4, 25, 19, 41, 8, 9, 10, 43, 33, 51, 11, 52, 14, 13, 47, 26, 27, 28, 12, 31, 18, 5, 24, 48, 38, 37, 40, 39, 36, 35, 34, 44, 46, 16, 29, 50, 20, 23, 30, 2, 7, 42, 21, 17, 3, 22]

Individual 33:
  Route length: 9143
  Contribution to Diversity: 0
  Route: [1, 49, 32, 45, 19, 41, 8, 9, 10, 43, 33, 51, 11, 52, 14, 13, 47, 26, 34, 35, 36, 39, 40, 37, 38, 48, 24, 5, 15, 6, 4, 25, 12, 28, 27, 31, 18, 3, 17, 21, 42, 7, 2, 30, 23, 44, 46, 16, 29, 50, 20, 22]

Individual 34:
  Route length: 8971
  Contribution to Diversity: 0
  Route: [1, 49, 9, 8, 41, 19, 45, 32, 46, 44, 34, 35, 36, 39, 37, 40, 5, 24, 48, 38, 15, 6, 4, 25, 12, 28, 27, 26, 47, 13, 14, 52, 11, 51, 33, 43, 10, 16, 29, 50, 20, 23, 30, 2, 7, 42, 21, 17, 3, 18, 31, 22]

Individual 35:
  Route length: 8777
  Contribution to Diversity: 0.00035679133269717056
  Route: [1, 49, 32, 45, 19, 41, 44, 46, 16, 29, 50, 20, 23, 30, 2, 7, 42, 21, 48, 38, 37, 40, 39, 36, 35, 34, 24, 5, 15, 6, 4, 25, 12, 28, 27, 26, 47, 13, 14, 52, 11, 51, 33, 43, 10, 9, 8, 3, 17, 18, 31, 22]

Individual 36:
  Route length: 9085
  Contribution to Diversity: 0
  Route: [1, 49, 32, 45, 19, 41, 8, 9, 10, 43, 33, 28, 12, 25, 4, 6, 26, 47, 13, 14, 52, 11, 51, 27, 48, 24, 5, 15, 38, 37, 40, 39, 36, 35, 34, 44, 46, 16, 29, 50, 20, 23, 30, 2, 7, 42, 21, 17, 3, 18, 31, 22]

Individual 37:
  Route length: 9207
  Contribution to Diversity: 0.0005561020401172456
  Route: [1, 49, 32, 45, 19, 41, 8, 10, 9, 48, 24, 5, 15, 6, 4, 25, 12, 28, 27, 26, 47, 13, 14, 52, 11, 51, 33, 43, 38, 50, 29, 16, 46, 44, 34, 35, 36, 39, 40, 37, 17, 21, 42, 7, 2, 30, 23, 20, 3, 18, 31, 22]

Individual 38:
  Route length: 9316
  Contribution to Diversity: 0
  Route: [1, 49, 35, 36, 39, 40, 37, 38, 48, 24, 5, 15, 6, 4, 25, 12, 28, 27, 26, 47, 13, 14, 52, 11, 51, 33, 43, 10, 9, 8, 32, 45, 19, 41, 7, 42, 21, 17, 2, 30, 23, 20, 50, 29, 16, 46, 44, 34, 3, 18, 31, 22]

Individual 39:
  Route length: 9221
  Contribution to Diversity: 0.00046142609957122716
  Route: [44, 40, 39, 36, 35, 34, 51, 11, 52, 14, 13, 47, 26, 27, 28, 12, 25, 4, 6, 15, 5, 24, 48, 38, 37, 33, 43, 10, 9, 8, 41, 19, 45, 32, 49, 1, 17, 21, 42, 7, 2, 30, 23, 20, 50, 29, 16, 46, 3, 18, 31, 22]

Individual 40:
  Route length: 8958
  Contribution to Diversity: 0
  Route: [1, 49, 32, 45, 19, 41, 8, 9, 10, 43, 33, 51, 11, 52, 14, 13, 47, 26, 27, 28, 12, 25, 4, 6, 15, 5, 24, 48, 38, 37, 40, 39, 35, 2, 7, 42, 21, 17, 36, 50, 20, 23, 30, 29, 16, 46, 44, 34, 3, 18, 31, 22]

Individual 41:
  Route length: 8683
  Contribution to Diversity: 0
  Route: [1, 49, 32, 45, 19, 41, 8, 9, 10, 43, 33, 46, 44, 34, 35, 36, 39, 38, 37, 40, 48, 24, 5, 15, 6, 4, 25, 12, 28, 27, 26, 47, 13, 14, 52, 11, 51, 50, 29, 16, 20, 23, 30, 2, 7, 42, 21, 17, 3, 18, 31, 22]

Individual 42:
  Route length: 9244
  Contribution to Diversity: 0.000345191712177062
  Route: [1, 49, 32, 45, 19, 41, 8, 9, 10, 15, 16, 29, 50, 20, 23, 30, 2, 7, 42, 21, 17, 43, 33, 51, 11, 52, 14, 13, 47, 26, 27, 28, 12, 25, 4, 6, 36, 35, 34, 44, 46, 39, 40, 37, 38, 48, 24, 5, 3, 18, 31, 22]

Individual 43:
  Route length: 9122
  Contribution to Diversity: 0
  Route: [1, 49, 45, 32, 44, 34, 35, 8, 9, 10, 43, 33, 51, 11, 52, 14, 13, 47, 26, 27, 28, 12, 25, 4, 6, 15, 5, 24, 48, 38, 37, 40, 39, 36, 17, 21, 42, 7, 2, 30, 23, 20, 50, 29, 16, 46, 19, 41, 3, 18, 31, 22]

Individual 44:
  Route length: 8845
  Contribution to Diversity: 0
  Route: [39, 40, 37, 24, 48, 38, 18, 3, 17, 21, 42, 7, 2, 30, 23, 20, 36, 35, 34, 44, 46, 16, 29, 50, 1, 49, 32, 45, 19, 41, 8, 9, 10, 43, 33, 51, 11, 52, 14, 13, 47, 26, 27, 28, 12, 25, 4, 6, 15, 5, 31, 22]

Individual 45:
  Route length: 9115
  Contribution to Diversity: 0.0008955916535686725
  Route: [1, 49, 15, 5, 24, 48, 45, 32, 38, 37, 40, 39, 36, 35, 34, 44, 46, 16, 29, 50, 20, 19, 8, 41, 9, 10, 43, 33, 51, 11, 52, 14, 13, 47, 26, 27, 28, 12, 25, 4, 6, 23, 30, 2, 7, 42, 21, 17, 3, 18, 31, 22]

Individual 46:
  Route length: 8383
  Contribution to Diversity: 2.1418005436757426e-05
  Route: [34, 35, 36, 39, 40, 37, 38, 48, 24, 5, 15, 6, 4, 25, 12, 28, 27, 26, 47, 13, 14, 52, 11, 51, 33, 43, 10, 9, 8, 41, 19, 45, 32, 49, 1, 18, 21, 17, 3, 31, 44, 46, 16, 29, 50, 20, 23, 30, 2, 7, 42, 22]

Individual 47:
  Route length: 9408
  Contribution to Diversity: 0
  Route: [39, 40, 37, 38, 48, 24, 5, 15, 6, 4, 25, 12, 28, 27, 26, 47, 13, 14, 52, 11, 51, 33, 43, 10, 9, 50, 1, 49, 32, 45, 19, 41, 8, 35, 34, 44, 46, 16, 29, 36, 20, 23, 30, 2, 7, 42, 21, 17, 3, 18, 31, 22]

Individual 48:
  Route length: 8260
  Contribution to Diversity: 0
  Route: [1, 32, 49, 46, 44, 34, 35, 36, 39, 40, 37, 38, 48, 24, 5, 15, 6, 4, 25, 28, 12, 27, 26, 47, 13, 14, 52, 11, 51, 33, 43, 10, 9, 8, 41, 19, 45, 16, 29, 50, 20, 23, 30, 2, 7, 42, 21, 17, 3, 18, 31, 22]

Individual 49:
  Route length: 9135
  Contribution to Diversity: 5.642994706356319e-05
  Route: [1, 10, 9, 8, 41, 19, 45, 32, 49, 4, 25, 12, 48, 24, 5, 15, 6, 43, 33, 51, 11, 52, 14, 13, 47, 26, 27, 28, 36, 39, 40, 37, 38, 35, 34, 44, 46, 16, 29, 50, 20, 23, 30, 2, 7, 42, 21, 17, 3, 18, 31, 22]

Individual 50:
  Route length: 9409
  Contribution to Diversity: 0.0010344873609904326
  Route: [43, 33, 51, 11, 52, 14, 13, 47, 26, 27, 28, 12, 25, 4, 6, 8, 41, 19, 45, 32, 49, 1, 21, 42, 7, 2, 30, 23, 20, 50, 29, 16, 46, 44, 34, 15, 5, 24, 48, 38, 37, 40, 39, 36, 35, 9, 10, 17, 3, 18, 31, 22]

Individual 51:
  Route length: 9218
  Contribution to Diversity: 0.0008534376166045021
  Route: [1, 49, 32, 45, 19, 41, 8, 9, 10, 43, 33, 51, 11, 52, 14, 13, 47, 26, 27, 28, 12, 25, 4, 6, 34, 24, 5, 15, 23, 30, 2, 7, 42, 21, 48, 38, 37, 40, 39, 36, 35, 20, 50, 29, 16, 46, 44, 17, 3, 18, 31, 22]

Individual 52:
  Route length: 9157
  Contribution to Diversity: 0.0016465519958801522
  Route: [1, 49, 45, 35, 6, 4, 32, 44, 34, 38, 48, 24, 5, 15, 37, 40, 39, 36, 25, 12, 28, 27, 26, 47, 13, 14, 52, 11, 51, 33, 43, 10, 9, 8, 41, 19, 46, 16, 29, 50, 20, 23, 30, 2, 7, 42, 21, 17, 3, 18, 31, 22]

Individual 53:
  Route length: 9234
  Contribution to Diversity: 0.000757915739491466
  Route: [49, 32, 45, 19, 41, 8, 9, 10, 1, 4, 25, 12, 48, 24, 5, 15, 6, 43, 33, 51, 11, 52, 14, 13, 47, 26, 27, 28, 36, 39, 40, 37, 38, 35, 34, 44, 46, 16, 29, 50, 20, 23, 30, 2, 7, 42, 21, 17, 3, 18, 31, 22]

Individual 54:
  Route length: 9249
  Contribution to Diversity: 0
  Route: [1, 49, 32, 45, 19, 41, 8, 9, 10, 43, 33, 46, 44, 34, 35, 39, 36, 23, 20, 16, 29, 50, 51, 11, 52, 14, 13, 47, 26, 27, 28, 12, 25, 4, 6, 15, 5, 24, 48, 38, 37, 40, 30, 2, 7, 42, 21, 17, 3, 18, 31, 22]

Individual 55:
  Route length: 9132
  Contribution to Diversity: 0.0006511223858911563
  Route: [1, 49, 32, 45, 19, 41, 8, 9, 10, 43, 33, 51, 11, 52, 14, 13, 47, 26, 27, 28, 12, 25, 48, 38, 37, 46, 44, 34, 35, 36, 39, 40, 31, 17, 3, 18, 5, 24, 4, 6, 15, 21, 42, 7, 2, 30, 23, 20, 50, 29, 16, 22]

Individual 56:
  Route length: 9342
  Contribution to Diversity: 0.0009565903675357035
  Route: [1, 8, 41, 19, 45, 32, 49, 6, 12, 25, 4, 40, 37, 38, 48, 24, 5, 15, 9, 10, 43, 33, 51, 11, 52, 14, 13, 47, 26, 27, 28, 39, 36, 35, 34, 44, 46, 16, 29, 50, 20, 23, 30, 2, 7, 42, 21, 17, 3, 18, 31, 22]

Individual 57:
  Route length: 9262
  Contribution to Diversity: 0.0003548449501504791
  Route: [18, 3, 17, 21, 42, 7, 2, 30, 23, 48, 38, 37, 40, 39, 36, 35, 34, 44, 46, 16, 29, 50, 20, 10, 43, 33, 51, 11, 52, 14, 13, 47, 26, 27, 28, 12, 25, 4, 6, 15, 5, 24, 9, 8, 41, 19, 45, 32, 49, 1, 31, 22]

Individual 58:
  Route length: 9139
  Contribution to Diversity: 0
  Route: [1, 49, 27, 26, 47, 13, 14, 52, 11, 51, 33, 43, 10, 9, 8, 41, 19, 45, 32, 34, 35, 36, 39, 40, 37, 38, 48, 24, 5, 28, 12, 25, 4, 6, 15, 16, 46, 44, 29, 50, 20, 23, 30, 2, 7, 42, 21, 17, 3, 18, 31, 22]

Individual 59:
  Route length: 8410
  Contribution to Diversity: 0
  Route: [1, 49, 32, 45, 19, 41, 8, 9, 10, 43, 33, 51, 11, 52, 14, 13, 47, 26, 27, 28, 12, 25, 4, 6, 15, 5, 24, 35, 34, 46, 16, 29, 50, 20, 23, 30, 2, 7, 42, 21, 17, 3, 48, 38, 37, 40, 39, 36, 44, 18, 31, 22]

Individual 60:
  Route length: 8963
  Contribution to Diversity: 0.0003880625077359312
  Route: [1, 49, 32, 45, 19, 43, 10, 9, 41, 8, 33, 51, 11, 52, 14, 13, 47, 26, 27, 28, 12, 25, 4, 6, 15, 5, 24, 48, 38, 37, 40, 39, 36, 35, 50, 29, 16, 46, 44, 34, 30, 23, 20, 2, 7, 42, 21, 17, 3, 18, 31, 22]

Individual 61:
  Route length: 9409
  Contribution to Diversity: 0.00048706953589938706
  Route: [1, 49, 32, 45, 19, 41, 8, 9, 10, 43, 33, 51, 11, 52, 14, 13, 47, 26, 27, 38, 48, 24, 5, 15, 6, 4, 25, 12, 28, 37, 40, 39, 36, 35, 34, 21, 17, 3, 18, 44, 46, 16, 29, 50, 20, 23, 30, 7, 42, 2, 31, 22]

Individual 62:
  Route length: 9319
  Contribution to Diversity: 0.0006576754227456405
  Route: [39, 40, 37, 24, 48, 38, 18, 3, 49, 1, 50, 29, 16, 46, 44, 34, 35, 36, 20, 23, 30, 2, 7, 42, 21, 17, 5, 15, 6, 4, 25, 12, 28, 27, 26, 47, 13, 14, 52, 11, 51, 33, 43, 10, 9, 8, 41, 19, 45, 32, 31, 22]

Individual 63:
  Route length: 9061
  Contribution to Diversity: 0
  Route: [44, 34, 3, 18, 38, 48, 24, 37, 40, 39, 36, 35, 46, 16, 29, 50, 20, 23, 30, 2, 7, 42, 21, 17, 1, 49, 32, 45, 19, 41, 8, 9, 10, 43, 33, 51, 11, 52, 14, 13, 47, 26, 27, 28, 12, 25, 4, 6, 15, 5, 31, 22]

Individual 64:
  Route length: 9314
  Contribution to Diversity: 0.0006439856291970969
  Route: [44, 34, 3, 18, 38, 48, 42, 7, 2, 30, 23, 20, 50, 29, 16, 46, 35, 36, 39, 40, 37, 24, 5, 15, 6, 4, 25, 12, 28, 27, 26, 47, 13, 14, 52, 11, 51, 33, 43, 10, 9, 8, 41, 19, 45, 32, 49, 1, 17, 21, 31, 22]

Individual 65:
  Route length: 9285
  Contribution to Diversity: 0.0012542070533081429
  Route: [1, 16, 46, 44, 34, 35, 36, 39, 40, 24, 48, 38, 37, 50, 20, 49, 32, 45, 19, 41, 5, 15, 6, 4, 25, 12, 28, 27, 26, 47, 13, 14, 52, 11, 51, 33, 43, 10, 9, 8, 18, 3, 17, 21, 42, 7, 2, 30, 23, 29, 31, 22]

Individual 66:
  Route length: 9414
  Contribution to Diversity: 0
  Route: [1, 49, 32, 45, 19, 41, 8, 9, 10, 40, 37, 38, 48, 24, 5, 15, 6, 4, 25, 12, 28, 27, 26, 47, 13, 14, 52, 11, 51, 33, 43, 17, 21, 34, 44, 46, 16, 29, 50, 20, 23, 30, 2, 7, 42, 35, 36, 39, 3, 18, 31, 22]

Individual 67:
  Route length: 9197
  Contribution to Diversity: 0.00029358650131250386
  Route: [1, 49, 32, 45, 19, 41, 8, 9, 10, 43, 33, 51, 11, 25, 4, 6, 15, 5, 24, 48, 38, 37, 34, 44, 52, 14, 13, 47, 26, 27, 28, 12, 35, 36, 39, 40, 46, 16, 29, 50, 20, 23, 30, 2, 7, 42, 21, 17, 3, 18, 31, 22]

Individual 68:
  Route length: 9231
  Contribution to Diversity: 0.0004318446772053619
  Route: [34, 35, 36, 33, 51, 11, 52, 14, 13, 47, 26, 27, 28, 12, 25, 4, 6, 15, 5, 24, 48, 38, 37, 40, 39, 30, 2, 7, 42, 21, 17, 3, 18, 1, 49, 32, 45, 19, 41, 8, 9, 10, 43, 23, 20, 50, 29, 16, 46, 44, 31, 22]

Individual 69:
  Route length: 7875
  Contribution to Diversity: 0
  Route: [1, 49, 38, 37, 40, 39, 36, 35, 34, 32, 45, 19, 41, 8, 9, 10, 43, 33, 51, 11, 52, 14, 13, 47, 26, 27, 28, 12, 25, 4, 6, 15, 5, 24, 48, 44, 46, 16, 29, 50, 20, 23, 30, 2, 7, 42, 21, 17, 3, 18, 31, 22]

Individual 70:
  Route length: 9353
  Contribution to Diversity: 0.0002788465061751566
  Route: [44, 34, 35, 36, 39, 40, 37, 38, 19, 41, 8, 9, 10, 43, 33, 51, 11, 52, 14, 13, 47, 26, 27, 28, 12, 25, 4, 6, 15, 5, 24, 48, 30, 2, 7, 42, 21, 17, 1, 49, 32, 45, 23, 20, 50, 29, 16, 46, 3, 18, 31, 22]

Individual 71:
  Route length: 9139
  Contribution to Diversity: 0.0005121700334758117
  Route: [1, 49, 32, 45, 19, 5, 15, 6, 4, 25, 12, 28, 27, 26, 47, 13, 14, 52, 11, 51, 33, 43, 10, 9, 8, 41, 18, 44, 34, 35, 36, 39, 40, 24, 46, 16, 29, 50, 20, 23, 30, 2, 7, 42, 21, 17, 3, 48, 38, 37, 31, 22]

Individual 72:
  Route length: 9170
  Contribution to Diversity: 0.000514915883273126
  Route: [39, 40, 37, 48, 24, 50, 29, 16, 46, 44, 34, 35, 36, 20, 23, 30, 2, 7, 42, 21, 17, 3, 18, 38, 1, 49, 32, 45, 19, 41, 8, 9, 10, 43, 33, 51, 11, 52, 14, 13, 47, 26, 27, 28, 12, 25, 4, 6, 15, 5, 31, 22]

Individual 73:
  Route length: 9421
  Contribution to Diversity: 0
  Route: [1, 49, 32, 45, 19, 41, 8, 9, 2, 7, 30, 23, 20, 50, 29, 16, 46, 44, 34, 35, 36, 39, 40, 37, 38, 48, 24, 5, 15, 6, 4, 25, 12, 28, 27, 26, 47, 13, 14, 52, 11, 51, 33, 43, 10, 18, 3, 17, 21, 42, 31, 22]

Individual 74:
  Route length: 9127
  Contribution to Diversity: 0
  Route: [1, 49, 32, 45, 19, 41, 8, 18, 3, 17, 21, 42, 7, 2, 30, 23, 20, 36, 35, 34, 44, 46, 16, 29, 50, 4, 6, 15, 5, 24, 48, 38, 37, 40, 39, 25, 12, 28, 27, 26, 47, 13, 14, 52, 11, 51, 33, 43, 10, 9, 31, 22]

Individual 75:
  Route length: 9425
  Contribution to Diversity: 0.001989249541352045
  Route: [1, 49, 32, 45, 19, 41, 8, 9, 10, 43, 33, 51, 11, 52, 14, 13, 47, 26, 27, 28, 38, 48, 24, 5, 46, 37, 40, 39, 36, 35, 34, 4, 25, 12, 44, 6, 15, 18, 3, 17, 21, 42, 7, 2, 30, 23, 20, 50, 29, 16, 31, 22]

Individual 76:
  Route length: 8249
  Contribution to Diversity: 0
  Route: [1, 49, 32, 45, 19, 41, 8, 9, 10, 43, 33, 51, 11, 52, 14, 13, 47, 26, 27, 28, 12, 25, 4, 6, 15, 5, 24, 48, 38, 37, 40, 39, 35, 36, 3, 34, 44, 46, 16, 29, 50, 20, 23, 30, 2, 7, 42, 21, 17, 31, 18, 22]

Individual 77:
  Route length: 9122
  Contribution to Diversity: 0
  Route: [1, 32, 49, 46, 44, 34, 35, 36, 33, 51, 11, 52, 14, 13, 47, 26, 27, 28, 12, 25, 4, 6, 15, 5, 24, 48, 38, 37, 40, 39, 10, 43, 9, 8, 41, 19, 45, 16, 29, 50, 20, 23, 30, 2, 7, 42, 21, 17, 3, 18, 31, 22]

Individual 78:
  Route length: 9143
  Contribution to Diversity: 0
  Route: [1, 49, 32, 45, 19, 41, 8, 9, 10, 43, 33, 51, 11, 52, 14, 13, 47, 26, 27, 28, 12, 25, 4, 6, 15, 5, 23, 30, 2, 7, 42, 21, 17, 3, 48, 38, 37, 40, 39, 36, 35, 34, 44, 24, 29, 50, 20, 16, 46, 18, 31, 22]

Individual 79:
  Route length: 8941
  Contribution to Diversity: 0
  Route: [1, 49, 32, 45, 19, 41, 8, 9, 35, 36, 39, 40, 37, 38, 48, 24, 5, 15, 6, 4, 25, 12, 28, 27, 26, 47, 13, 14, 52, 11, 51, 33, 43, 10, 46, 16, 29, 44, 34, 50, 20, 23, 30, 2, 7, 42, 21, 17, 3, 18, 31, 22]

Individual 80:
  Route length: 8921
  Contribution to Diversity: 0
  Route: [1, 49, 32, 45, 19, 41, 8, 9, 10, 43, 33, 51, 11, 52, 14, 13, 47, 26, 27, 38, 48, 24, 5, 15, 6, 4, 25, 12, 28, 37, 40, 39, 36, 35, 34, 44, 46, 16, 29, 50, 20, 23, 30, 31, 2, 7, 42, 21, 17, 3, 18, 22]

Individual 81:
  Route length: 9295
  Contribution to Diversity: 0.0005243340621507997
  Route: [1, 16, 46, 44, 34, 35, 12, 25, 4, 6, 15, 5, 24, 48, 38, 37, 40, 39, 23, 36, 28, 27, 26, 47, 13, 14, 52, 11, 51, 33, 43, 10, 9, 8, 41, 19, 45, 32, 49, 20, 50, 29, 30, 2, 7, 42, 21, 17, 3, 18, 31, 22]

Individual 82:
  Route length: 9309
  Contribution to Diversity: 0.0002321017201571962
  Route: [1, 49, 32, 45, 19, 41, 8, 9, 10, 43, 33, 51, 11, 52, 14, 25, 12, 28, 27, 26, 47, 13, 4, 6, 15, 5, 24, 48, 38, 37, 40, 39, 36, 35, 46, 44, 34, 18, 3, 17, 21, 42, 7, 2, 30, 23, 20, 50, 29, 16, 31, 22]

Individual 83:
  Route length: 9025
  Contribution to Diversity: 0
  Route: [1, 25, 12, 28, 27, 26, 47, 13, 14, 52, 11, 51, 33, 43, 10, 9, 8, 41, 19, 45, 32, 49, 4, 6, 15, 16, 46, 44, 34, 35, 36, 39, 40, 37, 38, 48, 24, 5, 18, 3, 17, 21, 42, 7, 2, 30, 23, 20, 50, 29, 31, 22]

Individual 84:
  Route length: 8547
  Contribution to Diversity: 0
  Route: [35, 49, 1, 37, 40, 39, 36, 38, 48, 24, 5, 15, 6, 4, 25, 12, 28, 27, 26, 47, 13, 14, 52, 11, 51, 33, 43, 10, 9, 8, 41, 19, 45, 32, 17, 21, 42, 7, 2, 30, 23, 20, 50, 29, 16, 46, 44, 34, 3, 18, 31, 22]

Individual 85:
  Route length: 8904
  Contribution to Diversity: 0
  Route: [1, 49, 32, 45, 9, 8, 41, 19, 10, 43, 33, 51, 11, 52, 14, 13, 47, 26, 27, 28, 12, 25, 4, 6, 15, 5, 24, 35, 34, 46, 16, 29, 50, 20, 23, 30, 2, 7, 42, 21, 17, 3, 48, 38, 37, 40, 39, 36, 44, 18, 31, 22]

Individual 86:
  Route length: 9339
  Contribution to Diversity: 0.001751492168142299
  Route: [1, 8, 41, 19, 45, 49, 32, 16, 48, 38, 37, 40, 39, 36, 35, 34, 44, 46, 12, 28, 27, 26, 47, 13, 14, 52, 11, 51, 33, 43, 10, 9, 15, 5, 24, 25, 4, 6, 29, 50, 20, 23, 30, 2, 7, 42, 21, 17, 3, 18, 31, 22]

Individual 87:
  Route length: 9053
  Contribution to Diversity: 0.00026373738280049963
  Route: [1, 49, 32, 45, 19, 41, 8, 9, 10, 43, 33, 51, 11, 52, 14, 13, 47, 26, 27, 28, 21, 42, 7, 2, 30, 23, 20, 50, 29, 16, 46, 44, 34, 35, 36, 39, 40, 37, 38, 48, 25, 12, 4, 6, 15, 24, 5, 18, 3, 17, 31, 22]

Individual 88:
  Route length: 8940
  Contribution to Diversity: 0.0006212871107651452
  Route: [1, 49, 32, 36, 39, 40, 37, 38, 48, 24, 5, 15, 44, 46, 16, 29, 50, 20, 23, 30, 2, 7, 42, 21, 17, 3, 4, 25, 12, 28, 27, 26, 47, 13, 14, 52, 11, 51, 33, 43, 10, 9, 8, 41, 19, 45, 34, 6, 35, 18, 31, 22]

Individual 89:
  Route length: 8695
  Contribution to Diversity: 0.0008406621386445323
  Route: [1, 49, 32, 45, 50, 29, 16, 46, 44, 34, 35, 36, 39, 40, 37, 38, 48, 24, 5, 15, 6, 4, 25, 12, 28, 27, 26, 47, 13, 14, 52, 11, 51, 33, 43, 10, 9, 8, 41, 19, 31, 18, 21, 17, 3, 2, 7, 42, 30, 23, 20, 22]

Individual 90:
  Route length: 9172
  Contribution to Diversity: 0.0005164006035798252
  Route: [1, 49, 32, 45, 25, 12, 28, 27, 26, 47, 13, 14, 52, 11, 51, 33, 43, 10, 9, 8, 41, 19, 3, 17, 4, 6, 15, 5, 24, 48, 38, 37, 39, 40, 20, 50, 29, 16, 46, 44, 34, 35, 36, 23, 30, 2, 7, 42, 21, 18, 31, 22]

Individual 91:
  Route length: 8944
  Contribution to Diversity: 0.0004802845004645562
  Route: [1, 32, 49, 46, 44, 34, 35, 36, 39, 40, 37, 38, 48, 24, 5, 15, 6, 51, 11, 52, 14, 13, 47, 26, 27, 28, 12, 25, 4, 10, 43, 33, 9, 8, 41, 19, 45, 16, 29, 50, 20, 23, 30, 2, 7, 42, 21, 17, 3, 18, 31, 22]

Individual 92:
  Route length: 9309
  Contribution to Diversity: 0.001482544571084432
  Route: [1, 49, 32, 45, 19, 41, 8, 9, 10, 43, 33, 28, 12, 25, 4, 6, 26, 47, 13, 14, 52, 11, 51, 27, 48, 24, 39, 40, 37, 38, 15, 5, 35, 36, 34, 44, 46, 16, 29, 50, 20, 23, 30, 2, 7, 42, 21, 17, 3, 18, 31, 22]

Individual 93:
  Route length: 9183
  Contribution to Diversity: 0.0015197410708571724
  Route: [39, 40, 37, 24, 48, 38, 18, 3, 49, 1, 44, 46, 16, 29, 50, 17, 21, 42, 7, 2, 30, 23, 20, 36, 35, 34, 5, 15, 6, 4, 25, 12, 28, 27, 26, 47, 13, 14, 52, 11, 51, 33, 43, 10, 9, 8, 41, 19, 45, 32, 31, 22]

Individual 94:
  Route length: 9049
  Contribution to Diversity: 0.000782607334345542
  Route: [5, 24, 48, 38, 37, 12, 28, 27, 26, 47, 13, 14, 52, 11, 51, 33, 43, 10, 9, 8, 41, 19, 45, 32, 49, 1, 46, 16, 29, 50, 20, 23, 30, 2, 7, 42, 21, 17, 3, 18, 31, 25, 4, 6, 15, 44, 34, 35, 36, 39, 40, 22]

Individual 95:
  Route length: 9159
  Contribution to Diversity: 0.0003184270087084329
  Route: [1, 49, 32, 45, 19, 41, 8, 9, 10, 43, 33, 51, 11, 52, 14, 13, 47, 26, 27, 28, 12, 25, 4, 6, 15, 29, 16, 46, 44, 34, 35, 36, 39, 40, 38, 37, 17, 21, 42, 7, 2, 30, 23, 50, 20, 5, 24, 48, 3, 18, 31, 22]

Individual 96:
  Route length: 8673
  Contribution to Diversity: 0.00012526068116436306
  Route: [1, 49, 32, 6, 4, 25, 12, 28, 27, 26, 47, 13, 14, 52, 11, 51, 33, 43, 34, 45, 19, 41, 8, 9, 10, 40, 39, 36, 35, 37, 38, 48, 24, 5, 15, 44, 46, 16, 29, 50, 20, 23, 30, 2, 7, 42, 21, 17, 3, 18, 31, 22]

Individual 97:
  Route length: 8504
  Contribution to Diversity: 0
  Route: [1, 49, 35, 37, 40, 39, 36, 45, 19, 41, 8, 9, 10, 43, 33, 51, 11, 52, 14, 13, 47, 26, 27, 28, 12, 25, 4, 6, 15, 5, 24, 48, 38, 32, 17, 21, 42, 7, 2, 30, 23, 20, 50, 29, 16, 46, 44, 34, 3, 18, 31, 22]

Individual 98:
  Route length: 8809
  Contribution to Diversity: 0.00019308343812607376
  Route: [1, 49, 32, 45, 19, 41, 8, 9, 10, 18, 44, 34, 35, 36, 39, 40, 24, 5, 15, 6, 4, 25, 12, 28, 27, 26, 47, 13, 14, 52, 11, 51, 33, 43, 3, 17, 21, 42, 7, 2, 30, 23, 20, 50, 29, 16, 46, 48, 38, 37, 31, 22]

Individual 99:
  Route length: 9316
  Contribution to Diversity: 1.84660594682029e-05
  Route: [1, 49, 32, 45, 19, 41, 8, 9, 10, 43, 33, 51, 11, 52, 14, 13, 46, 44, 34, 35, 36, 39, 40, 37, 38, 48, 24, 5, 47, 26, 27, 28, 12, 25, 4, 6, 15, 21, 42, 7, 2, 30, 16, 29, 50, 20, 23, 17, 3, 18, 31, 22]

Individual 100:
  Route length: 9371
  Contribution to Diversity: 0.001004639948980035
  Route: [1, 39, 36, 35, 49, 5, 15, 6, 4, 25, 12, 28, 27, 26, 47, 13, 14, 52, 11, 51, 33, 43, 10, 9, 8, 41, 24, 48, 38, 37, 40, 31, 18, 3, 34, 44, 46, 16, 29, 50, 20, 23, 30, 2, 7, 42, 21, 17, 32, 45, 19, 22]

Individual 101:
  Route length: 8979
  Contribution to Diversity: 0.00045451023946352365
  Route: [1, 49, 32, 45, 19, 41, 8, 9, 10, 43, 33, 51, 11, 52, 14, 13, 47, 26, 27, 28, 12, 25, 4, 6, 15, 5, 24, 48, 38, 37, 40, 39, 35, 44, 46, 16, 29, 30, 23, 20, 50, 36, 17, 21, 42, 7, 2, 34, 3, 18, 31, 22]

Individual 102:
  Route length: 9188
  Contribution to Diversity: 0.001275022722585284
  Route: [1, 49, 32, 20, 23, 30, 2, 7, 42, 21, 17, 37, 40, 39, 35, 36, 43, 33, 51, 11, 52, 14, 13, 47, 26, 27, 28, 12, 25, 4, 6, 15, 5, 24, 48, 38, 50, 29, 16, 46, 44, 34, 10, 9, 8, 41, 19, 45, 3, 18, 31, 22]

Individual 103:
  Route length: 8716
  Contribution to Diversity: 0
  Route: [1, 32, 49, 45, 19, 41, 8, 9, 10, 43, 33, 51, 11, 52, 14, 13, 47, 26, 27, 28, 12, 25, 48, 38, 37, 40, 39, 36, 35, 34, 44, 46, 16, 29, 50, 20, 23, 30, 2, 7, 42, 21, 15, 6, 4, 24, 5, 18, 3, 17, 31, 22]

Individual 104:
  Route length: 9156
  Contribution to Diversity: 0.0013492119380442702
  Route: [1, 32, 3, 18, 5, 24, 4, 6, 15, 21, 42, 7, 2, 30, 23, 20, 50, 29, 16, 46, 44, 34, 35, 36, 39, 40, 37, 38, 48, 25, 12, 28, 27, 26, 47, 13, 14, 52, 11, 51, 33, 43, 10, 9, 8, 41, 19, 45, 49, 17, 31, 22]

Individual 105:
  Route length: 9185
  Contribution to Diversity: 0.00018662087279963657
  Route: [16, 46, 44, 34, 35, 36, 39, 40, 37, 38, 48, 24, 5, 15, 6, 4, 25, 12, 28, 27, 26, 14, 13, 47, 51, 11, 52, 33, 43, 10, 9, 8, 41, 19, 45, 32, 49, 1, 29, 50, 20, 23, 30, 2, 7, 42, 21, 17, 3, 18, 31, 22]

Individual 106:
  Route length: 9079
  Contribution to Diversity: 1.9962862105593615e-05
  Route: [1, 49, 32, 45, 19, 41, 8, 46, 38, 37, 40, 39, 36, 35, 34, 44, 9, 10, 43, 33, 51, 11, 52, 14, 13, 47, 26, 27, 28, 12, 25, 4, 6, 15, 5, 24, 48, 31, 18, 3, 17, 21, 42, 7, 2, 30, 23, 20, 50, 29, 16, 22]

Individual 107:
  Route length: 9285
  Contribution to Diversity: 0.0009583315835088868
  Route: [1, 49, 9, 8, 41, 19, 43, 33, 51, 11, 52, 14, 13, 47, 26, 27, 28, 12, 25, 4, 6, 15, 38, 48, 24, 5, 40, 37, 39, 36, 35, 34, 44, 46, 32, 45, 10, 16, 29, 50, 20, 23, 30, 2, 7, 42, 21, 17, 3, 18, 31, 22]

Individual 108:
  Route length: 8943
  Contribution to Diversity: 0
  Route: [1, 49, 32, 45, 19, 41, 8, 9, 10, 48, 38, 27, 26, 47, 13, 14, 52, 11, 51, 33, 43, 28, 12, 25, 4, 6, 15, 5, 24, 37, 40, 39, 36, 35, 34, 44, 46, 16, 29, 50, 20, 23, 30, 2, 7, 42, 21, 17, 3, 18, 31, 22]

Individual 109:
  Route length: 9371
  Contribution to Diversity: 0.0018663812141914704
  Route: [1, 49, 32, 45, 19, 41, 8, 9, 10, 15, 16, 29, 50, 20, 23, 30, 2, 7, 42, 21, 17, 43, 33, 51, 11, 52, 14, 13, 47, 26, 27, 28, 12, 25, 4, 46, 44, 34, 35, 36, 6, 24, 48, 38, 37, 40, 39, 5, 3, 18, 31, 22]

Individual 110:
  Route length: 8823
  Contribution to Diversity: 0
  Route: [1, 49, 32, 45, 19, 41, 8, 9, 10, 43, 33, 51, 13, 14, 52, 11, 47, 26, 27, 28, 12, 25, 4, 6, 15, 5, 24, 48, 38, 37, 40, 39, 36, 44, 34, 35, 3, 17, 21, 42, 7, 2, 30, 23, 20, 50, 29, 16, 46, 18, 31, 22]

Individual 111:
  Route length: 9238
  Contribution to Diversity: 0.0008379240417513145
  Route: [49, 1, 34, 35, 36, 39, 40, 37, 38, 48, 24, 5, 15, 6, 4, 25, 12, 28, 27, 26, 51, 11, 52, 14, 13, 47, 50, 29, 16, 46, 44, 32, 45, 19, 41, 8, 9, 10, 43, 33, 20, 23, 30, 2, 7, 42, 21, 17, 3, 18, 31, 22]

Individual 112:
  Route length: 8870
  Contribution to Diversity: 3.148796089824657e-05
  Route: [1, 49, 32, 45, 48, 24, 5, 15, 6, 4, 25, 12, 28, 27, 26, 47, 13, 14, 52, 11, 51, 33, 43, 10, 9, 41, 19, 8, 35, 34, 44, 46, 16, 29, 50, 20, 36, 39, 40, 37, 38, 23, 30, 2, 7, 42, 21, 17, 3, 18, 31, 22]

Individual 113:
  Route length: 9316
  Contribution to Diversity: 0.000356179074956664
  Route: [1, 49, 32, 45, 19, 41, 8, 9, 10, 43, 33, 14, 13, 47, 26, 6, 4, 25, 12, 28, 27, 52, 11, 51, 5, 24, 48, 15, 38, 37, 40, 39, 36, 35, 34, 44, 46, 16, 29, 50, 20, 23, 30, 2, 7, 42, 21, 17, 3, 18, 31, 22]

Individual 114:
  Route length: 9204
  Contribution to Diversity: 0.0007275957990433568
  Route: [1, 49, 32, 48, 38, 45, 50, 29, 16, 37, 40, 39, 36, 35, 34, 44, 46, 19, 41, 8, 9, 10, 43, 33, 51, 11, 52, 14, 13, 47, 26, 27, 28, 12, 25, 4, 6, 15, 5, 24, 20, 23, 30, 2, 7, 42, 21, 17, 3, 18, 31, 22]

Individual 115:
  Route length: 9194
  Contribution to Diversity: 0.0006439450670949753
  Route: [1, 49, 35, 37, 40, 39, 36, 45, 19, 41, 8, 9, 10, 43, 33, 51, 11, 52, 14, 13, 47, 26, 27, 28, 12, 25, 4, 6, 15, 5, 24, 48, 38, 32, 30, 2, 7, 42, 21, 17, 16, 29, 50, 20, 23, 46, 44, 34, 3, 18, 31, 22]

Individual 116:
  Route length: 9160
  Contribution to Diversity: 0
  Route: [1, 49, 32, 45, 19, 41, 8, 18, 3, 17, 21, 42, 7, 2, 30, 23, 20, 50, 29, 16, 46, 44, 34, 35, 4, 6, 15, 5, 24, 48, 38, 37, 40, 39, 36, 33, 51, 11, 52, 14, 13, 47, 26, 27, 28, 12, 25, 43, 10, 9, 31, 22]

Individual 117:
  Route length: 9328
  Contribution to Diversity: 0.000644345247479805
  Route: [1, 27, 26, 47, 13, 14, 52, 11, 51, 33, 43, 10, 9, 8, 41, 19, 45, 32, 49, 15, 5, 24, 48, 38, 6, 4, 25, 12, 28, 37, 40, 39, 36, 35, 34, 44, 46, 16, 29, 50, 20, 23, 30, 31, 2, 7, 42, 21, 17, 3, 18, 22]

Individual 118:
  Route length: 8809
  Contribution to Diversity: 0
  Route: [1, 49, 32, 45, 19, 41, 8, 46, 44, 34, 35, 36, 39, 16, 29, 50, 20, 23, 30, 2, 7, 42, 21, 17, 3, 18, 31, 9, 10, 43, 33, 51, 11, 52, 14, 13, 47, 26, 27, 28, 12, 25, 4, 6, 15, 5, 24, 48, 38, 37, 40, 22]

Individual 119:
  Route length: 9004
  Contribution to Diversity: 0.000780843886636795
  Route: [1, 49, 32, 45, 19, 41, 8, 9, 10, 43, 33, 51, 11, 52, 14, 13, 28, 12, 25, 4, 6, 15, 5, 24, 48, 38, 27, 26, 47, 29, 16, 46, 44, 34, 35, 36, 39, 40, 37, 50, 20, 23, 30, 31, 2, 7, 42, 21, 17, 3, 18, 22]

Individual 120:
  Route length: 8963
  Contribution to Diversity: 0.0002813310228120258
  Route: [1, 32, 49, 46, 44, 34, 35, 36, 39, 40, 37, 45, 19, 41, 8, 9, 10, 43, 33, 51, 11, 52, 14, 13, 47, 26, 27, 12, 28, 25, 4, 6, 15, 5, 24, 48, 38, 21, 42, 7, 2, 30, 23, 20, 50, 29, 16, 17, 3, 18, 31, 22]

Individual 121:
  Route length: 8838
  Contribution to Diversity: 0.00028363296868061383
  Route: [1, 49, 32, 45, 19, 41, 8, 9, 10, 43, 33, 51, 11, 14, 52, 12, 28, 27, 26, 47, 13, 6, 4, 25, 24, 5, 15, 48, 38, 37, 40, 39, 36, 35, 34, 44, 46, 16, 29, 50, 20, 23, 30, 2, 7, 42, 21, 17, 3, 18, 31, 22]

Individual 122:
  Route length: 9417
  Contribution to Diversity: 0.0003813555815614933
  Route: [44, 34, 35, 40, 39, 36, 17, 21, 42, 7, 2, 30, 23, 20, 50, 29, 16, 46, 3, 18, 38, 48, 24, 37, 1, 49, 32, 45, 19, 41, 8, 9, 10, 43, 33, 51, 11, 52, 14, 13, 47, 26, 27, 28, 12, 25, 4, 6, 15, 5, 31, 22]

Individual 123:
  Route length: 9247
  Contribution to Diversity: 0.0009283541791882399
  Route: [1, 49, 32, 45, 19, 41, 8, 9, 10, 43, 33, 51, 11, 52, 27, 28, 12, 25, 5, 24, 48, 14, 13, 47, 26, 6, 4, 40, 37, 38, 15, 39, 36, 35, 34, 44, 46, 16, 29, 50, 20, 23, 30, 2, 7, 42, 21, 17, 3, 18, 31, 22]

Individual 124:
  Route length: 9382
  Contribution to Diversity: 0.0009383044572714994
  Route: [1, 49, 32, 45, 40, 39, 36, 35, 41, 19, 15, 5, 24, 48, 38, 37, 6, 4, 25, 12, 28, 27, 26, 47, 13, 14, 52, 11, 51, 33, 43, 10, 9, 8, 21, 42, 7, 2, 30, 23, 20, 50, 29, 16, 46, 44, 34, 17, 3, 18, 31, 22]

Individual 125:
  Route length: 9321
  Contribution to Diversity: 0.00019881672588972776
  Route: [1, 49, 35, 36, 39, 40, 37, 38, 48, 24, 21, 17, 32, 45, 19, 41, 8, 9, 10, 43, 33, 51, 11, 52, 14, 13, 47, 26, 27, 28, 12, 25, 4, 6, 15, 5, 16, 29, 50, 20, 23, 30, 2, 7, 42, 46, 44, 34, 3, 18, 31, 22]

Individual 126:
  Route length: 9225
  Contribution to Diversity: 0.00015705256047304772
  Route: [1, 49, 35, 37, 40, 39, 36, 45, 19, 41, 8, 9, 10, 43, 33, 51, 11, 52, 14, 13, 47, 26, 27, 28, 12, 25, 4, 6, 15, 5, 24, 48, 38, 32, 7, 42, 21, 17, 2, 30, 23, 20, 50, 29, 16, 46, 44, 34, 3, 18, 31, 22]

Individual 127:
  Route length: 9337
  Contribution to Diversity: 0.0013167957853337242
  Route: [1, 49, 32, 45, 19, 41, 8, 9, 10, 43, 33, 51, 13, 14, 52, 11, 47, 26, 27, 28, 12, 37, 38, 48, 24, 5, 15, 6, 4, 25, 16, 29, 50, 20, 23, 30, 2, 7, 42, 21, 17, 3, 35, 34, 44, 36, 39, 40, 46, 18, 31, 22]

Individual 128:
  Route length: 9138
  Contribution to Diversity: 0.0014687507198223315
  Route: [35, 36, 39, 40, 37, 38, 48, 24, 5, 15, 6, 4, 25, 12, 28, 27, 26, 47, 13, 14, 52, 11, 51, 33, 8, 41, 9, 10, 43, 19, 45, 32, 49, 1, 30, 34, 44, 46, 16, 29, 50, 23, 20, 2, 7, 42, 21, 17, 3, 18, 31, 22]

Individual 129:
  Route length: 9191
  Contribution to Diversity: 0.002427389818583592
  Route: [23, 20, 50, 36, 35, 34, 44, 46, 16, 29, 26, 27, 28, 12, 4, 25, 24, 5, 15, 6, 48, 38, 37, 40, 39, 47, 13, 14, 52, 11, 51, 33, 43, 10, 9, 8, 41, 19, 45, 32, 49, 1, 18, 3, 17, 21, 42, 7, 2, 30, 31, 22]

Individual 130:
  Route length: 9341
  Contribution to Diversity: 0.0008026663832509939
  Route: [1, 17, 21, 42, 7, 2, 30, 23, 20, 50, 29, 16, 46, 34, 35, 24, 5, 15, 6, 4, 25, 12, 28, 27, 26, 47, 13, 14, 52, 11, 51, 33, 43, 10, 19, 41, 8, 9, 45, 32, 49, 3, 48, 38, 37, 40, 39, 36, 44, 18, 31, 22]

Individual 131:
  Route length: 8690
  Contribution to Diversity: 0.00016713106518650989
  Route: [1, 49, 32, 45, 19, 41, 8, 9, 10, 43, 33, 51, 11, 52, 14, 13, 47, 26, 27, 28, 12, 25, 4, 6, 15, 5, 24, 35, 34, 44, 36, 39, 38, 37, 40, 16, 29, 50, 20, 23, 30, 2, 7, 42, 21, 17, 3, 48, 46, 18, 31, 22]

Individual 132:
  Route length: 9167
  Contribution to Diversity: 0.00027139940379417027
  Route: [49, 8, 41, 19, 45, 32, 38, 48, 24, 5, 15, 6, 4, 25, 12, 28, 27, 26, 47, 13, 14, 52, 11, 51, 33, 43, 1, 10, 9, 37, 40, 39, 36, 35, 34, 44, 46, 16, 29, 50, 20, 23, 30, 2, 7, 42, 21, 17, 3, 18, 31, 22]

Individual 133:
  Route length: 9269
  Contribution to Diversity: 0.000976634677222421
  Route: [1, 49, 9, 8, 41, 19, 45, 32, 46, 44, 34, 35, 36, 39, 37, 40, 5, 24, 48, 38, 15, 6, 4, 25, 12, 51, 11, 52, 14, 13, 47, 26, 27, 28, 33, 43, 10, 16, 29, 50, 20, 23, 30, 2, 7, 42, 21, 17, 3, 18, 31, 22]

Individual 134:
  Route length: 9287
  Contribution to Diversity: 0
  Route: [1, 49, 32, 45, 19, 41, 35, 36, 39, 40, 37, 38, 48, 24, 5, 15, 6, 4, 8, 9, 10, 43, 33, 51, 11, 52, 14, 13, 47, 26, 27, 28, 12, 25, 21, 42, 7, 2, 30, 23, 20, 50, 29, 16, 46, 44, 34, 17, 3, 18, 31, 22]

Individual 135:
  Route length: 9147
  Contribution to Diversity: 0.0006407469801219534
  Route: [1, 25, 12, 28, 27, 26, 47, 13, 14, 52, 11, 51, 33, 43, 10, 9, 8, 41, 19, 45, 32, 49, 4, 6, 15, 16, 46, 44, 34, 35, 40, 39, 36, 37, 38, 48, 24, 5, 18, 3, 17, 21, 42, 7, 2, 30, 23, 20, 50, 29, 31, 22]

Individual 136:
  Route length: 8753
  Contribution to Diversity: 0.0009129484482972572
  Route: [1, 49, 32, 45, 19, 41, 8, 9, 10, 43, 33, 51, 11, 52, 14, 13, 47, 26, 27, 12, 28, 6, 4, 25, 15, 5, 24, 48, 38, 37, 40, 39, 35, 36, 3, 34, 44, 46, 16, 29, 50, 20, 23, 30, 2, 7, 42, 21, 17, 31, 18, 22]

Individual 137:
  Route length: 9172
  Contribution to Diversity: 0.0004917479249844092
  Route: [1, 43, 10, 9, 8, 41, 19, 45, 32, 49, 24, 48, 38, 37, 5, 15, 6, 4, 25, 12, 28, 27, 26, 47, 13, 14, 52, 11, 51, 33, 40, 39, 35, 36, 17, 21, 42, 7, 2, 30, 23, 20, 50, 29, 16, 46, 44, 34, 3, 18, 31, 22]

Individual 138:
  Route length: 8990
  Contribution to Diversity: 0.0017529159769518188
  Route: [1, 32, 49, 36, 35, 34, 44, 46, 5, 15, 6, 4, 25, 28, 12, 27, 26, 47, 13, 14, 52, 11, 51, 33, 43, 10, 9, 8, 41, 19, 45, 37, 40, 39, 24, 48, 38, 21, 42, 7, 2, 30, 23, 20, 50, 29, 16, 17, 3, 18, 31, 22]

Individual 139:
  Route length: 9278
  Contribution to Diversity: 0.001725246080940046
  Route: [1, 49, 23, 20, 16, 29, 50, 51, 11, 52, 14, 13, 47, 26, 27, 28, 12, 25, 4, 6, 15, 5, 24, 48, 40, 37, 38, 39, 36, 35, 34, 44, 46, 33, 43, 10, 9, 8, 41, 19, 45, 32, 42, 7, 2, 30, 21, 17, 3, 18, 31, 22]

Individual 140:
  Route length: 8873
  Contribution to Diversity: 0.0008248900559850725
  Route: [1, 23, 20, 50, 29, 16, 46, 34, 35, 24, 5, 15, 6, 4, 25, 12, 28, 27, 26, 47, 13, 14, 52, 11, 51, 33, 43, 10, 9, 8, 41, 19, 45, 32, 49, 39, 40, 37, 38, 48, 3, 17, 21, 42, 7, 2, 30, 36, 44, 18, 31, 22]

Individual 141:
  Route length: 9406
  Contribution to Diversity: 0.0005934134767136001
  Route: [1, 49, 32, 9, 8, 41, 19, 45, 40, 37, 38, 48, 3, 17, 21, 42, 7, 2, 30, 23, 20, 50, 29, 16, 46, 34, 35, 24, 5, 15, 6, 4, 25, 12, 28, 27, 26, 47, 13, 14, 52, 11, 51, 33, 43, 10, 39, 36, 44, 18, 31, 22]

Individual 142:
  Route length: 9095
  Contribution to Diversity: 0.0007757256672036306
  Route: [1, 49, 35, 30, 2, 7, 42, 21, 17, 32, 38, 48, 24, 5, 15, 6, 4, 25, 12, 28, 27, 26, 47, 13, 14, 52, 11, 51, 33, 43, 10, 9, 8, 41, 19, 45, 36, 39, 40, 37, 20, 23, 50, 29, 16, 46, 44, 34, 3, 18, 31, 22]

Individual 143:
  Route length: 8476
  Contribution to Diversity: 0.0010311606124631112
  Route: [34, 35, 36, 39, 40, 24, 48, 38, 37, 5, 15, 6, 4, 25, 12, 28, 27, 26, 47, 13, 14, 52, 11, 51, 33, 43, 10, 9, 8, 41, 19, 45, 32, 49, 1, 18, 21, 17, 3, 31, 44, 46, 16, 29, 50, 20, 23, 30, 2, 7, 42, 22]

Individual 144:
  Route length: 9217
  Contribution to Diversity: 0.0005768585179914965
  Route: [1, 49, 38, 37, 8, 41, 19, 45, 32, 34, 35, 36, 39, 40, 29, 16, 46, 44, 48, 24, 5, 15, 6, 4, 25, 12, 28, 27, 26, 47, 13, 14, 52, 11, 51, 33, 43, 10, 9, 50, 20, 23, 30, 2, 7, 42, 21, 17, 3, 18, 31, 22]

Individual 145:
  Route length: 9092
  Contribution to Diversity: 0.0006133057570707479
  Route: [1, 32, 49, 46, 44, 34, 35, 36, 39, 40, 37, 38, 8, 9, 10, 43, 33, 51, 11, 52, 14, 13, 47, 26, 27, 12, 28, 25, 4, 6, 15, 5, 24, 48, 41, 19, 45, 16, 29, 50, 20, 23, 30, 2, 7, 42, 21, 17, 3, 18, 31, 22]

Individual 146:
  Route length: 9006
  Contribution to Diversity: 0
  Route: [1, 11, 52, 14, 13, 47, 26, 27, 28, 51, 33, 43, 10, 9, 8, 41, 19, 45, 32, 49, 40, 37, 38, 48, 24, 5, 15, 6, 4, 25, 12, 39, 36, 35, 34, 44, 46, 16, 29, 50, 20, 23, 30, 2, 7, 42, 21, 17, 3, 18, 31, 22]

Individual 147:
  Route length: 9387
  Contribution to Diversity: 0.0002321635514235254
  Route: [1, 49, 32, 45, 19, 41, 8, 9, 10, 43, 33, 51, 11, 52, 14, 13, 47, 26, 27, 28, 12, 44, 34, 35, 36, 39, 40, 37, 38, 48, 3, 17, 21, 42, 7, 2, 30, 23, 5, 15, 6, 4, 25, 24, 29, 50, 20, 16, 46, 18, 31, 22]

Individual 148:
  Route length: 8761
  Contribution to Diversity: 0
  Route: [1, 49, 32, 44, 34, 35, 45, 38, 48, 24, 5, 15, 6, 4, 37, 40, 39, 36, 25, 12, 28, 27, 26, 47, 13, 14, 52, 11, 51, 33, 43, 10, 9, 8, 41, 19, 46, 16, 29, 50, 20, 23, 30, 2, 7, 42, 21, 17, 3, 18, 31, 22]

Individual 149:
  Route length: 9081
  Contribution to Diversity: 0
  Route: [1, 49, 32, 45, 19, 41, 8, 9, 10, 48, 43, 33, 51, 11, 52, 14, 13, 47, 26, 27, 38, 15, 6, 4, 25, 12, 28, 5, 24, 37, 40, 39, 36, 35, 34, 44, 46, 16, 29, 50, 20, 23, 30, 2, 7, 42, 21, 17, 3, 18, 31, 22]

Total Entropy H: 4.537823400240907
