Individual 0:
  Route length: 7882
  Contribution to Diversity: 0.0016239960670105802
  Route: [1, 49, 39, 38, 37, 40, 48, 24, 5, 15, 6, 4, 25, 12, 28, 27, 26, 47, 13, 14, 52, 11, 51, 33, 43, 10, 9, 8, 41, 19, 45, 32, 31, 18, 3, 17, 21, 42, 7, 2, 30, 23, 20, 50, 29, 16, 46, 44, 34, 35, 36, 22]

Individual 1:
  Route length: 7892
  Contribution to Diversity: 0.01451801957853771
  Route: [1, 38, 48, 24, 5, 15, 6, 4, 25, 12, 28, 27, 26, 47, 13, 14, 52, 11, 51, 33, 43, 10, 9, 8, 41, 19, 45, 32, 49, 44, 34, 35, 36, 39, 40, 37, 46, 16, 29, 20, 50, 23, 30, 2, 7, 42, 21, 17, 3, 18, 31, 22]

Individual 2:
  Route length: 7917
  Contribution to Diversity: 0.007933903414116372
  Route: [1, 49, 32, 45, 19, 41, 8, 9, 10, 43, 33, 51, 11, 52, 14, 13, 47, 26, 27, 28, 12, 25, 4, 6, 15, 5, 24, 48, 40, 37, 36, 35, 38, 44, 34, 39, 46, 16, 29, 50, 20, 23, 30, 2, 7, 42, 21, 17, 3, 18, 31, 22]

Individual 3:
  Route length: 7916
  Contribution to Diversity: 0.008957892242105636
  Route: [1, 49, 32, 21, 42, 7, 2, 30, 23, 20, 50, 29, 16, 46, 44, 34, 35, 36, 39, 40, 37, 38, 48, 24, 5, 15, 6, 4, 25, 12, 28, 27, 26, 47, 14, 13, 52, 11, 51, 33, 43, 10, 9, 8, 41, 19, 45, 17, 3, 18, 31, 22]

Individual 4:
  Route length: 7864
  Contribution to Diversity: 0.00943987829436832
  Route: [1, 49, 32, 45, 19, 41, 8, 9, 10, 43, 33, 51, 11, 52, 14, 13, 47, 26, 27, 28, 12, 25, 4, 48, 24, 5, 15, 6, 38, 37, 40, 35, 36, 39, 34, 44, 46, 16, 29, 50, 20, 23, 30, 2, 42, 7, 21, 17, 3, 18, 31, 22]

Individual 5:
  Route length: 7916
  Contribution to Diversity: 0.004603464397258783
  Route: [1, 39, 36, 34, 49, 32, 45, 19, 41, 8, 9, 10, 43, 33, 51, 11, 52, 14, 13, 47, 26, 27, 28, 12, 4, 25, 6, 15, 5, 24, 48, 38, 37, 40, 35, 44, 46, 16, 29, 50, 20, 23, 30, 2, 7, 42, 21, 17, 3, 18, 31, 22]

Individual 6:
  Route length: 7908
  Contribution to Diversity: 0
  Route: [1, 49, 32, 41, 19, 45, 8, 9, 10, 43, 33, 51, 11, 52, 14, 13, 47, 26, 27, 28, 12, 25, 4, 6, 15, 24, 48, 5, 38, 37, 40, 39, 36, 34, 35, 44, 46, 16, 29, 50, 20, 23, 30, 2, 7, 42, 21, 17, 3, 18, 31, 22]

Individual 7:
  Route length: 7913
  Contribution to Diversity: 0.00959591549309291
  Route: [1, 49, 32, 41, 19, 45, 8, 9, 10, 43, 33, 51, 11, 52, 14, 13, 47, 26, 27, 28, 12, 25, 4, 6, 15, 24, 48, 5, 38, 40, 37, 39, 36, 34, 35, 44, 46, 16, 29, 50, 20, 23, 30, 2, 7, 42, 21, 17, 3, 18, 31, 22]

Individual 8:
  Route length: 7884
  Contribution to Diversity: 0.013314277800961172
  Route: [1, 32, 45, 19, 41, 8, 9, 10, 43, 33, 51, 11, 52, 14, 13, 47, 26, 27, 28, 12, 25, 4, 6, 15, 5, 48, 24, 40, 49, 39, 38, 37, 35, 36, 34, 44, 46, 16, 29, 50, 20, 23, 30, 2, 7, 42, 21, 17, 3, 18, 31, 22]

Individual 9:
  Route length: 7906
  Contribution to Diversity: 0.015216304049063822
  Route: [1, 49, 32, 45, 19, 41, 8, 9, 10, 43, 33, 51, 11, 52, 14, 13, 47, 26, 27, 28, 12, 4, 25, 6, 24, 5, 15, 39, 34, 44, 35, 36, 40, 37, 38, 48, 46, 16, 29, 50, 20, 23, 30, 2, 7, 42, 21, 17, 3, 18, 31, 22]

Total Entropy H: 4.277158932718098
