Individual 0:
  Route length: 22600
  Contribution to Diversity: 0.0012537069884359653
  Route: [5, 15, 31, 37, 52, 44, 39, 20, 49, 25, 33, 40, 35, 2, 3, 30, 8, 43, 45, 32, 17, 21, 42, 19, 36, 1, 41, 18, 6, 11, 7, 50, 29, 38, 51, 27, 28, 16, 24, 12, 14, 13, 47, 26, 48, 4, 46, 23, 34, 9, 10, 22]

Individual 1:
  Route length: 22571
  Contribution to Diversity: 0.0012256507348071821
  Route: [18, 40, 10, 45, 49, 8, 9, 51, 12, 13, 47, 15, 16, 23, 37, 33, 32, 35, 34, 1, 17, 24, 48, 52, 20, 11, 14, 38, 41, 6, 4, 46, 31, 7, 44, 42, 2, 50, 28, 27, 26, 43, 25, 5, 36, 3, 21, 19, 29, 30, 39, 22]

Individual 2:
  Route length: 22581
  Contribution to Diversity: 0.00147574171240894
  Route: [18, 40, 6, 4, 46, 31, 7, 44, 42, 2, 50, 28, 27, 26, 43, 25, 51, 12, 13, 47, 15, 16, 23, 37, 33, 32, 35, 17, 1, 34, 9, 8, 49, 45, 10, 20, 11, 14, 38, 41, 52, 24, 48, 5, 36, 3, 21, 19, 29, 30, 39, 22]

Individual 3:
  Route length: 22570
  Contribution to Diversity: 0.001109467266659614
  Route: [1, 31, 42, 14, 13, 33, 43, 17, 32, 24, 18, 19, 45, 51, 6, 4, 25, 8, 27, 44, 35, 36, 5, 28, 11, 47, 34, 3, 49, 9, 10, 48, 46, 26, 23, 40, 37, 38, 12, 15, 41, 7, 2, 21, 39, 29, 30, 50, 16, 20, 52, 22]

Individual 4:
  Route length: 22596
  Contribution to Diversity: 0.0013821692497302251
  Route: [9, 35, 23, 24, 5, 31, 17, 3, 18, 39, 40, 48, 26, 47, 13, 52, 14, 51, 11, 30, 2, 43, 36, 37, 27, 20, 45, 32, 28, 7, 16, 46, 25, 33, 38, 8, 34, 21, 42, 44, 50, 41, 19, 1, 29, 10, 15, 12, 49, 6, 4, 22]

Individual 5:
  Route length: 22545
  Contribution to Diversity: 0.0004765160665254342
  Route: [1, 43, 15, 33, 44, 37, 47, 28, 27, 14, 40, 25, 12, 29, 31, 51, 26, 21, 36, 5, 46, 48, 24, 30, 23, 50, 20, 49, 32, 45, 52, 17, 3, 9, 16, 19, 41, 10, 7, 42, 2, 18, 39, 6, 34, 13, 11, 8, 4, 35, 38, 22]

Individual 6:
  Route length: 22574
  Contribution to Diversity: 0.0021031132759050664
  Route: [26, 47, 12, 35, 34, 44, 3, 46, 4, 52, 11, 25, 48, 39, 2, 7, 38, 14, 18, 6, 36, 43, 51, 33, 45, 19, 10, 15, 24, 20, 27, 50, 40, 32, 29, 16, 5, 1, 49, 31, 23, 17, 9, 8, 41, 42, 21, 28, 13, 37, 30, 22]

Individual 7:
  Route length: 22017
  Contribution to Diversity: 0.0016000479893731878
  Route: [51, 26, 11, 13, 47, 24, 21, 14, 43, 38, 49, 1, 41, 32, 50, 17, 29, 16, 33, 10, 9, 19, 8, 18, 37, 40, 36, 30, 2, 7, 42, 52, 31, 34, 6, 46, 15, 44, 4, 3, 48, 39, 25, 45, 35, 23, 5, 12, 28, 27, 20, 22]

Individual 8:
  Route length: 22428
  Contribution to Diversity: 0.0014630807820879
  Route: [25, 51, 12, 47, 13, 23, 35, 11, 14, 42, 2, 21, 1, 46, 19, 34, 37, 18, 10, 43, 17, 30, 29, 20, 4, 48, 24, 36, 16, 8, 41, 15, 49, 52, 7, 31, 26, 27, 28, 44, 3, 9, 33, 39, 40, 5, 6, 50, 32, 45, 38, 22]

Individual 9:
  Route length: 22500
  Contribution to Diversity: 5.120433019190074e-05
  Route: [28, 51, 4, 39, 45, 32, 46, 10, 16, 35, 29, 12, 50, 1, 5, 6, 26, 11, 14, 24, 48, 40, 37, 49, 15, 36, 38, 20, 25, 2, 21, 17, 18, 23, 3, 9, 8, 41, 31, 7, 33, 43, 19, 34, 13, 47, 44, 27, 52, 30, 42, 22]

Individual 10:
  Route length: 22247
  Contribution to Diversity: 0.0008674063225893036
  Route: [42, 29, 28, 33, 2, 7, 20, 21, 48, 9, 23, 34, 19, 45, 32, 52, 11, 5, 44, 46, 36, 50, 40, 51, 47, 26, 4, 25, 24, 30, 31, 1, 49, 17, 3, 8, 41, 37, 38, 10, 35, 16, 6, 27, 15, 12, 14, 13, 39, 18, 43, 22]

Individual 11:
  Route length: 22181
  Contribution to Diversity: 0.0008955799395939934
  Route: [18, 38, 13, 14, 20, 32, 1, 17, 30, 9, 10, 39, 19, 4, 50, 51, 11, 52, 27, 28, 25, 6, 37, 15, 8, 41, 40, 12, 26, 5, 2, 35, 3, 7, 42, 29, 23, 36, 31, 43, 16, 49, 21, 24, 46, 47, 45, 44, 33, 34, 48, 22]

Individual 12:
  Route length: 22484
  Contribution to Diversity: 0.0011428591426092538
  Route: [6, 8, 46, 25, 3, 16, 31, 42, 7, 2, 47, 4, 15, 33, 12, 44, 17, 38, 29, 39, 36, 35, 28, 9, 10, 50, 1, 18, 23, 19, 34, 43, 5, 24, 48, 30, 32, 40, 45, 20, 37, 41, 21, 49, 14, 51, 27, 26, 52, 11, 13, 22]

Individual 13:
  Route length: 22541
  Contribution to Diversity: 0.0009182500631323975
  Route: [16, 30, 34, 40, 49, 36, 6, 42, 7, 25, 48, 38, 32, 45, 2, 17, 21, 29, 19, 24, 43, 35, 15, 12, 27, 51, 11, 10, 9, 5, 18, 3, 37, 8, 39, 44, 26, 47, 23, 28, 14, 52, 31, 13, 20, 50, 1, 41, 33, 46, 4, 22]

Individual 14:
  Route length: 22487
  Contribution to Diversity: 0.0017394717130869708
  Route: [14, 51, 6, 4, 37, 13, 11, 12, 16, 20, 49, 33, 43, 47, 28, 27, 17, 3, 26, 19, 32, 21, 42, 7, 10, 45, 41, 2, 1, 40, 46, 31, 44, 15, 5, 24, 48, 38, 34, 35, 36, 8, 39, 25, 52, 18, 9, 30, 50, 29, 23, 22]

Individual 15:
  Route length: 22198
  Contribution to Diversity: 0.0010060247847665238
  Route: [11, 46, 32, 41, 19, 16, 7, 42, 2, 4, 33, 44, 37, 31, 51, 26, 29, 45, 13, 14, 52, 8, 9, 12, 38, 15, 43, 34, 10, 6, 40, 1, 5, 25, 47, 28, 27, 24, 48, 30, 23, 50, 18, 49, 3, 17, 39, 20, 35, 21, 36, 22]

Individual 16:
  Route length: 22240
  Contribution to Diversity: 0.0016241622137176392
  Route: [44, 15, 43, 33, 48, 49, 46, 41, 34, 26, 14, 12, 35, 38, 25, 28, 21, 18, 30, 3, 6, 4, 51, 13, 37, 2, 17, 7, 50, 31, 24, 47, 42, 23, 27, 52, 11, 10, 9, 29, 20, 1, 16, 8, 45, 19, 5, 32, 36, 39, 40, 22]

Individual 17:
  Route length: 22588
  Contribution to Diversity: 0.00045552784009839087
  Route: [15, 31, 18, 30, 2, 17, 7, 50, 12, 8, 3, 42, 21, 40, 20, 24, 32, 19, 35, 28, 4, 41, 49, 27, 43, 33, 51, 46, 13, 11, 52, 36, 5, 6, 29, 37, 14, 48, 47, 26, 25, 16, 38, 34, 44, 39, 10, 9, 1, 45, 23, 22]

Individual 18:
  Route length: 22427
  Contribution to Diversity: 0.0004931575303936953
  Route: [24, 43, 17, 32, 48, 8, 50, 39, 37, 9, 19, 41, 12, 14, 28, 4, 6, 1, 31, 13, 26, 29, 36, 3, 27, 47, 51, 33, 20, 30, 18, 7, 2, 23, 25, 46, 34, 5, 40, 10, 52, 11, 38, 49, 16, 15, 45, 44, 35, 21, 42, 22]

Individual 19:
  Route length: 22398
  Contribution to Diversity: 0.00024291934898634793
  Route: [37, 33, 51, 43, 38, 19, 41, 1, 15, 25, 9, 16, 29, 49, 32, 36, 21, 28, 23, 35, 39, 48, 4, 44, 5, 34, 11, 10, 45, 17, 3, 42, 7, 18, 12, 27, 6, 8, 31, 50, 20, 2, 30, 52, 13, 47, 26, 40, 46, 24, 14, 22]

Individual 20:
  Route length: 22118
  Contribution to Diversity: 0.0011788834391017744
  Route: [8, 9, 32, 5, 24, 48, 27, 10, 43, 40, 49, 1, 31, 50, 6, 12, 38, 37, 28, 16, 2, 46, 44, 35, 34, 42, 7, 41, 19, 17, 18, 3, 51, 45, 36, 13, 25, 21, 15, 11, 52, 14, 39, 20, 33, 4, 26, 47, 29, 23, 30, 22]

Individual 21:
  Route length: 22449
  Contribution to Diversity: 0.0006893061441859416
  Route: [1, 26, 43, 33, 4, 25, 9, 23, 47, 37, 17, 5, 45, 8, 41, 10, 15, 16, 24, 11, 27, 39, 32, 21, 2, 49, 36, 29, 44, 38, 48, 6, 7, 42, 30, 50, 51, 28, 46, 35, 18, 3, 34, 40, 20, 13, 52, 14, 31, 19, 12, 22]

Individual 22:
  Route length: 22613
  Contribution to Diversity: 0.0011624428050192037
  Route: [41, 11, 10, 9, 14, 52, 51, 20, 23, 45, 19, 47, 13, 17, 30, 18, 16, 49, 39, 3, 5, 46, 43, 8, 28, 26, 29, 2, 7, 40, 24, 6, 15, 1, 31, 50, 27, 36, 21, 42, 44, 32, 38, 35, 34, 12, 33, 25, 4, 48, 37, 22]

Individual 23:
  Route length: 22626
  Contribution to Diversity: 0.0019138832208405177
  Route: [3, 41, 8, 10, 19, 45, 37, 40, 9, 34, 33, 13, 38, 46, 42, 31, 21, 17, 16, 20, 35, 24, 51, 27, 25, 4, 7, 2, 36, 18, 12, 32, 50, 23, 43, 15, 29, 52, 11, 28, 49, 1, 6, 26, 47, 5, 39, 30, 44, 14, 48, 22]

Individual 24:
  Route length: 21916
  Contribution to Diversity: 0.0005575423612391717
  Route: [29, 50, 43, 52, 46, 40, 44, 1, 42, 15, 27, 12, 28, 47, 13, 14, 16, 11, 51, 32, 45, 17, 21, 5, 25, 26, 35, 30, 20, 4, 6, 3, 2, 7, 24, 8, 10, 9, 36, 38, 39, 37, 31, 33, 34, 19, 48, 41, 23, 49, 18, 22]

Individual 25:
  Route length: 22529
  Contribution to Diversity: 0.0005890509416568435
  Route: [43, 39, 25, 4, 50, 5, 49, 18, 31, 41, 15, 6, 51, 40, 9, 26, 28, 12, 46, 1, 47, 13, 14, 29, 24, 37, 21, 35, 48, 45, 44, 36, 3, 38, 32, 16, 52, 27, 33, 17, 11, 34, 10, 8, 19, 2, 30, 23, 20, 42, 7, 22]

Individual 26:
  Route length: 22508
  Contribution to Diversity: 0.0011630921064886834
  Route: [28, 5, 11, 27, 44, 24, 6, 26, 4, 32, 30, 15, 16, 19, 45, 31, 36, 3, 39, 46, 42, 18, 12, 43, 40, 7, 2, 29, 10, 1, 23, 20, 35, 34, 48, 37, 49, 17, 21, 50, 13, 14, 52, 47, 51, 25, 9, 38, 8, 41, 33, 22]

Individual 27:
  Route length: 22549
  Contribution to Diversity: 0.0001593216030943978
  Route: [37, 33, 51, 43, 38, 49, 29, 16, 9, 25, 15, 1, 41, 19, 28, 21, 36, 32, 23, 35, 39, 48, 4, 44, 5, 34, 11, 10, 45, 17, 3, 42, 7, 18, 12, 27, 6, 8, 31, 50, 20, 2, 30, 52, 13, 47, 26, 40, 46, 24, 14, 22]

Individual 28:
  Route length: 21791
  Contribution to Diversity: 0.001101151564588676
  Route: [44, 6, 51, 12, 33, 40, 14, 47, 20, 45, 31, 21, 34, 19, 41, 37, 16, 35, 9, 3, 25, 15, 32, 8, 46, 30, 17, 52, 13, 11, 42, 7, 2, 23, 36, 39, 50, 1, 18, 43, 5, 24, 48, 38, 29, 28, 10, 26, 27, 4, 49, 22]

Individual 29:
  Route length: 22209
  Contribution to Diversity: 0.00021879729487483957
  Route: [49, 34, 51, 12, 38, 36, 19, 32, 1, 35, 3, 45, 42, 5, 33, 11, 24, 4, 26, 17, 50, 29, 21, 43, 46, 47, 16, 28, 27, 52, 14, 20, 40, 13, 44, 25, 15, 18, 30, 6, 23, 48, 37, 7, 2, 10, 9, 8, 41, 39, 31, 22]

Individual 30:
  Route length: 22591
  Contribution to Diversity: 0.00016603202752740742
  Route: [9, 39, 8, 33, 7, 6, 46, 52, 14, 13, 21, 3, 2, 32, 10, 43, 30, 29, 20, 23, 36, 16, 17, 18, 31, 1, 45, 19, 41, 48, 40, 47, 35, 38, 51, 11, 27, 26, 24, 44, 4, 15, 28, 37, 50, 49, 34, 12, 25, 42, 5, 22]

Individual 31:
  Route length: 22534
  Contribution to Diversity: 0.0021163456197808017
  Route: [16, 34, 32, 49, 43, 51, 13, 7, 30, 2, 11, 12, 27, 28, 44, 9, 8, 35, 41, 14, 52, 37, 48, 47, 26, 10, 3, 19, 18, 1, 40, 20, 29, 5, 15, 50, 46, 23, 42, 21, 17, 38, 4, 45, 31, 25, 36, 33, 24, 39, 6, 22]

Individual 32:
  Route length: 22081
  Contribution to Diversity: 0.0008762172288845349
  Route: [42, 14, 52, 51, 13, 48, 19, 34, 36, 9, 10, 43, 35, 15, 31, 8, 3, 18, 29, 28, 27, 33, 47, 40, 4, 12, 37, 49, 17, 30, 23, 21, 50, 5, 26, 44, 20, 25, 6, 46, 16, 1, 24, 45, 41, 2, 7, 11, 39, 38, 32, 22]

Individual 33:
  Route length: 21965
  Contribution to Diversity: 0.00039889604837206605
  Route: [30, 44, 39, 18, 49, 17, 10, 5, 51, 15, 36, 34, 4, 48, 40, 25, 38, 20, 29, 16, 43, 33, 6, 12, 9, 50, 32, 7, 11, 52, 47, 28, 26, 19, 21, 31, 3, 46, 37, 1, 27, 14, 13, 8, 41, 24, 42, 2, 35, 45, 23, 22]

Individual 34:
  Route length: 22195
  Contribution to Diversity: 0.00029320088031603575
  Route: [21, 47, 52, 14, 13, 29, 27, 26, 44, 41, 19, 8, 5, 15, 45, 16, 51, 11, 48, 23, 31, 43, 38, 3, 37, 24, 50, 20, 25, 34, 7, 2, 40, 30, 10, 33, 9, 32, 42, 17, 12, 6, 49, 4, 18, 35, 46, 36, 28, 39, 1, 22]

Individual 35:
  Route length: 22038
  Contribution to Diversity: 0.000230559931797103
  Route: [24, 43, 17, 32, 48, 8, 31, 1, 6, 4, 28, 14, 12, 41, 19, 9, 37, 39, 50, 20, 33, 51, 47, 27, 3, 36, 29, 26, 13, 30, 18, 7, 2, 23, 25, 46, 34, 5, 40, 10, 52, 11, 38, 49, 16, 15, 45, 44, 35, 21, 42, 22]

Individual 36:
  Route length: 22577
  Contribution to Diversity: 0.0012500466962563905
  Route: [18, 31, 8, 1, 36, 50, 48, 6, 51, 39, 19, 17, 20, 23, 41, 40, 42, 7, 24, 38, 21, 15, 27, 33, 46, 29, 44, 10, 9, 12, 28, 25, 26, 11, 47, 13, 14, 32, 35, 34, 49, 52, 2, 30, 16, 3, 45, 4, 43, 37, 5, 22]

Individual 37:
  Route length: 22480
  Contribution to Diversity: 0.001148442158830143
  Route: [6, 38, 17, 30, 40, 20, 37, 41, 21, 49, 14, 51, 25, 48, 15, 33, 28, 10, 50, 1, 32, 9, 44, 12, 39, 29, 24, 5, 43, 34, 23, 31, 16, 3, 36, 35, 18, 45, 8, 46, 27, 26, 52, 11, 13, 4, 47, 2, 7, 42, 19, 22]

Individual 38:
  Route length: 22563
  Contribution to Diversity: 0.001172171522257237
  Route: [51, 28, 12, 46, 6, 9, 36, 33, 32, 18, 38, 37, 11, 52, 14, 16, 50, 21, 5, 34, 44, 1, 49, 35, 25, 24, 29, 3, 48, 23, 39, 26, 31, 10, 20, 42, 7, 40, 43, 15, 19, 41, 8, 4, 2, 30, 27, 13, 47, 17, 45, 22]

Individual 39:
  Route length: 21368
  Contribution to Diversity: 0.0011037877199315815
  Route: [27, 47, 26, 15, 9, 8, 41, 1, 20, 29, 3, 43, 23, 44, 33, 12, 28, 30, 34, 50, 31, 21, 42, 7, 2, 6, 38, 40, 52, 48, 18, 37, 4, 5, 17, 32, 45, 39, 49, 19, 46, 36, 14, 51, 11, 13, 16, 24, 25, 10, 35, 22]

Individual 40:
  Route length: 22130
  Contribution to Diversity: 0.00035801222598763616
  Route: [16, 11, 12, 4, 42, 7, 3, 17, 18, 21, 36, 26, 47, 25, 24, 30, 31, 48, 38, 37, 2, 45, 10, 9, 8, 46, 43, 33, 5, 15, 6, 49, 13, 32, 19, 51, 44, 34, 14, 27, 28, 41, 1, 35, 39, 40, 52, 20, 50, 23, 29, 22]

Individual 41:
  Route length: 22436
  Contribution to Diversity: 0.001177502300285127
  Route: [20, 28, 12, 26, 29, 7, 34, 32, 17, 10, 9, 3, 6, 15, 46, 50, 48, 35, 33, 11, 25, 31, 1, 23, 43, 4, 51, 42, 16, 38, 27, 47, 44, 40, 37, 24, 5, 36, 21, 18, 39, 41, 8, 2, 13, 14, 52, 45, 49, 30, 19, 22]

Individual 42:
  Route length: 22417
  Contribution to Diversity: 0.0006323646896113644
  Route: [42, 14, 52, 51, 13, 48, 19, 34, 4, 40, 47, 33, 27, 28, 29, 18, 3, 8, 31, 15, 35, 43, 10, 9, 36, 39, 11, 7, 2, 41, 45, 24, 1, 16, 46, 6, 25, 20, 44, 26, 5, 50, 21, 23, 30, 17, 49, 37, 12, 38, 32, 22]

Individual 43:
  Route length: 21935
  Contribution to Diversity: 0.0013017010352163183
  Route: [17, 10, 15, 37, 40, 49, 36, 5, 14, 26, 42, 34, 47, 12, 28, 27, 35, 48, 44, 16, 52, 13, 11, 19, 4, 43, 51, 25, 29, 24, 7, 50, 32, 23, 20, 21, 30, 2, 18, 6, 3, 1, 9, 33, 41, 8, 39, 46, 38, 31, 45, 22]

Individual 44:
  Route length: 22208
  Contribution to Diversity: 0.0015328423372986677
  Route: [23, 20, 47, 13, 14, 26, 33, 3, 41, 42, 18, 15, 19, 7, 9, 45, 49, 32, 17, 34, 11, 24, 16, 1, 36, 48, 8, 10, 40, 50, 28, 27, 52, 39, 46, 51, 12, 44, 43, 5, 38, 35, 25, 37, 2, 29, 30, 31, 4, 6, 21, 22]

Individual 45:
  Route length: 22558
  Contribution to Diversity: 0.0011013439613547504
  Route: [24, 21, 27, 28, 15, 7, 25, 20, 50, 29, 48, 34, 45, 19, 33, 43, 47, 52, 51, 11, 38, 16, 46, 44, 17, 30, 2, 1, 49, 40, 23, 35, 18, 31, 42, 8, 41, 3, 9, 14, 26, 4, 6, 37, 32, 5, 10, 39, 36, 13, 12, 22]

Individual 46:
  Route length: 22212
  Contribution to Diversity: 0.00130724135875937
  Route: [1, 42, 19, 41, 2, 16, 23, 32, 52, 14, 11, 33, 38, 29, 8, 9, 10, 43, 24, 28, 20, 31, 18, 3, 17, 36, 50, 21, 35, 39, 27, 4, 5, 13, 26, 6, 12, 25, 44, 7, 37, 51, 40, 15, 45, 46, 47, 30, 48, 34, 49, 22]

Individual 47:
  Route length: 22615
  Contribution to Diversity: 0.00028635568349066887
  Route: [9, 34, 49, 50, 37, 28, 15, 4, 44, 24, 26, 27, 11, 51, 38, 35, 47, 40, 48, 41, 19, 45, 1, 31, 18, 17, 16, 36, 23, 20, 29, 30, 43, 10, 32, 2, 3, 21, 13, 14, 52, 46, 6, 7, 33, 8, 39, 25, 12, 42, 5, 22]

Individual 48:
  Route length: 22549
  Contribution to Diversity: 0.0013274502784188513
  Route: [38, 34, 35, 9, 31, 29, 51, 1, 52, 26, 11, 28, 16, 48, 14, 46, 33, 18, 40, 15, 12, 25, 27, 13, 8, 36, 41, 19, 3, 32, 20, 5, 4, 44, 17, 10, 43, 24, 37, 49, 45, 6, 42, 7, 2, 30, 21, 23, 50, 39, 47, 22]

Individual 49:
  Route length: 22605
  Contribution to Diversity: 0.0011499212324226349
  Route: [44, 19, 18, 17, 32, 48, 46, 37, 38, 14, 13, 47, 11, 23, 21, 45, 31, 42, 49, 3, 30, 50, 35, 26, 40, 27, 28, 5, 24, 43, 33, 36, 41, 34, 6, 51, 39, 16, 20, 7, 1, 8, 10, 9, 4, 25, 15, 12, 2, 29, 52, 22]

Individual 50:
  Route length: 21619
  Contribution to Diversity: 0.00016448331950869033
  Route: [30, 13, 31, 3, 49, 1, 33, 41, 32, 36, 20, 21, 42, 46, 38, 39, 28, 2, 7, 23, 10, 8, 17, 18, 29, 25, 12, 19, 24, 35, 5, 48, 9, 43, 6, 47, 26, 15, 34, 16, 45, 50, 27, 51, 11, 52, 14, 37, 40, 4, 44, 22]

Individual 51:
  Route length: 22472
  Contribution to Diversity: 0.000612083973313915
  Route: [11, 51, 17, 21, 48, 23, 1, 38, 46, 34, 31, 33, 9, 10, 3, 40, 24, 36, 8, 41, 19, 15, 42, 16, 20, 35, 30, 47, 4, 43, 52, 14, 13, 26, 49, 5, 27, 25, 39, 6, 28, 18, 44, 37, 29, 2, 7, 12, 32, 45, 50, 22]

Individual 52:
  Route length: 22423
  Contribution to Diversity: 0.00012229067755598066
  Route: [42, 31, 23, 48, 33, 9, 32, 7, 2, 40, 25, 51, 43, 16, 34, 26, 27, 29, 49, 4, 6, 12, 21, 44, 11, 19, 41, 8, 38, 10, 30, 37, 50, 20, 24, 13, 14, 52, 47, 45, 15, 5, 17, 18, 3, 39, 28, 36, 46, 35, 1, 22]

Individual 53:
  Route length: 21885
  Contribution to Diversity: 0.000821445093413864
  Route: [1, 26, 43, 33, 38, 44, 29, 36, 49, 2, 21, 7, 42, 30, 50, 51, 28, 46, 35, 23, 9, 25, 4, 19, 31, 14, 52, 13, 20, 40, 34, 18, 3, 47, 37, 17, 5, 45, 8, 41, 10, 32, 39, 27, 11, 24, 16, 15, 6, 48, 12, 22]

Individual 54:
  Route length: 21574
  Contribution to Diversity: 0.00046086133739819957
  Route: [5, 37, 50, 40, 15, 30, 20, 18, 23, 39, 27, 26, 43, 10, 48, 38, 3, 41, 19, 24, 36, 44, 16, 31, 17, 8, 9, 45, 33, 25, 11, 13, 47, 51, 28, 49, 34, 32, 52, 29, 46, 12, 6, 35, 42, 1, 4, 14, 2, 7, 21, 22]

Individual 55:
  Route length: 21894
  Contribution to Diversity: 0.0006355052738422629
  Route: [49, 34, 51, 12, 38, 36, 19, 42, 45, 3, 17, 26, 5, 33, 11, 24, 4, 32, 1, 35, 50, 29, 21, 18, 15, 25, 44, 13, 40, 20, 14, 52, 27, 28, 16, 47, 46, 43, 9, 10, 2, 7, 37, 48, 23, 6, 30, 8, 41, 39, 31, 22]

Individual 56:
  Route length: 22428
  Contribution to Diversity: 0.001016500420489841
  Route: [41, 2, 17, 3, 16, 29, 42, 23, 10, 46, 20, 1, 6, 48, 32, 21, 39, 40, 26, 27, 43, 34, 15, 25, 30, 33, 19, 8, 24, 31, 37, 5, 12, 11, 47, 38, 4, 49, 44, 36, 45, 9, 50, 14, 13, 28, 52, 51, 35, 18, 7, 22]

Individual 57:
  Route length: 22175
  Contribution to Diversity: 0.0007107959908116968
  Route: [11, 51, 17, 21, 48, 23, 1, 38, 46, 26, 13, 14, 52, 43, 4, 47, 30, 35, 20, 16, 42, 15, 19, 41, 8, 36, 24, 40, 3, 10, 9, 33, 31, 34, 25, 27, 5, 49, 39, 6, 28, 18, 44, 37, 29, 2, 7, 12, 32, 45, 50, 22]

Individual 58:
  Route length: 22573
  Contribution to Diversity: 0.00044711715889267367
  Route: [15, 31, 18, 30, 2, 17, 7, 50, 12, 8, 3, 42, 21, 40, 20, 24, 32, 19, 35, 27, 49, 41, 4, 28, 13, 46, 51, 33, 43, 11, 52, 36, 5, 6, 29, 37, 14, 48, 47, 26, 25, 16, 38, 34, 44, 39, 10, 9, 1, 45, 23, 22]

Individual 59:
  Route length: 22587
  Contribution to Diversity: 0.0004853316790685014
  Route: [34, 39, 2, 17, 32, 3, 21, 13, 46, 44, 20, 23, 24, 48, 49, 1, 27, 51, 6, 15, 11, 41, 40, 28, 25, 43, 33, 10, 52, 14, 47, 26, 50, 12, 5, 16, 18, 9, 7, 42, 4, 38, 8, 35, 36, 45, 19, 30, 37, 29, 31, 22]

Individual 60:
  Route length: 20461
  Contribution to Diversity: 0.0014225601372297447
  Route: [35, 34, 31, 18, 44, 10, 9, 20, 17, 21, 46, 30, 2, 41, 36, 4, 43, 39, 32, 8, 24, 38, 15, 6, 51, 50, 33, 29, 47, 28, 12, 11, 48, 3, 16, 19, 45, 23, 1, 49, 5, 7, 42, 40, 37, 27, 52, 14, 13, 26, 25, 22]

Individual 61:
  Route length: 22411
  Contribution to Diversity: 0.0010576207337740229
  Route: [42, 19, 52, 14, 5, 15, 38, 26, 27, 28, 13, 51, 1, 39, 16, 44, 21, 41, 43, 17, 50, 40, 37, 6, 18, 3, 7, 20, 32, 34, 45, 46, 24, 36, 35, 8, 31, 9, 10, 33, 49, 12, 23, 30, 2, 25, 48, 4, 29, 47, 11, 22]

Individual 62:
  Route length: 21934
  Contribution to Diversity: 0.0014883582260845074
  Route: [45, 44, 2, 17, 3, 41, 32, 19, 35, 46, 9, 8, 43, 33, 37, 25, 36, 24, 15, 34, 50, 20, 40, 5, 38, 29, 1, 23, 48, 49, 47, 13, 6, 27, 26, 18, 51, 11, 52, 14, 39, 7, 30, 4, 21, 10, 16, 28, 12, 31, 42, 22]

Individual 63:
  Route length: 22431
  Contribution to Diversity: 0.0003495711560219661
  Route: [30, 20, 48, 17, 7, 46, 32, 47, 28, 45, 4, 5, 3, 33, 19, 41, 34, 29, 12, 6, 8, 36, 11, 51, 31, 40, 37, 16, 44, 13, 14, 52, 26, 27, 24, 9, 10, 42, 50, 2, 18, 21, 49, 15, 39, 35, 23, 1, 25, 38, 43, 22]

Individual 64:
  Route length: 22248
  Contribution to Diversity: 0.0004276793078750174
  Route: [21, 44, 26, 27, 19, 46, 24, 37, 29, 34, 25, 11, 51, 16, 36, 18, 35, 14, 13, 47, 52, 42, 9, 33, 10, 45, 50, 20, 7, 2, 4, 49, 6, 32, 30, 40, 48, 23, 31, 41, 8, 38, 43, 3, 17, 12, 5, 15, 28, 39, 1, 22]

Individual 65:
  Route length: 22562
  Contribution to Diversity: 0.0002933659222605911
  Route: [30, 44, 11, 52, 47, 28, 26, 19, 32, 7, 39, 18, 49, 17, 15, 51, 37, 1, 43, 21, 31, 3, 46, 16, 29, 20, 38, 25, 40, 48, 4, 34, 36, 10, 5, 8, 41, 24, 42, 2, 35, 13, 14, 27, 50, 9, 12, 6, 33, 45, 23, 22]

Individual 66:
  Route length: 21930
  Contribution to Diversity: 0.00031376264801519227
  Route: [8, 19, 17, 21, 33, 14, 11, 26, 52, 47, 37, 35, 24, 27, 16, 5, 30, 23, 2, 10, 41, 49, 32, 6, 9, 1, 3, 31, 18, 20, 36, 48, 39, 13, 28, 46, 34, 15, 51, 50, 29, 4, 25, 12, 44, 45, 7, 42, 38, 43, 40, 22]

Individual 67:
  Route length: 21964
  Contribution to Diversity: 0.0004604129665777279
  Route: [8, 19, 17, 21, 33, 14, 11, 26, 52, 47, 7, 42, 38, 43, 31, 18, 20, 36, 48, 39, 13, 28, 46, 34, 15, 51, 50, 29, 4, 25, 12, 44, 45, 3, 1, 9, 6, 32, 49, 41, 10, 2, 23, 30, 5, 16, 27, 24, 35, 37, 40, 22]

Individual 68:
  Route length: 22444
  Contribution to Diversity: 0.00070958539793331
  Route: [36, 45, 5, 17, 50, 43, 26, 1, 10, 24, 11, 29, 14, 52, 27, 39, 32, 16, 47, 37, 30, 42, 7, 21, 2, 49, 34, 6, 13, 20, 40, 23, 15, 9, 25, 48, 38, 44, 46, 35, 18, 3, 41, 8, 4, 33, 51, 28, 12, 19, 31, 22]

Individual 69:
  Route length: 22055
  Contribution to Diversity: 0.0004213749741399653
  Route: [16, 1, 36, 48, 23, 20, 47, 13, 14, 26, 33, 12, 51, 46, 39, 52, 27, 28, 41, 29, 2, 37, 44, 43, 5, 38, 35, 24, 11, 34, 15, 19, 7, 9, 8, 10, 40, 50, 42, 32, 49, 45, 25, 3, 18, 30, 17, 31, 4, 6, 21, 22]

Individual 70:
  Route length: 22536
  Contribution to Diversity: 0.0014027399115832395
  Route: [46, 38, 52, 5, 35, 34, 23, 10, 9, 24, 44, 15, 32, 19, 41, 45, 43, 31, 37, 12, 26, 47, 36, 39, 40, 1, 30, 16, 27, 4, 28, 3, 42, 7, 2, 14, 13, 33, 6, 25, 29, 49, 21, 8, 50, 18, 17, 11, 51, 20, 48, 22]

Individual 71:
  Route length: 22281
  Contribution to Diversity: 0.001998138920576764
  Route: [44, 23, 26, 12, 47, 14, 52, 11, 21, 9, 8, 10, 19, 42, 7, 27, 51, 13, 37, 43, 48, 50, 28, 45, 36, 33, 5, 31, 35, 16, 25, 41, 29, 24, 34, 46, 32, 49, 6, 15, 30, 20, 3, 18, 4, 1, 2, 17, 39, 38, 40, 22]

Individual 72:
  Route length: 21938
  Contribution to Diversity: 0.0003125241931449807
  Route: [21, 14, 6, 30, 38, 1, 36, 39, 48, 45, 19, 41, 17, 42, 50, 20, 29, 16, 7, 2, 18, 23, 27, 13, 46, 12, 3, 35, 15, 8, 51, 11, 25, 44, 31, 34, 33, 24, 40, 43, 5, 28, 52, 49, 32, 37, 10, 9, 4, 26, 47, 22]

Individual 73:
  Route length: 22034
  Contribution to Diversity: 0.0003178459837043235
  Route: [3, 24, 35, 20, 12, 40, 39, 9, 8, 41, 28, 49, 1, 6, 13, 4, 33, 34, 7, 2, 36, 18, 26, 47, 5, 19, 45, 37, 14, 52, 11, 51, 27, 25, 29, 15, 30, 44, 38, 46, 42, 31, 21, 17, 16, 48, 10, 43, 23, 50, 32, 22]

Individual 74:
  Route length: 22203
  Contribution to Diversity: 0.000384760472549317
  Route: [38, 5, 44, 32, 8, 40, 37, 10, 1, 29, 2, 35, 3, 43, 4, 46, 19, 51, 33, 25, 36, 20, 23, 47, 13, 14, 49, 24, 41, 45, 9, 28, 26, 7, 30, 16, 39, 42, 21, 17, 52, 11, 27, 48, 12, 6, 15, 50, 34, 18, 31, 22]

Individual 75:
  Route length: 22522
  Contribution to Diversity: 0.001661328119492822
  Route: [33, 32, 45, 37, 43, 11, 28, 27, 13, 35, 8, 41, 2, 42, 17, 29, 36, 6, 4, 10, 9, 52, 14, 25, 12, 39, 40, 24, 48, 21, 18, 20, 3, 30, 19, 47, 7, 49, 1, 23, 44, 34, 26, 31, 51, 5, 38, 16, 46, 15, 50, 22]

Individual 76:
  Route length: 22504
  Contribution to Diversity: 0.0005947377296582346
  Route: [43, 39, 25, 4, 50, 5, 49, 18, 31, 41, 15, 6, 51, 40, 9, 24, 29, 14, 13, 47, 1, 46, 12, 28, 26, 38, 3, 36, 44, 45, 48, 35, 21, 37, 32, 16, 52, 27, 33, 17, 11, 34, 10, 8, 19, 2, 30, 23, 20, 42, 7, 22]

Individual 77:
  Route length: 22581
  Contribution to Diversity: 0.0008400982544056745
  Route: [23, 20, 7, 2, 45, 3, 37, 46, 44, 52, 40, 25, 12, 4, 41, 9, 33, 13, 14, 5, 24, 29, 1, 49, 30, 28, 11, 16, 48, 43, 6, 26, 35, 34, 47, 32, 19, 51, 27, 36, 39, 18, 10, 15, 38, 8, 21, 42, 50, 17, 31, 22]

Individual 78:
  Route length: 22112
  Contribution to Diversity: 0.00011255169136603627
  Route: [1, 51, 29, 31, 24, 43, 10, 17, 44, 49, 45, 6, 15, 40, 48, 38, 34, 35, 9, 42, 7, 2, 30, 46, 33, 18, 26, 52, 50, 39, 47, 20, 14, 11, 28, 16, 13, 27, 25, 12, 37, 36, 41, 19, 3, 32, 21, 5, 4, 8, 23, 22]

Individual 79:
  Route length: 22517
  Contribution to Diversity: 0.00016166103670656184
  Route: [8, 9, 42, 49, 28, 13, 52, 14, 47, 12, 36, 43, 41, 44, 21, 34, 19, 3, 7, 45, 1, 29, 46, 48, 16, 39, 23, 24, 40, 33, 51, 26, 2, 30, 15, 50, 4, 27, 11, 18, 17, 35, 31, 10, 37, 25, 32, 5, 38, 6, 20, 22]

Individual 80:
  Route length: 22069
  Contribution to Diversity: 0.0003231547865381046
  Route: [13, 29, 35, 46, 38, 17, 24, 48, 36, 45, 23, 50, 4, 33, 9, 8, 18, 39, 47, 28, 27, 14, 52, 51, 26, 2, 42, 7, 21, 41, 12, 16, 34, 43, 40, 31, 1, 11, 20, 19, 15, 37, 44, 3, 25, 30, 5, 6, 10, 32, 49, 22]

Individual 81:
  Route length: 22176
  Contribution to Diversity: 0.000337293211457812
  Route: [6, 21, 10, 11, 12, 37, 44, 51, 34, 41, 36, 27, 28, 31, 25, 50, 16, 43, 19, 45, 26, 23, 13, 47, 14, 52, 24, 4, 38, 33, 5, 48, 9, 18, 30, 2, 7, 42, 20, 39, 40, 15, 8, 17, 46, 29, 35, 1, 49, 3, 32, 22]

Individual 82:
  Route length: 21769
  Contribution to Diversity: 0.0007956382044227439
  Route: [39, 31, 18, 47, 27, 28, 51, 4, 8, 10, 9, 17, 7, 42, 49, 30, 1, 34, 32, 36, 19, 5, 40, 3, 20, 15, 46, 43, 41, 25, 12, 2, 48, 50, 35, 33, 11, 26, 24, 37, 23, 29, 38, 16, 6, 21, 13, 14, 52, 45, 44, 22]

Individual 83:
  Route length: 22509
  Contribution to Diversity: 0.0006456534056491492
  Route: [2, 42, 24, 41, 8, 5, 10, 36, 34, 4, 48, 40, 25, 38, 20, 29, 16, 46, 3, 31, 21, 43, 1, 37, 51, 15, 17, 49, 18, 39, 7, 32, 19, 26, 28, 47, 52, 11, 44, 30, 35, 13, 14, 27, 50, 9, 12, 6, 33, 45, 23, 22]

Individual 84:
  Route length: 21690
  Contribution to Diversity: 0.0007983811115144235
  Route: [39, 31, 18, 47, 27, 28, 51, 4, 8, 10, 9, 17, 7, 42, 49, 30, 1, 34, 32, 21, 6, 16, 38, 29, 23, 37, 24, 26, 11, 33, 35, 50, 48, 2, 12, 25, 41, 43, 46, 15, 20, 3, 40, 5, 19, 36, 52, 14, 13, 45, 44, 22]

Individual 85:
  Route length: 22262
  Contribution to Diversity: 0.001069569297982298
  Route: [6, 38, 17, 30, 40, 32, 1, 50, 10, 48, 15, 33, 28, 34, 23, 31, 16, 3, 36, 35, 18, 45, 20, 37, 41, 21, 49, 14, 51, 25, 43, 5, 24, 29, 39, 12, 44, 9, 8, 46, 27, 26, 52, 11, 13, 4, 47, 2, 7, 42, 19, 22]

Individual 86:
  Route length: 22159
  Contribution to Diversity: 0.0010554602726955409
  Route: [50, 17, 7, 36, 38, 46, 47, 42, 23, 30, 34, 15, 25, 20, 18, 3, 8, 33, 11, 35, 29, 2, 12, 6, 37, 39, 26, 4, 1, 21, 41, 43, 48, 44, 31, 28, 27, 19, 49, 40, 5, 14, 52, 13, 51, 16, 24, 10, 9, 32, 45, 22]

Individual 87:
  Route length: 22199
  Contribution to Diversity: 0.00017111857156937305
  Route: [8, 9, 42, 49, 28, 13, 52, 14, 47, 12, 36, 43, 41, 44, 21, 34, 15, 30, 2, 26, 51, 33, 40, 24, 23, 39, 16, 48, 46, 29, 1, 45, 7, 3, 19, 11, 27, 4, 50, 18, 17, 35, 31, 10, 37, 25, 32, 5, 38, 6, 20, 22]

Individual 88:
  Route length: 22578
  Contribution to Diversity: 0.0010046224315463093
  Route: [41, 2, 17, 3, 16, 29, 42, 23, 10, 46, 20, 1, 6, 48, 11, 12, 5, 37, 31, 24, 8, 19, 33, 30, 25, 15, 34, 43, 27, 26, 40, 39, 21, 32, 9, 45, 36, 44, 49, 4, 38, 47, 50, 14, 13, 28, 52, 51, 35, 18, 7, 22]

Individual 89:
  Route length: 22081
  Contribution to Diversity: 0.0010179241833130348
  Route: [31, 42, 43, 25, 5, 4, 48, 37, 6, 19, 30, 18, 49, 32, 41, 36, 46, 20, 50, 44, 52, 12, 51, 33, 13, 15, 21, 8, 29, 14, 26, 47, 16, 27, 2, 7, 3, 10, 34, 1, 39, 11, 28, 40, 35, 23, 38, 24, 9, 45, 17, 22]

Individual 90:
  Route length: 22269
  Contribution to Diversity: 0.0004025014099768853
  Route: [16, 11, 12, 4, 42, 7, 3, 17, 18, 21, 36, 26, 47, 25, 24, 30, 31, 48, 38, 37, 2, 45, 10, 9, 8, 46, 43, 33, 5, 15, 6, 49, 13, 32, 19, 51, 44, 34, 14, 27, 28, 41, 35, 1, 39, 40, 52, 20, 50, 23, 29, 22]

Individual 91:
  Route length: 22453
  Contribution to Diversity: 0.0007795366388210212
  Route: [13, 24, 34, 43, 33, 40, 21, 17, 30, 36, 51, 4, 46, 3, 8, 27, 20, 6, 14, 28, 52, 16, 47, 29, 49, 50, 2, 7, 42, 23, 41, 39, 45, 19, 44, 48, 32, 35, 26, 11, 1, 10, 9, 25, 12, 15, 5, 37, 38, 31, 18, 22]

Individual 92:
  Route length: 22438
  Contribution to Diversity: 0.0009290987061190137
  Route: [1, 32, 3, 46, 44, 34, 7, 42, 21, 52, 16, 26, 47, 29, 28, 51, 40, 39, 19, 18, 5, 11, 27, 15, 14, 33, 6, 41, 8, 9, 10, 13, 31, 20, 48, 4, 25, 12, 23, 30, 2, 24, 38, 35, 37, 17, 50, 43, 45, 49, 36, 22]

Individual 93:
  Route length: 22205
  Contribution to Diversity: 0.0009764526361308867
  Route: [17, 50, 40, 32, 34, 23, 49, 16, 29, 20, 18, 30, 15, 31, 44, 41, 19, 24, 38, 48, 46, 27, 26, 13, 47, 51, 28, 4, 14, 2, 7, 21, 3, 11, 39, 10, 43, 37, 12, 6, 35, 42, 8, 9, 45, 33, 25, 5, 36, 52, 1, 22]

Individual 94:
  Route length: 22546
  Contribution to Diversity: 0.001514627051765416
  Route: [31, 42, 18, 49, 32, 41, 36, 10, 3, 2, 27, 16, 47, 26, 14, 29, 8, 21, 15, 13, 33, 51, 12, 52, 44, 50, 20, 46, 40, 28, 11, 39, 1, 34, 7, 30, 19, 6, 37, 48, 4, 5, 25, 43, 35, 23, 38, 24, 9, 45, 17, 22]

Individual 95:
  Route length: 22346
  Contribution to Diversity: 0.0011606885965100844
  Route: [13, 45, 20, 11, 1, 31, 40, 43, 34, 16, 12, 41, 21, 7, 42, 2, 23, 50, 38, 46, 35, 29, 26, 51, 52, 14, 27, 28, 47, 8, 18, 39, 5, 30, 25, 3, 19, 15, 37, 44, 36, 48, 24, 17, 4, 33, 9, 6, 10, 32, 49, 22]

Individual 96:
  Route length: 21803
  Contribution to Diversity: 0
  Route: [37, 10, 17, 3, 9, 41, 15, 24, 40, 51, 47, 13, 14, 32, 45, 23, 19, 34, 25, 44, 16, 18, 39, 46, 31, 5, 2, 49, 21, 30, 29, 50, 38, 26, 36, 48, 1, 6, 4, 27, 12, 20, 42, 7, 8, 35, 28, 52, 11, 43, 33, 22]

Individual 97:
  Route length: 22175
  Contribution to Diversity: 0.00037501448176868735
  Route: [30, 21, 8, 40, 50, 29, 16, 44, 25, 38, 5, 49, 23, 41, 17, 3, 42, 36, 31, 18, 39, 46, 19, 10, 35, 9, 26, 15, 2, 34, 47, 52, 11, 51, 32, 43, 45, 1, 6, 12, 24, 37, 33, 13, 14, 27, 28, 48, 7, 20, 4, 22]

Individual 98:
  Route length: 22123
  Contribution to Diversity: 0.0002709343350595361
  Route: [20, 43, 26, 51, 25, 52, 13, 12, 48, 36, 46, 11, 14, 8, 9, 3, 33, 39, 37, 18, 29, 30, 32, 24, 44, 34, 1, 17, 21, 23, 10, 40, 38, 45, 19, 2, 42, 50, 28, 27, 35, 47, 5, 4, 6, 16, 15, 7, 31, 41, 49, 22]

Individual 99:
  Route length: 22116
  Contribution to Diversity: 0.00011293304674264704
  Route: [38, 5, 44, 32, 8, 40, 37, 10, 1, 49, 14, 13, 47, 23, 20, 36, 25, 33, 51, 19, 46, 4, 43, 3, 35, 2, 29, 15, 6, 12, 48, 27, 11, 52, 17, 21, 42, 39, 16, 30, 7, 26, 28, 9, 45, 41, 24, 50, 34, 18, 31, 22]

Individual 100:
  Route length: 22201
  Contribution to Diversity: 0
  Route: [1, 10, 43, 24, 31, 29, 51, 11, 14, 20, 47, 39, 50, 52, 26, 18, 33, 46, 30, 2, 7, 42, 9, 35, 34, 38, 48, 40, 15, 6, 45, 49, 44, 17, 28, 16, 13, 27, 25, 12, 37, 36, 41, 19, 3, 32, 21, 5, 4, 8, 23, 22]

Individual 101:
  Route length: 21762
  Contribution to Diversity: 0
  Route: [41, 23, 46, 29, 50, 39, 40, 10, 2, 17, 49, 3, 6, 1, 35, 36, 30, 42, 7, 24, 34, 8, 31, 45, 18, 21, 12, 20, 11, 52, 14, 28, 27, 32, 5, 4, 48, 9, 43, 51, 33, 25, 16, 26, 38, 13, 47, 37, 15, 44, 19, 22]

Individual 102:
  Route length: 22410
  Contribution to Diversity: 0.00016063809112498717
  Route: [50, 15, 30, 2, 26, 51, 33, 48, 46, 29, 1, 45, 7, 3, 42, 9, 8, 36, 35, 17, 18, 11, 27, 4, 43, 41, 40, 12, 24, 23, 39, 16, 5, 32, 25, 37, 10, 31, 19, 34, 21, 44, 47, 14, 52, 13, 28, 49, 38, 6, 20, 22]

Individual 103:
  Route length: 22232
  Contribution to Diversity: 0
  Route: [39, 37, 4, 31, 42, 1, 17, 44, 34, 49, 3, 18, 7, 29, 47, 16, 40, 21, 32, 15, 30, 23, 24, 6, 20, 41, 5, 48, 13, 46, 2, 28, 27, 26, 51, 11, 50, 19, 35, 36, 38, 33, 10, 9, 8, 25, 45, 43, 12, 14, 52, 22]

Individual 104:
  Route length: 21644
  Contribution to Diversity: 0.001121260124068435
  Route: [44, 24, 48, 12, 51, 25, 27, 28, 34, 46, 1, 36, 20, 29, 4, 47, 13, 10, 43, 9, 3, 17, 18, 14, 11, 35, 23, 16, 42, 2, 21, 52, 30, 50, 6, 32, 45, 8, 41, 7, 31, 49, 15, 38, 33, 26, 5, 40, 19, 37, 39, 22]

Individual 105:
  Route length: 21851
  Contribution to Diversity: 0.000610826383904417
  Route: [34, 39, 2, 17, 32, 3, 21, 51, 6, 29, 37, 30, 12, 46, 13, 11, 15, 9, 40, 28, 25, 43, 33, 10, 52, 14, 47, 26, 50, 44, 20, 23, 24, 48, 49, 1, 27, 41, 5, 38, 35, 36, 45, 19, 8, 4, 42, 7, 16, 18, 31, 22]

Individual 106:
  Route length: 22175
  Contribution to Diversity: 0.00038552486466425506
  Route: [20, 43, 26, 51, 25, 52, 13, 12, 36, 48, 5, 47, 35, 27, 28, 50, 42, 2, 29, 30, 32, 24, 44, 34, 1, 17, 21, 23, 10, 40, 38, 45, 19, 16, 6, 4, 46, 11, 14, 8, 9, 3, 33, 39, 37, 18, 15, 7, 31, 41, 49, 22]

Individual 107:
  Route length: 22541
  Contribution to Diversity: 0.001322732132111426
  Route: [16, 19, 8, 40, 37, 35, 21, 34, 4, 43, 42, 14, 11, 26, 52, 47, 38, 10, 9, 6, 24, 48, 36, 5, 46, 45, 25, 12, 50, 29, 44, 17, 7, 2, 31, 18, 20, 39, 15, 51, 32, 1, 3, 13, 27, 41, 49, 30, 28, 33, 23, 22]

Individual 108:
  Route length: 21976
  Contribution to Diversity: 0.0006054320418060755
  Route: [30, 21, 8, 40, 38, 25, 44, 16, 29, 50, 18, 31, 36, 42, 3, 17, 41, 23, 49, 5, 39, 46, 19, 10, 35, 9, 26, 15, 2, 34, 47, 52, 11, 51, 32, 43, 45, 1, 6, 12, 24, 37, 33, 13, 14, 27, 28, 48, 7, 20, 4, 22]

Individual 109:
  Route length: 21579
  Contribution to Diversity: 4.00787590058016e-05
  Route: [50, 48, 40, 38, 1, 6, 28, 25, 15, 24, 27, 44, 26, 12, 9, 4, 10, 11, 51, 14, 41, 8, 32, 45, 34, 36, 42, 7, 2, 35, 31, 3, 37, 46, 47, 39, 5, 18, 21, 17, 19, 49, 16, 23, 13, 52, 43, 33, 20, 30, 29, 22]

Individual 110:
  Route length: 22157
  Contribution to Diversity: 0.0002725495167243963
  Route: [50, 48, 40, 38, 1, 6, 28, 25, 26, 44, 27, 24, 15, 11, 10, 4, 9, 12, 51, 14, 41, 8, 32, 45, 34, 36, 42, 7, 2, 35, 31, 3, 37, 46, 47, 39, 5, 18, 21, 17, 19, 49, 16, 23, 13, 52, 43, 33, 20, 30, 29, 22]

Individual 111:
  Route length: 22608
  Contribution to Diversity: 0.00022878483563992802
  Route: [24, 52, 14, 47, 13, 23, 26, 45, 19, 43, 16, 50, 25, 31, 28, 27, 36, 41, 34, 51, 44, 37, 12, 11, 10, 21, 6, 1, 35, 29, 46, 17, 8, 15, 40, 39, 20, 42, 7, 2, 30, 18, 9, 48, 5, 33, 38, 4, 49, 3, 32, 22]

Individual 112:
  Route length: 20986
  Contribution to Diversity: 0.0002598758278331559
  Route: [17, 2, 30, 27, 23, 21, 42, 7, 3, 45, 28, 38, 6, 11, 10, 44, 39, 15, 4, 16, 35, 49, 43, 33, 51, 9, 19, 8, 25, 50, 36, 47, 26, 5, 1, 18, 48, 32, 24, 40, 34, 20, 41, 12, 52, 14, 13, 29, 37, 46, 31, 22]

Individual 113:
  Route length: 22532
  Contribution to Diversity: 0.00023323083618365104
  Route: [36, 45, 5, 17, 50, 11, 24, 10, 1, 26, 43, 34, 49, 2, 21, 7, 42, 30, 37, 47, 16, 32, 39, 27, 52, 14, 29, 6, 13, 20, 40, 23, 15, 9, 25, 48, 38, 44, 46, 35, 18, 3, 41, 8, 4, 33, 51, 28, 12, 19, 31, 22]

Individual 114:
  Route length: 22301
  Contribution to Diversity: 0
  Route: [9, 26, 13, 14, 52, 11, 8, 10, 15, 27, 47, 23, 1, 35, 17, 3, 5, 2, 40, 41, 45, 19, 24, 32, 50, 25, 29, 12, 46, 36, 6, 4, 39, 28, 33, 44, 30, 38, 49, 43, 51, 31, 7, 42, 21, 37, 16, 20, 34, 18, 48, 22]

Individual 115:
  Route length: 21523
  Contribution to Diversity: 0.0008479768206877125
  Route: [41, 14, 52, 45, 17, 21, 44, 11, 33, 51, 13, 27, 28, 19, 9, 18, 50, 38, 46, 16, 37, 6, 4, 23, 42, 3, 36, 35, 40, 1, 34, 5, 15, 31, 48, 39, 29, 24, 20, 32, 25, 49, 43, 10, 8, 12, 47, 26, 7, 30, 2, 22]

Individual 116:
  Route length: 22541
  Contribution to Diversity: 3.9776022276782896e-05
  Route: [9, 45, 32, 31, 33, 14, 28, 4, 47, 17, 12, 51, 37, 39, 36, 35, 34, 52, 26, 27, 18, 3, 30, 23, 38, 5, 49, 29, 50, 20, 16, 21, 42, 40, 15, 6, 11, 46, 10, 43, 8, 48, 13, 2, 7, 44, 25, 24, 41, 19, 1, 22]

Individual 117:
  Route length: 22094
  Contribution to Diversity: 6.341627381001302e-05
  Route: [21, 47, 52, 14, 13, 29, 27, 26, 44, 41, 19, 8, 5, 15, 45, 16, 51, 11, 48, 23, 31, 43, 38, 3, 37, 24, 50, 20, 25, 34, 7, 2, 40, 30, 10, 17, 42, 32, 9, 33, 4, 49, 6, 12, 18, 35, 46, 36, 28, 39, 1, 22]

Individual 118:
  Route length: 21194
  Contribution to Diversity: 0.00012086793686094666
  Route: [50, 29, 16, 9, 41, 23, 30, 4, 51, 19, 8, 43, 33, 31, 32, 49, 36, 20, 1, 42, 7, 2, 24, 38, 11, 26, 35, 40, 15, 39, 12, 25, 6, 10, 3, 21, 17, 14, 5, 37, 52, 13, 34, 45, 27, 28, 47, 44, 48, 46, 18, 22]

Individual 119:
  Route length: 21856
  Contribution to Diversity: 0.0009662903057616745
  Route: [21, 14, 1, 3, 5, 13, 27, 16, 7, 2, 18, 23, 32, 34, 39, 36, 20, 29, 49, 26, 38, 30, 6, 33, 43, 4, 9, 10, 8, 24, 44, 25, 11, 51, 37, 28, 52, 40, 15, 35, 31, 48, 45, 19, 41, 17, 42, 50, 47, 12, 46, 22]

Individual 120:
  Route length: 21564
  Contribution to Diversity: 0
  Route: [28, 51, 4, 39, 45, 32, 46, 10, 16, 35, 29, 12, 50, 1, 5, 6, 34, 19, 43, 33, 7, 31, 41, 8, 9, 3, 23, 18, 17, 21, 2, 25, 20, 38, 36, 15, 49, 37, 40, 48, 24, 14, 11, 26, 13, 47, 44, 27, 52, 30, 42, 22]

Individual 121:
  Route length: 21607
  Contribution to Diversity: 0.00026486867983521734
  Route: [50, 29, 16, 9, 41, 23, 30, 4, 51, 19, 8, 20, 36, 49, 32, 31, 33, 43, 34, 13, 52, 37, 5, 14, 17, 21, 3, 10, 6, 25, 12, 39, 15, 40, 35, 26, 11, 38, 24, 2, 7, 42, 1, 45, 27, 28, 47, 44, 48, 46, 18, 22]

Individual 122:
  Route length: 22382
  Contribution to Diversity: 0.0006229847624625862
  Route: [7, 2, 30, 43, 41, 9, 6, 39, 37, 36, 18, 19, 17, 28, 27, 26, 51, 15, 49, 32, 38, 21, 42, 31, 13, 47, 24, 10, 5, 8, 11, 52, 33, 16, 29, 40, 12, 48, 3, 34, 50, 4, 14, 25, 45, 1, 23, 35, 46, 44, 20, 22]

Individual 123:
  Route length: 21722
  Contribution to Diversity: 2.5235940315226912e-06
  Route: [21, 14, 6, 30, 38, 1, 36, 39, 48, 44, 25, 11, 51, 8, 15, 35, 3, 12, 46, 13, 27, 23, 18, 2, 7, 16, 29, 20, 50, 42, 17, 41, 19, 45, 47, 26, 4, 9, 10, 37, 32, 49, 52, 28, 5, 43, 40, 24, 33, 34, 31, 22]

Individual 124:
  Route length: 22220
  Contribution to Diversity: 0
  Route: [41, 23, 46, 29, 49, 17, 2, 10, 40, 39, 50, 6, 3, 1, 35, 36, 30, 42, 7, 24, 34, 8, 31, 45, 18, 21, 4, 5, 32, 27, 28, 14, 52, 11, 20, 12, 43, 9, 48, 51, 33, 25, 16, 26, 38, 13, 47, 37, 15, 44, 19, 22]

Individual 125:
  Route length: 21400
  Contribution to Diversity: 0
  Route: [39, 37, 4, 31, 42, 1, 17, 44, 34, 49, 3, 18, 7, 2, 46, 13, 48, 5, 41, 20, 6, 24, 23, 30, 15, 32, 21, 40, 16, 47, 29, 51, 26, 27, 28, 11, 50, 19, 35, 36, 38, 33, 10, 9, 8, 25, 45, 43, 12, 14, 52, 22]

Individual 126:
  Route length: 21627
  Contribution to Diversity: 0
  Route: [41, 10, 2, 17, 5, 35, 1, 6, 3, 49, 8, 31, 45, 18, 21, 23, 33, 51, 48, 9, 43, 12, 20, 32, 27, 28, 14, 52, 11, 36, 30, 42, 7, 24, 34, 4, 44, 15, 37, 47, 13, 40, 39, 50, 29, 46, 38, 26, 16, 25, 19, 22]

Individual 127:
  Route length: 21968
  Contribution to Diversity: 0
  Route: [37, 10, 17, 3, 9, 41, 15, 24, 40, 51, 47, 13, 14, 32, 45, 23, 19, 34, 25, 44, 16, 18, 39, 46, 31, 5, 2, 49, 21, 30, 29, 50, 38, 26, 35, 8, 7, 42, 20, 12, 27, 4, 6, 1, 48, 36, 11, 52, 28, 43, 33, 22]

Individual 128:
  Route length: 21434
  Contribution to Diversity: 0
  Route: [39, 37, 4, 31, 42, 1, 17, 44, 34, 49, 3, 18, 7, 2, 46, 13, 48, 5, 41, 20, 6, 24, 47, 16, 40, 21, 32, 15, 30, 23, 50, 11, 28, 27, 26, 51, 29, 19, 35, 36, 38, 33, 10, 9, 8, 25, 45, 43, 12, 14, 52, 22]

Individual 129:
  Route length: 22332
  Contribution to Diversity: 0.0012774524000631615
  Route: [30, 44, 20, 38, 35, 47, 52, 11, 46, 3, 31, 21, 24, 48, 37, 1, 43, 45, 19, 32, 26, 13, 14, 27, 33, 23, 28, 42, 2, 12, 6, 40, 25, 4, 9, 50, 8, 41, 49, 18, 39, 7, 17, 15, 51, 5, 10, 36, 16, 29, 34, 22]

Individual 130:
  Route length: 22450
  Contribution to Diversity: 0.0008226094894201452
  Route: [27, 47, 26, 15, 9, 8, 41, 1, 20, 29, 3, 43, 23, 44, 11, 51, 12, 28, 30, 34, 50, 31, 21, 42, 7, 2, 6, 38, 40, 52, 33, 4, 5, 17, 32, 45, 39, 49, 14, 36, 46, 19, 25, 24, 16, 13, 37, 18, 48, 10, 35, 22]

Individual 131:
  Route length: 22019
  Contribution to Diversity: 0
  Route: [41, 10, 2, 17, 5, 35, 1, 6, 3, 49, 8, 31, 45, 18, 50, 39, 40, 13, 47, 37, 15, 44, 4, 34, 24, 7, 42, 30, 36, 11, 52, 14, 28, 27, 32, 20, 12, 43, 9, 48, 51, 33, 23, 21, 29, 46, 38, 26, 16, 25, 19, 22]

Individual 132:
  Route length: 21554
  Contribution to Diversity: 0.00025762177537203
  Route: [26, 13, 14, 52, 12, 33, 43, 28, 23, 1, 25, 4, 38, 37, 21, 9, 10, 42, 2, 29, 20, 16, 48, 35, 3, 44, 50, 27, 30, 45, 19, 36, 7, 39, 31, 47, 18, 11, 51, 49, 17, 32, 46, 5, 34, 40, 24, 6, 15, 8, 41, 22]

Individual 133:
  Route length: 22422
  Contribution to Diversity: 0.00038257179636680405
  Route: [18, 48, 49, 6, 4, 44, 34, 28, 51, 35, 37, 50, 47, 43, 40, 24, 5, 9, 20, 23, 52, 11, 14, 13, 29, 16, 30, 17, 21, 42, 7, 38, 25, 46, 39, 15, 36, 31, 12, 27, 10, 19, 2, 8, 26, 41, 33, 1, 3, 45, 32, 22]

Individual 134:
  Route length: 22002
  Contribution to Diversity: 0.0004408001140587814
  Route: [17, 2, 30, 27, 23, 21, 42, 7, 3, 45, 28, 38, 6, 11, 10, 44, 39, 15, 4, 16, 35, 49, 43, 33, 51, 9, 19, 8, 25, 14, 52, 12, 41, 20, 34, 40, 24, 32, 48, 18, 1, 5, 26, 47, 36, 50, 37, 29, 13, 46, 31, 22]

Individual 135:
  Route length: 21816
  Contribution to Diversity: 0.0009867779188130754
  Route: [51, 28, 12, 46, 6, 9, 36, 33, 15, 43, 40, 37, 11, 52, 14, 16, 50, 21, 5, 34, 44, 1, 49, 35, 25, 38, 18, 32, 23, 30, 2, 4, 8, 41, 19, 39, 26, 48, 3, 29, 24, 7, 42, 20, 10, 31, 27, 13, 47, 17, 45, 22]

Individual 136:
  Route length: 21766
  Contribution to Diversity: 0
  Route: [39, 37, 4, 31, 42, 1, 34, 44, 17, 2, 46, 13, 48, 5, 41, 20, 6, 24, 23, 30, 15, 32, 21, 40, 16, 47, 29, 7, 18, 3, 49, 28, 27, 26, 51, 11, 50, 19, 35, 36, 38, 33, 10, 9, 8, 25, 45, 43, 12, 14, 52, 22]

Individual 137:
  Route length: 20429
  Contribution to Diversity: 0
  Route: [26, 13, 14, 52, 12, 33, 43, 28, 11, 51, 49, 17, 32, 46, 5, 16, 48, 35, 3, 44, 50, 27, 20, 29, 2, 42, 10, 9, 21, 37, 38, 4, 25, 1, 23, 31, 47, 18, 39, 7, 36, 19, 45, 30, 34, 40, 24, 6, 15, 8, 41, 22]

Individual 138:
  Route length: 22311
  Contribution to Diversity: 0.0002182550587823684
  Route: [18, 48, 49, 6, 4, 44, 34, 28, 51, 35, 37, 50, 47, 43, 40, 24, 5, 9, 20, 23, 52, 11, 14, 13, 29, 16, 30, 17, 21, 42, 7, 38, 25, 46, 36, 15, 39, 32, 45, 3, 1, 33, 41, 26, 8, 2, 19, 10, 27, 12, 31, 22]

Individual 139:
  Route length: 21923
  Contribution to Diversity: 0.000791678512478633
  Route: [8, 18, 10, 52, 14, 47, 13, 25, 1, 38, 24, 37, 49, 46, 36, 39, 28, 4, 15, 27, 40, 29, 9, 33, 43, 35, 51, 11, 26, 44, 17, 3, 16, 23, 42, 32, 45, 30, 2, 21, 48, 31, 7, 20, 50, 12, 34, 6, 41, 19, 5, 22]

Individual 140:
  Route length: 21537
  Contribution to Diversity: 0.0007329748367412847
  Route: [37, 6, 44, 39, 16, 42, 31, 21, 23, 8, 9, 10, 19, 3, 12, 48, 25, 20, 27, 11, 52, 14, 47, 32, 24, 40, 43, 45, 41, 50, 33, 51, 26, 15, 36, 4, 30, 2, 1, 34, 46, 29, 13, 5, 49, 28, 7, 35, 38, 17, 18, 22]

Individual 141:
  Route length: 22315
  Contribution to Diversity: 0.0009159447986366587
  Route: [7, 2, 30, 12, 52, 51, 26, 27, 28, 17, 31, 42, 48, 13, 47, 50, 1, 29, 16, 24, 33, 32, 21, 38, 43, 10, 4, 14, 25, 36, 18, 41, 35, 9, 6, 39, 37, 40, 11, 8, 5, 23, 45, 19, 3, 34, 49, 15, 46, 44, 20, 22]

Individual 142:
  Route length: 21486
  Contribution to Diversity: 0.0002214059689507053
  Route: [30, 13, 31, 3, 49, 45, 16, 34, 15, 26, 47, 6, 43, 9, 48, 5, 35, 24, 19, 12, 25, 29, 18, 17, 8, 10, 23, 7, 2, 28, 39, 38, 46, 42, 21, 20, 36, 32, 41, 33, 1, 44, 4, 40, 37, 14, 52, 11, 51, 27, 50, 22]

Individual 143:
  Route length: 22178
  Contribution to Diversity: 0.0009584373640381116
  Route: [1, 21, 45, 43, 34, 49, 35, 4, 38, 12, 25, 15, 40, 8, 44, 47, 26, 27, 28, 52, 29, 50, 51, 42, 6, 10, 33, 11, 13, 46, 16, 19, 30, 2, 7, 31, 36, 39, 48, 5, 41, 37, 23, 14, 9, 32, 3, 24, 17, 18, 20, 22]

Individual 144:
  Route length: 22568
  Contribution to Diversity: 0
  Route: [9, 26, 28, 39, 4, 6, 36, 46, 12, 29, 25, 50, 32, 24, 19, 45, 41, 40, 2, 5, 3, 17, 35, 1, 23, 47, 27, 15, 10, 8, 11, 52, 14, 13, 30, 44, 33, 38, 49, 43, 51, 31, 7, 42, 21, 37, 16, 20, 34, 18, 48, 22]

Individual 145:
  Route length: 21261
  Contribution to Diversity: 0.0009793212810649266
  Route: [16, 38, 17, 21, 10, 51, 13, 23, 42, 45, 36, 33, 40, 4, 5, 9, 8, 35, 41, 14, 52, 11, 50, 46, 44, 34, 29, 20, 32, 49, 31, 7, 30, 2, 25, 12, 27, 28, 43, 37, 19, 3, 18, 1, 48, 15, 47, 26, 24, 39, 6, 22]

Individual 146:
  Route length: 22073
  Contribution to Diversity: 0.0013104427443746403
  Route: [24, 9, 39, 28, 11, 51, 36, 32, 37, 12, 26, 27, 31, 8, 23, 34, 49, 40, 38, 13, 14, 50, 29, 16, 2, 7, 1, 25, 4, 6, 15, 3, 47, 52, 35, 41, 19, 45, 17, 20, 5, 18, 21, 30, 33, 43, 10, 48, 42, 46, 44, 22]

Individual 147:
  Route length: 22167
  Contribution to Diversity: 0
  Route: [9, 45, 32, 31, 33, 14, 28, 4, 47, 17, 12, 51, 37, 39, 36, 35, 34, 52, 27, 26, 25, 44, 7, 2, 13, 48, 8, 43, 10, 46, 11, 6, 15, 40, 42, 21, 16, 20, 50, 29, 49, 5, 38, 23, 30, 3, 18, 24, 41, 19, 1, 22]

Individual 148:
  Route length: 22187
  Contribution to Diversity: 0
  Route: [9, 39, 8, 33, 7, 6, 46, 52, 14, 13, 21, 3, 2, 32, 10, 43, 30, 29, 20, 23, 36, 16, 17, 18, 31, 1, 45, 19, 41, 48, 40, 47, 50, 37, 28, 15, 4, 44, 24, 26, 27, 11, 51, 38, 35, 5, 42, 25, 12, 34, 49, 22]

Individual 149:
  Route length: 21541
  Contribution to Diversity: 0.00023155842743882715
  Route: [30, 20, 48, 17, 7, 46, 32, 28, 47, 51, 11, 36, 8, 6, 12, 29, 34, 41, 19, 33, 3, 5, 4, 45, 31, 40, 37, 16, 44, 13, 14, 52, 26, 27, 24, 9, 10, 42, 50, 2, 18, 21, 49, 15, 39, 35, 23, 1, 25, 38, 43, 22]

Total Entropy H: 6.853485678808864
