Individual 0:
  Route length: 22600
  Contribution to Diversity: 0.0007797439551220364
  Route: [5, 15, 31, 37, 52, 44, 39, 20, 49, 25, 33, 40, 35, 2, 3, 30, 8, 43, 45, 32, 17, 21, 42, 19, 36, 1, 41, 18, 6, 11, 7, 50, 29, 38, 51, 27, 28, 16, 24, 12, 14, 13, 47, 26, 48, 4, 46, 23, 34, 9, 10, 22]

Individual 1:
  Route length: 22549
  Contribution to Diversity: 0.0026742966629695886
  Route: [38, 34, 35, 9, 31, 29, 51, 1, 52, 26, 11, 28, 16, 48, 14, 46, 33, 18, 40, 15, 12, 25, 27, 13, 8, 36, 41, 19, 3, 32, 20, 5, 4, 44, 17, 10, 43, 24, 37, 49, 45, 6, 42, 7, 2, 30, 21, 23, 50, 39, 47, 22]

Individual 2:
  Route length: 22515
  Contribution to Diversity: 0.0016940254083737116
  Route: [24, 9, 39, 28, 11, 51, 36, 32, 37, 12, 26, 27, 31, 8, 23, 34, 49, 40, 38, 13, 14, 50, 35, 52, 47, 3, 15, 6, 4, 25, 1, 7, 2, 16, 29, 41, 19, 45, 17, 20, 5, 18, 21, 30, 33, 43, 10, 48, 42, 46, 44, 22]

Individual 3:
  Route length: 22564
  Contribution to Diversity: 0.00213338732125834
  Route: [16, 34, 32, 49, 43, 51, 13, 7, 30, 31, 45, 4, 38, 17, 21, 42, 23, 46, 50, 15, 5, 29, 20, 40, 1, 18, 19, 3, 10, 26, 47, 48, 37, 52, 14, 41, 35, 8, 9, 44, 28, 27, 12, 11, 2, 36, 25, 33, 24, 39, 6, 22]

Individual 4:
  Route length: 22241
  Contribution to Diversity: 0.0009963966056787399
  Route: [49, 34, 51, 12, 38, 36, 19, 42, 45, 3, 17, 26, 5, 33, 11, 21, 29, 2, 7, 37, 48, 23, 6, 30, 8, 41, 24, 4, 32, 1, 35, 50, 39, 40, 13, 44, 25, 15, 18, 20, 14, 52, 27, 28, 16, 47, 46, 43, 9, 10, 31, 22]

Individual 5:
  Route length: 22540
  Contribution to Diversity: 0.0004187890920155368
  Route: [9, 45, 3, 18, 24, 41, 19, 33, 14, 28, 4, 31, 32, 46, 11, 6, 15, 40, 42, 21, 13, 48, 8, 43, 10, 30, 23, 38, 5, 49, 29, 50, 20, 16, 34, 35, 36, 39, 37, 51, 52, 27, 26, 25, 44, 7, 2, 12, 17, 47, 1, 22]

Individual 6:
  Route length: 22175
  Contribution to Diversity: 0.0008141630961366886
  Route: [50, 17, 7, 36, 38, 46, 47, 42, 23, 30, 34, 15, 25, 40, 49, 19, 27, 28, 31, 44, 12, 6, 37, 39, 26, 4, 48, 43, 41, 21, 1, 3, 18, 20, 8, 33, 11, 35, 29, 2, 9, 10, 24, 16, 51, 13, 52, 14, 5, 32, 45, 22]

Individual 7:
  Route length: 22384
  Contribution to Diversity: 0.0016258418635182181
  Route: [21, 23, 27, 30, 16, 35, 49, 50, 25, 8, 20, 41, 19, 9, 51, 33, 43, 36, 47, 26, 5, 1, 18, 48, 32, 24, 40, 34, 6, 11, 10, 44, 39, 15, 4, 28, 45, 3, 7, 42, 38, 2, 17, 12, 52, 14, 13, 29, 37, 46, 31, 22]

Individual 8:
  Route length: 22558
  Contribution to Diversity: 0.00011423703407498209
  Route: [30, 20, 48, 17, 7, 32, 47, 28, 45, 12, 6, 8, 36, 31, 40, 37, 34, 41, 19, 33, 3, 46, 10, 9, 24, 29, 18, 21, 49, 15, 39, 35, 44, 16, 13, 14, 52, 26, 27, 5, 4, 25, 1, 23, 51, 11, 42, 50, 2, 38, 43, 22]

Individual 9:
  Route length: 22460
  Contribution to Diversity: 0.0006432503355267016
  Route: [16, 51, 15, 39, 20, 18, 31, 2, 7, 17, 19, 33, 28, 30, 49, 41, 27, 13, 32, 5, 36, 29, 50, 12, 25, 46, 45, 1, 3, 43, 42, 14, 11, 26, 52, 47, 38, 10, 9, 6, 24, 48, 37, 40, 8, 44, 35, 21, 34, 4, 23, 22]

Individual 10:
  Route length: 22405
  Contribution to Diversity: 0.0010816385234155845
  Route: [3, 21, 51, 6, 32, 17, 2, 50, 44, 20, 43, 25, 28, 29, 40, 9, 35, 12, 46, 13, 11, 15, 31, 23, 24, 48, 41, 27, 1, 26, 47, 14, 52, 10, 33, 4, 16, 18, 37, 34, 39, 49, 38, 5, 7, 42, 30, 8, 19, 45, 36, 22]

Individual 11:
  Route length: 22524
  Contribution to Diversity: 0.0015516690562149549
  Route: [42, 19, 52, 14, 6, 37, 40, 50, 17, 43, 34, 32, 45, 46, 24, 36, 51, 13, 28, 27, 26, 38, 15, 5, 44, 21, 41, 20, 7, 3, 18, 16, 39, 1, 31, 8, 35, 9, 10, 33, 49, 12, 23, 30, 2, 25, 48, 4, 29, 47, 11, 22]

Individual 12:
  Route length: 22164
  Contribution to Diversity: 0.00022892547577324507
  Route: [42, 35, 43, 10, 9, 36, 34, 19, 48, 13, 51, 52, 33, 47, 5, 50, 21, 23, 30, 17, 49, 37, 39, 38, 32, 14, 27, 28, 29, 18, 3, 8, 31, 7, 2, 41, 45, 24, 1, 16, 46, 6, 11, 44, 26, 40, 4, 12, 20, 25, 15, 22]

Individual 13:
  Route length: 22445
  Contribution to Diversity: 0.0007997253063063425
  Route: [50, 15, 1, 6, 2, 12, 40, 41, 44, 20, 26, 51, 33, 48, 29, 46, 11, 27, 4, 43, 28, 13, 52, 14, 47, 21, 45, 24, 23, 39, 16, 35, 36, 38, 5, 32, 25, 37, 10, 31, 8, 9, 42, 3, 7, 30, 49, 19, 34, 18, 17, 22]

Individual 14:
  Route length: 20543
  Contribution to Diversity: 0.0001860642970727966
  Route: [35, 34, 37, 31, 43, 45, 41, 19, 32, 15, 44, 24, 9, 10, 23, 17, 18, 50, 8, 49, 38, 46, 40, 39, 36, 47, 26, 12, 11, 51, 20, 48, 52, 5, 1, 29, 25, 6, 33, 13, 14, 2, 7, 42, 3, 28, 4, 27, 16, 30, 21, 22]

Individual 15:
  Route length: 22314
  Contribution to Diversity: 0.0005644264815343192
  Route: [2, 14, 52, 27, 48, 10, 43, 40, 49, 1, 31, 50, 6, 12, 38, 37, 28, 16, 11, 24, 5, 32, 9, 8, 15, 21, 25, 13, 36, 45, 51, 3, 18, 17, 19, 41, 7, 42, 34, 35, 44, 46, 39, 20, 33, 4, 26, 47, 29, 23, 30, 22]

Individual 16:
  Route length: 22327
  Contribution to Diversity: 0.0005370436617662122
  Route: [37, 33, 51, 43, 38, 28, 19, 41, 1, 15, 32, 36, 21, 18, 12, 27, 44, 5, 34, 11, 10, 45, 17, 3, 42, 7, 49, 29, 16, 9, 25, 4, 48, 39, 35, 23, 14, 24, 46, 40, 26, 47, 13, 52, 30, 2, 20, 50, 31, 8, 6, 22]

Individual 17:
  Route length: 22297
  Contribution to Diversity: 0.00048160697136800934
  Route: [17, 10, 15, 37, 40, 24, 29, 25, 51, 11, 19, 4, 43, 35, 27, 28, 12, 52, 13, 48, 44, 16, 1, 3, 6, 2, 18, 30, 21, 20, 23, 32, 50, 7, 49, 36, 47, 34, 42, 26, 14, 5, 31, 38, 46, 39, 8, 41, 33, 9, 45, 22]

Individual 18:
  Route length: 22512
  Contribution to Diversity: 0.0006996642063956671
  Route: [21, 25, 4, 40, 17, 42, 32, 9, 33, 44, 26, 12, 6, 3, 37, 24, 50, 49, 19, 10, 30, 20, 11, 51, 16, 27, 29, 13, 14, 52, 47, 48, 23, 31, 43, 38, 18, 45, 15, 5, 8, 2, 7, 34, 41, 35, 46, 36, 28, 39, 1, 22]

Individual 19:
  Route length: 22606
  Contribution to Diversity: 0.00128527928960942
  Route: [43, 39, 25, 32, 16, 52, 27, 33, 17, 11, 4, 50, 5, 49, 18, 31, 41, 38, 3, 36, 44, 45, 37, 21, 35, 48, 46, 1, 47, 13, 14, 29, 24, 9, 40, 51, 6, 15, 28, 26, 12, 34, 10, 8, 19, 2, 30, 23, 20, 42, 7, 22]

Individual 20:
  Route length: 22626
  Contribution to Diversity: 0.0015818206328575002
  Route: [18, 38, 13, 14, 30, 17, 1, 32, 8, 47, 46, 24, 33, 3, 35, 28, 27, 52, 11, 51, 50, 31, 36, 23, 29, 42, 7, 21, 41, 40, 12, 5, 26, 20, 19, 39, 10, 25, 6, 37, 15, 4, 16, 43, 49, 45, 44, 48, 34, 2, 9, 22]

Individual 21:
  Route length: 22443
  Contribution to Diversity: 0.0009552368471998918
  Route: [6, 38, 17, 30, 37, 20, 40, 21, 41, 49, 14, 51, 25, 24, 34, 5, 39, 12, 44, 9, 32, 1, 50, 10, 28, 33, 15, 48, 43, 47, 23, 31, 16, 3, 36, 35, 18, 45, 8, 46, 27, 26, 52, 11, 13, 4, 29, 2, 7, 42, 19, 22]

Individual 22:
  Route length: 22136
  Contribution to Diversity: 0.0008916320961684931
  Route: [6, 34, 19, 23, 18, 1, 50, 10, 9, 15, 33, 12, 44, 17, 38, 29, 39, 36, 35, 28, 14, 26, 52, 11, 13, 8, 48, 32, 30, 43, 5, 24, 46, 25, 3, 16, 31, 42, 7, 2, 47, 4, 51, 27, 49, 21, 41, 37, 20, 45, 40, 22]

Individual 23:
  Route length: 22476
  Contribution to Diversity: 0.0016600158759629835
  Route: [20, 28, 12, 26, 29, 7, 34, 27, 47, 44, 40, 37, 24, 5, 36, 6, 15, 46, 50, 48, 35, 3, 9, 10, 17, 32, 2, 8, 41, 39, 18, 21, 38, 16, 42, 51, 4, 43, 23, 1, 31, 25, 11, 33, 19, 30, 49, 45, 52, 14, 13, 22]

Individual 24:
  Route length: 22586
  Contribution to Diversity: 0.0017335819155972487
  Route: [3, 30, 41, 8, 9, 39, 38, 44, 31, 21, 45, 19, 26, 47, 5, 18, 25, 27, 51, 11, 52, 14, 24, 35, 20, 12, 40, 42, 46, 7, 2, 36, 17, 16, 48, 10, 43, 28, 49, 1, 6, 29, 15, 37, 13, 4, 33, 34, 23, 50, 32, 22]

Individual 25:
  Route length: 22577
  Contribution to Diversity: 0.0007748811971515224
  Route: [41, 16, 3, 17, 2, 21, 39, 24, 31, 44, 49, 4, 43, 34, 15, 25, 26, 40, 1, 6, 48, 30, 33, 19, 8, 20, 46, 10, 23, 42, 29, 32, 9, 45, 36, 37, 5, 12, 11, 27, 38, 47, 50, 14, 13, 28, 52, 51, 35, 18, 7, 22]

Individual 26:
  Route length: 22375
  Contribution to Diversity: 0.0012483678502990259
  Route: [13, 24, 34, 43, 33, 23, 42, 7, 2, 50, 49, 29, 47, 16, 52, 28, 14, 6, 20, 27, 8, 3, 17, 30, 36, 35, 26, 11, 1, 10, 9, 25, 12, 15, 5, 46, 4, 51, 45, 19, 44, 48, 32, 41, 39, 40, 21, 37, 38, 31, 18, 22]

Individual 27:
  Route length: 22271
  Contribution to Diversity: 0.0012933651891158249
  Route: [23, 20, 47, 13, 14, 38, 5, 28, 27, 52, 39, 9, 43, 44, 12, 51, 46, 48, 36, 16, 1, 17, 34, 11, 24, 32, 49, 45, 8, 10, 40, 7, 50, 30, 29, 2, 37, 35, 25, 26, 33, 3, 41, 42, 18, 15, 19, 31, 4, 6, 21, 22]

Individual 28:
  Route length: 22578
  Contribution to Diversity: 0.0019203847993178869
  Route: [41, 11, 10, 9, 49, 16, 18, 30, 17, 13, 47, 19, 45, 23, 20, 51, 52, 14, 24, 40, 7, 2, 29, 26, 28, 8, 43, 46, 5, 3, 39, 6, 15, 1, 31, 50, 27, 36, 21, 42, 44, 32, 38, 35, 34, 12, 33, 25, 4, 48, 37, 22]

Individual 29:
  Route length: 22598
  Contribution to Diversity: 0.0010603931676653744
  Route: [1, 21, 45, 43, 34, 5, 48, 39, 36, 31, 7, 2, 30, 19, 16, 46, 13, 51, 42, 6, 8, 44, 47, 26, 27, 28, 52, 50, 29, 11, 33, 10, 15, 25, 12, 38, 4, 35, 49, 20, 18, 40, 37, 23, 14, 9, 32, 3, 24, 17, 41, 22]

Individual 30:
  Route length: 22033
  Contribution to Diversity: 0.0006391192888690611
  Route: [42, 46, 41, 32, 36, 37, 34, 15, 26, 47, 6, 48, 40, 4, 21, 49, 45, 16, 8, 17, 18, 9, 39, 28, 2, 7, 23, 10, 33, 1, 44, 30, 31, 3, 19, 24, 35, 5, 38, 43, 13, 51, 11, 52, 14, 20, 12, 25, 29, 27, 50, 22]

Individual 31:
  Route length: 22280
  Contribution to Diversity: 0.0006734257774301255
  Route: [30, 4, 42, 7, 3, 17, 18, 21, 36, 26, 47, 27, 14, 2, 45, 10, 9, 44, 34, 16, 11, 12, 51, 19, 38, 37, 8, 46, 43, 33, 5, 28, 41, 1, 6, 15, 25, 24, 52, 40, 39, 35, 32, 49, 13, 48, 31, 20, 50, 23, 29, 22]

Individual 32:
  Route length: 22248
  Contribution to Diversity: 0.0003104420793933471
  Route: [15, 31, 12, 50, 7, 17, 2, 30, 18, 27, 35, 9, 10, 39, 48, 47, 14, 37, 29, 6, 5, 36, 42, 21, 40, 20, 24, 32, 41, 49, 1, 19, 8, 3, 25, 16, 38, 34, 4, 28, 13, 46, 51, 33, 43, 11, 52, 26, 44, 45, 23, 22]

Individual 33:
  Route length: 22622
  Contribution to Diversity: 0.00032699196007435205
  Route: [18, 38, 13, 14, 50, 37, 6, 25, 43, 11, 51, 10, 39, 19, 1, 17, 23, 29, 42, 7, 21, 41, 47, 8, 15, 9, 33, 3, 35, 16, 4, 52, 27, 28, 31, 36, 20, 32, 49, 45, 44, 24, 46, 40, 12, 26, 5, 30, 2, 34, 48, 22]

Individual 34:
  Route length: 22458
  Contribution to Diversity: 0.00020021051189011985
  Route: [30, 44, 25, 16, 29, 39, 18, 49, 41, 8, 50, 9, 4, 6, 24, 27, 14, 13, 26, 3, 31, 21, 48, 37, 1, 43, 45, 19, 32, 20, 38, 35, 47, 52, 11, 46, 33, 2, 42, 28, 5, 10, 36, 15, 51, 23, 7, 17, 12, 40, 34, 22]

Individual 35:
  Route length: 22474
  Contribution to Diversity: 0.0006418727337846875
  Route: [34, 19, 46, 1, 21, 2, 42, 14, 11, 35, 29, 20, 25, 51, 12, 47, 13, 23, 8, 41, 15, 49, 52, 7, 31, 26, 27, 28, 44, 3, 9, 45, 32, 50, 6, 5, 40, 39, 33, 10, 18, 37, 4, 48, 24, 36, 43, 17, 30, 16, 38, 22]

Individual 36:
  Route length: 22504
  Contribution to Diversity: 0.00013617513798447334
  Route: [30, 44, 25, 16, 29, 39, 18, 49, 41, 8, 50, 9, 5, 28, 42, 2, 33, 46, 11, 52, 47, 35, 38, 20, 32, 19, 45, 43, 1, 37, 48, 21, 31, 3, 26, 13, 14, 27, 24, 6, 4, 36, 10, 15, 51, 23, 7, 17, 12, 40, 34, 22]

Individual 37:
  Route length: 22328
  Contribution to Diversity: 0.0016029084765030177
  Route: [2, 17, 7, 42, 47, 24, 31, 50, 13, 37, 25, 28, 6, 3, 30, 18, 34, 26, 14, 12, 19, 45, 8, 16, 1, 20, 29, 9, 10, 11, 52, 27, 41, 46, 49, 21, 35, 51, 4, 38, 48, 33, 43, 15, 44, 23, 5, 32, 36, 39, 40, 22]

Individual 38:
  Route length: 22488
  Contribution to Diversity: 0.0011381991345080777
  Route: [35, 33, 27, 52, 16, 32, 37, 21, 42, 20, 23, 30, 2, 48, 9, 24, 34, 10, 8, 19, 43, 39, 25, 46, 1, 47, 13, 14, 29, 49, 5, 45, 44, 36, 3, 38, 26, 28, 12, 18, 31, 41, 15, 6, 51, 40, 50, 4, 11, 17, 7, 22]

Individual 39:
  Route length: 22028
  Contribution to Diversity: 0.0004080440630591653
  Route: [21, 14, 1, 3, 29, 20, 36, 39, 43, 4, 9, 10, 8, 26, 49, 35, 31, 48, 45, 19, 41, 17, 12, 47, 50, 42, 2, 7, 16, 27, 13, 5, 15, 40, 18, 23, 32, 34, 51, 37, 28, 52, 11, 25, 44, 24, 6, 30, 38, 33, 46, 22]

Individual 40:
  Route length: 22418
  Contribution to Diversity: 0.001163785407176654
  Route: [31, 42, 18, 30, 7, 34, 1, 39, 11, 28, 52, 38, 41, 36, 10, 12, 51, 33, 13, 15, 21, 8, 29, 14, 26, 47, 16, 27, 2, 3, 40, 46, 20, 50, 44, 43, 23, 35, 32, 49, 24, 25, 5, 4, 48, 37, 6, 19, 9, 45, 17, 22]

Individual 41:
  Route length: 22622
  Contribution to Diversity: 0.0012416031306621278
  Route: [27, 47, 26, 52, 48, 18, 37, 4, 5, 17, 32, 43, 15, 8, 9, 41, 1, 20, 29, 3, 42, 21, 31, 50, 34, 30, 28, 12, 33, 44, 36, 46, 19, 13, 11, 2, 7, 45, 39, 49, 35, 10, 25, 24, 16, 23, 6, 38, 40, 51, 14, 22]

Individual 42:
  Route length: 22115
  Contribution to Diversity: 0.0007539537998679791
  Route: [16, 19, 17, 7, 2, 31, 47, 38, 10, 9, 6, 24, 48, 37, 40, 8, 44, 35, 21, 34, 4, 51, 15, 39, 20, 18, 32, 5, 36, 29, 50, 12, 25, 46, 45, 1, 3, 43, 42, 14, 11, 26, 52, 13, 27, 41, 49, 30, 28, 33, 23, 22]

Individual 43:
  Route length: 21475
  Contribution to Diversity: 0.00041488393514832467
  Route: [37, 18, 35, 23, 3, 25, 39, 48, 36, 30, 2, 7, 42, 5, 34, 11, 13, 47, 33, 21, 24, 6, 51, 26, 16, 4, 14, 52, 40, 46, 15, 44, 8, 19, 9, 45, 43, 38, 49, 1, 41, 32, 50, 17, 29, 31, 10, 12, 28, 27, 20, 22]

Individual 44:
  Route length: 22127
  Contribution to Diversity: 0.0013764080551830205
  Route: [24, 8, 50, 39, 9, 19, 17, 48, 38, 27, 47, 51, 33, 43, 32, 31, 1, 6, 4, 26, 13, 49, 16, 15, 12, 14, 3, 41, 46, 25, 23, 2, 7, 18, 30, 20, 37, 5, 34, 40, 10, 52, 11, 28, 42, 21, 35, 44, 45, 36, 29, 22]

Individual 45:
  Route length: 22391
  Contribution to Diversity: 0.0006533401836090746
  Route: [30, 4, 42, 7, 3, 17, 18, 21, 26, 36, 24, 25, 15, 6, 1, 41, 28, 5, 33, 43, 46, 8, 37, 38, 19, 51, 12, 11, 16, 34, 44, 9, 10, 45, 2, 14, 27, 47, 52, 40, 39, 35, 32, 49, 13, 48, 31, 20, 50, 23, 29, 22]

Individual 46:
  Route length: 22546
  Contribution to Diversity: 0.0009177705908944844
  Route: [24, 34, 48, 9, 25, 29, 50, 20, 44, 46, 6, 4, 26, 14, 35, 23, 40, 49, 1, 43, 47, 52, 51, 11, 38, 16, 37, 32, 5, 2, 30, 17, 19, 33, 45, 18, 21, 27, 28, 15, 7, 31, 42, 8, 41, 3, 10, 39, 36, 13, 12, 22]

Individual 47:
  Route length: 22349
  Contribution to Diversity: 0.0008975600478402512
  Route: [14, 51, 6, 4, 37, 13, 11, 12, 45, 38, 34, 35, 36, 8, 39, 25, 52, 10, 7, 42, 21, 32, 16, 20, 49, 33, 43, 47, 28, 48, 24, 5, 15, 44, 31, 46, 40, 1, 2, 3, 17, 27, 26, 19, 41, 23, 29, 50, 30, 9, 18, 22]

Individual 48:
  Route length: 22572
  Contribution to Diversity: 0.0007081666609911608
  Route: [42, 29, 28, 33, 48, 21, 20, 7, 2, 34, 23, 9, 19, 45, 32, 49, 26, 16, 52, 11, 5, 24, 30, 31, 1, 25, 4, 6, 36, 50, 40, 51, 47, 17, 44, 35, 10, 3, 8, 41, 37, 38, 46, 27, 15, 12, 14, 13, 39, 18, 43, 22]

Individual 49:
  Route length: 22426
  Contribution to Diversity: 0.0010022161523224327
  Route: [10, 1, 18, 33, 39, 21, 32, 3, 19, 41, 36, 37, 12, 25, 29, 31, 24, 43, 26, 16, 13, 27, 15, 6, 45, 49, 44, 17, 28, 40, 50, 52, 48, 20, 47, 14, 11, 51, 46, 30, 2, 7, 42, 9, 35, 34, 38, 5, 4, 8, 23, 22]

Individual 50:
  Route length: 22084
  Contribution to Diversity: 0.00038106346614874553
  Route: [51, 28, 25, 35, 23, 49, 26, 39, 34, 43, 15, 19, 41, 10, 11, 52, 14, 8, 4, 3, 48, 40, 7, 42, 20, 2, 29, 1, 44, 50, 16, 21, 5, 36, 33, 32, 9, 6, 46, 12, 37, 27, 13, 47, 30, 31, 17, 45, 24, 38, 18, 22]

Individual 51:
  Route length: 22461
  Contribution to Diversity: 0.0004145820596512806
  Route: [1, 26, 43, 33, 4, 25, 48, 6, 7, 42, 30, 50, 51, 28, 46, 35, 45, 5, 17, 37, 47, 23, 9, 15, 16, 24, 11, 27, 39, 32, 34, 3, 18, 8, 41, 10, 38, 44, 29, 36, 49, 2, 21, 31, 14, 52, 13, 20, 40, 19, 12, 22]

Individual 52:
  Route length: 21621
  Contribution to Diversity: 0.0002623259358243146
  Route: [42, 46, 41, 32, 36, 37, 34, 15, 30, 44, 1, 28, 39, 33, 6, 48, 40, 4, 21, 49, 45, 16, 9, 18, 17, 8, 10, 23, 7, 2, 47, 26, 12, 25, 29, 31, 3, 19, 24, 35, 5, 38, 43, 13, 20, 14, 52, 11, 51, 27, 50, 22]

Individual 53:
  Route length: 21866
  Contribution to Diversity: 0.0007111668790003023
  Route: [47, 52, 11, 51, 16, 36, 43, 38, 34, 29, 37, 24, 46, 19, 27, 26, 44, 21, 30, 40, 48, 8, 41, 32, 42, 12, 5, 15, 28, 39, 49, 6, 4, 2, 7, 20, 17, 3, 45, 18, 13, 14, 35, 31, 23, 25, 10, 33, 9, 50, 1, 22]

Individual 54:
  Route length: 22409
  Contribution to Diversity: 0.0009122696877961189
  Route: [21, 14, 1, 3, 29, 20, 51, 37, 28, 52, 11, 25, 44, 24, 8, 10, 9, 4, 43, 39, 36, 49, 31, 35, 16, 7, 2, 19, 41, 17, 42, 50, 47, 12, 34, 32, 23, 18, 40, 45, 48, 27, 13, 5, 15, 26, 38, 30, 6, 33, 46, 22]

Individual 55:
  Route length: 22199
  Contribution to Diversity: 0.0007438955746943421
  Route: [17, 10, 15, 37, 40, 24, 29, 25, 51, 43, 4, 19, 11, 13, 52, 12, 28, 27, 35, 48, 7, 50, 32, 23, 20, 21, 30, 18, 2, 6, 3, 1, 16, 44, 45, 9, 33, 41, 8, 39, 46, 38, 31, 5, 14, 26, 42, 34, 47, 36, 49, 22]

Individual 56:
  Route length: 22225
  Contribution to Diversity: 0.0002557056715790651
  Route: [37, 23, 8, 9, 34, 46, 29, 13, 5, 24, 32, 47, 14, 52, 11, 27, 20, 25, 48, 12, 3, 19, 10, 18, 16, 42, 31, 39, 44, 6, 4, 36, 15, 26, 51, 33, 50, 41, 45, 43, 40, 35, 7, 28, 49, 38, 17, 21, 30, 2, 1, 22]

Individual 57:
  Route length: 22231
  Contribution to Diversity: 0.0013391977537970945
  Route: [39, 46, 19, 10, 35, 9, 30, 21, 8, 40, 47, 16, 29, 50, 20, 7, 48, 1, 45, 43, 32, 51, 11, 52, 2, 37, 33, 13, 14, 27, 28, 15, 26, 34, 49, 23, 41, 17, 3, 42, 36, 31, 18, 44, 25, 24, 12, 6, 38, 5, 4, 22]

Individual 58:
  Route length: 22002
  Contribution to Diversity: 0.00042896630473787667
  Route: [27, 47, 26, 15, 9, 8, 41, 1, 20, 29, 3, 42, 23, 44, 33, 12, 18, 37, 43, 40, 38, 6, 45, 7, 2, 34, 50, 31, 21, 30, 28, 13, 11, 51, 14, 36, 46, 19, 49, 39, 48, 32, 17, 5, 4, 16, 24, 25, 10, 52, 35, 22]

Individual 59:
  Route length: 21806
  Contribution to Diversity: 0.0014956212050289963
  Route: [33, 35, 8, 9, 41, 14, 52, 11, 27, 28, 43, 13, 40, 23, 7, 32, 49, 31, 44, 34, 39, 6, 29, 37, 19, 3, 18, 10, 47, 26, 21, 17, 15, 12, 4, 5, 46, 2, 30, 42, 45, 36, 38, 51, 24, 48, 50, 1, 20, 16, 25, 22]

Individual 60:
  Route length: 22444
  Contribution to Diversity: 0.0001663972166880967
  Route: [51, 28, 12, 46, 6, 9, 32, 33, 36, 23, 30, 10, 25, 24, 45, 17, 31, 38, 37, 27, 13, 47, 43, 15, 19, 41, 26, 39, 34, 5, 21, 16, 50, 44, 1, 29, 2, 20, 42, 7, 40, 11, 52, 14, 8, 4, 3, 48, 35, 49, 18, 22]

Individual 61:
  Route length: 21457
  Contribution to Diversity: 0.0006789905089696902
  Route: [44, 6, 51, 12, 48, 38, 20, 47, 14, 40, 39, 50, 21, 31, 45, 36, 23, 2, 7, 42, 11, 13, 52, 17, 30, 46, 8, 32, 15, 25, 3, 9, 35, 16, 37, 41, 19, 34, 28, 29, 1, 18, 43, 5, 24, 33, 10, 26, 27, 4, 49, 22]

Individual 62:
  Route length: 22603
  Contribution to Diversity: 0.0004670891062321658
  Route: [18, 37, 3, 45, 32, 39, 15, 36, 1, 49, 6, 4, 44, 34, 28, 51, 35, 30, 17, 21, 42, 7, 38, 25, 46, 16, 29, 13, 14, 11, 52, 23, 20, 9, 5, 24, 40, 43, 47, 50, 48, 8, 26, 41, 33, 2, 19, 10, 27, 12, 31, 22]

Individual 63:
  Route length: 22372
  Contribution to Diversity: 0.0013937685172278336
  Route: [45, 23, 5, 8, 11, 39, 37, 25, 14, 40, 32, 33, 16, 29, 1, 50, 47, 48, 13, 12, 52, 51, 26, 27, 28, 17, 7, 2, 30, 42, 31, 38, 43, 10, 15, 49, 34, 3, 19, 4, 24, 41, 9, 36, 18, 6, 21, 35, 46, 44, 20, 22]

Individual 64:
  Route length: 22390
  Contribution to Diversity: 0.0005369317443575383
  Route: [28, 5, 16, 15, 30, 32, 4, 26, 6, 38, 9, 25, 51, 47, 52, 14, 13, 50, 17, 21, 31, 36, 3, 39, 46, 42, 18, 12, 27, 11, 45, 19, 49, 20, 35, 34, 48, 37, 7, 2, 29, 10, 1, 23, 40, 43, 24, 44, 8, 41, 33, 22]

Individual 65:
  Route length: 22332
  Contribution to Diversity: 0.001521568620129976
  Route: [6, 8, 17, 46, 35, 1, 49, 3, 32, 51, 34, 25, 50, 16, 43, 44, 29, 31, 28, 27, 36, 41, 37, 12, 11, 10, 21, 24, 4, 38, 33, 5, 48, 9, 18, 30, 2, 7, 42, 20, 39, 40, 15, 52, 14, 47, 13, 23, 26, 45, 19, 22]

Individual 66:
  Route length: 22383
  Contribution to Diversity: 0.0002824482281633678
  Route: [37, 23, 30, 21, 17, 38, 49, 28, 7, 35, 40, 43, 45, 41, 50, 33, 51, 26, 15, 36, 4, 6, 44, 39, 31, 42, 16, 18, 10, 19, 3, 12, 48, 25, 20, 27, 11, 52, 14, 47, 32, 24, 5, 13, 29, 46, 34, 9, 8, 2, 1, 22]

Individual 67:
  Route length: 22234
  Contribution to Diversity: 0.0009121083085084081
  Route: [45, 44, 2, 17, 37, 33, 5, 40, 20, 50, 19, 32, 41, 42, 31, 3, 23, 48, 38, 43, 8, 9, 46, 35, 6, 27, 26, 18, 51, 11, 52, 14, 39, 21, 4, 13, 47, 49, 30, 7, 16, 10, 28, 12, 25, 36, 24, 15, 34, 1, 29, 22]

Individual 68:
  Route length: 22574
  Contribution to Diversity: 0.0002996087562339156
  Route: [44, 5, 38, 45, 9, 28, 14, 13, 47, 23, 20, 36, 25, 41, 24, 49, 16, 39, 42, 21, 17, 35, 2, 29, 1, 10, 37, 40, 8, 32, 3, 43, 4, 46, 19, 51, 33, 26, 27, 48, 12, 6, 15, 50, 34, 18, 31, 11, 52, 7, 30, 22]

Individual 69:
  Route length: 22333
  Contribution to Diversity: 0.000902169620213833
  Route: [50, 16, 29, 48, 44, 47, 28, 51, 4, 14, 17, 21, 3, 10, 25, 5, 37, 52, 13, 34, 45, 27, 6, 8, 43, 33, 23, 41, 9, 20, 1, 31, 39, 15, 40, 35, 26, 11, 38, 24, 2, 7, 42, 30, 12, 19, 46, 32, 49, 36, 18, 22]

Individual 70:
  Route length: 21578
  Contribution to Diversity: 0.0010351133174353322
  Route: [37, 10, 17, 3, 9, 41, 15, 20, 21, 49, 2, 5, 31, 6, 42, 7, 8, 1, 48, 36, 27, 12, 4, 28, 52, 11, 47, 13, 14, 51, 40, 50, 38, 26, 35, 34, 25, 44, 24, 16, 18, 39, 46, 23, 30, 29, 19, 45, 32, 33, 43, 22]

Individual 71:
  Route length: 22538
  Contribution to Diversity: 0.0010601414349675764
  Route: [50, 16, 29, 21, 17, 14, 43, 48, 44, 47, 28, 51, 4, 52, 13, 34, 45, 27, 6, 8, 37, 5, 25, 10, 3, 33, 31, 1, 20, 9, 41, 23, 30, 42, 7, 2, 24, 38, 11, 26, 35, 40, 15, 39, 12, 19, 46, 32, 49, 36, 18, 22]

Individual 72:
  Route length: 22505
  Contribution to Diversity: 0.0009791979783448923
  Route: [41, 17, 49, 29, 46, 23, 12, 43, 9, 48, 51, 33, 24, 39, 40, 10, 2, 6, 38, 26, 16, 25, 19, 44, 15, 37, 47, 4, 5, 32, 27, 13, 20, 11, 52, 14, 28, 34, 8, 31, 45, 18, 36, 35, 1, 3, 50, 21, 30, 42, 7, 22]

Individual 73:
  Route length: 21516
  Contribution to Diversity: 0.0007951908100825023
  Route: [24, 52, 14, 47, 13, 23, 26, 45, 19, 43, 16, 25, 50, 21, 9, 18, 44, 37, 12, 11, 10, 3, 49, 4, 38, 33, 5, 48, 15, 8, 17, 46, 29, 35, 40, 39, 20, 42, 7, 2, 30, 36, 41, 34, 51, 27, 28, 31, 6, 1, 32, 22]

Individual 74:
  Route length: 22531
  Contribution to Diversity: 0.000636477556517967
  Route: [41, 17, 49, 29, 46, 23, 12, 43, 9, 48, 51, 33, 25, 16, 26, 38, 6, 39, 40, 10, 2, 11, 52, 14, 28, 34, 8, 31, 45, 18, 36, 35, 1, 3, 50, 21, 30, 42, 7, 24, 20, 13, 27, 32, 5, 4, 47, 37, 15, 44, 19, 22]

Individual 75:
  Route length: 22423
  Contribution to Diversity: 0.0011991646395168587
  Route: [2, 20, 44, 4, 34, 18, 1, 16, 25, 48, 17, 10, 41, 47, 13, 15, 26, 28, 27, 50, 39, 40, 30, 42, 7, 24, 14, 52, 11, 5, 31, 45, 3, 49, 8, 12, 43, 37, 35, 51, 9, 32, 21, 29, 46, 38, 6, 36, 23, 33, 19, 22]

Individual 76:
  Route length: 22187
  Contribution to Diversity: 0.0013097515601652177
  Route: [26, 27, 11, 51, 13, 14, 52, 3, 2, 5, 42, 1, 15, 38, 35, 47, 40, 48, 41, 34, 21, 19, 45, 31, 18, 17, 9, 43, 10, 32, 30, 29, 20, 23, 36, 16, 6, 7, 33, 8, 39, 44, 4, 49, 50, 37, 28, 25, 12, 46, 24, 22]

Individual 77:
  Route length: 22569
  Contribution to Diversity: 0.000505033590545878
  Route: [30, 51, 11, 29, 37, 44, 18, 6, 39, 49, 5, 15, 31, 34, 28, 27, 52, 14, 45, 32, 12, 43, 4, 47, 40, 24, 36, 8, 41, 19, 17, 21, 48, 23, 1, 38, 42, 16, 20, 35, 2, 13, 26, 25, 7, 3, 10, 9, 33, 46, 50, 22]

Individual 78:
  Route length: 22146
  Contribution to Diversity: 0.0004514774613442185
  Route: [1, 34, 44, 17, 4, 38, 36, 35, 19, 50, 16, 40, 29, 7, 49, 3, 18, 28, 27, 26, 51, 11, 37, 39, 42, 31, 8, 9, 10, 33, 41, 5, 47, 2, 46, 13, 48, 6, 24, 23, 30, 15, 32, 21, 20, 25, 45, 43, 12, 14, 52, 22]

Individual 79:
  Route length: 22526
  Contribution to Diversity: 0.00011700938865466526
  Route: [30, 20, 36, 11, 14, 18, 41, 8, 19, 40, 49, 15, 38, 33, 26, 37, 39, 44, 24, 48, 12, 51, 25, 27, 28, 34, 13, 47, 4, 29, 10, 43, 9, 3, 17, 5, 45, 32, 6, 50, 7, 31, 46, 1, 52, 21, 2, 42, 16, 23, 35, 22]

Individual 80:
  Route length: 21009
  Contribution to Diversity: 0.0002829080952677643
  Route: [48, 50, 11, 15, 24, 49, 39, 5, 43, 45, 34, 36, 42, 7, 2, 31, 19, 17, 21, 18, 41, 8, 32, 35, 38, 40, 37, 3, 47, 9, 12, 51, 14, 27, 52, 13, 16, 23, 44, 26, 25, 28, 6, 1, 10, 4, 30, 20, 33, 46, 29, 22]

Individual 81:
  Route length: 22251
  Contribution to Diversity: 0.00038668447438894304
  Route: [8, 1, 9, 6, 32, 49, 41, 10, 7, 42, 19, 17, 21, 33, 14, 11, 26, 52, 47, 39, 48, 36, 2, 23, 30, 5, 16, 27, 24, 35, 37, 29, 50, 51, 15, 34, 46, 28, 13, 4, 25, 12, 44, 45, 20, 18, 31, 3, 38, 43, 40, 22]

Individual 82:
  Route length: 22421
  Contribution to Diversity: 0.0003979189347846912
  Route: [3, 35, 15, 8, 51, 11, 25, 44, 18, 2, 7, 16, 14, 6, 30, 38, 1, 36, 21, 49, 52, 28, 5, 43, 40, 46, 29, 20, 50, 42, 17, 41, 19, 45, 48, 39, 13, 27, 23, 12, 24, 33, 34, 31, 32, 37, 10, 9, 4, 26, 47, 22]

Individual 83:
  Route length: 22349
  Contribution to Diversity: 0.0007210925264775625
  Route: [21, 25, 4, 33, 9, 32, 42, 17, 40, 44, 26, 27, 29, 13, 14, 52, 47, 49, 19, 10, 30, 20, 50, 24, 37, 18, 12, 6, 3, 1, 39, 28, 36, 46, 35, 41, 34, 11, 51, 16, 45, 15, 5, 8, 2, 7, 43, 31, 23, 48, 38, 22]

Individual 84:
  Route length: 22610
  Contribution to Diversity: 0.0015286556321880695
  Route: [9, 12, 10, 43, 30, 29, 20, 23, 36, 16, 17, 7, 6, 46, 52, 14, 13, 21, 3, 2, 33, 8, 39, 25, 35, 32, 18, 31, 1, 45, 19, 41, 48, 40, 47, 38, 44, 24, 26, 27, 11, 51, 50, 37, 28, 15, 4, 49, 34, 42, 5, 22]

Individual 85:
  Route length: 22143
  Contribution to Diversity: 0.0005128950889723427
  Route: [8, 18, 10, 32, 42, 49, 46, 37, 24, 38, 1, 25, 13, 47, 14, 52, 16, 39, 36, 23, 19, 41, 6, 34, 12, 48, 31, 7, 20, 50, 33, 43, 35, 51, 11, 26, 44, 17, 3, 45, 30, 2, 21, 9, 29, 40, 27, 15, 4, 28, 5, 22]

Individual 86:
  Route length: 22528
  Contribution to Diversity: 0.00014830233666174308
  Route: [4, 6, 40, 24, 49, 42, 2, 32, 14, 11, 48, 35, 20, 15, 47, 13, 12, 51, 46, 9, 41, 38, 17, 31, 34, 33, 8, 18, 5, 52, 16, 23, 37, 7, 21, 19, 10, 45, 3, 44, 50, 1, 25, 43, 26, 27, 28, 36, 29, 30, 39, 22]

Individual 87:
  Route length: 22584
  Contribution to Diversity: 0.000467882439238565
  Route: [41, 16, 3, 17, 2, 21, 39, 24, 44, 31, 26, 25, 15, 34, 43, 4, 49, 40, 1, 6, 48, 30, 33, 19, 8, 20, 46, 10, 23, 42, 29, 32, 9, 45, 36, 37, 5, 12, 11, 27, 38, 47, 50, 14, 13, 28, 52, 51, 35, 18, 7, 22]

Individual 88:
  Route length: 22517
  Contribution to Diversity: 0.0002436384935373681
  Route: [4, 6, 40, 24, 49, 42, 2, 32, 14, 11, 48, 5, 18, 8, 33, 34, 31, 17, 38, 41, 9, 46, 51, 12, 13, 47, 15, 20, 35, 44, 3, 45, 10, 19, 21, 7, 37, 23, 16, 52, 50, 1, 25, 43, 26, 27, 28, 36, 29, 30, 39, 22]

Individual 89:
  Route length: 22592
  Contribution to Diversity: 0.000491466709272359
  Route: [8, 1, 9, 44, 12, 25, 4, 29, 50, 51, 15, 34, 46, 28, 13, 39, 48, 36, 2, 23, 30, 5, 16, 27, 24, 35, 37, 47, 52, 26, 11, 14, 33, 21, 17, 19, 42, 7, 10, 41, 49, 32, 6, 45, 20, 18, 31, 3, 38, 43, 40, 22]

Individual 90:
  Route length: 22178
  Contribution to Diversity: 0.0006963554004713046
  Route: [31, 42, 18, 30, 7, 1, 15, 21, 8, 29, 28, 11, 52, 44, 50, 20, 46, 40, 3, 2, 27, 16, 47, 34, 5, 25, 43, 23, 35, 32, 49, 24, 38, 41, 36, 10, 12, 51, 33, 13, 26, 14, 39, 4, 48, 37, 6, 19, 9, 45, 17, 22]

Individual 91:
  Route length: 22325
  Contribution to Diversity: 0.0013240891753687478
  Route: [50, 15, 1, 6, 2, 12, 40, 41, 43, 28, 13, 52, 14, 47, 21, 45, 24, 23, 39, 16, 35, 36, 38, 5, 25, 32, 44, 20, 26, 51, 33, 48, 46, 29, 34, 19, 49, 30, 7, 3, 42, 9, 8, 31, 10, 37, 11, 27, 4, 18, 17, 22]

Individual 92:
  Route length: 21698
  Contribution to Diversity: 0.00013621857908141521
  Route: [11, 51, 37, 29, 2, 7, 12, 46, 38, 27, 31, 21, 17, 48, 23, 40, 32, 45, 34, 28, 6, 39, 3, 10, 9, 33, 18, 44, 25, 4, 43, 52, 14, 13, 26, 49, 5, 47, 30, 35, 1, 50, 20, 16, 42, 15, 19, 41, 8, 36, 24, 22]

Individual 93:
  Route length: 21470
  Contribution to Diversity: 0.00046427760959755204
  Route: [29, 20, 40, 31, 41, 8, 19, 39, 35, 46, 38, 21, 7, 42, 2, 23, 50, 1, 11, 49, 32, 10, 6, 9, 33, 4, 47, 28, 27, 14, 52, 51, 26, 44, 36, 48, 24, 17, 12, 16, 18, 5, 43, 34, 3, 25, 30, 15, 37, 13, 45, 22]

Individual 94:
  Route length: 22556
  Contribution to Diversity: 0.0003814779967843407
  Route: [42, 35, 43, 10, 9, 36, 34, 19, 48, 13, 51, 14, 32, 38, 39, 37, 49, 17, 30, 23, 21, 50, 5, 47, 33, 52, 6, 46, 16, 1, 24, 45, 41, 2, 7, 31, 8, 3, 18, 29, 28, 27, 11, 44, 26, 40, 4, 12, 20, 25, 15, 22]

Individual 95:
  Route length: 21101
  Contribution to Diversity: 0
  Route: [26, 13, 14, 52, 12, 47, 34, 30, 1, 23, 48, 35, 25, 4, 16, 5, 46, 32, 33, 51, 43, 28, 11, 39, 7, 17, 49, 27, 50, 44, 3, 20, 29, 2, 42, 10, 6, 36, 19, 45, 15, 8, 41, 31, 18, 9, 21, 37, 38, 24, 40, 22]

Individual 96:
  Route length: 22149
  Contribution to Diversity: 0.0013064752696703152
  Route: [25, 16, 35, 31, 29, 24, 36, 33, 5, 1, 4, 51, 13, 37, 41, 26, 28, 48, 43, 17, 19, 10, 8, 9, 44, 23, 6, 34, 15, 30, 20, 3, 18, 39, 38, 40, 46, 2, 42, 7, 27, 49, 32, 21, 11, 52, 14, 12, 47, 50, 45, 22]

Individual 97:
  Route length: 22220
  Contribution to Diversity: 0.00021045744293957114
  Route: [1, 34, 44, 17, 4, 38, 36, 35, 19, 50, 16, 40, 18, 3, 49, 7, 29, 37, 39, 42, 31, 8, 9, 10, 33, 41, 5, 47, 6, 48, 13, 46, 2, 28, 27, 26, 51, 11, 24, 23, 30, 15, 32, 21, 20, 25, 45, 43, 12, 14, 52, 22]

Individual 98:
  Route length: 21308
  Contribution to Diversity: 0.0002458017048478922
  Route: [44, 25, 11, 51, 8, 15, 35, 3, 12, 21, 49, 52, 28, 13, 27, 23, 7, 2, 18, 6, 14, 16, 30, 38, 1, 36, 39, 48, 45, 19, 41, 17, 42, 50, 20, 29, 46, 40, 43, 5, 24, 33, 34, 31, 32, 37, 10, 9, 4, 26, 47, 22]

Individual 99:
  Route length: 22031
  Contribution to Diversity: 0.0010660750154958265
  Route: [3, 21, 51, 6, 32, 15, 9, 40, 29, 28, 44, 20, 43, 25, 37, 34, 39, 2, 17, 33, 10, 52, 14, 47, 26, 50, 30, 38, 49, 1, 27, 41, 8, 19, 45, 36, 35, 23, 24, 48, 31, 18, 42, 7, 16, 5, 11, 13, 46, 12, 4, 22]

Individual 100:
  Route length: 22208
  Contribution to Diversity: 0.0005633806437383981
  Route: [48, 50, 11, 15, 24, 49, 39, 5, 43, 45, 34, 36, 42, 7, 2, 31, 19, 27, 14, 51, 12, 9, 47, 3, 37, 40, 38, 35, 32, 8, 41, 18, 21, 17, 10, 1, 6, 28, 25, 26, 44, 23, 16, 13, 52, 4, 30, 20, 33, 46, 29, 22]

Individual 101:
  Route length: 22574
  Contribution to Diversity: 0.00139708595386967
  Route: [17, 24, 29, 20, 18, 30, 39, 10, 43, 46, 27, 26, 13, 47, 49, 23, 6, 35, 15, 45, 34, 32, 36, 5, 25, 33, 11, 3, 21, 7, 2, 19, 41, 4, 16, 44, 31, 50, 14, 51, 28, 40, 52, 37, 9, 8, 42, 12, 48, 38, 1, 22]

Individual 102:
  Route length: 22180
  Contribution to Diversity: 1.6387787663774134e-05
  Route: [30, 20, 36, 11, 14, 18, 41, 8, 19, 40, 49, 15, 38, 33, 26, 37, 39, 44, 24, 46, 31, 7, 50, 6, 32, 45, 5, 17, 3, 9, 43, 10, 29, 4, 47, 13, 34, 28, 27, 25, 51, 12, 48, 52, 1, 21, 2, 42, 16, 23, 35, 22]

Individual 103:
  Route length: 22145
  Contribution to Diversity: 0
  Route: [28, 51, 5, 35, 29, 42, 1, 7, 44, 3, 9, 8, 41, 31, 18, 17, 21, 2, 47, 27, 14, 11, 50, 25, 20, 24, 48, 40, 37, 23, 19, 43, 33, 15, 49, 52, 30, 16, 10, 34, 6, 36, 38, 32, 45, 39, 4, 46, 26, 13, 12, 22]

Individual 104:
  Route length: 22467
  Contribution to Diversity: 0.0001296199988667368
  Route: [44, 5, 38, 45, 9, 28, 14, 13, 47, 41, 25, 36, 20, 23, 17, 21, 42, 39, 16, 49, 24, 35, 2, 29, 1, 10, 37, 40, 8, 32, 3, 43, 4, 46, 19, 51, 33, 26, 27, 48, 12, 6, 15, 50, 34, 18, 31, 11, 52, 7, 30, 22]

Individual 105:
  Route length: 21975
  Contribution to Diversity: 0.00023159033751252167
  Route: [31, 29, 47, 13, 10, 9, 24, 38, 26, 1, 3, 32, 49, 45, 43, 50, 23, 30, 2, 7, 42, 21, 52, 17, 16, 51, 12, 33, 48, 40, 37, 4, 25, 20, 14, 35, 28, 15, 27, 11, 5, 18, 19, 39, 6, 41, 8, 34, 44, 46, 36, 22]

Individual 106:
  Route length: 22457
  Contribution to Diversity: 0.0013231452363093865
  Route: [3, 41, 8, 10, 19, 45, 37, 40, 9, 33, 34, 2, 7, 4, 25, 27, 51, 24, 35, 20, 16, 17, 21, 31, 42, 46, 38, 13, 36, 18, 12, 32, 50, 23, 43, 15, 29, 52, 11, 28, 49, 1, 6, 26, 47, 5, 39, 30, 44, 14, 48, 22]

Individual 107:
  Route length: 22186
  Contribution to Diversity: 0.00016863028972124994
  Route: [1, 26, 43, 33, 4, 25, 48, 6, 7, 42, 30, 50, 51, 28, 46, 35, 45, 5, 49, 36, 29, 44, 38, 10, 41, 8, 18, 3, 34, 32, 39, 27, 11, 24, 16, 15, 9, 23, 47, 37, 17, 19, 40, 20, 13, 52, 14, 31, 21, 2, 12, 22]

Individual 108:
  Route length: 22180
  Contribution to Diversity: 0.001433717250919564
  Route: [9, 26, 28, 39, 4, 6, 36, 32, 50, 25, 29, 12, 46, 16, 20, 24, 19, 45, 41, 40, 2, 5, 3, 38, 33, 44, 30, 13, 14, 52, 11, 8, 10, 15, 27, 47, 23, 1, 35, 17, 21, 42, 7, 31, 51, 43, 49, 37, 48, 18, 34, 22]

Individual 109:
  Route length: 22235
  Contribution to Diversity: 0.00019045643702142456
  Route: [30, 20, 4, 6, 36, 44, 40, 49, 31, 33, 1, 42, 46, 52, 43, 50, 29, 32, 51, 28, 47, 13, 14, 16, 21, 17, 5, 25, 26, 35, 45, 11, 12, 27, 15, 9, 10, 8, 24, 7, 2, 3, 23, 41, 48, 19, 34, 38, 39, 37, 18, 22]

Individual 110:
  Route length: 22461
  Contribution to Diversity: 0.00021349328180964022
  Route: [18, 38, 13, 14, 50, 37, 6, 25, 43, 11, 51, 10, 39, 19, 1, 17, 23, 5, 26, 12, 40, 46, 24, 44, 45, 49, 32, 20, 36, 31, 28, 27, 52, 4, 16, 35, 3, 33, 9, 15, 8, 47, 41, 21, 7, 42, 29, 2, 30, 34, 48, 22]

Individual 111:
  Route length: 22196
  Contribution to Diversity: 0.0010026165733520997
  Route: [17, 21, 46, 18, 31, 34, 35, 44, 1, 23, 15, 6, 33, 2, 41, 36, 4, 43, 39, 32, 8, 24, 38, 19, 45, 3, 48, 11, 12, 16, 28, 47, 29, 50, 9, 10, 51, 20, 14, 52, 27, 37, 40, 42, 7, 5, 49, 30, 13, 26, 25, 22]

Individual 112:
  Route length: 22302
  Contribution to Diversity: 0
  Route: [33, 35, 32, 3, 39, 12, 25, 14, 52, 9, 43, 37, 45, 47, 7, 49, 1, 11, 28, 27, 13, 6, 4, 10, 19, 36, 29, 31, 26, 51, 5, 38, 16, 46, 15, 40, 24, 20, 18, 21, 48, 23, 44, 34, 17, 42, 2, 41, 8, 30, 50, 22]

Individual 113:
  Route length: 22232
  Contribution to Diversity: 0.00027691998281653696
  Route: [15, 31, 12, 50, 7, 17, 2, 30, 18, 35, 47, 14, 37, 29, 6, 5, 36, 42, 21, 40, 20, 24, 32, 41, 49, 27, 3, 8, 19, 1, 9, 10, 39, 48, 25, 16, 38, 34, 4, 28, 13, 46, 51, 33, 43, 11, 52, 26, 44, 45, 23, 22]

Individual 114:
  Route length: 22375
  Contribution to Diversity: 0
  Route: [20, 8, 5, 49, 21, 50, 31, 45, 28, 47, 32, 46, 7, 17, 30, 15, 48, 39, 35, 4, 51, 11, 36, 41, 19, 33, 3, 34, 37, 40, 23, 1, 25, 38, 24, 9, 10, 42, 12, 6, 2, 18, 29, 44, 16, 13, 14, 52, 26, 27, 43, 22]

Individual 115:
  Route length: 21907
  Contribution to Diversity: 0
  Route: [6, 12, 39, 29, 4, 13, 11, 52, 26, 27, 46, 49, 33, 15, 48, 10, 8, 45, 18, 35, 36, 3, 17, 30, 38, 1, 32, 9, 44, 50, 41, 37, 14, 51, 25, 24, 34, 5, 43, 21, 28, 20, 40, 16, 31, 23, 47, 2, 7, 42, 19, 22]

Individual 116:
  Route length: 22552
  Contribution to Diversity: 0.0008821993950176577
  Route: [5, 15, 31, 37, 52, 44, 39, 20, 49, 25, 33, 40, 35, 2, 3, 30, 46, 4, 48, 26, 47, 13, 14, 12, 24, 16, 28, 27, 51, 38, 29, 50, 7, 11, 6, 18, 41, 1, 36, 19, 42, 21, 17, 32, 45, 43, 8, 23, 34, 9, 10, 22]

Individual 117:
  Route length: 22204
  Contribution to Diversity: 0.0006706912723322134
  Route: [30, 20, 4, 6, 36, 44, 40, 17, 21, 16, 14, 13, 47, 28, 51, 32, 29, 50, 43, 52, 46, 42, 1, 33, 31, 49, 48, 41, 23, 3, 2, 7, 24, 8, 10, 9, 15, 27, 12, 11, 45, 35, 26, 25, 5, 19, 34, 38, 39, 37, 18, 22]

Individual 118:
  Route length: 22293
  Contribution to Diversity: 0.0009508009454606281
  Route: [31, 39, 45, 13, 14, 52, 32, 34, 30, 49, 5, 21, 6, 12, 3, 40, 16, 38, 29, 23, 43, 41, 42, 7, 17, 9, 10, 8, 24, 37, 46, 15, 1, 35, 33, 11, 26, 50, 48, 2, 20, 25, 19, 36, 44, 18, 47, 27, 28, 51, 4, 22]

Individual 119:
  Route length: 22590
  Contribution to Diversity: 0
  Route: [16, 32, 41, 19, 9, 7, 42, 2, 4, 33, 44, 37, 47, 28, 27, 24, 49, 3, 17, 39, 52, 14, 13, 45, 18, 50, 23, 30, 12, 38, 15, 43, 34, 10, 6, 11, 46, 8, 29, 26, 51, 31, 35, 20, 48, 40, 1, 5, 25, 21, 36, 22]

Individual 120:
  Route length: 22527
  Contribution to Diversity: 0.0008280859992684242
  Route: [27, 12, 37, 50, 35, 36, 15, 39, 3, 45, 32, 2, 38, 7, 42, 21, 17, 24, 5, 9, 18, 48, 49, 6, 51, 28, 34, 44, 4, 47, 43, 40, 8, 26, 25, 46, 10, 19, 1, 33, 41, 20, 23, 52, 11, 14, 13, 29, 16, 30, 31, 22]

Individual 121:
  Route length: 22224
  Contribution to Diversity: 0
  Route: [20, 8, 5, 49, 21, 50, 31, 45, 28, 47, 32, 46, 7, 17, 30, 15, 48, 39, 34, 3, 33, 19, 41, 36, 11, 51, 4, 35, 1, 23, 40, 37, 25, 38, 24, 9, 10, 42, 12, 6, 2, 18, 29, 44, 16, 13, 14, 52, 26, 27, 43, 22]

Individual 122:
  Route length: 22083
  Contribution to Diversity: 0
  Route: [28, 51, 5, 35, 29, 42, 1, 7, 44, 3, 9, 8, 41, 31, 18, 17, 21, 2, 47, 27, 14, 11, 50, 25, 20, 38, 36, 6, 34, 10, 23, 19, 43, 33, 15, 49, 52, 30, 16, 24, 48, 40, 37, 4, 39, 45, 32, 46, 26, 13, 12, 22]

Individual 123:
  Route length: 22601
  Contribution to Diversity: 0.00017842426411363022
  Route: [23, 20, 51, 45, 3, 37, 48, 29, 2, 7, 10, 15, 38, 52, 40, 43, 6, 26, 46, 24, 18, 39, 36, 27, 4, 12, 25, 47, 16, 5, 14, 13, 44, 32, 19, 41, 9, 33, 35, 34, 11, 28, 30, 49, 1, 8, 21, 42, 50, 17, 31, 22]

Individual 124:
  Route length: 21550
  Contribution to Diversity: 0.0010785796392944746
  Route: [44, 19, 18, 17, 20, 16, 39, 51, 6, 34, 36, 41, 9, 10, 15, 25, 4, 46, 48, 32, 52, 29, 2, 12, 27, 28, 5, 26, 40, 35, 50, 30, 3, 49, 42, 31, 45, 21, 23, 11, 47, 13, 14, 38, 37, 24, 43, 33, 8, 1, 7, 22]

Individual 125:
  Route length: 22593
  Contribution to Diversity: 0.00024272551714865642
  Route: [4, 6, 40, 18, 8, 33, 34, 31, 17, 38, 41, 26, 27, 28, 24, 49, 42, 2, 32, 14, 11, 48, 35, 20, 15, 47, 13, 12, 51, 46, 9, 10, 45, 3, 44, 50, 1, 25, 43, 19, 21, 7, 37, 23, 16, 52, 5, 36, 29, 30, 39, 22]

Individual 126:
  Route length: 22466
  Contribution to Diversity: 0
  Route: [16, 32, 41, 19, 9, 7, 42, 2, 4, 33, 44, 37, 31, 51, 26, 29, 8, 46, 11, 43, 34, 10, 6, 36, 21, 35, 20, 48, 40, 1, 5, 25, 47, 28, 27, 24, 49, 3, 17, 39, 52, 14, 13, 45, 18, 50, 23, 30, 12, 38, 15, 22]

Individual 127:
  Route length: 22391
  Contribution to Diversity: 0.0006178032631005692
  Route: [45, 44, 2, 17, 37, 33, 5, 40, 20, 35, 46, 9, 8, 43, 38, 48, 23, 3, 31, 42, 41, 32, 19, 50, 14, 52, 11, 51, 18, 26, 27, 6, 39, 21, 4, 13, 47, 49, 30, 7, 16, 10, 28, 12, 25, 36, 24, 15, 34, 1, 29, 22]

Individual 128:
  Route length: 22507
  Contribution to Diversity: 0.00035675785777122826
  Route: [23, 20, 7, 2, 29, 48, 37, 3, 45, 27, 51, 21, 8, 1, 49, 30, 28, 11, 34, 35, 33, 9, 41, 19, 32, 44, 13, 14, 5, 16, 47, 25, 12, 4, 10, 15, 38, 52, 40, 43, 6, 26, 46, 24, 18, 39, 36, 42, 50, 17, 31, 22]

Individual 129:
  Route length: 21065
  Contribution to Diversity: 0.0011528140807692822
  Route: [36, 45, 38, 25, 48, 5, 17, 50, 20, 13, 6, 34, 35, 18, 3, 41, 8, 10, 24, 46, 44, 30, 42, 7, 21, 2, 49, 51, 28, 12, 1, 26, 43, 40, 23, 15, 9, 37, 47, 16, 32, 39, 27, 52, 14, 29, 11, 33, 4, 19, 31, 22]

Individual 130:
  Route length: 22518
  Contribution to Diversity: 0
  Route: [33, 35, 32, 3, 39, 12, 25, 14, 52, 9, 43, 37, 45, 38, 5, 51, 26, 31, 29, 36, 19, 10, 4, 6, 13, 27, 28, 11, 1, 49, 7, 47, 18, 20, 24, 40, 15, 46, 16, 21, 48, 23, 44, 34, 17, 42, 2, 41, 8, 30, 50, 22]

Individual 131:
  Route length: 22532
  Contribution to Diversity: 0
  Route: [20, 8, 5, 49, 21, 50, 31, 45, 28, 47, 32, 46, 7, 17, 30, 15, 48, 38, 25, 1, 23, 40, 37, 34, 3, 33, 19, 41, 36, 11, 51, 4, 35, 39, 18, 2, 6, 12, 42, 10, 9, 24, 29, 44, 16, 13, 14, 52, 26, 27, 43, 22]

Individual 132:
  Route length: 22476
  Contribution to Diversity: 0.0008080189187884557
  Route: [8, 24, 38, 1, 25, 13, 47, 14, 52, 10, 18, 23, 16, 3, 17, 44, 26, 11, 51, 35, 43, 33, 50, 20, 7, 31, 48, 12, 34, 6, 41, 9, 21, 2, 30, 45, 32, 42, 49, 46, 37, 36, 39, 28, 4, 15, 27, 40, 29, 19, 5, 22]

Individual 133:
  Route length: 22468
  Contribution to Diversity: 0.001245989638509748
  Route: [20, 36, 12, 13, 52, 25, 51, 26, 43, 44, 32, 24, 8, 14, 11, 30, 29, 2, 42, 50, 28, 27, 49, 41, 31, 7, 15, 18, 37, 39, 33, 3, 9, 10, 40, 38, 45, 19, 16, 6, 4, 46, 23, 17, 21, 35, 47, 5, 48, 34, 1, 22]

Individual 134:
  Route length: 21955
  Contribution to Diversity: 0.0007673282249429647
  Route: [41, 14, 52, 45, 17, 21, 20, 24, 29, 39, 48, 31, 15, 5, 34, 1, 40, 3, 36, 35, 38, 46, 16, 37, 6, 4, 23, 42, 50, 18, 9, 19, 28, 27, 13, 51, 33, 11, 44, 7, 26, 47, 12, 8, 10, 43, 49, 25, 32, 30, 2, 22]

Individual 135:
  Route length: 22626
  Contribution to Diversity: 0.00028517197609367884
  Route: [24, 42, 2, 34, 19, 32, 7, 9, 12, 6, 33, 38, 1, 37, 16, 29, 20, 18, 3, 46, 36, 10, 5, 17, 49, 26, 28, 47, 52, 11, 25, 39, 41, 8, 50, 27, 14, 13, 48, 40, 45, 44, 30, 35, 4, 31, 21, 43, 15, 51, 23, 22]

Individual 136:
  Route length: 22586
  Contribution to Diversity: 0
  Route: [16, 32, 41, 19, 9, 7, 42, 2, 24, 27, 28, 47, 37, 44, 33, 4, 21, 25, 5, 1, 40, 48, 20, 35, 31, 51, 26, 29, 8, 46, 11, 6, 10, 34, 43, 15, 38, 12, 30, 23, 50, 18, 45, 13, 14, 52, 39, 17, 3, 49, 36, 22]

Individual 137:
  Route length: 22333
  Contribution to Diversity: 0.00019553980082509526
  Route: [1, 42, 19, 41, 2, 28, 24, 43, 31, 32, 23, 16, 40, 51, 37, 7, 3, 17, 36, 50, 21, 35, 39, 27, 4, 5, 13, 26, 25, 44, 20, 15, 45, 10, 9, 8, 29, 38, 33, 11, 14, 52, 12, 6, 48, 30, 47, 46, 18, 34, 49, 22]

Individual 138:
  Route length: 21946
  Contribution to Diversity: 0.000195644690162311
  Route: [24, 37, 1, 38, 33, 6, 12, 9, 7, 32, 19, 34, 2, 42, 8, 41, 39, 25, 11, 52, 47, 28, 26, 49, 17, 5, 10, 36, 46, 3, 18, 20, 29, 16, 50, 27, 14, 13, 35, 30, 44, 45, 40, 48, 4, 31, 21, 43, 15, 51, 23, 22]

Individual 139:
  Route length: 22489
  Contribution to Diversity: 0.001222040879441444
  Route: [1, 32, 49, 20, 50, 23, 30, 24, 48, 46, 5, 36, 21, 26, 51, 38, 39, 18, 2, 42, 7, 10, 41, 19, 37, 44, 33, 40, 25, 12, 35, 6, 16, 9, 45, 52, 17, 3, 43, 15, 29, 47, 28, 27, 14, 31, 11, 13, 34, 8, 4, 22]

Individual 140:
  Route length: 22291
  Contribution to Diversity: 0
  Route: [42, 35, 43, 10, 9, 50, 21, 23, 30, 17, 49, 37, 39, 38, 32, 14, 51, 13, 48, 19, 34, 36, 1, 16, 46, 6, 52, 33, 47, 5, 24, 45, 41, 2, 7, 31, 8, 3, 18, 29, 28, 27, 11, 44, 26, 40, 4, 12, 20, 25, 15, 22]

Individual 141:
  Route length: 22364
  Contribution to Diversity: 0
  Route: [28, 51, 5, 35, 29, 42, 1, 7, 44, 3, 9, 8, 41, 31, 18, 17, 21, 2, 47, 27, 14, 11, 50, 25, 20, 37, 40, 48, 24, 16, 30, 52, 49, 15, 33, 43, 19, 23, 10, 34, 6, 36, 38, 45, 39, 4, 32, 46, 26, 13, 12, 22]

Individual 142:
  Route length: 22530
  Contribution to Diversity: 0.00022167632618863564
  Route: [6, 12, 39, 29, 4, 13, 11, 52, 26, 27, 46, 49, 33, 15, 48, 10, 8, 37, 41, 50, 44, 9, 32, 1, 38, 30, 17, 3, 36, 35, 18, 45, 42, 7, 2, 47, 23, 31, 16, 40, 20, 28, 21, 43, 5, 34, 24, 25, 51, 14, 19, 22]

Individual 143:
  Route length: 22554
  Contribution to Diversity: 0.0010535215377291962
  Route: [1, 31, 42, 14, 13, 33, 43, 17, 32, 24, 10, 9, 49, 3, 34, 47, 11, 28, 5, 36, 35, 44, 27, 8, 25, 4, 6, 51, 45, 19, 18, 48, 46, 26, 23, 40, 37, 38, 12, 15, 41, 7, 2, 21, 39, 29, 30, 50, 16, 20, 52, 22]

Individual 144:
  Route length: 22444
  Contribution to Diversity: 0
  Route: [33, 35, 32, 3, 39, 12, 25, 14, 52, 9, 43, 37, 45, 47, 11, 1, 49, 7, 8, 41, 2, 42, 17, 34, 44, 23, 48, 21, 18, 20, 24, 40, 15, 46, 16, 38, 5, 51, 26, 31, 29, 36, 19, 10, 4, 6, 13, 27, 28, 30, 50, 22]

Individual 145:
  Route length: 21419
  Contribution to Diversity: 0
  Route: [26, 13, 14, 52, 12, 47, 34, 30, 1, 23, 48, 35, 51, 33, 32, 46, 5, 16, 4, 25, 38, 37, 21, 9, 18, 31, 41, 8, 15, 45, 19, 36, 6, 10, 42, 2, 29, 20, 3, 44, 50, 27, 49, 17, 7, 39, 11, 28, 43, 24, 40, 22]

Individual 146:
  Route length: 22443
  Contribution to Diversity: 0.00017724090821502614
  Route: [51, 28, 12, 46, 6, 9, 17, 45, 24, 25, 10, 30, 23, 36, 33, 32, 41, 19, 15, 43, 47, 13, 27, 37, 38, 31, 26, 39, 34, 5, 21, 16, 50, 44, 1, 29, 2, 20, 42, 7, 40, 11, 52, 14, 8, 4, 3, 48, 35, 49, 18, 22]

Individual 147:
  Route length: 22563
  Contribution to Diversity: 0.0005035827867310161
  Route: [41, 2, 15, 5, 38, 12, 11, 47, 31, 37, 16, 29, 42, 23, 10, 46, 34, 43, 19, 8, 24, 20, 30, 27, 26, 40, 1, 6, 48, 32, 21, 39, 18, 35, 51, 52, 28, 13, 14, 50, 9, 33, 25, 7, 17, 3, 4, 49, 44, 36, 45, 22]

Individual 148:
  Route length: 21067
  Contribution to Diversity: 0
  Route: [1, 3, 17, 36, 50, 21, 35, 39, 27, 4, 5, 13, 26, 25, 44, 20, 28, 24, 43, 31, 32, 23, 16, 2, 41, 19, 42, 7, 37, 51, 40, 15, 45, 10, 9, 8, 29, 38, 33, 11, 14, 52, 12, 6, 48, 30, 47, 46, 18, 34, 49, 22]

Individual 149:
  Route length: 22033
  Contribution to Diversity: 0.0005999999627830377
  Route: [26, 47, 12, 35, 34, 44, 3, 46, 4, 52, 11, 25, 48, 39, 1, 5, 16, 29, 32, 40, 41, 8, 49, 31, 23, 17, 9, 2, 7, 50, 27, 20, 24, 15, 10, 19, 45, 33, 51, 43, 36, 6, 18, 14, 38, 37, 13, 28, 21, 42, 30, 22]

Total Entropy H: 6.876755678626524
