Individual 0:
  Route length: 15026
  Contribution to Diversity: 0.0005346071473546488
  Route: [14, 1, 43, 12, 25, 39, 40, 37, 38, 48, 24, 5, 15, 52, 33, 51, 11, 4, 6, 19, 45, 32, 49, 21, 42, 7, 2, 30, 23, 20, 50, 29, 16, 46, 44, 34, 35, 36, 41, 8, 9, 10, 27, 28, 26, 47, 13, 17, 3, 18, 31, 22]

Individual 1:
  Route length: 14877
  Contribution to Diversity: 0.00017026462132907483
  Route: [12, 28, 27, 26, 47, 9, 10, 43, 33, 51, 11, 52, 14, 13, 44, 34, 35, 36, 39, 25, 4, 6, 1, 40, 45, 24, 5, 15, 38, 19, 32, 49, 30, 23, 20, 50, 29, 41, 8, 37, 2, 7, 48, 46, 42, 21, 17, 3, 18, 31, 16, 22]

Individual 2:
  Route length: 15020
  Contribution to Diversity: 0.00016636813056347677
  Route: [1, 50, 29, 16, 46, 52, 11, 51, 33, 43, 10, 9, 34, 36, 28, 27, 26, 8, 32, 20, 23, 30, 41, 19, 45, 44, 35, 14, 13, 47, 18, 12, 25, 4, 6, 15, 5, 24, 48, 38, 37, 40, 39, 2, 7, 42, 49, 3, 17, 21, 31, 22]

Individual 3:
  Route length: 15013
  Contribution to Diversity: 0.0003659975996423981
  Route: [1, 8, 34, 50, 10, 43, 21, 42, 7, 2, 30, 23, 20, 16, 37, 52, 14, 13, 47, 26, 27, 28, 12, 49, 9, 46, 44, 35, 25, 4, 6, 15, 5, 24, 48, 38, 29, 36, 39, 40, 45, 19, 41, 32, 11, 51, 33, 31, 18, 3, 17, 22]

Individual 4:
  Route length: 15042
  Contribution to Diversity: 0.00029409125534751723
  Route: [32, 6, 33, 21, 42, 7, 49, 1, 51, 4, 17, 25, 12, 28, 27, 38, 37, 11, 52, 14, 13, 47, 26, 24, 5, 15, 36, 35, 34, 44, 46, 16, 29, 50, 20, 23, 30, 2, 48, 39, 40, 41, 19, 45, 8, 9, 10, 43, 3, 18, 31, 22]

Individual 5:
  Route length: 14998
  Contribution to Diversity: 0.0012638973233034534
  Route: [1, 39, 36, 35, 34, 38, 47, 13, 14, 52, 11, 51, 33, 43, 10, 9, 8, 30, 23, 25, 44, 31, 18, 6, 48, 24, 2, 3, 21, 42, 7, 40, 20, 50, 29, 16, 46, 32, 45, 19, 41, 5, 15, 17, 37, 12, 28, 27, 26, 4, 49, 22]

Individual 6:
  Route length: 15077
  Contribution to Diversity: 7.376473858844435e-05
  Route: [1, 24, 48, 38, 37, 51, 32, 49, 31, 40, 18, 3, 17, 33, 43, 10, 9, 8, 41, 19, 45, 11, 52, 14, 21, 39, 36, 23, 30, 2, 7, 42, 46, 44, 12, 25, 4, 6, 15, 5, 13, 47, 26, 28, 27, 34, 35, 20, 50, 29, 16, 22]

Individual 7:
  Route length: 14774
  Contribution to Diversity: 0.0011725658789627502
  Route: [1, 49, 32, 45, 19, 47, 13, 14, 52, 11, 51, 33, 4, 6, 15, 5, 24, 48, 38, 37, 17, 46, 43, 10, 9, 8, 41, 21, 42, 7, 3, 39, 36, 35, 34, 44, 25, 31, 18, 28, 12, 16, 40, 27, 26, 2, 30, 23, 20, 50, 29, 22]

Individual 8:
  Route length: 14986
  Contribution to Diversity: 0.0005279247909406592
  Route: [1, 49, 9, 43, 7, 2, 30, 29, 50, 20, 23, 16, 46, 45, 19, 41, 42, 32, 51, 11, 52, 10, 38, 37, 40, 39, 8, 48, 24, 5, 15, 6, 4, 25, 12, 28, 27, 26, 47, 13, 14, 33, 44, 34, 35, 36, 21, 17, 3, 18, 31, 22]

Individual 9:
  Route length: 14955
  Contribution to Diversity: 0.000132675288314843
  Route: [1, 49, 32, 34, 35, 36, 39, 40, 37, 38, 48, 10, 43, 33, 51, 11, 52, 14, 13, 8, 9, 27, 26, 47, 41, 19, 45, 28, 24, 5, 15, 6, 18, 44, 3, 17, 4, 25, 12, 42, 7, 2, 30, 23, 20, 50, 29, 16, 46, 31, 21, 22]

Individual 10:
  Route length: 14922
  Contribution to Diversity: 0.0004698292968194906
  Route: [12, 28, 27, 26, 47, 19, 32, 49, 1, 13, 14, 52, 11, 51, 33, 30, 2, 7, 9, 10, 43, 16, 31, 18, 45, 40, 8, 41, 48, 38, 37, 42, 21, 17, 3, 44, 34, 35, 36, 39, 25, 4, 6, 15, 5, 24, 46, 50, 20, 23, 29, 22]

Individual 11:
  Route length: 14756
  Contribution to Diversity: 0.0006211364163153377
  Route: [1, 49, 32, 45, 25, 4, 6, 17, 19, 9, 41, 7, 42, 21, 23, 30, 2, 20, 50, 29, 16, 51, 33, 43, 10, 36, 35, 34, 44, 48, 24, 5, 37, 46, 38, 8, 15, 47, 13, 14, 52, 11, 39, 40, 26, 27, 28, 12, 3, 18, 31, 22]

Individual 12:
  Route length: 15069
  Contribution to Diversity: 0.0020531591458450293
  Route: [1, 49, 32, 45, 4, 43, 10, 9, 8, 41, 19, 20, 23, 30, 2, 7, 18, 36, 16, 46, 44, 34, 35, 29, 50, 39, 40, 42, 21, 17, 3, 47, 52, 14, 13, 31, 37, 38, 48, 24, 25, 26, 15, 5, 11, 12, 27, 28, 51, 33, 6, 22]

Individual 13:
  Route length: 14896
  Contribution to Diversity: 0.0006405989232103337
  Route: [32, 49, 1, 5, 15, 20, 46, 42, 7, 2, 30, 21, 40, 39, 36, 35, 34, 6, 4, 25, 44, 12, 23, 16, 29, 50, 27, 52, 14, 13, 47, 26, 28, 43, 51, 33, 8, 9, 10, 11, 41, 19, 45, 24, 48, 38, 37, 31, 18, 3, 17, 22]

Individual 14:
  Route length: 15032
  Contribution to Diversity: 0.0003108884612279539
  Route: [1, 49, 32, 45, 19, 9, 16, 23, 30, 2, 20, 50, 29, 10, 43, 33, 51, 15, 47, 13, 14, 52, 11, 39, 40, 35, 36, 12, 25, 28, 27, 26, 41, 8, 7, 42, 21, 17, 6, 4, 38, 46, 37, 5, 24, 48, 44, 34, 3, 18, 31, 22]

Individual 15:
  Route length: 14683
  Contribution to Diversity: 0.001148166817596774
  Route: [1, 29, 50, 20, 2, 30, 23, 21, 42, 7, 41, 46, 38, 8, 33, 51, 15, 47, 13, 14, 52, 11, 10, 43, 37, 5, 24, 48, 44, 34, 35, 36, 6, 4, 25, 12, 28, 27, 26, 40, 39, 45, 32, 49, 16, 9, 19, 18, 3, 17, 31, 22]

Individual 16:
  Route length: 15039
  Contribution to Diversity: 0.001368492784742159
  Route: [45, 16, 4, 31, 32, 49, 1, 19, 41, 23, 51, 33, 43, 10, 9, 8, 47, 26, 27, 28, 12, 25, 20, 44, 34, 37, 40, 39, 36, 35, 38, 48, 24, 30, 2, 7, 42, 21, 17, 3, 13, 14, 52, 11, 46, 18, 50, 29, 5, 15, 6, 22]

Individual 17:
  Route length: 14984
  Contribution to Diversity: 8.052033248429069e-05
  Route: [49, 24, 35, 51, 33, 44, 34, 13, 47, 26, 27, 28, 52, 11, 14, 1, 17, 21, 42, 7, 32, 45, 19, 41, 8, 9, 10, 43, 3, 18, 31, 36, 39, 25, 12, 2, 30, 23, 46, 16, 29, 50, 20, 4, 6, 15, 5, 40, 37, 38, 48, 22]

Individual 18:
  Route length: 14963
  Contribution to Diversity: 0.0007731142164590921
  Route: [21, 42, 7, 2, 30, 17, 20, 50, 25, 12, 52, 14, 13, 47, 45, 29, 1, 28, 49, 32, 16, 46, 44, 34, 35, 26, 27, 15, 5, 24, 23, 6, 4, 36, 39, 40, 37, 38, 48, 11, 51, 33, 43, 10, 9, 3, 8, 41, 19, 18, 31, 22]

Individual 19:
  Route length: 14743
  Contribution to Diversity: 0.0010180508786428177
  Route: [1, 39, 36, 35, 34, 44, 25, 40, 30, 23, 8, 9, 10, 43, 33, 51, 11, 52, 14, 13, 47, 38, 37, 28, 12, 3, 17, 21, 42, 7, 19, 45, 32, 46, 20, 50, 29, 16, 27, 26, 4, 49, 2, 24, 48, 6, 15, 5, 41, 18, 31, 22]

Individual 20:
  Route length: 14644
  Contribution to Diversity: 0.0004939353710673444
  Route: [1, 50, 29, 28, 15, 51, 11, 52, 39, 16, 46, 44, 45, 19, 41, 8, 32, 49, 42, 7, 2, 30, 23, 20, 26, 27, 14, 13, 47, 18, 12, 43, 33, 25, 4, 6, 10, 9, 34, 36, 40, 37, 38, 48, 24, 5, 35, 3, 17, 21, 31, 22]

Individual 21:
  Route length: 14900
  Contribution to Diversity: 6.266789199571576e-05
  Route: [1, 49, 32, 51, 33, 41, 8, 9, 10, 43, 40, 21, 11, 52, 14, 50, 29, 16, 24, 48, 38, 37, 31, 19, 45, 20, 35, 34, 27, 28, 26, 47, 13, 5, 15, 6, 12, 25, 4, 46, 44, 42, 7, 2, 30, 23, 36, 39, 17, 3, 18, 22]

Individual 22:
  Route length: 14752
  Contribution to Diversity: 0.00032793129655672715
  Route: [21, 42, 7, 2, 30, 17, 34, 35, 26, 27, 37, 40, 39, 36, 4, 6, 15, 5, 24, 23, 20, 50, 25, 12, 52, 14, 13, 47, 45, 29, 1, 28, 49, 32, 16, 46, 44, 38, 48, 11, 51, 33, 43, 10, 9, 3, 8, 41, 19, 18, 31, 22]

Individual 23:
  Route length: 14709
  Contribution to Diversity: 0.0013933778547929876
  Route: [34, 35, 36, 39, 40, 37, 38, 46, 12, 28, 14, 17, 3, 41, 8, 9, 10, 43, 52, 11, 51, 33, 21, 42, 7, 2, 30, 23, 20, 50, 29, 16, 44, 13, 32, 45, 19, 48, 5, 24, 15, 6, 49, 1, 47, 26, 27, 4, 25, 18, 31, 22]

Individual 24:
  Route length: 14879
  Contribution to Diversity: 0.0009545964497554849
  Route: [20, 13, 47, 26, 27, 29, 16, 12, 28, 45, 19, 41, 8, 46, 32, 9, 11, 52, 14, 50, 6, 15, 4, 25, 49, 1, 18, 3, 17, 21, 42, 7, 2, 30, 23, 31, 10, 43, 33, 51, 44, 34, 35, 36, 39, 40, 37, 38, 48, 24, 5, 22]

Individual 25:
  Route length: 14656
  Contribution to Diversity: 0.0013100651073232328
  Route: [43, 41, 6, 4, 36, 39, 40, 50, 29, 27, 28, 12, 25, 8, 9, 10, 15, 26, 46, 16, 1, 49, 32, 45, 19, 7, 2, 42, 21, 17, 37, 31, 18, 3, 35, 33, 51, 11, 52, 14, 13, 47, 34, 44, 38, 48, 24, 5, 30, 23, 20, 22]

Individual 26:
  Route length: 15042
  Contribution to Diversity: 0.00046229366215921885
  Route: [1, 49, 32, 9, 8, 41, 23, 20, 50, 6, 39, 19, 36, 30, 28, 12, 25, 4, 15, 29, 16, 46, 44, 45, 51, 11, 52, 14, 13, 47, 26, 27, 2, 7, 17, 21, 42, 18, 31, 10, 43, 33, 35, 34, 3, 40, 37, 38, 48, 24, 5, 22]

Individual 27:
  Route length: 14722
  Contribution to Diversity: 0.0010483766756657076
  Route: [1, 50, 51, 49, 24, 46, 44, 12, 25, 4, 3, 18, 7, 42, 21, 17, 36, 39, 40, 37, 38, 5, 15, 6, 8, 9, 10, 43, 33, 41, 19, 45, 32, 29, 48, 16, 11, 52, 14, 13, 47, 26, 28, 27, 34, 35, 30, 2, 23, 20, 31, 22]

Individual 28:
  Route length: 15013
  Contribution to Diversity: 0.001803208169728343
  Route: [25, 4, 6, 15, 5, 13, 18, 31, 48, 38, 29, 50, 20, 23, 24, 35, 40, 36, 46, 16, 14, 52, 11, 51, 33, 43, 10, 9, 8, 41, 19, 2, 47, 26, 27, 28, 12, 1, 7, 42, 21, 17, 3, 45, 32, 49, 30, 39, 37, 44, 34, 22]

Individual 29:
  Route length: 14743
  Contribution to Diversity: 0.0008432578849806305
  Route: [43, 10, 9, 8, 40, 37, 31, 4, 25, 12, 28, 27, 26, 13, 14, 52, 11, 46, 16, 23, 24, 50, 20, 44, 39, 36, 35, 18, 3, 29, 5, 15, 6, 47, 30, 2, 7, 42, 21, 1, 17, 32, 49, 45, 19, 41, 34, 38, 48, 33, 51, 22]

Individual 30:
  Route length: 14940
  Contribution to Diversity: 0.00046877101293585355
  Route: [1, 23, 29, 16, 35, 49, 32, 45, 19, 41, 25, 12, 28, 26, 27, 18, 31, 50, 20, 40, 39, 36, 37, 38, 48, 24, 51, 11, 52, 47, 13, 21, 42, 7, 2, 30, 46, 33, 43, 10, 9, 8, 3, 17, 6, 15, 5, 44, 34, 4, 14, 22]

Individual 31:
  Route length: 14818
  Contribution to Diversity: 0.0006981682985163218
  Route: [45, 4, 35, 34, 44, 46, 16, 47, 39, 40, 42, 21, 17, 3, 18, 7, 2, 30, 20, 23, 41, 19, 29, 50, 49, 1, 5, 15, 6, 43, 10, 9, 8, 32, 24, 48, 38, 37, 31, 13, 14, 52, 11, 33, 51, 25, 26, 27, 28, 12, 36, 22]

Individual 32:
  Route length: 14970
  Contribution to Diversity: 0.0005512100164901668
  Route: [1, 49, 32, 36, 35, 30, 2, 20, 50, 29, 16, 9, 25, 4, 6, 44, 34, 48, 24, 5, 15, 41, 8, 37, 46, 38, 52, 11, 12, 28, 27, 26, 47, 13, 14, 51, 19, 45, 7, 42, 21, 23, 33, 43, 10, 39, 40, 17, 3, 18, 31, 22]

Individual 33:
  Route length: 15045
  Contribution to Diversity: 0.0005071551006921027
  Route: [1, 20, 16, 37, 52, 14, 13, 47, 26, 27, 28, 12, 49, 9, 46, 44, 34, 8, 19, 45, 40, 39, 36, 35, 10, 38, 29, 50, 48, 24, 5, 15, 6, 4, 25, 51, 11, 32, 41, 23, 30, 2, 7, 42, 21, 43, 33, 31, 18, 3, 17, 22]

Individual 34:
  Route length: 14939
  Contribution to Diversity: 0.0009877514309613034
  Route: [6, 4, 25, 12, 28, 24, 32, 45, 30, 18, 3, 17, 21, 9, 8, 41, 19, 16, 48, 31, 1, 23, 38, 37, 40, 39, 36, 5, 15, 29, 50, 20, 42, 7, 2, 10, 43, 33, 51, 11, 13, 14, 52, 46, 44, 34, 35, 49, 47, 26, 27, 22]

Individual 35:
  Route length: 14793
  Contribution to Diversity: 0.0022507716234754227
  Route: [1, 50, 51, 8, 9, 10, 12, 4, 25, 19, 45, 32, 29, 48, 16, 11, 52, 14, 13, 47, 26, 28, 27, 43, 33, 18, 3, 41, 23, 20, 31, 49, 24, 46, 44, 34, 35, 30, 2, 7, 42, 21, 17, 36, 39, 40, 37, 38, 5, 15, 6, 22]

Individual 36:
  Route length: 14572
  Contribution to Diversity: 0.00211820616824987
  Route: [1, 49, 32, 42, 7, 2, 30, 27, 28, 11, 51, 13, 48, 38, 40, 37, 52, 14, 47, 26, 35, 36, 39, 12, 33, 43, 10, 9, 8, 41, 19, 5, 24, 17, 3, 18, 31, 4, 6, 15, 46, 44, 34, 23, 20, 50, 29, 45, 25, 16, 21, 22]

Individual 37:
  Route length: 14827
  Contribution to Diversity: 0.0014443503199963459
  Route: [12, 27, 26, 47, 19, 32, 50, 20, 49, 16, 31, 18, 3, 17, 21, 42, 7, 2, 30, 23, 28, 29, 46, 44, 34, 35, 36, 39, 15, 6, 4, 25, 38, 48, 41, 5, 37, 40, 45, 24, 51, 33, 43, 10, 9, 8, 11, 52, 14, 13, 1, 22]

Individual 38:
  Route length: 14694
  Contribution to Diversity: 0.001017065189146571
  Route: [23, 34, 41, 19, 45, 32, 49, 37, 40, 8, 9, 10, 43, 29, 39, 44, 20, 50, 31, 4, 33, 48, 38, 2, 7, 42, 21, 17, 3, 1, 30, 24, 15, 5, 12, 28, 25, 51, 27, 26, 47, 13, 14, 52, 11, 46, 16, 36, 35, 18, 6, 22]

Individual 39:
  Route length: 14983
  Contribution to Diversity: 0.0004052222076547096
  Route: [6, 38, 48, 24, 5, 30, 23, 20, 50, 4, 25, 12, 28, 27, 26, 47, 13, 14, 51, 11, 40, 37, 35, 15, 29, 52, 19, 7, 2, 42, 21, 17, 34, 44, 39, 36, 31, 18, 3, 46, 16, 1, 49, 32, 45, 33, 43, 41, 8, 9, 10, 22]

Individual 40:
  Route length: 14984
  Contribution to Diversity: 0.0012735876270832946
  Route: [1, 49, 32, 45, 4, 43, 10, 9, 8, 41, 19, 35, 34, 44, 42, 40, 39, 29, 50, 20, 23, 30, 2, 7, 18, 36, 16, 46, 6, 26, 25, 28, 27, 51, 52, 14, 13, 31, 37, 38, 48, 24, 15, 5, 33, 11, 12, 47, 3, 17, 21, 22]

Individual 41:
  Route length: 14703
  Contribution to Diversity: 0.0008599860596767428
  Route: [1, 35, 34, 36, 27, 26, 47, 13, 14, 52, 46, 37, 40, 28, 41, 19, 44, 23, 30, 2, 7, 42, 38, 48, 24, 5, 15, 25, 12, 49, 32, 11, 51, 33, 43, 10, 9, 3, 17, 21, 8, 16, 29, 50, 20, 39, 4, 6, 45, 18, 31, 22]

Individual 42:
  Route length: 14998
  Contribution to Diversity: 0.0009257186265685391
  Route: [23, 50, 34, 41, 19, 45, 2, 7, 42, 21, 17, 3, 18, 35, 36, 20, 44, 39, 29, 43, 10, 9, 8, 40, 37, 49, 4, 25, 48, 33, 51, 31, 32, 12, 28, 27, 26, 47, 13, 14, 52, 11, 46, 16, 38, 1, 24, 30, 5, 15, 6, 22]

Individual 43:
  Route length: 15013
  Contribution to Diversity: 0.0007140409520705049
  Route: [33, 51, 11, 25, 48, 24, 28, 12, 47, 26, 27, 18, 3, 17, 50, 29, 32, 45, 2, 7, 42, 21, 20, 23, 30, 37, 40, 38, 31, 1, 16, 46, 49, 35, 6, 4, 19, 41, 8, 9, 10, 43, 34, 44, 52, 14, 13, 15, 5, 36, 39, 22]

Individual 44:
  Route length: 14853
  Contribution to Diversity: 0.0006800005968017331
  Route: [33, 51, 11, 25, 48, 24, 28, 12, 47, 26, 27, 18, 3, 17, 50, 29, 32, 45, 2, 7, 42, 21, 20, 23, 30, 37, 38, 40, 39, 36, 5, 44, 52, 14, 13, 15, 34, 43, 10, 9, 8, 41, 19, 4, 6, 35, 49, 46, 16, 1, 31, 22]

Individual 45:
  Route length: 14996
  Contribution to Diversity: 0.0006681840915261361
  Route: [1, 46, 38, 8, 41, 7, 42, 21, 24, 5, 15, 6, 4, 25, 12, 23, 44, 48, 34, 30, 2, 20, 50, 29, 16, 9, 19, 45, 37, 27, 26, 52, 14, 13, 47, 28, 49, 32, 36, 39, 40, 35, 11, 51, 33, 43, 10, 17, 3, 18, 31, 22]

Individual 46:
  Route length: 14902
  Contribution to Diversity: 0.000986314250356557
  Route: [1, 46, 12, 25, 4, 6, 15, 5, 24, 21, 42, 7, 41, 8, 38, 2, 30, 34, 48, 44, 23, 20, 50, 29, 16, 9, 19, 45, 37, 27, 26, 52, 14, 13, 47, 28, 49, 32, 36, 39, 40, 35, 11, 51, 33, 43, 10, 17, 3, 18, 31, 22]

Individual 47:
  Route length: 14687
  Contribution to Diversity: 0.00014603753976949463
  Route: [1, 49, 32, 36, 35, 30, 2, 20, 50, 29, 16, 23, 33, 43, 10, 6, 4, 25, 12, 28, 27, 15, 5, 24, 48, 34, 44, 45, 19, 9, 17, 40, 39, 26, 47, 13, 14, 51, 11, 52, 38, 46, 37, 8, 41, 7, 42, 21, 3, 18, 31, 22]

Individual 48:
  Route length: 14779
  Contribution to Diversity: 0.00055218165885762
  Route: [1, 38, 37, 40, 4, 36, 42, 21, 17, 32, 49, 6, 50, 23, 20, 46, 16, 29, 35, 48, 15, 5, 25, 12, 10, 41, 8, 9, 44, 7, 2, 30, 47, 26, 27, 28, 43, 33, 51, 11, 52, 14, 13, 39, 24, 3, 18, 31, 45, 19, 34, 22]

Individual 49:
  Route length: 14870
  Contribution to Diversity: 0.0005670314972014978
  Route: [1, 49, 17, 3, 18, 31, 19, 41, 8, 9, 44, 46, 16, 45, 4, 25, 26, 27, 28, 12, 33, 51, 36, 20, 23, 30, 2, 34, 35, 24, 48, 38, 37, 40, 39, 32, 50, 29, 43, 10, 7, 42, 21, 47, 13, 14, 52, 11, 5, 15, 6, 22]

Individual 50:
  Route length: 14750
  Contribution to Diversity: 0.0010199055716837435
  Route: [25, 44, 39, 29, 43, 20, 50, 23, 16, 46, 11, 52, 14, 13, 47, 26, 27, 28, 12, 5, 15, 38, 1, 24, 30, 2, 7, 42, 21, 17, 3, 18, 34, 41, 19, 45, 32, 49, 4, 10, 9, 8, 40, 37, 31, 51, 33, 48, 36, 35, 6, 22]

Individual 51:
  Route length: 14782
  Contribution to Diversity: 0.0009564234126040461
  Route: [1, 32, 12, 28, 13, 47, 26, 27, 4, 6, 15, 5, 41, 24, 30, 46, 33, 43, 40, 20, 50, 29, 16, 49, 44, 8, 9, 10, 39, 36, 37, 38, 48, 45, 34, 35, 19, 23, 25, 51, 11, 52, 14, 2, 7, 42, 21, 17, 3, 18, 31, 22]

Individual 52:
  Route length: 13817
  Contribution to Diversity: 0.0002165142762438066
  Route: [4, 6, 48, 24, 28, 12, 47, 26, 27, 18, 3, 17, 50, 29, 32, 45, 2, 7, 42, 21, 20, 23, 30, 37, 38, 40, 39, 36, 5, 15, 13, 14, 52, 25, 11, 51, 33, 10, 9, 8, 41, 19, 43, 34, 44, 35, 49, 46, 16, 1, 31, 22]

Individual 53:
  Route length: 14983
  Contribution to Diversity: 0.00041485851516842587
  Route: [1, 49, 32, 37, 38, 48, 35, 34, 44, 46, 16, 29, 50, 42, 21, 51, 11, 52, 7, 30, 2, 19, 41, 8, 9, 10, 43, 33, 40, 39, 36, 45, 14, 13, 47, 26, 27, 28, 12, 24, 15, 6, 4, 25, 17, 23, 20, 5, 3, 18, 31, 22]

Individual 54:
  Route length: 14965
  Contribution to Diversity: 0.0005979667518936083
  Route: [4, 6, 48, 24, 28, 12, 47, 26, 27, 18, 3, 17, 50, 29, 32, 45, 2, 7, 42, 21, 51, 11, 25, 52, 14, 13, 15, 5, 36, 39, 40, 38, 37, 30, 23, 20, 44, 34, 43, 19, 41, 8, 9, 10, 33, 35, 49, 46, 16, 1, 31, 22]

Individual 55:
  Route length: 14884
  Contribution to Diversity: 0.0006646071737010928
  Route: [32, 5, 24, 26, 47, 13, 14, 52, 11, 29, 50, 19, 45, 51, 27, 28, 12, 25, 17, 3, 18, 31, 41, 8, 9, 10, 43, 33, 21, 42, 7, 49, 1, 39, 40, 37, 38, 48, 34, 44, 46, 16, 6, 4, 23, 35, 15, 36, 30, 2, 20, 22]

Individual 56:
  Route length: 14734
  Contribution to Diversity: 0.0005477711021768528
  Route: [1, 20, 8, 41, 19, 45, 32, 49, 44, 26, 47, 13, 27, 28, 12, 25, 4, 6, 11, 51, 33, 46, 16, 14, 52, 37, 38, 48, 39, 35, 36, 24, 5, 15, 2, 7, 42, 21, 17, 3, 18, 43, 30, 23, 40, 34, 10, 9, 50, 29, 31, 22]

Individual 57:
  Route length: 14812
  Contribution to Diversity: 0.0009548980203923918
  Route: [1, 20, 16, 37, 52, 14, 13, 47, 26, 27, 28, 12, 49, 9, 46, 44, 34, 8, 19, 45, 40, 39, 36, 38, 29, 50, 48, 24, 5, 15, 6, 4, 25, 35, 43, 10, 21, 42, 7, 2, 30, 23, 41, 32, 11, 51, 33, 31, 18, 3, 17, 22]

Individual 58:
  Route length: 14822
  Contribution to Diversity: 1.4544145132688868e-05
  Route: [1, 38, 37, 40, 6, 50, 20, 23, 42, 21, 17, 3, 18, 31, 24, 39, 13, 14, 52, 11, 51, 33, 43, 7, 28, 27, 26, 47, 34, 16, 29, 35, 32, 49, 48, 45, 19, 41, 8, 9, 10, 12, 25, 5, 15, 4, 36, 44, 46, 2, 30, 22]

Individual 59:
  Route length: 14903
  Contribution to Diversity: 0.0007911083525904417
  Route: [6, 4, 25, 12, 28, 24, 48, 19, 41, 8, 9, 21, 17, 3, 18, 30, 45, 32, 52, 14, 13, 11, 51, 33, 43, 10, 2, 7, 42, 20, 50, 29, 15, 5, 36, 39, 23, 38, 37, 40, 35, 34, 44, 46, 16, 1, 31, 49, 47, 26, 27, 22]

Individual 60:
  Route length: 14979
  Contribution to Diversity: 0.0007957185895319796
  Route: [1, 50, 29, 28, 15, 51, 11, 52, 39, 16, 46, 44, 45, 19, 41, 8, 32, 49, 42, 7, 2, 30, 23, 20, 26, 27, 14, 13, 47, 18, 12, 6, 4, 25, 33, 43, 10, 9, 34, 36, 40, 37, 21, 17, 3, 35, 5, 24, 48, 38, 31, 22]

Individual 61:
  Route length: 15015
  Contribution to Diversity: 0.00021879195545881913
  Route: [49, 39, 43, 10, 9, 8, 1, 19, 14, 13, 47, 11, 52, 28, 27, 26, 24, 48, 36, 35, 34, 44, 33, 51, 40, 37, 38, 46, 16, 29, 50, 20, 4, 6, 15, 5, 23, 30, 2, 12, 25, 41, 45, 32, 7, 42, 21, 17, 3, 18, 31, 22]

Individual 62:
  Route length: 14845
  Contribution to Diversity: 0.00029197502781563855
  Route: [45, 19, 41, 8, 9, 28, 27, 47, 26, 24, 50, 29, 16, 46, 4, 6, 14, 52, 11, 51, 33, 43, 10, 20, 23, 30, 2, 7, 42, 5, 40, 39, 36, 35, 13, 32, 15, 34, 44, 31, 18, 3, 17, 21, 12, 25, 37, 38, 48, 49, 1, 22]

Individual 63:
  Route length: 14659
  Contribution to Diversity: 0.00026602759668215015
  Route: [1, 29, 42, 21, 6, 15, 5, 4, 9, 10, 52, 14, 13, 47, 32, 49, 20, 23, 30, 2, 7, 17, 40, 39, 36, 37, 38, 48, 24, 8, 45, 43, 33, 51, 11, 16, 46, 44, 34, 35, 26, 27, 28, 12, 25, 50, 41, 19, 3, 18, 31, 22]

Individual 64:
  Route length: 14502
  Contribution to Diversity: 0.0008419319723902419
  Route: [1, 49, 32, 23, 17, 21, 42, 4, 25, 12, 28, 30, 24, 48, 38, 37, 45, 19, 3, 15, 5, 46, 44, 34, 35, 6, 13, 14, 52, 11, 51, 33, 27, 26, 47, 16, 29, 7, 2, 31, 20, 50, 36, 39, 40, 41, 18, 8, 9, 10, 43, 22]

Individual 65:
  Route length: 15081
  Contribution to Diversity: 0.0018951032932097434
  Route: [1, 24, 17, 3, 18, 31, 52, 14, 47, 26, 44, 46, 34, 23, 20, 30, 2, 7, 42, 12, 25, 45, 32, 49, 5, 19, 41, 8, 9, 10, 43, 33, 21, 4, 6, 15, 35, 36, 39, 40, 37, 38, 48, 13, 51, 11, 28, 27, 16, 29, 50, 22]

Individual 66:
  Route length: 14847
  Contribution to Diversity: 0.0019176135062970445
  Route: [1, 49, 32, 45, 50, 34, 48, 21, 42, 7, 41, 8, 9, 19, 23, 35, 36, 33, 51, 11, 52, 14, 13, 47, 26, 27, 28, 12, 25, 4, 6, 29, 16, 37, 46, 38, 43, 2, 30, 24, 5, 15, 44, 10, 39, 40, 17, 3, 20, 18, 31, 22]

Individual 67:
  Route length: 14601
  Contribution to Diversity: 0.00015833355249039727
  Route: [40, 34, 35, 48, 24, 50, 29, 16, 46, 38, 30, 23, 21, 36, 49, 41, 8, 44, 2, 20, 25, 4, 6, 15, 5, 12, 28, 27, 26, 47, 13, 14, 52, 11, 10, 9, 37, 32, 43, 51, 33, 45, 19, 3, 17, 42, 7, 39, 18, 31, 1, 22]

Individual 68:
  Route length: 14535
  Contribution to Diversity: 0.000755650220075843
  Route: [6, 4, 25, 12, 28, 27, 26, 47, 13, 14, 52, 11, 51, 33, 43, 41, 8, 17, 39, 40, 37, 50, 29, 20, 36, 35, 19, 45, 32, 9, 42, 21, 2, 7, 44, 10, 15, 49, 48, 24, 5, 30, 23, 34, 38, 3, 46, 16, 1, 18, 31, 22]

Individual 69:
  Route length: 14539
  Contribution to Diversity: 0.00035139162140662705
  Route: [47, 26, 27, 28, 12, 25, 1, 2, 20, 23, 30, 16, 5, 52, 14, 13, 29, 50, 46, 44, 34, 7, 42, 21, 17, 3, 4, 6, 15, 45, 32, 49, 19, 39, 36, 35, 40, 11, 51, 33, 43, 10, 9, 8, 41, 24, 48, 38, 37, 18, 31, 22]

Individual 70:
  Route length: 15073
  Contribution to Diversity: 0.0002953187492478193
  Route: [1, 49, 32, 6, 13, 14, 52, 11, 51, 33, 27, 26, 47, 16, 24, 48, 38, 37, 45, 19, 30, 23, 7, 29, 43, 10, 9, 8, 4, 25, 12, 28, 20, 50, 36, 39, 40, 41, 2, 17, 21, 42, 35, 34, 44, 46, 5, 15, 3, 18, 31, 22]

Individual 71:
  Route length: 14908
  Contribution to Diversity: 0.0013425298797633545
  Route: [23, 34, 41, 19, 45, 40, 37, 49, 32, 21, 42, 7, 2, 10, 43, 9, 8, 17, 3, 1, 30, 24, 15, 5, 12, 28, 25, 4, 31, 50, 20, 44, 39, 29, 38, 48, 33, 51, 27, 26, 47, 13, 14, 52, 11, 46, 16, 36, 35, 18, 6, 22]

Individual 72:
  Route length: 15028
  Contribution to Diversity: 0
  Route: [39, 36, 35, 19, 32, 49, 24, 5, 15, 6, 4, 25, 26, 27, 28, 12, 48, 46, 44, 34, 38, 47, 9, 10, 43, 33, 51, 11, 52, 14, 13, 1, 40, 45, 21, 17, 41, 20, 50, 23, 30, 42, 7, 2, 37, 8, 29, 31, 18, 3, 16, 22]

Individual 73:
  Route length: 14939
  Contribution to Diversity: 0.00037329094014282305
  Route: [32, 5, 24, 26, 47, 13, 14, 52, 11, 45, 50, 19, 49, 1, 18, 31, 41, 8, 9, 10, 43, 33, 21, 42, 7, 29, 16, 46, 44, 34, 48, 38, 37, 40, 39, 25, 17, 3, 12, 28, 27, 51, 4, 6, 36, 15, 35, 23, 30, 2, 20, 22]

Individual 74:
  Route length: 14774
  Contribution to Diversity: 0.00018667524493665155
  Route: [1, 49, 32, 43, 38, 48, 24, 5, 15, 6, 4, 25, 12, 29, 16, 46, 47, 20, 23, 37, 44, 8, 9, 10, 28, 27, 26, 13, 41, 40, 39, 33, 51, 11, 52, 14, 34, 35, 36, 45, 19, 7, 2, 30, 50, 42, 21, 17, 3, 18, 31, 22]

Individual 75:
  Route length: 14663
  Contribution to Diversity: 0.00023717976813664166
  Route: [42, 7, 2, 30, 23, 20, 26, 27, 28, 29, 50, 1, 34, 36, 40, 37, 38, 48, 24, 5, 15, 6, 12, 10, 43, 33, 9, 49, 32, 8, 41, 19, 45, 44, 46, 16, 39, 52, 11, 51, 4, 25, 18, 47, 13, 14, 35, 3, 17, 21, 31, 22]

Individual 76:
  Route length: 14447
  Contribution to Diversity: 0.0008510922026010448
  Route: [1, 50, 29, 28, 15, 51, 52, 11, 33, 43, 10, 9, 34, 36, 47, 18, 12, 13, 14, 27, 26, 20, 23, 30, 2, 7, 42, 49, 32, 8, 41, 19, 45, 44, 46, 16, 39, 25, 4, 6, 40, 37, 38, 48, 24, 5, 35, 3, 17, 21, 31, 22]

Individual 77:
  Route length: 15022
  Contribution to Diversity: 0.002425435106150786
  Route: [21, 42, 7, 2, 30, 25, 3, 8, 41, 19, 36, 39, 40, 37, 38, 15, 5, 24, 48, 1, 29, 45, 47, 13, 14, 52, 12, 33, 43, 10, 9, 4, 6, 28, 27, 26, 35, 34, 44, 46, 16, 32, 49, 17, 11, 51, 23, 20, 50, 31, 18, 22]

Individual 78:
  Route length: 14994
  Contribution to Diversity: 0.0018602803577865146
  Route: [1, 32, 12, 28, 13, 47, 26, 27, 4, 6, 15, 5, 44, 49, 16, 29, 50, 45, 34, 35, 19, 41, 24, 30, 46, 33, 43, 40, 20, 21, 42, 7, 2, 14, 52, 11, 51, 25, 23, 8, 9, 10, 39, 36, 37, 38, 48, 17, 3, 18, 31, 22]

Individual 79:
  Route length: 14984
  Contribution to Diversity: 0.0010664978077477016
  Route: [1, 23, 29, 16, 35, 49, 32, 45, 19, 41, 9, 10, 43, 33, 46, 30, 2, 7, 42, 21, 13, 47, 52, 11, 51, 24, 48, 38, 37, 36, 39, 40, 20, 50, 31, 18, 27, 26, 28, 12, 25, 8, 3, 17, 6, 15, 5, 44, 34, 4, 14, 22]

Individual 80:
  Route length: 14925
  Contribution to Diversity: 0.0010729751521525444
  Route: [1, 50, 29, 28, 15, 51, 11, 52, 39, 16, 34, 9, 10, 6, 4, 25, 33, 43, 12, 18, 47, 13, 14, 27, 26, 20, 23, 30, 2, 7, 42, 49, 32, 8, 41, 19, 45, 44, 46, 38, 37, 40, 36, 48, 24, 5, 35, 3, 17, 21, 31, 22]

Individual 81:
  Route length: 14764
  Contribution to Diversity: 0
  Route: [1, 49, 32, 45, 19, 9, 16, 29, 50, 20, 23, 35, 36, 14, 13, 47, 26, 27, 52, 11, 51, 33, 28, 12, 25, 4, 6, 15, 5, 24, 30, 2, 43, 38, 46, 37, 8, 41, 7, 42, 21, 48, 34, 44, 10, 39, 40, 17, 3, 18, 31, 22]

Individual 82:
  Route length: 14939
  Contribution to Diversity: 0.001231658589277096
  Route: [6, 4, 25, 12, 28, 27, 26, 47, 13, 14, 52, 11, 51, 33, 43, 41, 40, 39, 17, 8, 10, 15, 29, 50, 37, 44, 7, 2, 21, 42, 9, 32, 45, 19, 35, 36, 20, 34, 23, 30, 5, 24, 48, 49, 38, 3, 46, 16, 1, 18, 31, 22]

Individual 83:
  Route length: 14693
  Contribution to Diversity: 0.00014805364995584824
  Route: [49, 24, 35, 51, 33, 44, 34, 13, 47, 26, 27, 28, 52, 11, 14, 1, 39, 36, 31, 18, 3, 43, 10, 9, 8, 41, 19, 45, 32, 7, 42, 21, 17, 23, 30, 2, 12, 25, 46, 16, 29, 50, 20, 4, 6, 15, 5, 40, 37, 38, 48, 22]

Individual 84:
  Route length: 14785
  Contribution to Diversity: 0
  Route: [40, 34, 35, 31, 18, 3, 17, 7, 2, 44, 8, 4, 6, 15, 5, 28, 12, 13, 14, 52, 11, 51, 33, 43, 10, 9, 39, 36, 1, 49, 32, 45, 19, 47, 26, 27, 41, 48, 24, 50, 29, 42, 21, 23, 30, 38, 46, 16, 20, 25, 37, 22]

Individual 85:
  Route length: 14292
  Contribution to Diversity: 0.000242100044932414
  Route: [19, 4, 3, 17, 21, 42, 7, 34, 44, 46, 16, 30, 23, 20, 2, 1, 25, 12, 28, 27, 26, 47, 24, 48, 52, 14, 13, 29, 50, 49, 32, 45, 15, 6, 5, 38, 37, 40, 35, 36, 39, 41, 8, 9, 10, 43, 33, 51, 11, 18, 31, 22]

Individual 86:
  Route length: 14760
  Contribution to Diversity: 0
  Route: [45, 19, 41, 8, 9, 28, 27, 47, 26, 24, 50, 29, 16, 46, 4, 6, 14, 52, 11, 51, 33, 43, 10, 20, 23, 30, 2, 7, 42, 5, 40, 39, 36, 35, 13, 21, 17, 3, 18, 31, 44, 34, 15, 32, 12, 25, 37, 38, 48, 49, 1, 22]

Individual 87:
  Route length: 14813
  Contribution to Diversity: 0.0010669215523462228
  Route: [43, 10, 9, 8, 40, 37, 31, 4, 25, 12, 28, 27, 26, 13, 14, 52, 11, 46, 16, 23, 24, 50, 20, 44, 39, 36, 35, 18, 3, 29, 5, 15, 6, 47, 30, 2, 7, 42, 21, 1, 32, 17, 51, 33, 48, 38, 34, 41, 19, 45, 49, 22]

Individual 88:
  Route length: 14250
  Contribution to Diversity: 0.0007779917710593054
  Route: [32, 49, 1, 5, 15, 20, 46, 42, 7, 2, 30, 21, 40, 39, 36, 35, 34, 6, 4, 25, 44, 12, 23, 16, 29, 50, 27, 52, 14, 13, 47, 26, 28, 43, 51, 11, 10, 9, 8, 33, 37, 38, 48, 24, 45, 19, 41, 31, 18, 3, 17, 22]

Individual 89:
  Route length: 14397
  Contribution to Diversity: 0.0008644199227880733
  Route: [1, 34, 35, 6, 4, 39, 20, 28, 41, 19, 44, 23, 30, 2, 7, 42, 17, 21, 8, 9, 10, 5, 24, 48, 38, 45, 43, 33, 51, 50, 29, 16, 46, 37, 40, 15, 25, 12, 49, 32, 11, 52, 14, 13, 47, 26, 27, 36, 3, 18, 31, 22]

Individual 90:
  Route length: 14504
  Contribution to Diversity: 0
  Route: [25, 47, 26, 27, 28, 12, 48, 46, 44, 34, 38, 39, 36, 35, 19, 32, 49, 24, 5, 15, 6, 4, 18, 31, 29, 8, 37, 2, 7, 42, 30, 23, 50, 20, 41, 17, 21, 45, 40, 1, 13, 14, 52, 11, 51, 33, 43, 10, 9, 3, 16, 22]

Individual 91:
  Route length: 14817
  Contribution to Diversity: 0
  Route: [1, 20, 8, 41, 19, 45, 32, 17, 21, 42, 7, 2, 15, 5, 24, 48, 38, 37, 52, 14, 16, 46, 33, 51, 11, 6, 4, 25, 12, 28, 27, 13, 47, 26, 44, 49, 18, 3, 43, 30, 23, 40, 39, 36, 35, 34, 10, 9, 50, 29, 31, 22]

Individual 92:
  Route length: 15034
  Contribution to Diversity: 0.001035829629207008
  Route: [1, 38, 37, 40, 31, 18, 3, 17, 21, 42, 28, 27, 26, 47, 34, 16, 29, 35, 32, 49, 6, 2, 30, 23, 20, 50, 45, 48, 24, 39, 13, 14, 52, 11, 51, 33, 43, 25, 12, 5, 15, 4, 36, 44, 46, 19, 41, 8, 9, 10, 7, 22]

Individual 93:
  Route length: 14233
  Contribution to Diversity: 0.00026901260492540047
  Route: [19, 4, 3, 17, 21, 42, 7, 34, 44, 46, 16, 30, 23, 20, 2, 11, 51, 33, 43, 10, 9, 8, 41, 39, 36, 35, 40, 37, 38, 5, 6, 15, 45, 32, 49, 50, 29, 13, 14, 52, 48, 24, 47, 26, 27, 28, 12, 25, 1, 31, 18, 22]

Individual 94:
  Route length: 14627
  Contribution to Diversity: 0.0008530957622454594
  Route: [23, 20, 50, 6, 49, 39, 13, 14, 52, 11, 51, 33, 1, 38, 37, 40, 4, 36, 44, 46, 16, 29, 35, 32, 24, 48, 15, 5, 25, 12, 10, 41, 8, 9, 43, 7, 2, 30, 47, 26, 27, 28, 42, 21, 17, 3, 18, 31, 45, 19, 34, 22]

Individual 95:
  Route length: 14617
  Contribution to Diversity: 0.00022147304358810516
  Route: [1, 39, 36, 35, 34, 44, 25, 23, 30, 8, 9, 10, 43, 33, 51, 11, 52, 14, 13, 47, 17, 37, 12, 28, 27, 26, 4, 49, 38, 24, 48, 6, 32, 45, 19, 41, 5, 15, 21, 42, 7, 40, 20, 50, 29, 16, 46, 2, 3, 18, 31, 22]

Individual 96:
  Route length: 15034
  Contribution to Diversity: 0.0014883441010926646
  Route: [1, 49, 32, 43, 38, 15, 5, 24, 48, 16, 29, 12, 25, 4, 6, 46, 47, 20, 23, 37, 44, 8, 9, 10, 28, 27, 26, 13, 41, 40, 39, 33, 51, 11, 52, 14, 34, 35, 36, 45, 19, 7, 2, 30, 50, 42, 21, 17, 3, 18, 31, 22]

Individual 97:
  Route length: 15072
  Contribution to Diversity: 7.470279369581334e-05
  Route: [40, 34, 35, 36, 21, 23, 30, 38, 46, 16, 29, 50, 8, 11, 52, 14, 13, 47, 26, 27, 28, 12, 5, 15, 6, 4, 25, 10, 9, 37, 48, 24, 3, 17, 42, 7, 39, 18, 31, 1, 49, 32, 43, 51, 33, 45, 19, 41, 20, 2, 44, 22]

Individual 98:
  Route length: 14952
  Contribution to Diversity: 0.0005507648155891331
  Route: [23, 34, 41, 19, 49, 32, 45, 40, 37, 8, 9, 43, 10, 2, 7, 42, 21, 17, 3, 1, 30, 24, 15, 5, 12, 28, 25, 4, 31, 50, 20, 44, 39, 29, 38, 48, 33, 51, 27, 26, 47, 13, 14, 52, 11, 46, 16, 36, 35, 18, 6, 22]

Individual 99:
  Route length: 15048
  Contribution to Diversity: 7.327188139605312e-05
  Route: [32, 5, 24, 26, 33, 21, 42, 7, 49, 1, 39, 40, 37, 38, 48, 34, 44, 46, 16, 29, 50, 19, 45, 11, 52, 14, 13, 47, 43, 10, 9, 8, 41, 31, 18, 3, 17, 25, 12, 28, 27, 51, 4, 6, 36, 15, 35, 23, 30, 2, 20, 22]

Individual 100:
  Route length: 14538
  Contribution to Diversity: 0.00021092582901172108
  Route: [1, 34, 35, 6, 4, 39, 44, 23, 30, 2, 7, 42, 17, 21, 8, 9, 10, 20, 46, 37, 40, 28, 41, 19, 16, 29, 50, 51, 33, 43, 45, 38, 48, 24, 5, 15, 25, 12, 49, 32, 11, 52, 14, 13, 47, 26, 27, 36, 3, 18, 31, 22]

Individual 101:
  Route length: 14703
  Contribution to Diversity: 0.0023013001638325647
  Route: [40, 46, 16, 29, 8, 41, 19, 33, 43, 15, 5, 9, 42, 7, 17, 3, 45, 32, 49, 1, 31, 6, 4, 18, 44, 48, 24, 37, 38, 34, 35, 36, 39, 10, 20, 2, 30, 23, 21, 25, 12, 28, 27, 26, 47, 13, 14, 52, 11, 51, 50, 22]

Individual 102:
  Route length: 14514
  Contribution to Diversity: 0.0009698613043980231
  Route: [1, 36, 45, 32, 49, 3, 17, 42, 21, 51, 52, 14, 13, 47, 26, 27, 28, 12, 25, 4, 6, 15, 24, 5, 7, 37, 44, 34, 35, 48, 38, 50, 20, 23, 30, 29, 16, 46, 2, 19, 41, 8, 9, 10, 11, 43, 33, 40, 39, 18, 31, 22]

Individual 103:
  Route length: 14106
  Contribution to Diversity: 0
  Route: [25, 47, 26, 27, 28, 12, 48, 46, 44, 34, 38, 39, 36, 35, 19, 8, 29, 31, 18, 4, 6, 15, 5, 24, 49, 32, 20, 50, 23, 30, 42, 7, 2, 37, 41, 17, 21, 45, 40, 1, 13, 14, 52, 11, 51, 33, 43, 10, 9, 3, 16, 22]

Individual 104:
  Route length: 15049
  Contribution to Diversity: 0.001158112085714258
  Route: [1, 49, 32, 45, 4, 43, 10, 9, 8, 41, 19, 35, 34, 44, 46, 16, 36, 18, 7, 2, 30, 23, 20, 50, 29, 39, 40, 42, 21, 17, 3, 47, 12, 11, 33, 5, 27, 51, 52, 14, 13, 31, 37, 38, 48, 24, 15, 25, 28, 26, 6, 22]

Individual 105:
  Route length: 14634
  Contribution to Diversity: 0
  Route: [1, 44, 14, 13, 47, 26, 27, 2, 7, 42, 21, 17, 34, 35, 36, 40, 37, 30, 28, 12, 25, 4, 15, 29, 16, 46, 24, 48, 38, 49, 32, 9, 8, 41, 23, 20, 50, 6, 39, 19, 45, 3, 18, 31, 10, 43, 33, 51, 11, 52, 5, 22]

Individual 106:
  Route length: 14245
  Contribution to Diversity: 0
  Route: [40, 34, 35, 31, 45, 19, 47, 26, 27, 41, 8, 44, 2, 7, 17, 3, 18, 25, 4, 6, 15, 5, 28, 12, 13, 14, 52, 11, 51, 33, 43, 10, 9, 39, 36, 1, 49, 32, 20, 16, 46, 38, 30, 23, 21, 42, 29, 50, 24, 48, 37, 22]

Individual 107:
  Route length: 14773
  Contribution to Diversity: 0.0016098643669177903
  Route: [1, 29, 49, 32, 52, 14, 13, 47, 38, 37, 36, 39, 24, 8, 45, 48, 6, 21, 17, 20, 23, 30, 2, 7, 42, 4, 5, 15, 40, 9, 10, 43, 33, 51, 11, 16, 46, 44, 34, 35, 26, 27, 28, 12, 25, 50, 41, 19, 3, 18, 31, 22]

Individual 108:
  Route length: 14489
  Contribution to Diversity: 0.001001202493557507
  Route: [25, 4, 31, 50, 20, 44, 39, 29, 23, 1, 32, 49, 37, 40, 8, 9, 10, 43, 34, 41, 48, 33, 51, 38, 21, 42, 7, 2, 30, 24, 45, 19, 17, 3, 18, 35, 36, 16, 46, 11, 52, 14, 13, 47, 26, 27, 12, 28, 5, 15, 6, 22]

Individual 109:
  Route length: 14561
  Contribution to Diversity: 0
  Route: [1, 31, 18, 3, 17, 21, 42, 23, 20, 50, 6, 40, 37, 38, 35, 29, 16, 34, 47, 26, 27, 28, 7, 43, 33, 51, 11, 52, 14, 13, 39, 24, 32, 49, 48, 45, 19, 41, 8, 9, 10, 12, 25, 5, 15, 4, 36, 44, 46, 2, 30, 22]

Individual 110:
  Route length: 14817
  Contribution to Diversity: 0
  Route: [49, 39, 43, 10, 9, 8, 1, 19, 14, 13, 47, 11, 52, 28, 27, 26, 24, 48, 46, 38, 37, 40, 51, 33, 44, 34, 35, 36, 5, 15, 6, 4, 20, 50, 29, 16, 23, 30, 2, 12, 25, 41, 45, 32, 7, 42, 21, 17, 3, 18, 31, 22]

Individual 111:
  Route length: 14967
  Contribution to Diversity: 0.0015854117421367775
  Route: [45, 4, 35, 34, 44, 46, 16, 47, 39, 40, 42, 21, 17, 23, 20, 30, 2, 7, 18, 3, 43, 6, 15, 5, 1, 49, 50, 29, 19, 41, 10, 9, 8, 32, 24, 48, 38, 37, 31, 13, 14, 52, 11, 33, 51, 25, 26, 27, 28, 12, 36, 22]

Individual 112:
  Route length: 15068
  Contribution to Diversity: 0.0022466254338455727
  Route: [19, 45, 32, 49, 1, 21, 42, 7, 2, 30, 23, 20, 50, 29, 16, 35, 28, 34, 27, 46, 44, 12, 11, 52, 14, 13, 9, 8, 41, 15, 5, 24, 10, 43, 33, 51, 6, 25, 48, 38, 37, 40, 39, 36, 17, 47, 26, 4, 3, 18, 31, 22]

Individual 113:
  Route length: 14424
  Contribution to Diversity: 0
  Route: [40, 34, 35, 31, 45, 19, 47, 26, 27, 41, 17, 7, 2, 44, 8, 9, 10, 43, 33, 51, 11, 52, 14, 13, 12, 28, 5, 15, 6, 4, 25, 18, 3, 39, 36, 1, 49, 32, 20, 16, 46, 38, 30, 23, 21, 42, 29, 50, 24, 48, 37, 22]

Individual 114:
  Route length: 14967
  Contribution to Diversity: 0.0011534146920224586
  Route: [1, 49, 32, 6, 13, 14, 52, 11, 51, 33, 27, 26, 47, 16, 29, 7, 23, 30, 19, 45, 37, 39, 40, 41, 24, 48, 38, 4, 25, 12, 28, 20, 50, 36, 8, 9, 10, 43, 2, 17, 21, 42, 35, 34, 44, 46, 5, 15, 3, 18, 31, 22]

Individual 115:
  Route length: 14743
  Contribution to Diversity: 0
  Route: [4, 47, 51, 33, 43, 10, 9, 39, 36, 1, 49, 32, 45, 19, 40, 34, 35, 31, 18, 3, 17, 7, 2, 44, 8, 41, 27, 26, 28, 12, 13, 14, 52, 11, 16, 20, 25, 5, 15, 6, 50, 29, 42, 21, 23, 30, 38, 46, 24, 48, 37, 22]

Individual 116:
  Route length: 14315
  Contribution to Diversity: 0.00020149438806171815
  Route: [32, 5, 24, 26, 47, 13, 14, 52, 11, 45, 50, 19, 49, 1, 39, 40, 6, 4, 51, 27, 28, 12, 25, 17, 3, 18, 31, 41, 8, 9, 10, 43, 33, 21, 42, 7, 29, 16, 46, 44, 34, 48, 38, 37, 20, 2, 30, 23, 35, 15, 36, 22]

Individual 117:
  Route length: 14611
  Contribution to Diversity: 0
  Route: [25, 47, 26, 27, 28, 12, 48, 46, 44, 34, 38, 8, 19, 35, 36, 39, 43, 33, 51, 11, 52, 14, 13, 1, 40, 45, 21, 17, 41, 37, 2, 7, 42, 30, 23, 50, 20, 32, 49, 24, 5, 15, 6, 4, 18, 31, 29, 10, 9, 3, 16, 22]

Individual 118:
  Route length: 14752
  Contribution to Diversity: 0
  Route: [1, 44, 14, 13, 47, 26, 27, 2, 7, 42, 21, 17, 34, 35, 36, 40, 37, 30, 39, 6, 50, 20, 23, 41, 8, 9, 32, 49, 38, 48, 24, 46, 16, 29, 15, 4, 25, 12, 28, 45, 19, 3, 18, 31, 10, 43, 33, 51, 11, 52, 5, 22]

Individual 119:
  Route length: 14395
  Contribution to Diversity: 6.93329859213776e-06
  Route: [1, 31, 18, 3, 17, 7, 28, 27, 26, 47, 34, 16, 29, 35, 38, 37, 40, 6, 50, 20, 23, 42, 21, 15, 5, 25, 12, 10, 9, 8, 41, 19, 45, 48, 49, 32, 24, 39, 13, 14, 52, 11, 51, 33, 43, 4, 36, 44, 46, 2, 30, 22]

Individual 120:
  Route length: 14718
  Contribution to Diversity: 0
  Route: [1, 49, 32, 51, 33, 43, 10, 9, 8, 41, 19, 45, 11, 52, 14, 21, 35, 34, 27, 28, 26, 36, 40, 31, 37, 38, 48, 24, 16, 29, 50, 20, 23, 30, 2, 7, 42, 44, 46, 4, 25, 12, 6, 15, 5, 13, 47, 39, 17, 3, 18, 22]

Individual 121:
  Route length: 14760
  Contribution to Diversity: 0
  Route: [1, 20, 8, 41, 19, 2, 7, 42, 21, 17, 32, 45, 43, 3, 18, 49, 44, 26, 47, 13, 27, 28, 12, 25, 4, 6, 11, 51, 33, 46, 16, 14, 52, 37, 38, 48, 24, 5, 15, 30, 23, 40, 39, 36, 35, 34, 10, 9, 50, 29, 31, 22]

Individual 122:
  Route length: 14963
  Contribution to Diversity: 0.0006342518572157729
  Route: [11, 10, 9, 8, 33, 51, 43, 28, 26, 47, 13, 14, 52, 27, 50, 29, 16, 23, 12, 44, 25, 4, 6, 34, 35, 36, 39, 40, 21, 30, 2, 7, 42, 46, 20, 15, 5, 1, 49, 32, 37, 38, 48, 24, 45, 19, 41, 31, 18, 3, 17, 22]

Individual 123:
  Route length: 14917
  Contribution to Diversity: 0
  Route: [11, 52, 14, 13, 12, 28, 26, 27, 41, 8, 18, 3, 17, 7, 2, 44, 1, 49, 32, 45, 19, 40, 34, 35, 31, 36, 39, 9, 10, 43, 33, 51, 47, 4, 46, 38, 30, 23, 21, 42, 29, 50, 6, 15, 5, 25, 20, 16, 24, 48, 37, 22]

Individual 124:
  Route length: 14775
  Contribution to Diversity: 0
  Route: [49, 32, 45, 19, 40, 34, 35, 31, 18, 3, 17, 7, 2, 44, 8, 41, 27, 26, 28, 12, 13, 14, 52, 11, 6, 50, 29, 42, 21, 23, 30, 38, 46, 4, 47, 51, 33, 43, 10, 9, 39, 36, 1, 15, 5, 25, 20, 16, 24, 48, 37, 22]

Individual 125:
  Route length: 14853
  Contribution to Diversity: 0
  Route: [25, 47, 26, 27, 28, 12, 48, 46, 44, 34, 38, 39, 36, 35, 19, 32, 49, 24, 5, 15, 6, 4, 18, 31, 29, 8, 37, 2, 7, 42, 30, 23, 50, 20, 41, 17, 21, 45, 40, 1, 51, 11, 52, 14, 13, 33, 43, 10, 9, 3, 16, 22]

Individual 126:
  Route length: 14908
  Contribution to Diversity: 0.0009138280211402616
  Route: [1, 41, 8, 9, 10, 43, 33, 51, 44, 46, 16, 29, 23, 47, 26, 50, 3, 49, 32, 45, 19, 17, 21, 42, 7, 11, 52, 14, 13, 6, 4, 25, 12, 28, 27, 39, 40, 20, 36, 37, 38, 48, 24, 5, 15, 30, 2, 34, 35, 18, 31, 22]

Individual 127:
  Route length: 14713
  Contribution to Diversity: 0.0005317304026455361
  Route: [1, 49, 24, 5, 19, 41, 8, 9, 10, 43, 33, 21, 42, 7, 39, 40, 37, 38, 48, 13, 51, 11, 28, 27, 17, 3, 18, 32, 45, 25, 12, 52, 14, 47, 26, 35, 36, 30, 2, 31, 4, 6, 15, 46, 44, 34, 23, 20, 50, 29, 16, 22]

Individual 128:
  Route length: 14653
  Contribution to Diversity: 0
  Route: [6, 4, 25, 5, 24, 45, 40, 1, 13, 14, 52, 11, 51, 33, 9, 10, 43, 46, 44, 48, 12, 28, 27, 26, 47, 16, 3, 18, 31, 29, 8, 37, 30, 23, 50, 20, 41, 17, 21, 42, 7, 2, 15, 49, 32, 19, 38, 39, 36, 35, 34, 22]

Individual 129:
  Route length: 14634
  Contribution to Diversity: 0.0001715577365901666
  Route: [40, 34, 35, 36, 21, 23, 30, 38, 46, 16, 29, 50, 24, 48, 37, 9, 10, 25, 4, 6, 15, 5, 12, 28, 27, 26, 47, 13, 14, 52, 11, 8, 44, 20, 2, 19, 41, 45, 33, 51, 43, 32, 49, 1, 31, 18, 39, 7, 42, 17, 3, 22]

Individual 130:
  Route length: 14779
  Contribution to Diversity: 0
  Route: [44, 2, 20, 25, 4, 6, 15, 5, 12, 28, 27, 26, 47, 13, 14, 52, 11, 10, 9, 37, 48, 24, 50, 29, 16, 46, 38, 30, 23, 21, 36, 35, 34, 40, 17, 3, 19, 45, 33, 51, 43, 32, 49, 41, 8, 42, 7, 39, 18, 31, 1, 22]

Individual 131:
  Route length: 14924
  Contribution to Diversity: 0
  Route: [1, 44, 14, 13, 47, 26, 27, 36, 35, 34, 17, 21, 42, 7, 2, 3, 19, 45, 28, 12, 25, 4, 15, 29, 16, 46, 24, 48, 38, 49, 32, 9, 8, 41, 23, 20, 50, 6, 39, 30, 37, 40, 18, 31, 10, 43, 33, 51, 11, 52, 5, 22]

Individual 132:
  Route length: 14934
  Contribution to Diversity: 0.00019641061968567186
  Route: [11, 52, 14, 13, 12, 28, 26, 27, 41, 8, 44, 2, 7, 17, 3, 18, 31, 35, 34, 40, 19, 45, 39, 36, 1, 49, 32, 10, 9, 43, 33, 51, 47, 4, 46, 38, 30, 23, 21, 42, 29, 50, 6, 15, 5, 25, 20, 16, 24, 48, 37, 22]

Individual 133:
  Route length: 14258
  Contribution to Diversity: 0
  Route: [40, 34, 35, 39, 9, 10, 43, 33, 51, 11, 52, 14, 13, 12, 28, 5, 15, 6, 4, 25, 18, 3, 17, 7, 2, 44, 8, 41, 27, 26, 47, 19, 45, 31, 36, 1, 49, 32, 20, 16, 46, 38, 30, 23, 21, 42, 29, 50, 24, 48, 37, 22]

Individual 134:
  Route length: 14561
  Contribution to Diversity: 0.001141097087534071
  Route: [6, 4, 25, 12, 28, 27, 26, 47, 13, 14, 52, 11, 51, 33, 43, 41, 40, 39, 29, 15, 10, 8, 17, 3, 38, 49, 48, 24, 5, 30, 23, 34, 20, 36, 35, 19, 45, 32, 9, 42, 21, 2, 7, 44, 37, 50, 46, 16, 1, 18, 31, 22]

Individual 135:
  Route length: 15007
  Contribution to Diversity: 0
  Route: [4, 47, 51, 33, 43, 10, 9, 18, 31, 35, 34, 40, 19, 45, 32, 49, 1, 36, 39, 3, 17, 7, 2, 44, 8, 41, 27, 26, 28, 12, 13, 14, 52, 11, 16, 20, 25, 5, 15, 6, 50, 29, 42, 21, 23, 30, 38, 46, 24, 48, 37, 22]

Individual 136:
  Route length: 13927
  Contribution to Diversity: 0
  Route: [40, 34, 35, 39, 9, 10, 43, 33, 51, 11, 52, 14, 13, 12, 28, 5, 25, 4, 6, 15, 45, 19, 47, 26, 27, 41, 8, 44, 2, 7, 17, 3, 18, 31, 36, 1, 49, 32, 20, 16, 46, 38, 30, 23, 21, 42, 29, 50, 24, 48, 37, 22]

Individual 137:
  Route length: 14693
  Contribution to Diversity: 0.0013700730052885746
  Route: [1, 38, 37, 40, 4, 36, 42, 21, 17, 32, 49, 6, 50, 23, 20, 46, 13, 14, 52, 11, 51, 33, 43, 28, 27, 26, 47, 30, 2, 7, 44, 9, 8, 41, 10, 12, 25, 5, 15, 48, 35, 29, 16, 34, 19, 45, 31, 18, 3, 24, 39, 22]

Individual 138:
  Route length: 14587
  Contribution to Diversity: 5.434034458318138e-05
  Route: [23, 30, 37, 8, 29, 31, 18, 3, 16, 47, 26, 27, 28, 12, 48, 44, 46, 43, 10, 9, 33, 51, 11, 52, 14, 13, 1, 40, 45, 24, 5, 25, 4, 6, 34, 35, 36, 39, 38, 19, 32, 49, 15, 2, 7, 42, 21, 17, 41, 20, 50, 22]

Individual 139:
  Route length: 14964
  Contribution to Diversity: 0.0015875574362276268
  Route: [1, 42, 7, 2, 30, 12, 25, 15, 5, 46, 52, 14, 13, 47, 26, 27, 37, 40, 28, 41, 19, 44, 23, 34, 35, 6, 4, 39, 20, 50, 29, 16, 8, 21, 17, 3, 9, 10, 43, 33, 51, 11, 32, 49, 36, 24, 48, 38, 45, 18, 31, 22]

Individual 140:
  Route length: 14662
  Contribution to Diversity: 0.0018286203658037792
  Route: [49, 39, 25, 12, 28, 46, 23, 30, 2, 7, 42, 21, 17, 43, 10, 9, 8, 41, 19, 45, 32, 40, 37, 38, 48, 24, 36, 1, 13, 14, 35, 34, 44, 50, 20, 4, 6, 15, 5, 51, 33, 26, 27, 16, 29, 47, 11, 52, 3, 18, 31, 22]

Individual 141:
  Route length: 14420
  Contribution to Diversity: 0.0013977183205229338
  Route: [4, 6, 48, 24, 28, 12, 47, 26, 27, 18, 3, 17, 50, 29, 32, 45, 2, 7, 42, 21, 20, 23, 15, 5, 36, 39, 40, 38, 37, 30, 52, 14, 13, 25, 11, 51, 33, 10, 9, 8, 41, 19, 43, 34, 44, 35, 49, 46, 16, 1, 31, 22]

Individual 142:
  Route length: 14905
  Contribution to Diversity: 0.00039198340881263505
  Route: [1, 49, 32, 51, 33, 41, 8, 9, 10, 43, 40, 21, 38, 48, 24, 16, 29, 50, 14, 52, 11, 37, 31, 19, 45, 20, 35, 34, 27, 28, 26, 47, 13, 5, 15, 6, 12, 25, 4, 46, 44, 42, 7, 2, 30, 23, 36, 39, 17, 3, 18, 22]

Individual 143:
  Route length: 14719
  Contribution to Diversity: 0
  Route: [40, 34, 35, 39, 9, 10, 43, 33, 51, 11, 52, 14, 13, 12, 28, 5, 15, 6, 4, 25, 18, 3, 17, 7, 2, 44, 8, 41, 27, 26, 47, 19, 45, 31, 36, 1, 49, 30, 38, 46, 16, 20, 32, 23, 21, 42, 29, 50, 24, 48, 37, 22]

Individual 144:
  Route length: 15079
  Contribution to Diversity: 0.0008946464064241155
  Route: [1, 38, 37, 40, 4, 36, 50, 6, 49, 32, 17, 21, 42, 48, 15, 5, 25, 12, 10, 41, 8, 9, 23, 20, 35, 29, 16, 46, 44, 7, 2, 30, 47, 26, 27, 28, 43, 33, 51, 11, 52, 14, 13, 39, 24, 3, 18, 31, 45, 19, 34, 22]

Individual 145:
  Route length: 14051
  Contribution to Diversity: 0
  Route: [25, 47, 26, 27, 28, 12, 48, 46, 44, 34, 38, 39, 36, 4, 6, 15, 5, 24, 49, 32, 19, 35, 37, 8, 29, 31, 18, 2, 7, 42, 30, 23, 50, 20, 41, 17, 21, 45, 40, 1, 13, 14, 52, 11, 51, 33, 43, 10, 9, 3, 16, 22]

Individual 146:
  Route length: 14919
  Contribution to Diversity: 0.0004475655968825265
  Route: [25, 47, 26, 27, 28, 12, 48, 46, 44, 34, 38, 39, 19, 32, 49, 24, 5, 15, 6, 4, 36, 51, 11, 52, 14, 13, 1, 40, 45, 21, 17, 41, 20, 50, 23, 30, 42, 7, 2, 18, 31, 29, 8, 37, 35, 33, 43, 10, 9, 3, 16, 22]

Individual 147:
  Route length: 14623
  Contribution to Diversity: 0.00027800492444818303
  Route: [6, 38, 48, 24, 5, 30, 23, 20, 50, 4, 25, 12, 28, 27, 26, 47, 13, 14, 51, 11, 40, 37, 35, 15, 3, 18, 31, 36, 39, 44, 34, 17, 21, 42, 2, 7, 19, 52, 29, 16, 46, 1, 49, 32, 45, 33, 43, 41, 8, 9, 10, 22]

Individual 148:
  Route length: 14640
  Contribution to Diversity: 0
  Route: [25, 47, 26, 27, 28, 12, 48, 46, 44, 34, 38, 39, 19, 35, 36, 1, 40, 45, 21, 17, 41, 37, 2, 7, 42, 30, 23, 50, 20, 32, 49, 24, 5, 15, 6, 4, 18, 31, 29, 8, 13, 14, 52, 11, 51, 33, 43, 10, 9, 3, 16, 22]

Individual 149:
  Route length: 14991
  Contribution to Diversity: 0.0018274675301279686
  Route: [23, 50, 20, 44, 39, 51, 33, 48, 25, 4, 31, 37, 40, 8, 9, 10, 43, 45, 32, 29, 36, 35, 18, 3, 17, 21, 42, 7, 30, 2, 41, 19, 47, 13, 14, 52, 11, 46, 49, 1, 24, 34, 38, 16, 26, 27, 28, 12, 5, 15, 6, 22]

Total Entropy H: 5.6774193800748
