Individual 0:
  Route length: 13159
  Contribution to Diversity: 0.0382212613016053
  Route: [42, 2, 7, 21, 47, 26, 51, 11, 52, 14, 13, 27, 28, 12, 40, 38, 37, 24, 25, 4, 33, 43, 36, 23, 20, 35, 32, 49, 39, 9, 41, 19, 45, 15, 6, 48, 5, 44, 16, 1, 10, 8, 17, 3, 18, 30, 29, 46, 31, 50, 34, 22]

Individual 1:
  Route length: 13196
  Contribution to Diversity: 0.05161822866004773
  Route: [31, 32, 49, 41, 19, 3, 40, 24, 12, 14, 52, 13, 47, 26, 27, 28, 11, 51, 33, 46, 38, 15, 45, 8, 9, 10, 43, 6, 35, 36, 2, 7, 42, 21, 30, 23, 34, 16, 39, 50, 44, 29, 25, 4, 5, 37, 48, 17, 18, 1, 20, 22]

Individual 2:
  Route length: 12828
  Contribution to Diversity: 0.03232470621431016
  Route: [39, 6, 15, 38, 24, 25, 4, 36, 44, 1, 17, 45, 37, 5, 48, 35, 40, 46, 49, 32, 34, 42, 7, 20, 50, 43, 33, 51, 47, 26, 27, 13, 14, 52, 11, 12, 28, 16, 29, 23, 30, 2, 21, 31, 3, 8, 19, 41, 9, 10, 18, 22]

Individual 3:
  Route length: 13198
  Contribution to Diversity: 0.06173649703785511
  Route: [31, 21, 29, 23, 18, 8, 10, 9, 33, 12, 11, 43, 15, 5, 36, 35, 49, 44, 1, 38, 46, 24, 32, 3, 41, 19, 45, 40, 34, 20, 28, 26, 27, 51, 13, 14, 52, 47, 25, 48, 4, 6, 39, 37, 16, 50, 30, 2, 7, 42, 17, 22]

Individual 4:
  Route length: 13094
  Contribution to Diversity: 0.061092058927961546
  Route: [3, 7, 17, 31, 21, 2, 42, 44, 35, 34, 49, 38, 4, 46, 16, 23, 40, 20, 29, 26, 47, 13, 14, 52, 11, 51, 33, 43, 27, 12, 28, 15, 5, 6, 25, 48, 24, 37, 50, 1, 32, 39, 36, 45, 41, 8, 9, 10, 19, 18, 30, 22]

Individual 5:
  Route length: 12978
  Contribution to Diversity: 0.05019387992971325
  Route: [17, 3, 18, 31, 36, 39, 25, 27, 28, 13, 26, 47, 14, 52, 11, 12, 51, 4, 24, 15, 35, 5, 38, 37, 6, 40, 46, 48, 1, 2, 42, 23, 7, 21, 29, 30, 16, 10, 9, 8, 41, 19, 45, 32, 44, 34, 33, 43, 49, 50, 20, 22]

Individual 6:
  Route length: 12945
  Contribution to Diversity: 0.05324198205241615
  Route: [16, 5, 37, 40, 18, 3, 9, 33, 19, 8, 10, 43, 6, 4, 25, 12, 28, 26, 27, 51, 11, 52, 13, 14, 47, 44, 38, 39, 45, 49, 41, 32, 31, 23, 15, 48, 46, 24, 50, 20, 29, 1, 35, 34, 36, 17, 21, 42, 7, 2, 30, 22]

Individual 7:
  Route length: 13145
  Contribution to Diversity: 0.05378187850373095
  Route: [16, 35, 40, 38, 33, 11, 52, 14, 47, 26, 51, 12, 28, 13, 27, 24, 4, 15, 39, 49, 48, 32, 46, 25, 6, 37, 1, 34, 43, 36, 50, 44, 20, 5, 41, 8, 9, 10, 19, 3, 17, 7, 2, 42, 30, 21, 23, 29, 31, 18, 45, 22]

Individual 8:
  Route length: 12949
  Contribution to Diversity: 0.031722835325521004
  Route: [34, 49, 25, 43, 15, 45, 24, 48, 1, 46, 40, 38, 5, 8, 41, 9, 10, 33, 6, 37, 39, 17, 21, 42, 7, 2, 47, 26, 27, 51, 11, 52, 14, 13, 28, 12, 4, 44, 16, 20, 50, 29, 3, 19, 32, 36, 35, 30, 23, 31, 18, 22]

Individual 9:
  Route length: 13137
  Contribution to Diversity: 0.07385296074942627
  Route: [18, 23, 16, 50, 20, 21, 31, 3, 8, 19, 10, 9, 29, 30, 42, 7, 2, 17, 41, 33, 51, 12, 13, 11, 52, 14, 26, 28, 27, 47, 46, 4, 45, 43, 48, 37, 35, 32, 15, 44, 24, 1, 49, 36, 40, 38, 25, 6, 34, 39, 5, 22]

Total Entropy H: 5.535765764602231
