Individual 0:
  Route length: 13191
  Contribution to Diversity: 0.0010136735229000493
  Route: [37, 40, 26, 47, 13, 28, 12, 25, 4, 6, 27, 35, 49, 48, 34, 44, 46, 16, 38, 24, 5, 43, 33, 51, 11, 14, 52, 30, 2, 7, 42, 21, 17, 3, 1, 23, 20, 15, 39, 36, 10, 9, 8, 41, 19, 45, 32, 50, 29, 18, 31, 22]

Individual 1:
  Route length: 13165
  Contribution to Diversity: 0.0007617901961900486
  Route: [4, 25, 33, 43, 10, 8, 18, 1, 49, 32, 45, 19, 16, 46, 44, 35, 34, 26, 27, 28, 12, 11, 52, 14, 51, 13, 47, 23, 20, 50, 29, 31, 48, 38, 37, 40, 39, 36, 30, 2, 7, 42, 21, 17, 3, 9, 41, 24, 5, 15, 6, 22]

Individual 2:
  Route length: 13126
  Contribution to Diversity: 0.0005253484718332757
  Route: [5, 6, 4, 40, 37, 38, 48, 46, 12, 25, 49, 1, 39, 15, 27, 28, 34, 35, 36, 43, 10, 9, 8, 41, 23, 21, 30, 29, 50, 17, 3, 18, 44, 16, 20, 24, 26, 47, 13, 14, 52, 11, 51, 33, 32, 45, 19, 42, 7, 2, 31, 22]

Individual 3:
  Route length: 13163
  Contribution to Diversity: 0.0010190355089498837
  Route: [1, 49, 46, 44, 24, 34, 47, 13, 14, 52, 11, 51, 33, 43, 10, 8, 41, 4, 26, 28, 12, 25, 35, 50, 20, 30, 23, 45, 19, 9, 48, 36, 39, 27, 38, 37, 40, 5, 15, 6, 16, 32, 29, 2, 7, 42, 21, 17, 3, 18, 31, 22]

Individual 4:
  Route length: 13165
  Contribution to Diversity: 0.0010493494772312317
  Route: [12, 43, 48, 38, 37, 3, 17, 21, 42, 7, 2, 30, 23, 20, 32, 40, 25, 15, 44, 49, 35, 4, 6, 33, 51, 11, 52, 14, 13, 47, 26, 27, 28, 18, 31, 24, 5, 46, 34, 39, 36, 41, 50, 29, 16, 1, 8, 9, 10, 45, 19, 22]

Individual 5:
  Route length: 13163
  Contribution to Diversity: 0.001014052353236039
  Route: [49, 1, 20, 37, 27, 52, 14, 13, 47, 26, 28, 6, 4, 25, 12, 11, 51, 33, 45, 19, 41, 8, 9, 10, 43, 3, 17, 21, 46, 15, 23, 32, 30, 39, 35, 36, 40, 48, 24, 5, 29, 16, 42, 2, 7, 50, 44, 34, 38, 18, 31, 22]

Individual 6:
  Route length: 13172
  Contribution to Diversity: 0.0013147915371165553
  Route: [18, 3, 17, 21, 42, 7, 2, 29, 46, 44, 24, 34, 10, 43, 33, 51, 11, 52, 14, 13, 47, 23, 30, 20, 50, 35, 25, 12, 28, 26, 6, 15, 5, 40, 37, 36, 39, 27, 38, 4, 41, 8, 45, 19, 9, 48, 16, 32, 49, 1, 31, 22]

Individual 7:
  Route length: 13026
  Contribution to Diversity: 0.0009634049217499552
  Route: [44, 34, 35, 36, 39, 24, 48, 38, 37, 40, 15, 5, 8, 41, 19, 45, 32, 49, 6, 29, 28, 12, 25, 4, 33, 43, 10, 9, 17, 3, 18, 31, 1, 51, 11, 52, 14, 26, 13, 47, 16, 21, 42, 7, 2, 30, 23, 20, 27, 50, 46, 22]

Individual 8:
  Route length: 13137
  Contribution to Diversity: 0.0005867164639159483
  Route: [1, 21, 42, 7, 36, 35, 39, 10, 9, 4, 6, 15, 5, 25, 8, 41, 31, 18, 3, 17, 19, 45, 32, 49, 37, 34, 38, 44, 46, 28, 12, 27, 26, 40, 24, 48, 47, 13, 14, 52, 11, 51, 33, 43, 2, 30, 23, 20, 50, 29, 16, 22]

Individual 9:
  Route length: 13003
  Contribution to Diversity: 0.0002530750144895677
  Route: [1, 2, 30, 36, 38, 37, 40, 18, 49, 32, 48, 46, 16, 29, 50, 20, 23, 35, 39, 9, 10, 8, 33, 43, 41, 19, 45, 31, 34, 44, 21, 17, 7, 42, 28, 12, 51, 11, 52, 14, 13, 47, 26, 27, 4, 25, 5, 24, 6, 15, 3, 22]

Individual 10:
  Route length: 13165
  Contribution to Diversity: 0.0011604235567697074
  Route: [16, 29, 23, 1, 45, 19, 41, 8, 9, 4, 25, 15, 49, 20, 50, 30, 46, 32, 37, 34, 44, 39, 36, 35, 40, 38, 6, 5, 52, 14, 13, 47, 26, 27, 28, 12, 24, 48, 31, 10, 43, 33, 51, 11, 2, 7, 42, 21, 18, 3, 17, 22]

Individual 11:
  Route length: 13062
  Contribution to Diversity: 0.0007032448113672984
  Route: [8, 41, 17, 34, 4, 6, 15, 49, 32, 45, 3, 16, 44, 50, 36, 5, 48, 24, 39, 18, 21, 42, 7, 2, 30, 23, 20, 38, 37, 40, 25, 12, 46, 1, 35, 33, 51, 11, 52, 14, 13, 47, 26, 27, 28, 43, 9, 10, 19, 31, 29, 22]

Individual 12:
  Route length: 13176
  Contribution to Diversity: 0.0003584094290509654
  Route: [46, 35, 38, 34, 44, 50, 29, 16, 20, 23, 7, 2, 30, 49, 48, 24, 5, 15, 6, 45, 32, 40, 39, 25, 12, 28, 27, 26, 47, 13, 14, 52, 11, 4, 37, 1, 36, 8, 41, 19, 42, 43, 33, 51, 9, 10, 18, 3, 17, 21, 31, 22]

Individual 13:
  Route length: 13177
  Contribution to Diversity: 0.0008943944308210661
  Route: [38, 5, 43, 26, 47, 13, 14, 52, 11, 51, 37, 4, 6, 12, 28, 27, 48, 40, 33, 45, 19, 41, 8, 10, 9, 1, 34, 35, 36, 15, 31, 18, 3, 17, 21, 42, 7, 2, 30, 23, 24, 32, 44, 25, 29, 16, 39, 49, 46, 20, 50, 22]

Individual 14:
  Route length: 13026
  Contribution to Diversity: 0.0002738998287021843
  Route: [32, 45, 18, 21, 30, 2, 7, 42, 38, 44, 15, 24, 48, 37, 4, 25, 17, 3, 19, 41, 8, 9, 10, 43, 33, 11, 52, 14, 47, 16, 29, 50, 40, 35, 36, 39, 6, 34, 5, 31, 1, 49, 20, 23, 26, 13, 51, 12, 28, 27, 46, 22]

Individual 15:
  Route length: 13197
  Contribution to Diversity: 0.0006408340951935543
  Route: [1, 3, 18, 32, 49, 50, 35, 15, 25, 44, 23, 20, 42, 7, 2, 30, 29, 5, 37, 38, 48, 24, 13, 27, 28, 12, 40, 51, 11, 52, 14, 47, 26, 45, 19, 41, 8, 9, 10, 43, 33, 4, 46, 16, 36, 39, 17, 21, 34, 6, 31, 22]

Individual 16:
  Route length: 12931
  Contribution to Diversity: 0.0011533167760040541
  Route: [1, 39, 36, 38, 35, 46, 45, 49, 32, 27, 28, 16, 37, 13, 14, 52, 11, 51, 33, 43, 48, 24, 5, 12, 26, 47, 25, 4, 6, 10, 9, 8, 41, 15, 34, 40, 19, 17, 21, 42, 7, 2, 30, 44, 29, 50, 20, 23, 31, 18, 3, 22]

Individual 17:
  Route length: 13130
  Contribution to Diversity: 0.0017139678444175743
  Route: [30, 21, 1, 49, 33, 51, 11, 13, 14, 52, 47, 26, 27, 28, 23, 35, 34, 19, 41, 8, 9, 10, 43, 5, 24, 15, 6, 4, 29, 50, 36, 39, 40, 16, 45, 17, 3, 18, 32, 25, 48, 38, 37, 44, 12, 46, 20, 2, 7, 42, 31, 22]

Individual 18:
  Route length: 13182
  Contribution to Diversity: 0.0004345020296359081
  Route: [30, 29, 52, 14, 13, 47, 26, 27, 28, 12, 33, 51, 11, 4, 6, 15, 5, 24, 46, 20, 31, 18, 3, 32, 45, 37, 38, 17, 25, 43, 10, 9, 8, 41, 19, 48, 2, 7, 42, 21, 1, 49, 50, 40, 39, 36, 35, 34, 44, 23, 16, 22]

Individual 19:
  Route length: 13133
  Contribution to Diversity: 0.0002569987485916414
  Route: [15, 28, 27, 26, 49, 19, 45, 32, 24, 6, 40, 37, 38, 48, 41, 8, 9, 10, 43, 33, 51, 47, 13, 14, 52, 11, 23, 5, 12, 25, 4, 39, 29, 16, 46, 44, 34, 35, 36, 20, 50, 30, 17, 21, 42, 7, 2, 31, 18, 3, 1, 22]

Individual 20:
  Route length: 13191
  Contribution to Diversity: 5.904326987327124e-05
  Route: [35, 46, 5, 24, 48, 4, 11, 52, 14, 13, 47, 26, 27, 28, 12, 25, 39, 40, 37, 38, 1, 36, 8, 41, 19, 51, 33, 43, 7, 2, 30, 49, 32, 45, 6, 15, 34, 44, 50, 29, 16, 20, 23, 3, 18, 10, 9, 42, 17, 21, 31, 22]

Individual 21:
  Route length: 13166
  Contribution to Diversity: 0.0006090839756298649
  Route: [49, 32, 45, 19, 41, 8, 9, 10, 18, 3, 17, 30, 47, 26, 27, 5, 44, 34, 4, 6, 25, 12, 20, 50, 2, 7, 42, 21, 40, 15, 36, 39, 46, 43, 37, 38, 23, 29, 16, 33, 51, 11, 52, 14, 13, 28, 48, 24, 35, 1, 31, 22]

Individual 22:
  Route length: 12966
  Contribution to Diversity: 0.0001783394010601569
  Route: [49, 32, 45, 19, 41, 8, 9, 10, 18, 3, 17, 2, 7, 42, 21, 34, 44, 5, 27, 26, 47, 30, 36, 15, 46, 43, 37, 38, 23, 29, 16, 33, 51, 11, 52, 14, 13, 28, 48, 24, 4, 6, 25, 12, 20, 50, 39, 40, 35, 1, 31, 22]

Individual 23:
  Route length: 12869
  Contribution to Diversity: 0.001351746036638346
  Route: [1, 46, 44, 32, 36, 24, 48, 38, 4, 15, 43, 33, 51, 11, 52, 14, 13, 25, 34, 50, 29, 47, 26, 27, 28, 12, 49, 45, 10, 9, 8, 20, 23, 30, 19, 41, 6, 39, 31, 18, 3, 17, 21, 42, 7, 2, 5, 37, 40, 16, 35, 22]

Individual 24:
  Route length: 13162
  Contribution to Diversity: 0.0004934889093979322
  Route: [1, 39, 9, 10, 8, 16, 5, 34, 26, 47, 13, 14, 52, 11, 51, 12, 28, 27, 4, 25, 46, 48, 3, 15, 6, 24, 23, 35, 36, 38, 37, 21, 44, 49, 32, 45, 19, 41, 43, 33, 40, 18, 20, 50, 29, 30, 2, 7, 42, 17, 31, 22]

Individual 25:
  Route length: 12844
  Contribution to Diversity: 6.0286306428736225e-05
  Route: [1, 49, 47, 26, 27, 28, 12, 25, 4, 6, 48, 13, 33, 10, 43, 5, 24, 15, 38, 37, 40, 39, 36, 35, 32, 45, 19, 41, 8, 9, 18, 3, 17, 44, 34, 14, 11, 51, 52, 46, 16, 29, 50, 20, 23, 30, 2, 7, 42, 21, 31, 22]

Individual 26:
  Route length: 13071
  Contribution to Diversity: 0.0007540388535511866
  Route: [38, 5, 43, 26, 47, 13, 14, 52, 11, 51, 37, 48, 27, 28, 12, 6, 4, 16, 29, 25, 44, 24, 32, 15, 31, 18, 3, 17, 21, 42, 7, 2, 30, 23, 36, 35, 34, 1, 9, 10, 8, 41, 19, 45, 33, 40, 39, 49, 46, 20, 50, 22]

Individual 27:
  Route length: 13069
  Contribution to Diversity: 0.0010666416538898105
  Route: [9, 33, 51, 11, 52, 14, 13, 47, 26, 30, 44, 46, 48, 35, 49, 32, 1, 18, 2, 42, 7, 21, 17, 3, 8, 41, 19, 39, 24, 38, 36, 4, 6, 40, 37, 15, 5, 16, 29, 50, 20, 23, 34, 45, 25, 12, 27, 28, 10, 43, 31, 22]

Individual 28:
  Route length: 13146
  Contribution to Diversity: 0.0012634487129634664
  Route: [5, 38, 12, 25, 4, 6, 44, 16, 48, 50, 29, 51, 33, 11, 52, 27, 28, 26, 47, 13, 14, 30, 2, 7, 42, 21, 23, 32, 45, 19, 24, 15, 46, 40, 37, 39, 1, 49, 17, 3, 18, 34, 35, 36, 43, 10, 9, 8, 41, 20, 31, 22]

Individual 29:
  Route length: 13068
  Contribution to Diversity: 0.0005588799575395598
  Route: [18, 31, 19, 41, 8, 9, 10, 33, 11, 48, 38, 51, 43, 32, 6, 4, 25, 12, 28, 27, 26, 47, 13, 14, 52, 36, 15, 5, 24, 50, 44, 46, 16, 29, 35, 17, 3, 1, 39, 34, 20, 23, 30, 2, 7, 42, 21, 49, 40, 37, 45, 22]

Individual 30:
  Route length: 12973
  Contribution to Diversity: 0.0004411893597318084
  Route: [39, 20, 23, 30, 2, 21, 17, 31, 18, 37, 25, 44, 46, 38, 15, 40, 50, 47, 26, 27, 28, 12, 13, 14, 52, 11, 51, 33, 43, 32, 9, 8, 41, 3, 7, 42, 36, 35, 34, 49, 1, 29, 16, 4, 6, 5, 24, 48, 45, 19, 10, 22]

Individual 31:
  Route length: 13159
  Contribution to Diversity: 0.0011002573942313632
  Route: [32, 45, 18, 21, 39, 44, 50, 40, 31, 37, 4, 25, 35, 36, 6, 51, 12, 28, 27, 46, 38, 48, 24, 5, 19, 3, 17, 41, 8, 9, 10, 43, 33, 11, 52, 14, 26, 13, 47, 16, 29, 1, 49, 20, 23, 30, 2, 7, 42, 15, 34, 22]

Individual 32:
  Route length: 13168
  Contribution to Diversity: 0.0006396595068167699
  Route: [1, 49, 40, 38, 44, 41, 8, 9, 10, 19, 45, 32, 35, 16, 29, 27, 26, 47, 13, 14, 52, 28, 12, 24, 48, 31, 46, 34, 37, 43, 33, 51, 11, 2, 7, 42, 20, 50, 30, 15, 25, 4, 6, 5, 39, 36, 3, 21, 17, 23, 18, 22]

Individual 33:
  Route length: 13176
  Contribution to Diversity: 0.0006255233076783995
  Route: [1, 21, 17, 19, 34, 40, 43, 33, 51, 11, 52, 14, 13, 37, 32, 49, 45, 39, 35, 48, 12, 26, 47, 10, 9, 8, 41, 36, 38, 6, 4, 25, 15, 24, 5, 27, 28, 16, 30, 2, 7, 42, 46, 44, 29, 50, 20, 23, 31, 18, 3, 22]

Individual 34:
  Route length: 13191
  Contribution to Diversity: 0.0007333253364567582
  Route: [5, 32, 30, 2, 7, 42, 21, 23, 41, 8, 9, 10, 43, 40, 17, 3, 18, 33, 51, 11, 52, 14, 13, 47, 26, 24, 37, 38, 48, 46, 6, 4, 12, 25, 35, 34, 45, 19, 36, 20, 31, 50, 29, 16, 44, 28, 27, 15, 39, 1, 49, 22]

Individual 35:
  Route length: 13000
  Contribution to Diversity: 5.532595307577992e-05
  Route: [18, 17, 3, 1, 39, 34, 20, 23, 30, 2, 7, 42, 21, 24, 5, 15, 36, 52, 14, 13, 47, 26, 27, 28, 12, 25, 4, 6, 32, 43, 51, 38, 48, 11, 33, 10, 9, 8, 41, 19, 31, 45, 49, 40, 37, 50, 44, 46, 16, 29, 35, 22]

Individual 36:
  Route length: 13131
  Contribution to Diversity: 0.0002666417859664705
  Route: [31, 18, 39, 33, 51, 11, 52, 14, 13, 28, 27, 26, 47, 34, 48, 40, 43, 35, 36, 49, 1, 19, 10, 9, 8, 41, 5, 23, 30, 2, 7, 42, 50, 20, 4, 6, 15, 44, 16, 29, 46, 12, 3, 17, 21, 37, 38, 25, 24, 45, 32, 22]

Individual 37:
  Route length: 13162
  Contribution to Diversity: 0.0017335166385823442
  Route: [35, 15, 16, 29, 20, 50, 23, 30, 2, 7, 21, 17, 3, 18, 42, 37, 40, 39, 46, 38, 5, 24, 4, 28, 12, 25, 48, 6, 36, 34, 49, 1, 44, 51, 32, 45, 19, 41, 8, 9, 10, 43, 33, 14, 52, 11, 13, 47, 26, 27, 31, 22]

Individual 38:
  Route length: 13172
  Contribution to Diversity: 0.0010409658951617828
  Route: [8, 41, 5, 15, 6, 4, 34, 19, 1, 46, 28, 27, 26, 47, 13, 14, 52, 11, 51, 33, 50, 36, 35, 38, 37, 40, 49, 32, 3, 21, 18, 39, 45, 31, 17, 2, 7, 42, 30, 23, 20, 44, 16, 29, 48, 24, 43, 9, 10, 12, 25, 22]

Individual 39:
  Route length: 12934
  Contribution to Diversity: 0.000621530225891398
  Route: [40, 25, 12, 46, 28, 27, 26, 47, 14, 13, 52, 11, 51, 33, 35, 36, 50, 44, 32, 31, 17, 3, 45, 8, 41, 49, 1, 19, 34, 4, 6, 15, 5, 16, 10, 9, 43, 24, 39, 18, 21, 42, 7, 2, 30, 23, 20, 38, 37, 48, 29, 22]

Individual 40:
  Route length: 13026
  Contribution to Diversity: 0.0007393665024117979
  Route: [23, 21, 42, 7, 2, 30, 28, 27, 15, 39, 1, 49, 17, 3, 18, 36, 46, 25, 12, 50, 29, 16, 44, 6, 4, 5, 40, 43, 10, 41, 8, 9, 19, 32, 24, 26, 47, 13, 14, 52, 11, 51, 33, 48, 38, 37, 35, 45, 34, 20, 31, 22]

Individual 41:
  Route length: 13100
  Contribution to Diversity: 0.0016456750395859032
  Route: [32, 39, 6, 31, 1, 3, 18, 38, 48, 12, 28, 27, 13, 24, 26, 47, 14, 52, 11, 51, 40, 45, 19, 41, 8, 9, 10, 43, 33, 4, 46, 16, 36, 37, 21, 17, 34, 35, 50, 20, 30, 2, 7, 42, 23, 29, 5, 15, 25, 44, 49, 22]

Individual 42:
  Route length: 12837
  Contribution to Diversity: 0.0007501343085367651
  Route: [49, 1, 20, 30, 28, 26, 47, 13, 14, 52, 27, 38, 34, 44, 50, 35, 15, 46, 3, 23, 32, 29, 16, 42, 2, 7, 31, 18, 36, 37, 24, 5, 6, 4, 25, 12, 11, 51, 33, 43, 10, 9, 8, 41, 19, 45, 21, 17, 48, 40, 39, 22]

Individual 43:
  Route length: 13109
  Contribution to Diversity: 0.0006109045818716297
  Route: [32, 45, 18, 21, 39, 36, 35, 25, 4, 37, 31, 40, 50, 44, 38, 48, 24, 5, 19, 3, 17, 41, 8, 9, 10, 43, 33, 11, 52, 14, 26, 13, 47, 16, 29, 1, 49, 20, 23, 30, 2, 7, 42, 15, 51, 12, 28, 27, 46, 6, 34, 22]

Individual 44:
  Route length: 12989
  Contribution to Diversity: 0.0003552694805968315
  Route: [1, 6, 4, 25, 12, 27, 51, 11, 52, 14, 13, 47, 26, 50, 20, 23, 42, 7, 2, 30, 38, 15, 5, 24, 28, 8, 36, 29, 46, 33, 43, 10, 9, 41, 19, 3, 17, 21, 45, 32, 37, 48, 40, 44, 34, 16, 35, 49, 39, 18, 31, 22]

Individual 45:
  Route length: 12978
  Contribution to Diversity: 0.0002606639788247378
  Route: [49, 36, 39, 3, 17, 21, 23, 27, 47, 26, 13, 14, 52, 11, 51, 33, 43, 10, 9, 8, 41, 19, 40, 45, 1, 28, 5, 15, 24, 48, 38, 37, 20, 30, 32, 42, 2, 7, 12, 25, 4, 6, 34, 44, 46, 16, 29, 50, 31, 18, 35, 22]

Individual 46:
  Route length: 13075
  Contribution to Diversity: 0.0008588694792397433
  Route: [32, 45, 18, 21, 24, 48, 15, 44, 38, 42, 7, 2, 30, 16, 29, 50, 37, 31, 1, 49, 20, 23, 17, 3, 19, 41, 8, 9, 10, 43, 33, 11, 52, 13, 26, 14, 27, 28, 12, 47, 25, 4, 36, 35, 40, 39, 5, 34, 6, 51, 46, 22]

Individual 47:
  Route length: 13196
  Contribution to Diversity: 0.000791494867547371
  Route: [36, 39, 17, 21, 42, 7, 2, 23, 30, 45, 43, 10, 9, 8, 41, 19, 3, 33, 28, 27, 26, 47, 13, 14, 52, 11, 51, 48, 24, 5, 31, 18, 38, 12, 44, 46, 37, 16, 29, 20, 32, 49, 1, 50, 15, 25, 40, 34, 6, 4, 35, 22]

Individual 48:
  Route length: 13124
  Contribution to Diversity: 0.0003284320231760063
  Route: [1, 6, 51, 11, 52, 14, 13, 27, 26, 47, 12, 25, 4, 30, 2, 7, 42, 23, 38, 37, 48, 40, 44, 34, 20, 46, 50, 21, 17, 3, 19, 41, 9, 10, 43, 33, 15, 5, 24, 28, 8, 36, 29, 16, 35, 45, 32, 49, 39, 18, 31, 22]

Individual 49:
  Route length: 12938
  Contribution to Diversity: 0.000451979125273283
  Route: [20, 1, 49, 41, 8, 45, 3, 17, 31, 19, 34, 4, 6, 15, 5, 16, 10, 9, 43, 35, 33, 51, 11, 52, 13, 14, 47, 26, 27, 28, 46, 12, 25, 40, 37, 38, 36, 50, 44, 32, 23, 30, 2, 7, 42, 21, 18, 39, 24, 48, 29, 22]

Individual 50:
  Route length: 13071
  Contribution to Diversity: 0.0008417660202368893
  Route: [41, 19, 8, 9, 10, 43, 6, 4, 33, 51, 38, 44, 24, 48, 35, 36, 40, 39, 5, 15, 20, 18, 31, 32, 45, 37, 27, 28, 34, 25, 23, 30, 2, 7, 42, 21, 17, 3, 49, 1, 50, 16, 26, 47, 13, 14, 52, 11, 12, 46, 29, 22]

Individual 51:
  Route length: 13117
  Contribution to Diversity: 0.001523455473931179
  Route: [32, 48, 50, 20, 23, 30, 2, 7, 42, 21, 17, 3, 18, 41, 45, 1, 43, 33, 15, 5, 24, 6, 4, 25, 52, 14, 13, 47, 26, 27, 28, 29, 16, 34, 51, 11, 44, 37, 39, 40, 46, 12, 38, 35, 36, 8, 9, 10, 49, 19, 31, 22]

Individual 52:
  Route length: 13146
  Contribution to Diversity: 0.0005200379075862571
  Route: [50, 5, 23, 30, 2, 7, 42, 21, 17, 3, 45, 19, 43, 41, 8, 9, 10, 24, 48, 34, 4, 6, 31, 20, 28, 27, 26, 47, 13, 14, 52, 11, 51, 12, 44, 40, 46, 29, 16, 49, 18, 32, 36, 15, 38, 37, 1, 39, 35, 33, 25, 22]

Individual 53:
  Route length: 12999
  Contribution to Diversity: 0.0001416854665592382
  Route: [1, 2, 30, 36, 38, 37, 40, 32, 49, 18, 48, 46, 16, 29, 50, 20, 23, 35, 39, 9, 10, 8, 33, 43, 41, 19, 45, 31, 34, 44, 21, 17, 7, 42, 28, 12, 51, 11, 52, 14, 13, 47, 26, 27, 4, 25, 5, 24, 6, 15, 3, 22]

Individual 54:
  Route length: 13157
  Contribution to Diversity: 0.0005373292616051017
  Route: [18, 3, 17, 49, 1, 39, 15, 27, 28, 30, 2, 7, 42, 21, 23, 12, 25, 46, 36, 50, 29, 16, 44, 6, 4, 5, 40, 43, 10, 41, 8, 9, 35, 37, 38, 48, 33, 51, 11, 52, 14, 13, 47, 26, 24, 32, 19, 45, 34, 20, 31, 22]

Individual 55:
  Route length: 13080
  Contribution to Diversity: 0.0010427291289696328
  Route: [1, 39, 25, 5, 15, 6, 35, 36, 38, 37, 40, 18, 20, 50, 29, 30, 2, 7, 42, 28, 12, 51, 11, 52, 14, 13, 47, 26, 27, 4, 49, 32, 45, 19, 41, 3, 48, 46, 23, 9, 10, 8, 16, 24, 33, 43, 34, 44, 21, 17, 31, 22]

Individual 56:
  Route length: 12924
  Contribution to Diversity: 0.0007932683136671059
  Route: [4, 47, 13, 27, 26, 34, 35, 49, 24, 5, 15, 6, 37, 38, 48, 17, 3, 18, 1, 36, 25, 28, 12, 11, 52, 14, 51, 33, 43, 10, 9, 8, 41, 16, 20, 50, 29, 31, 23, 30, 21, 42, 7, 2, 32, 19, 45, 46, 44, 39, 40, 22]

Individual 57:
  Route length: 13157
  Contribution to Diversity: 0.0011207618620305837
  Route: [8, 25, 46, 16, 20, 45, 9, 10, 43, 33, 51, 11, 52, 27, 26, 47, 13, 14, 28, 12, 35, 37, 40, 4, 39, 36, 34, 44, 5, 30, 49, 50, 23, 29, 18, 3, 17, 21, 42, 7, 2, 41, 19, 32, 6, 24, 38, 48, 15, 1, 31, 22]

Individual 58:
  Route length: 13114
  Contribution to Diversity: 0.001506494271128922
  Route: [23, 2, 7, 42, 21, 17, 30, 28, 27, 26, 47, 13, 14, 52, 11, 12, 49, 45, 32, 18, 31, 40, 46, 37, 38, 48, 24, 5, 15, 25, 20, 3, 9, 10, 43, 8, 41, 19, 33, 51, 39, 36, 35, 4, 6, 34, 29, 16, 1, 50, 44, 22]

Individual 59:
  Route length: 12867
  Contribution to Diversity: 0.0002380029139859019
  Route: [41, 3, 17, 18, 19, 21, 42, 7, 2, 30, 43, 33, 51, 11, 52, 27, 26, 47, 13, 14, 28, 12, 32, 45, 36, 34, 44, 5, 20, 50, 38, 6, 48, 15, 24, 35, 37, 46, 1, 16, 29, 23, 49, 39, 40, 25, 4, 10, 9, 8, 31, 22]

Individual 60:
  Route length: 13184
  Contribution to Diversity: 0.000814388932906418
  Route: [12, 5, 24, 31, 41, 40, 25, 43, 48, 38, 37, 3, 17, 21, 42, 7, 2, 30, 23, 20, 1, 16, 29, 50, 44, 49, 35, 4, 6, 33, 51, 11, 52, 14, 13, 47, 26, 27, 28, 18, 34, 39, 36, 46, 15, 32, 19, 45, 10, 9, 8, 22]

Individual 61:
  Route length: 13012
  Contribution to Diversity: 0.0003237668587985354
  Route: [5, 44, 34, 36, 25, 51, 11, 52, 27, 26, 47, 13, 14, 28, 12, 15, 48, 38, 40, 6, 4, 41, 19, 32, 45, 39, 49, 23, 29, 16, 46, 1, 24, 35, 50, 20, 37, 21, 42, 7, 2, 30, 43, 33, 8, 9, 10, 18, 17, 3, 31, 22]

Individual 62:
  Route length: 13042
  Contribution to Diversity: 0.0008475718969584989
  Route: [30, 23, 19, 41, 8, 9, 10, 43, 49, 1, 21, 42, 7, 2, 48, 20, 31, 18, 3, 32, 45, 46, 4, 25, 15, 5, 16, 29, 50, 17, 6, 33, 51, 11, 12, 52, 14, 13, 47, 26, 27, 28, 34, 35, 40, 39, 36, 44, 38, 37, 24, 22]

Individual 63:
  Route length: 13091
  Contribution to Diversity: 0.00012239692888105225
  Route: [1, 49, 19, 43, 10, 9, 8, 41, 32, 5, 33, 51, 11, 52, 14, 13, 47, 26, 27, 28, 12, 25, 4, 6, 15, 48, 7, 2, 42, 45, 30, 23, 20, 40, 29, 50, 18, 21, 37, 38, 39, 34, 3, 35, 36, 44, 46, 16, 24, 17, 31, 22]

Individual 64:
  Route length: 13057
  Contribution to Diversity: 0.0007257546175498675
  Route: [41, 19, 8, 9, 10, 43, 6, 4, 33, 51, 38, 44, 15, 5, 39, 40, 36, 35, 48, 24, 45, 32, 31, 18, 20, 37, 27, 28, 34, 25, 23, 30, 2, 7, 42, 21, 17, 3, 49, 1, 50, 16, 26, 47, 13, 14, 52, 11, 12, 46, 29, 22]

Individual 65:
  Route length: 13070
  Contribution to Diversity: 0.0008475640626954828
  Route: [9, 10, 43, 33, 51, 11, 52, 14, 13, 47, 2, 7, 42, 21, 17, 3, 18, 31, 49, 32, 19, 38, 27, 39, 36, 48, 37, 40, 5, 15, 6, 1, 45, 41, 8, 4, 25, 12, 28, 26, 20, 50, 35, 24, 34, 16, 29, 46, 44, 30, 23, 22]

Individual 66:
  Route length: 13114
  Contribution to Diversity: 0.0007629729615832304
  Route: [43, 5, 38, 33, 45, 19, 41, 8, 10, 9, 1, 34, 35, 36, 23, 30, 2, 7, 42, 21, 17, 3, 18, 31, 15, 32, 24, 44, 25, 29, 16, 4, 6, 12, 28, 27, 48, 37, 51, 11, 52, 14, 13, 47, 26, 40, 39, 49, 46, 20, 50, 22]

Individual 67:
  Route length: 13081
  Contribution to Diversity: 0.0003324480822568532
  Route: [41, 3, 17, 18, 24, 15, 48, 6, 38, 50, 20, 5, 44, 34, 36, 45, 32, 12, 28, 14, 13, 47, 26, 27, 52, 11, 51, 33, 43, 30, 2, 7, 42, 21, 19, 49, 23, 29, 16, 1, 46, 37, 35, 39, 40, 25, 4, 10, 9, 8, 31, 22]

Individual 68:
  Route length: 13039
  Contribution to Diversity: 0.0010069261942229346
  Route: [49, 32, 35, 34, 44, 15, 16, 6, 4, 25, 12, 27, 26, 47, 13, 14, 52, 11, 51, 33, 5, 40, 23, 1, 30, 28, 38, 50, 31, 21, 17, 3, 45, 42, 2, 7, 18, 20, 29, 36, 39, 37, 19, 41, 8, 9, 10, 43, 24, 48, 46, 22]

Individual 69:
  Route length: 12956
  Contribution to Diversity: 0.0011054215291910197
  Route: [41, 19, 18, 3, 17, 21, 42, 7, 30, 16, 46, 40, 39, 36, 34, 5, 44, 38, 6, 24, 8, 32, 10, 9, 45, 20, 23, 50, 29, 4, 43, 33, 51, 11, 52, 27, 26, 47, 13, 14, 28, 12, 25, 48, 15, 1, 49, 35, 37, 2, 31, 22]

Individual 70:
  Route length: 13070
  Contribution to Diversity: 0.0005640207836634659
  Route: [8, 32, 19, 41, 3, 17, 30, 7, 42, 21, 1, 49, 23, 50, 37, 35, 45, 9, 10, 18, 4, 15, 16, 46, 40, 39, 36, 34, 44, 5, 25, 12, 28, 14, 13, 47, 26, 27, 52, 11, 51, 33, 43, 24, 6, 38, 48, 29, 20, 2, 31, 22]

Individual 71:
  Route length: 13136
  Contribution to Diversity: 0.0005860047734937979
  Route: [33, 37, 40, 50, 29, 16, 47, 13, 26, 14, 52, 11, 51, 12, 6, 34, 35, 38, 48, 46, 27, 28, 44, 39, 36, 21, 18, 31, 1, 49, 32, 45, 19, 3, 17, 10, 9, 8, 41, 43, 15, 23, 30, 2, 7, 42, 20, 25, 4, 5, 24, 22]

Individual 72:
  Route length: 12996
  Contribution to Diversity: 0.000567528005160689
  Route: [39, 20, 23, 30, 2, 21, 17, 31, 18, 35, 36, 42, 7, 3, 41, 8, 9, 32, 43, 33, 51, 11, 52, 14, 13, 12, 28, 27, 26, 47, 50, 40, 15, 38, 46, 44, 25, 37, 16, 29, 1, 49, 34, 4, 6, 5, 24, 48, 45, 19, 10, 22]

Individual 73:
  Route length: 13178
  Contribution to Diversity: 0.0009273301993157901
  Route: [49, 1, 30, 20, 38, 35, 39, 40, 48, 17, 21, 45, 19, 41, 8, 9, 10, 43, 33, 51, 11, 12, 25, 16, 29, 32, 23, 3, 46, 15, 27, 52, 14, 13, 47, 26, 28, 34, 44, 50, 7, 2, 42, 37, 24, 5, 6, 4, 36, 18, 31, 22]

Individual 74:
  Route length: 12953
  Contribution to Diversity: 0.0008532289979399366
  Route: [1, 37, 38, 4, 15, 44, 43, 10, 45, 46, 25, 6, 34, 35, 12, 33, 51, 11, 52, 14, 13, 47, 26, 27, 28, 20, 23, 30, 42, 2, 7, 50, 29, 16, 39, 9, 8, 49, 32, 36, 5, 24, 48, 19, 41, 40, 17, 21, 3, 18, 31, 22]

Individual 75:
  Route length: 13141
  Contribution to Diversity: 0.0004561361752983828
  Route: [1, 32, 49, 39, 43, 36, 5, 10, 9, 8, 38, 4, 25, 13, 14, 52, 11, 24, 37, 40, 3, 18, 31, 44, 46, 16, 34, 35, 33, 51, 15, 48, 6, 19, 41, 21, 17, 42, 7, 2, 30, 23, 20, 50, 29, 47, 26, 27, 28, 12, 45, 22]

Individual 76:
  Route length: 13112
  Contribution to Diversity: 0.001008160786694745
  Route: [40, 39, 23, 49, 32, 45, 19, 41, 8, 9, 10, 43, 4, 12, 46, 13, 47, 26, 27, 28, 11, 51, 33, 38, 48, 37, 29, 24, 5, 15, 6, 42, 7, 2, 21, 1, 36, 35, 34, 44, 25, 14, 52, 16, 50, 30, 20, 17, 3, 18, 31, 22]

Individual 77:
  Route length: 12913
  Contribution to Diversity: 0.0005613129986263843
  Route: [32, 30, 24, 48, 39, 40, 2, 7, 42, 21, 1, 34, 44, 29, 50, 16, 45, 19, 41, 8, 9, 10, 43, 25, 5, 37, 35, 36, 49, 4, 6, 15, 33, 51, 11, 13, 14, 52, 47, 26, 27, 28, 38, 31, 18, 3, 17, 12, 46, 20, 23, 22]

Individual 78:
  Route length: 13056
  Contribution to Diversity: 0.0010914732879205857
  Route: [9, 33, 51, 11, 52, 14, 13, 47, 26, 30, 44, 46, 48, 35, 49, 32, 1, 18, 2, 42, 7, 21, 17, 3, 8, 41, 19, 38, 24, 39, 45, 34, 23, 20, 50, 29, 16, 5, 15, 37, 40, 6, 4, 36, 25, 12, 27, 28, 10, 43, 31, 22]

Individual 79:
  Route length: 12954
  Contribution to Diversity: 0.0005917261273093999
  Route: [33, 37, 40, 50, 29, 16, 47, 13, 26, 14, 52, 11, 51, 12, 6, 34, 35, 32, 49, 1, 31, 18, 21, 36, 39, 44, 28, 27, 46, 48, 38, 24, 5, 4, 25, 20, 42, 7, 2, 30, 23, 15, 43, 41, 8, 9, 10, 17, 3, 19, 45, 22]

Individual 80:
  Route length: 13010
  Contribution to Diversity: 0.00030068356135970475
  Route: [49, 32, 24, 48, 46, 12, 27, 26, 47, 13, 14, 52, 11, 51, 33, 43, 10, 9, 8, 41, 19, 37, 39, 44, 34, 35, 5, 15, 18, 20, 29, 36, 40, 23, 1, 38, 28, 30, 6, 4, 25, 50, 16, 2, 7, 42, 45, 3, 17, 21, 31, 22]

Individual 81:
  Route length: 13154
  Contribution to Diversity: 0.00015812704351780837
  Route: [6, 4, 45, 9, 34, 50, 20, 23, 29, 16, 26, 47, 13, 14, 52, 11, 51, 33, 43, 10, 28, 27, 12, 25, 38, 24, 48, 46, 44, 30, 40, 1, 32, 37, 5, 15, 2, 42, 7, 21, 17, 3, 18, 49, 35, 36, 39, 19, 41, 8, 31, 22]

Individual 82:
  Route length: 13091
  Contribution to Diversity: 0.0001365864923892346
  Route: [10, 9, 8, 41, 43, 19, 45, 3, 17, 21, 42, 7, 2, 30, 23, 5, 50, 16, 29, 46, 20, 28, 27, 26, 47, 13, 14, 52, 11, 51, 12, 44, 40, 4, 6, 31, 34, 48, 24, 49, 18, 32, 36, 15, 38, 37, 1, 39, 35, 33, 25, 22]

Individual 83:
  Route length: 12937
  Contribution to Diversity: 0.000998582091413347
  Route: [28, 12, 40, 38, 37, 45, 19, 41, 8, 9, 10, 20, 23, 16, 29, 50, 46, 36, 39, 6, 4, 15, 44, 48, 24, 35, 1, 31, 25, 5, 27, 26, 47, 13, 14, 52, 11, 51, 33, 43, 49, 32, 18, 3, 17, 7, 2, 30, 34, 42, 21, 22]

Individual 84:
  Route length: 12914
  Contribution to Diversity: 0.00043975490151382246
  Route: [19, 41, 8, 9, 10, 43, 33, 48, 46, 35, 38, 32, 1, 44, 4, 11, 51, 24, 40, 25, 12, 28, 27, 26, 47, 13, 14, 52, 16, 18, 3, 17, 21, 42, 7, 2, 31, 29, 30, 36, 5, 15, 6, 34, 45, 49, 50, 20, 37, 39, 23, 22]

Individual 85:
  Route length: 13049
  Contribution to Diversity: 0.0003009850599848818
  Route: [1, 26, 27, 49, 2, 7, 42, 36, 32, 35, 34, 18, 3, 17, 21, 30, 50, 23, 20, 44, 46, 16, 5, 24, 48, 29, 40, 6, 15, 33, 43, 10, 9, 45, 19, 41, 8, 25, 12, 28, 47, 13, 14, 52, 11, 51, 4, 37, 39, 38, 31, 22]

Individual 86:
  Route length: 13111
  Contribution to Diversity: 0.001193415088678762
  Route: [34, 5, 49, 32, 47, 26, 27, 13, 14, 52, 11, 51, 33, 43, 10, 9, 8, 41, 19, 36, 1, 50, 29, 17, 3, 18, 21, 42, 25, 4, 24, 15, 28, 6, 12, 46, 39, 48, 40, 37, 38, 35, 44, 16, 45, 23, 20, 30, 2, 7, 31, 22]

Individual 87:
  Route length: 13101
  Contribution to Diversity: 0.0005754574699290416
  Route: [12, 20, 50, 29, 16, 44, 24, 5, 15, 6, 4, 21, 17, 42, 7, 2, 30, 23, 19, 45, 32, 40, 48, 38, 37, 1, 8, 9, 10, 43, 51, 11, 52, 14, 13, 47, 26, 27, 28, 33, 35, 36, 39, 41, 18, 49, 3, 31, 34, 46, 25, 22]

Individual 88:
  Route length: 12810
  Contribution to Diversity: 0
  Route: [10, 9, 8, 41, 19, 45, 39, 15, 6, 4, 25, 12, 28, 27, 26, 47, 38, 1, 49, 40, 43, 33, 51, 11, 52, 14, 13, 50, 20, 29, 30, 48, 24, 5, 34, 21, 42, 46, 44, 16, 35, 23, 36, 37, 32, 18, 3, 7, 2, 17, 31, 22]

Individual 89:
  Route length: 12829
  Contribution to Diversity: 0
  Route: [30, 23, 31, 3, 17, 48, 18, 1, 36, 25, 24, 5, 15, 40, 46, 44, 38, 37, 39, 34, 26, 27, 28, 12, 11, 52, 14, 13, 47, 4, 6, 35, 49, 16, 20, 50, 29, 19, 51, 33, 43, 10, 9, 8, 41, 45, 32, 2, 7, 42, 21, 22]

Individual 90:
  Route length: 13036
  Contribution to Diversity: 0.0008146448539605444
  Route: [49, 32, 24, 48, 46, 12, 27, 26, 47, 13, 14, 52, 11, 51, 33, 43, 10, 9, 8, 41, 19, 37, 39, 44, 34, 35, 5, 15, 18, 20, 29, 40, 36, 31, 21, 17, 3, 45, 42, 7, 2, 16, 50, 25, 4, 6, 30, 28, 38, 1, 23, 22]

Individual 91:
  Route length: 13156
  Contribution to Diversity: 0
  Route: [1, 49, 19, 43, 10, 9, 8, 41, 32, 2, 7, 48, 15, 6, 33, 51, 11, 52, 14, 13, 47, 26, 27, 28, 12, 25, 4, 21, 18, 50, 29, 40, 20, 23, 30, 16, 46, 44, 36, 35, 3, 34, 39, 38, 24, 5, 37, 45, 42, 17, 31, 22]

Individual 92:
  Route length: 12974
  Contribution to Diversity: 0.0003688026997012983
  Route: [41, 3, 17, 18, 24, 15, 48, 6, 38, 16, 29, 23, 49, 19, 21, 42, 7, 2, 30, 43, 33, 51, 11, 52, 27, 26, 47, 13, 14, 28, 12, 32, 45, 36, 34, 44, 5, 20, 50, 1, 46, 37, 35, 39, 40, 25, 4, 10, 9, 8, 31, 22]

Individual 93:
  Route length: 13064
  Contribution to Diversity: 0
  Route: [1, 49, 19, 43, 10, 9, 8, 41, 32, 2, 7, 48, 15, 6, 4, 25, 12, 28, 27, 26, 47, 13, 14, 52, 11, 51, 33, 5, 24, 38, 39, 34, 3, 35, 36, 50, 29, 40, 20, 23, 30, 16, 46, 44, 21, 18, 37, 45, 42, 17, 31, 22]

Individual 94:
  Route length: 13031
  Contribution to Diversity: 0.000925866894589511
  Route: [20, 1, 49, 41, 8, 45, 3, 17, 31, 19, 34, 4, 6, 15, 5, 16, 38, 37, 40, 25, 12, 46, 28, 27, 26, 47, 14, 13, 52, 11, 51, 33, 35, 43, 9, 10, 29, 48, 24, 39, 18, 21, 42, 7, 2, 30, 23, 32, 44, 50, 36, 22]

Individual 95:
  Route length: 12808
  Contribution to Diversity: 0
  Route: [30, 44, 46, 48, 24, 38, 25, 12, 27, 28, 10, 43, 33, 51, 11, 52, 14, 13, 47, 26, 16, 29, 23, 20, 50, 34, 9, 45, 4, 6, 36, 35, 49, 18, 3, 17, 21, 7, 42, 2, 15, 5, 37, 32, 1, 40, 39, 19, 41, 8, 31, 22]

Individual 96:
  Route length: 13090
  Contribution to Diversity: 0.0011342827618081586
  Route: [1, 11, 51, 33, 43, 37, 34, 46, 31, 48, 24, 12, 28, 52, 14, 13, 47, 26, 27, 29, 16, 35, 40, 38, 44, 41, 8, 9, 10, 19, 45, 32, 49, 2, 7, 42, 20, 50, 30, 15, 25, 4, 6, 5, 39, 36, 3, 21, 17, 23, 18, 22]

Individual 97:
  Route length: 13095
  Contribution to Diversity: 0.00022272847546833674
  Route: [8, 32, 34, 36, 39, 40, 46, 16, 30, 7, 42, 21, 17, 3, 41, 19, 1, 49, 35, 37, 50, 23, 29, 5, 43, 33, 51, 11, 52, 27, 26, 47, 13, 14, 28, 12, 25, 44, 15, 48, 38, 6, 24, 4, 18, 10, 9, 45, 20, 2, 31, 22]

Individual 98:
  Route length: 13102
  Contribution to Diversity: 0
  Route: [31, 18, 39, 6, 4, 34, 12, 46, 16, 29, 23, 5, 41, 8, 9, 10, 43, 35, 28, 27, 26, 47, 13, 14, 52, 11, 51, 33, 36, 49, 1, 19, 40, 48, 3, 17, 21, 20, 50, 42, 7, 2, 30, 44, 15, 37, 38, 25, 24, 45, 32, 22]

Individual 99:
  Route length: 12544
  Contribution to Diversity: 0
  Route: [1, 5, 24, 43, 4, 6, 15, 33, 51, 26, 13, 14, 52, 11, 21, 42, 7, 2, 30, 20, 50, 34, 44, 48, 49, 36, 35, 29, 23, 32, 45, 19, 41, 8, 10, 9, 25, 12, 28, 27, 47, 38, 37, 40, 39, 16, 46, 17, 3, 18, 31, 22]

Individual 100:
  Route length: 12816
  Contribution to Diversity: 0.00015425343935504543
  Route: [10, 9, 8, 41, 43, 19, 45, 3, 17, 21, 42, 7, 2, 30, 23, 5, 50, 16, 29, 46, 20, 28, 27, 26, 47, 13, 14, 52, 11, 51, 12, 44, 40, 4, 6, 31, 1, 37, 38, 15, 36, 32, 18, 49, 24, 48, 34, 25, 33, 35, 39, 22]

Individual 101:
  Route length: 12996
  Contribution to Diversity: 0
  Route: [1, 36, 35, 24, 43, 4, 6, 15, 33, 51, 26, 13, 14, 52, 11, 5, 27, 28, 12, 25, 9, 10, 8, 41, 19, 45, 32, 23, 29, 21, 42, 7, 2, 30, 20, 50, 34, 44, 48, 49, 47, 38, 37, 40, 39, 16, 46, 17, 3, 18, 31, 22]

Individual 102:
  Route length: 12797
  Contribution to Diversity: 0
  Route: [28, 12, 25, 4, 43, 33, 27, 51, 11, 52, 14, 13, 47, 26, 37, 40, 35, 1, 49, 32, 45, 19, 41, 10, 9, 8, 46, 16, 29, 50, 38, 48, 24, 15, 6, 36, 44, 18, 21, 17, 2, 7, 42, 3, 5, 31, 34, 39, 20, 23, 30, 22]

Individual 103:
  Route length: 12749
  Contribution to Diversity: 0.0006338951032365259
  Route: [49, 23, 1, 21, 2, 7, 42, 4, 25, 46, 24, 5, 15, 6, 29, 50, 16, 52, 14, 28, 38, 48, 37, 44, 36, 35, 34, 40, 39, 12, 27, 26, 47, 13, 11, 51, 33, 8, 9, 10, 43, 41, 19, 45, 32, 30, 20, 17, 3, 18, 31, 22]

Individual 104:
  Route length: 12872
  Contribution to Diversity: 0.0002730279635425603
  Route: [5, 44, 34, 36, 39, 40, 38, 48, 15, 12, 28, 14, 13, 47, 26, 27, 52, 11, 51, 33, 43, 30, 2, 7, 42, 21, 20, 50, 49, 23, 29, 16, 35, 6, 37, 45, 32, 19, 18, 17, 31, 8, 9, 10, 3, 41, 4, 25, 24, 1, 46, 22]

Individual 105:
  Route length: 13030
  Contribution to Diversity: 0.00030071823919186613
  Route: [30, 23, 31, 3, 17, 48, 18, 1, 36, 25, 24, 5, 15, 40, 46, 44, 32, 45, 41, 8, 9, 10, 43, 33, 51, 19, 29, 50, 20, 16, 49, 35, 6, 4, 47, 13, 14, 52, 11, 12, 28, 27, 26, 34, 39, 37, 38, 2, 7, 42, 21, 22]

Individual 106:
  Route length: 13153
  Contribution to Diversity: 0
  Route: [28, 12, 25, 4, 43, 33, 27, 26, 47, 13, 14, 52, 11, 51, 18, 44, 36, 6, 15, 24, 48, 38, 50, 29, 16, 46, 8, 9, 10, 41, 19, 45, 32, 49, 1, 35, 40, 37, 21, 17, 2, 7, 42, 3, 5, 31, 34, 39, 20, 23, 30, 22]

Individual 107:
  Route length: 13120
  Contribution to Diversity: 0.0004176328979870192
  Route: [1, 49, 32, 45, 19, 10, 9, 8, 41, 40, 38, 44, 23, 17, 21, 3, 36, 39, 5, 6, 4, 25, 15, 30, 50, 20, 42, 7, 2, 11, 51, 33, 43, 37, 34, 46, 31, 48, 24, 12, 28, 52, 14, 13, 47, 26, 27, 29, 16, 35, 18, 22]

Individual 108:
  Route length: 13150
  Contribution to Diversity: 0.0006735371383523869
  Route: [30, 23, 31, 3, 17, 48, 37, 38, 44, 46, 40, 15, 5, 24, 25, 36, 1, 18, 43, 33, 51, 19, 29, 50, 20, 16, 49, 35, 6, 4, 47, 13, 14, 52, 11, 12, 28, 27, 26, 34, 39, 10, 9, 8, 41, 45, 32, 2, 7, 42, 21, 22]

Individual 109:
  Route length: 12856
  Contribution to Diversity: 0
  Route: [10, 9, 8, 41, 19, 45, 39, 42, 21, 43, 33, 51, 11, 52, 14, 13, 50, 20, 29, 30, 48, 24, 5, 34, 1, 49, 40, 38, 47, 26, 27, 28, 12, 25, 4, 6, 15, 35, 16, 44, 46, 23, 36, 37, 32, 18, 3, 7, 2, 17, 31, 22]

Individual 110:
  Route length: 13164
  Contribution to Diversity: 0.0004631079103285529
  Route: [1, 32, 44, 46, 16, 34, 35, 33, 51, 15, 5, 10, 9, 8, 38, 4, 25, 13, 14, 52, 11, 36, 43, 39, 49, 31, 18, 3, 40, 37, 24, 48, 6, 19, 41, 21, 17, 42, 7, 2, 30, 23, 20, 50, 29, 47, 26, 27, 28, 12, 45, 22]

Individual 111:
  Route length: 12431
  Contribution to Diversity: 0
  Route: [1, 32, 35, 34, 44, 46, 16, 29, 50, 20, 23, 30, 2, 7, 42, 21, 17, 3, 10, 9, 37, 26, 47, 28, 27, 24, 5, 48, 8, 41, 49, 45, 38, 36, 39, 40, 19, 43, 33, 11, 52, 14, 13, 51, 15, 25, 12, 4, 6, 18, 31, 22]

Individual 112:
  Route length: 13103
  Contribution to Diversity: 0.0005554038388098093
  Route: [1, 6, 51, 11, 52, 14, 13, 27, 26, 47, 12, 25, 4, 15, 33, 43, 10, 9, 41, 19, 3, 17, 21, 50, 46, 20, 34, 44, 40, 48, 37, 38, 23, 42, 7, 2, 30, 5, 24, 28, 8, 36, 29, 16, 35, 45, 32, 49, 39, 18, 31, 22]

Individual 113:
  Route length: 12635
  Contribution to Diversity: 0
  Route: [8, 32, 19, 41, 3, 17, 30, 7, 42, 21, 1, 49, 35, 37, 50, 23, 29, 16, 46, 40, 39, 36, 34, 44, 5, 25, 12, 28, 14, 13, 47, 26, 27, 52, 11, 51, 33, 43, 24, 6, 38, 48, 4, 15, 18, 10, 9, 45, 20, 2, 31, 22]

Individual 114:
  Route length: 13018
  Contribution to Diversity: 0
  Route: [26, 47, 13, 14, 52, 11, 51, 33, 38, 37, 46, 48, 4, 5, 39, 36, 35, 32, 49, 1, 6, 40, 30, 2, 31, 18, 3, 17, 21, 7, 42, 23, 20, 50, 29, 16, 34, 15, 43, 10, 28, 27, 12, 25, 44, 24, 9, 19, 41, 8, 45, 22]

Individual 115:
  Route length: 12886
  Contribution to Diversity: 0.00042571128025681304
  Route: [16, 52, 14, 13, 47, 26, 27, 28, 12, 25, 40, 24, 51, 11, 4, 44, 1, 32, 38, 35, 46, 48, 33, 43, 10, 9, 8, 41, 19, 17, 3, 18, 21, 42, 7, 2, 31, 29, 30, 36, 5, 15, 6, 34, 45, 49, 50, 20, 37, 39, 23, 22]

Individual 116:
  Route length: 13113
  Contribution to Diversity: 0.0010680759834764686
  Route: [1, 8, 9, 10, 45, 49, 32, 3, 17, 21, 42, 7, 2, 5, 37, 40, 39, 34, 36, 50, 20, 29, 16, 25, 13, 47, 26, 27, 28, 12, 38, 48, 41, 19, 30, 23, 46, 35, 6, 24, 52, 14, 11, 51, 33, 43, 15, 4, 44, 18, 31, 22]

Individual 117:
  Route length: 13103
  Contribution to Diversity: 0
  Route: [31, 18, 39, 6, 4, 34, 12, 46, 16, 29, 23, 5, 41, 8, 9, 10, 43, 35, 28, 27, 26, 47, 13, 14, 52, 11, 51, 33, 36, 49, 1, 19, 48, 40, 3, 17, 21, 20, 50, 42, 7, 2, 30, 44, 15, 37, 38, 25, 24, 45, 32, 22]

Individual 118:
  Route length: 12855
  Contribution to Diversity: 0.00023693831834936674
  Route: [1, 5, 11, 52, 14, 13, 26, 51, 33, 15, 44, 6, 4, 43, 24, 35, 36, 49, 48, 3, 17, 46, 16, 39, 40, 37, 38, 47, 27, 28, 12, 25, 9, 10, 8, 41, 19, 45, 32, 23, 29, 34, 50, 20, 30, 2, 7, 42, 21, 18, 31, 22]

Individual 119:
  Route length: 13112
  Contribution to Diversity: 0.0007156876855320959
  Route: [1, 32, 38, 35, 46, 48, 33, 43, 10, 9, 8, 41, 19, 20, 50, 49, 45, 34, 6, 15, 5, 36, 30, 29, 31, 2, 7, 42, 21, 17, 3, 18, 25, 12, 28, 27, 26, 47, 13, 14, 52, 16, 24, 40, 51, 11, 4, 44, 37, 39, 23, 22]

Individual 120:
  Route length: 13004
  Contribution to Diversity: 0.0003907617553240428
  Route: [1, 26, 27, 49, 2, 7, 42, 36, 32, 35, 40, 15, 6, 18, 3, 17, 21, 30, 34, 44, 20, 23, 50, 29, 46, 16, 5, 24, 48, 25, 12, 28, 47, 13, 14, 52, 11, 51, 4, 8, 41, 19, 45, 9, 10, 43, 33, 37, 39, 38, 31, 22]

Individual 121:
  Route length: 12461
  Contribution to Diversity: 0
  Route: [1, 32, 35, 34, 44, 46, 16, 29, 50, 20, 23, 30, 2, 7, 42, 21, 17, 3, 10, 9, 37, 26, 47, 28, 13, 14, 52, 11, 33, 43, 19, 40, 39, 36, 38, 45, 49, 41, 8, 48, 5, 24, 27, 12, 25, 15, 51, 4, 6, 18, 31, 22]

Individual 122:
  Route length: 13147
  Contribution to Diversity: 0
  Route: [1, 32, 35, 34, 44, 46, 16, 29, 50, 20, 23, 30, 2, 7, 42, 21, 17, 3, 10, 9, 37, 26, 47, 28, 13, 14, 52, 11, 33, 38, 36, 39, 40, 19, 43, 12, 27, 24, 5, 48, 8, 41, 49, 45, 25, 15, 51, 4, 6, 18, 31, 22]

Individual 123:
  Route length: 12764
  Contribution to Diversity: 0
  Route: [1, 32, 35, 34, 44, 46, 16, 41, 8, 48, 5, 24, 27, 28, 47, 26, 37, 9, 10, 3, 17, 21, 42, 7, 2, 30, 23, 20, 50, 29, 6, 4, 12, 25, 15, 51, 13, 14, 52, 11, 33, 43, 19, 40, 39, 36, 38, 45, 49, 18, 31, 22]

Individual 124:
  Route length: 12967
  Contribution to Diversity: 0.000546716658525348
  Route: [36, 39, 17, 21, 42, 7, 2, 23, 30, 45, 43, 10, 9, 8, 41, 19, 3, 33, 28, 27, 26, 47, 13, 14, 52, 11, 51, 48, 24, 5, 38, 18, 31, 20, 29, 16, 37, 46, 44, 12, 32, 49, 1, 50, 15, 25, 40, 34, 6, 4, 35, 22]

Individual 125:
  Route length: 12942
  Contribution to Diversity: 9.294612642651856e-05
  Route: [48, 38, 40, 37, 1, 49, 35, 36, 26, 47, 13, 14, 52, 11, 51, 27, 33, 43, 4, 25, 12, 28, 6, 15, 24, 50, 5, 31, 21, 17, 2, 7, 42, 29, 23, 20, 39, 34, 44, 32, 45, 19, 41, 10, 9, 8, 46, 16, 18, 3, 30, 22]

Individual 126:
  Route length: 13171
  Contribution to Diversity: 0.0007756799905989098
  Route: [28, 12, 25, 4, 43, 33, 27, 51, 11, 52, 14, 13, 47, 26, 36, 35, 49, 34, 39, 20, 23, 29, 42, 7, 2, 17, 21, 31, 5, 50, 6, 15, 24, 48, 38, 40, 37, 1, 30, 3, 18, 16, 46, 8, 9, 10, 41, 19, 45, 32, 44, 22]

Individual 127:
  Route length: 12399
  Contribution to Diversity: 0
  Route: [10, 9, 8, 41, 19, 45, 39, 15, 6, 4, 25, 12, 28, 27, 26, 47, 16, 44, 46, 42, 21, 34, 5, 24, 48, 30, 29, 20, 50, 13, 14, 52, 11, 51, 33, 43, 40, 49, 1, 38, 37, 36, 23, 35, 32, 18, 3, 7, 2, 17, 31, 22]

Individual 128:
  Route length: 12603
  Contribution to Diversity: 0.0002877709425215258
  Route: [5, 44, 34, 36, 39, 40, 38, 48, 15, 12, 28, 14, 13, 47, 26, 27, 52, 11, 51, 33, 43, 41, 3, 10, 9, 8, 31, 17, 18, 19, 32, 45, 37, 6, 35, 16, 29, 23, 49, 50, 20, 21, 42, 7, 2, 30, 4, 25, 24, 1, 46, 22]

Individual 129:
  Route length: 13026
  Contribution to Diversity: 0
  Route: [1, 32, 35, 34, 44, 46, 16, 29, 50, 20, 23, 30, 2, 7, 42, 21, 17, 3, 9, 10, 38, 33, 11, 52, 14, 13, 28, 47, 26, 37, 36, 39, 40, 19, 43, 12, 27, 24, 5, 48, 8, 41, 49, 45, 25, 15, 51, 4, 6, 18, 31, 22]

Individual 130:
  Route length: 13054
  Contribution to Diversity: 0.0007996021717140422
  Route: [32, 45, 18, 21, 39, 40, 35, 36, 24, 5, 34, 6, 51, 46, 44, 15, 38, 42, 7, 2, 30, 23, 20, 49, 1, 31, 37, 50, 29, 16, 47, 12, 28, 27, 14, 26, 13, 52, 11, 33, 43, 10, 9, 8, 41, 19, 3, 17, 25, 4, 48, 22]

Individual 131:
  Route length: 12988
  Contribution to Diversity: 0
  Route: [10, 9, 8, 41, 19, 45, 39, 42, 21, 37, 36, 23, 46, 44, 16, 35, 15, 6, 4, 25, 12, 28, 27, 26, 47, 38, 40, 49, 1, 34, 5, 24, 48, 30, 29, 20, 50, 13, 14, 52, 11, 51, 33, 43, 31, 17, 2, 7, 3, 18, 32, 22]

Individual 132:
  Route length: 12702
  Contribution to Diversity: 0.0013297439212163198
  Route: [1, 44, 45, 19, 10, 43, 33, 9, 41, 8, 49, 24, 34, 40, 37, 38, 48, 39, 36, 35, 5, 6, 4, 25, 12, 28, 27, 26, 47, 51, 11, 46, 16, 29, 50, 20, 31, 18, 3, 17, 42, 21, 2, 7, 30, 23, 32, 52, 14, 13, 15, 22]

Individual 133:
  Route length: 13145
  Contribution to Diversity: 0.0002502123897194508
  Route: [1, 37, 24, 48, 38, 4, 15, 44, 43, 10, 45, 46, 25, 12, 35, 34, 6, 19, 41, 40, 42, 2, 7, 50, 29, 16, 39, 9, 8, 49, 32, 36, 5, 33, 51, 11, 52, 14, 13, 47, 26, 27, 28, 20, 23, 30, 21, 17, 3, 18, 31, 22]

Individual 134:
  Route length: 13171
  Contribution to Diversity: 0.00015328318088769777
  Route: [1, 20, 42, 7, 2, 11, 51, 33, 43, 37, 34, 24, 38, 44, 46, 12, 28, 52, 14, 13, 47, 26, 27, 29, 16, 35, 40, 48, 31, 10, 9, 8, 41, 19, 45, 32, 49, 23, 17, 21, 3, 36, 39, 5, 6, 4, 25, 15, 30, 50, 18, 22]

Individual 135:
  Route length: 12955
  Contribution to Diversity: 0.0009899126290964233
  Route: [1, 21, 17, 19, 43, 33, 51, 11, 52, 14, 13, 37, 12, 34, 40, 47, 26, 27, 28, 49, 45, 39, 35, 48, 10, 9, 8, 41, 36, 38, 6, 4, 25, 15, 24, 5, 32, 42, 7, 2, 30, 16, 46, 44, 29, 50, 20, 23, 31, 18, 3, 22]

Individual 136:
  Route length: 13191
  Contribution to Diversity: 0.0010362934397880608
  Route: [49, 1, 20, 30, 42, 8, 9, 10, 43, 33, 51, 11, 12, 25, 4, 6, 28, 26, 47, 13, 14, 52, 27, 37, 3, 46, 15, 36, 35, 39, 40, 48, 24, 5, 29, 16, 17, 2, 7, 50, 44, 34, 38, 32, 23, 21, 45, 19, 41, 18, 31, 22]

Individual 137:
  Route length: 13160
  Contribution to Diversity: 0.0003989926762306695
  Route: [39, 20, 23, 30, 2, 21, 17, 31, 18, 3, 41, 19, 45, 48, 24, 5, 15, 38, 4, 6, 40, 50, 47, 26, 12, 28, 27, 13, 14, 52, 11, 51, 33, 43, 32, 9, 8, 37, 25, 44, 46, 16, 29, 1, 49, 34, 35, 36, 42, 7, 10, 22]

Individual 138:
  Route length: 13092
  Contribution to Diversity: 0.0010067570305807294
  Route: [48, 38, 5, 15, 6, 14, 52, 16, 50, 29, 42, 7, 2, 21, 1, 49, 33, 46, 13, 47, 26, 27, 28, 11, 51, 12, 35, 36, 34, 24, 25, 4, 43, 10, 9, 8, 41, 19, 45, 32, 30, 20, 23, 40, 39, 44, 37, 17, 3, 18, 31, 22]

Individual 139:
  Route length: 13090
  Contribution to Diversity: 0.0006438055717827851
  Route: [49, 36, 15, 5, 28, 20, 30, 32, 42, 2, 7, 12, 25, 4, 6, 34, 44, 46, 16, 29, 50, 31, 19, 41, 8, 9, 10, 43, 33, 51, 11, 52, 14, 13, 26, 47, 27, 40, 45, 1, 23, 21, 17, 3, 39, 24, 48, 38, 37, 18, 35, 22]

Individual 140:
  Route length: 12980
  Contribution to Diversity: 0
  Route: [26, 47, 13, 14, 52, 11, 51, 33, 38, 37, 46, 48, 4, 5, 39, 40, 6, 1, 49, 32, 35, 36, 44, 25, 12, 27, 28, 10, 43, 15, 34, 16, 29, 50, 20, 23, 42, 7, 21, 17, 3, 18, 31, 2, 30, 24, 9, 19, 41, 8, 45, 22]

Individual 141:
  Route length: 13149
  Contribution to Diversity: 0.00044456723919150676
  Route: [15, 48, 24, 5, 38, 49, 1, 40, 37, 47, 26, 27, 20, 50, 16, 46, 39, 36, 35, 34, 44, 28, 12, 25, 4, 6, 32, 45, 19, 41, 8, 9, 10, 43, 33, 14, 52, 13, 11, 51, 21, 17, 3, 18, 42, 23, 30, 2, 7, 29, 31, 22]

Individual 142:
  Route length: 13181
  Contribution to Diversity: 0.00041372547460749587
  Route: [8, 44, 25, 12, 28, 14, 13, 47, 26, 27, 52, 11, 51, 33, 43, 5, 29, 23, 50, 37, 35, 49, 1, 19, 41, 3, 17, 21, 42, 7, 30, 16, 46, 40, 39, 36, 34, 32, 45, 9, 10, 18, 4, 24, 6, 38, 48, 15, 20, 2, 31, 22]

Individual 143:
  Route length: 12546
  Contribution to Diversity: 0.0001472611247059774
  Route: [32, 18, 3, 1, 31, 6, 39, 36, 35, 24, 48, 38, 37, 21, 17, 34, 40, 13, 27, 28, 12, 51, 11, 52, 14, 47, 26, 45, 19, 41, 8, 9, 10, 43, 33, 4, 46, 16, 5, 29, 23, 42, 7, 2, 30, 20, 50, 15, 25, 44, 49, 22]

Individual 144:
  Route length: 13089
  Contribution to Diversity: 0
  Route: [28, 12, 25, 46, 8, 9, 10, 41, 19, 45, 32, 49, 1, 35, 40, 37, 26, 47, 13, 14, 52, 11, 51, 27, 33, 43, 4, 16, 29, 50, 38, 48, 24, 15, 6, 36, 44, 18, 21, 17, 2, 7, 42, 3, 5, 31, 34, 39, 20, 23, 30, 22]

Individual 145:
  Route length: 13014
  Contribution to Diversity: 0.0005875551225242859
  Route: [32, 45, 18, 21, 19, 41, 8, 9, 10, 43, 33, 11, 52, 13, 26, 14, 27, 28, 12, 47, 25, 4, 36, 35, 40, 39, 20, 23, 17, 3, 49, 1, 31, 37, 50, 29, 16, 30, 2, 7, 42, 38, 44, 15, 48, 24, 5, 34, 6, 51, 46, 22]

Individual 146:
  Route length: 13140
  Contribution to Diversity: 0.0010730525691835524
  Route: [34, 42, 21, 18, 3, 17, 29, 50, 1, 36, 19, 41, 8, 32, 47, 26, 27, 13, 14, 52, 11, 51, 33, 43, 10, 9, 45, 16, 44, 35, 38, 37, 40, 48, 39, 46, 12, 6, 28, 15, 25, 4, 24, 5, 49, 23, 20, 30, 2, 7, 31, 22]

Individual 147:
  Route length: 12790
  Contribution to Diversity: 0
  Route: [1, 32, 35, 34, 11, 52, 14, 13, 28, 47, 26, 37, 9, 10, 3, 17, 21, 42, 7, 2, 30, 23, 20, 50, 29, 16, 46, 44, 15, 25, 12, 27, 24, 5, 48, 8, 41, 49, 45, 38, 36, 39, 40, 19, 43, 33, 51, 4, 6, 18, 31, 22]

Individual 148:
  Route length: 12975
  Contribution to Diversity: 0.000995109645461234
  Route: [30, 37, 38, 34, 44, 29, 50, 16, 32, 33, 51, 11, 13, 14, 52, 47, 26, 27, 28, 5, 24, 1, 49, 4, 6, 15, 45, 19, 41, 8, 9, 10, 43, 40, 39, 48, 36, 35, 25, 2, 7, 42, 21, 31, 18, 3, 17, 12, 46, 20, 23, 22]

Individual 149:
  Route length: 13143
  Contribution to Diversity: 0.0008513109104129057
  Route: [49, 32, 1, 35, 34, 16, 46, 44, 31, 18, 3, 40, 37, 24, 11, 52, 14, 13, 25, 4, 38, 8, 9, 10, 5, 36, 43, 39, 33, 51, 15, 48, 6, 19, 41, 21, 17, 42, 7, 2, 30, 23, 20, 50, 29, 47, 26, 27, 28, 12, 45, 22]

Total Entropy H: 5.812588202334505
