Individual 0:
  Route length: 8093
  Contribution to Diversity: 0.0008098085197980609
  Route: [36, 39, 40, 37, 38, 48, 24, 5, 15, 6, 4, 25, 12, 28, 27, 26, 47, 13, 14, 52, 11, 51, 33, 43, 10, 9, 8, 41, 19, 45, 32, 49, 1, 31, 18, 3, 17, 21, 42, 7, 2, 30, 29, 50, 20, 23, 46, 16, 44, 34, 35, 22]

Individual 1:
  Route length: 8015
  Contribution to Diversity: 0.00022451484104468733
  Route: [1, 49, 32, 45, 19, 3, 17, 21, 42, 7, 2, 30, 23, 20, 50, 29, 16, 46, 44, 34, 35, 40, 39, 36, 38, 37, 48, 24, 5, 15, 6, 4, 25, 12, 28, 27, 26, 47, 13, 14, 52, 11, 51, 33, 43, 10, 9, 8, 41, 18, 31, 22]

Individual 2:
  Route length: 8215
  Contribution to Diversity: 0.0010671196053300136
  Route: [1, 49, 32, 45, 19, 41, 8, 10, 9, 43, 33, 15, 6, 4, 25, 12, 28, 27, 26, 47, 13, 14, 52, 11, 51, 48, 24, 5, 38, 37, 40, 39, 36, 35, 34, 44, 46, 16, 29, 50, 20, 23, 30, 2, 7, 42, 21, 17, 3, 18, 31, 22]

Individual 3:
  Route length: 8266
  Contribution to Diversity: 0.0007976781155525359
  Route: [1, 49, 32, 45, 19, 34, 35, 36, 39, 40, 37, 38, 48, 24, 5, 15, 6, 4, 25, 12, 28, 27, 26, 47, 13, 14, 52, 11, 51, 33, 43, 10, 9, 8, 41, 3, 17, 21, 42, 7, 2, 30, 23, 20, 44, 46, 16, 29, 50, 31, 18, 22]

Individual 4:
  Route length: 8200
  Contribution to Diversity: 0.00049054473547816
  Route: [45, 19, 41, 8, 9, 10, 43, 33, 51, 11, 52, 14, 13, 47, 26, 27, 28, 12, 25, 38, 48, 24, 5, 15, 6, 4, 37, 40, 39, 36, 1, 34, 35, 49, 32, 44, 46, 16, 29, 50, 20, 23, 30, 2, 7, 42, 21, 17, 3, 18, 31, 22]

Individual 5:
  Route length: 8133
  Contribution to Diversity: 5.7610905314753325e-05
  Route: [1, 49, 32, 45, 19, 41, 8, 9, 10, 43, 33, 51, 11, 52, 14, 13, 47, 26, 27, 28, 12, 25, 4, 6, 35, 34, 38, 48, 24, 5, 39, 40, 37, 15, 36, 44, 46, 16, 29, 50, 20, 23, 30, 2, 7, 42, 21, 17, 3, 18, 31, 22]

Individual 6:
  Route length: 8283
  Contribution to Diversity: 0.0006382068257089202
  Route: [1, 49, 32, 45, 19, 41, 8, 9, 10, 43, 33, 51, 11, 52, 14, 47, 13, 12, 28, 27, 26, 25, 4, 6, 15, 40, 37, 38, 48, 24, 5, 39, 36, 35, 34, 44, 46, 16, 29, 50, 20, 23, 30, 2, 7, 42, 21, 17, 3, 18, 31, 22]

Individual 7:
  Route length: 8287
  Contribution to Diversity: 0.0007029711283967899
  Route: [1, 5, 15, 46, 44, 34, 35, 36, 39, 40, 37, 38, 24, 48, 49, 32, 45, 19, 41, 8, 9, 10, 43, 33, 51, 11, 52, 14, 13, 47, 26, 27, 28, 12, 25, 4, 6, 16, 29, 50, 20, 23, 30, 2, 7, 42, 21, 17, 3, 18, 31, 22]

Individual 8:
  Route length: 8185
  Contribution to Diversity: 0.0006617309974954466
  Route: [1, 49, 32, 4, 25, 12, 28, 27, 26, 47, 13, 14, 52, 11, 51, 33, 43, 10, 9, 8, 41, 19, 45, 5, 15, 6, 24, 48, 38, 37, 36, 39, 40, 34, 35, 44, 46, 16, 29, 50, 20, 23, 30, 2, 7, 42, 21, 17, 3, 18, 31, 22]

Individual 9:
  Route length: 8296
  Contribution to Diversity: 0.00022709047292313045
  Route: [24, 5, 15, 6, 4, 25, 12, 28, 27, 26, 47, 13, 14, 52, 11, 51, 33, 43, 10, 9, 8, 41, 19, 45, 32, 49, 1, 34, 44, 37, 40, 39, 36, 38, 48, 35, 46, 16, 29, 50, 20, 23, 30, 2, 7, 42, 21, 17, 3, 18, 31, 22]

Individual 10:
  Route length: 8223
  Contribution to Diversity: 0.0008498058695192157
  Route: [1, 49, 32, 45, 19, 41, 8, 9, 10, 43, 33, 51, 11, 52, 14, 13, 47, 26, 27, 28, 12, 25, 4, 6, 24, 5, 15, 48, 38, 37, 40, 39, 36, 35, 34, 16, 46, 20, 44, 29, 50, 23, 30, 2, 7, 42, 21, 17, 3, 18, 31, 22]

Individual 11:
  Route length: 8136
  Contribution to Diversity: 1.9178761626825747e-05
  Route: [1, 49, 32, 36, 39, 37, 40, 25, 4, 6, 15, 5, 24, 48, 38, 12, 28, 27, 26, 47, 13, 14, 52, 11, 51, 33, 43, 10, 9, 8, 41, 19, 45, 35, 34, 44, 46, 16, 29, 50, 20, 23, 30, 2, 7, 42, 21, 17, 3, 18, 31, 22]

Individual 12:
  Route length: 8222
  Contribution to Diversity: 0.00042130635820303297
  Route: [1, 49, 38, 37, 39, 40, 44, 34, 35, 36, 46, 48, 24, 5, 15, 6, 4, 25, 12, 28, 27, 26, 47, 13, 14, 52, 11, 51, 33, 43, 10, 9, 8, 41, 19, 45, 32, 23, 20, 50, 29, 16, 30, 2, 7, 42, 21, 17, 3, 18, 31, 22]

Individual 13:
  Route length: 8222
  Contribution to Diversity: 0.0005206751043980162
  Route: [1, 49, 32, 45, 19, 41, 8, 43, 10, 9, 33, 51, 11, 52, 14, 13, 47, 26, 27, 28, 12, 25, 4, 6, 15, 5, 36, 39, 24, 48, 38, 37, 40, 34, 35, 44, 46, 16, 29, 50, 20, 23, 30, 2, 7, 42, 21, 17, 3, 18, 31, 22]

Individual 14:
  Route length: 8277
  Contribution to Diversity: 0.00030112255525693854
  Route: [1, 49, 32, 45, 41, 19, 31, 18, 3, 17, 21, 42, 7, 2, 30, 23, 20, 50, 29, 16, 46, 44, 34, 35, 36, 39, 38, 37, 40, 48, 24, 5, 15, 6, 4, 25, 12, 28, 27, 26, 47, 13, 14, 52, 11, 51, 33, 43, 10, 9, 8, 22]

Individual 15:
  Route length: 8258
  Contribution to Diversity: 0.00036006673371336007
  Route: [1, 32, 49, 15, 5, 24, 48, 38, 6, 4, 25, 12, 28, 27, 26, 47, 13, 52, 14, 11, 51, 33, 43, 10, 9, 8, 41, 19, 45, 37, 40, 39, 36, 35, 34, 44, 46, 16, 29, 50, 20, 23, 30, 2, 7, 42, 21, 17, 3, 18, 31, 22]

Individual 16:
  Route length: 8214
  Contribution to Diversity: 0.00014710324156652632
  Route: [1, 49, 32, 45, 19, 41, 8, 9, 10, 43, 33, 51, 11, 52, 14, 13, 47, 26, 27, 28, 12, 25, 36, 39, 40, 38, 37, 34, 44, 4, 6, 15, 5, 24, 48, 35, 46, 16, 29, 50, 20, 23, 30, 2, 7, 42, 21, 17, 3, 18, 31, 22]

Individual 17:
  Route length: 8196
  Contribution to Diversity: 0
  Route: [1, 49, 32, 8, 41, 19, 45, 9, 10, 43, 33, 51, 11, 52, 14, 13, 47, 26, 27, 28, 12, 48, 24, 5, 15, 6, 4, 25, 38, 37, 40, 39, 36, 35, 34, 44, 46, 16, 29, 50, 20, 23, 30, 2, 7, 42, 21, 17, 3, 18, 31, 22]

Individual 18:
  Route length: 8291
  Contribution to Diversity: 0.0002513068744196545
  Route: [1, 49, 32, 45, 19, 41, 8, 9, 10, 43, 33, 51, 11, 52, 14, 13, 47, 26, 27, 28, 12, 25, 4, 40, 39, 36, 35, 34, 44, 46, 24, 5, 15, 6, 38, 37, 48, 31, 18, 3, 17, 21, 42, 7, 2, 30, 23, 20, 50, 29, 16, 22]

Individual 19:
  Route length: 8150
  Contribution to Diversity: 0.00019614567889636447
  Route: [1, 49, 32, 45, 19, 41, 8, 9, 10, 43, 33, 51, 11, 52, 14, 13, 47, 26, 27, 28, 12, 25, 4, 6, 15, 5, 44, 34, 35, 36, 39, 40, 37, 38, 48, 24, 46, 16, 30, 23, 20, 50, 29, 42, 7, 2, 21, 17, 3, 18, 31, 22]

Individual 20:
  Route length: 8277
  Contribution to Diversity: 0.0017807099628583956
  Route: [1, 49, 39, 40, 37, 38, 4, 6, 15, 5, 24, 48, 44, 34, 35, 36, 32, 45, 19, 41, 8, 43, 10, 9, 33, 51, 11, 52, 14, 13, 47, 26, 27, 28, 12, 25, 46, 16, 29, 50, 20, 23, 30, 2, 7, 42, 21, 17, 3, 18, 31, 22]

Individual 21:
  Route length: 8157
  Contribution to Diversity: 0.00013837437090291616
  Route: [1, 49, 32, 45, 19, 41, 8, 9, 10, 43, 33, 51, 11, 52, 14, 13, 47, 26, 27, 28, 12, 25, 4, 6, 15, 5, 24, 48, 38, 37, 40, 39, 36, 35, 34, 44, 46, 29, 16, 21, 50, 20, 23, 30, 2, 7, 42, 17, 3, 18, 31, 22]

Individual 22:
  Route length: 8227
  Contribution to Diversity: 0
  Route: [1, 49, 32, 45, 19, 41, 8, 9, 10, 43, 33, 51, 11, 52, 14, 13, 47, 26, 27, 28, 12, 25, 4, 6, 15, 5, 24, 48, 38, 37, 40, 44, 36, 35, 34, 50, 29, 16, 46, 39, 20, 23, 30, 2, 7, 42, 21, 17, 3, 18, 31, 22]

Individual 23:
  Route length: 8212
  Contribution to Diversity: 0
  Route: [1, 49, 32, 45, 19, 41, 8, 9, 10, 43, 33, 51, 11, 52, 14, 13, 47, 26, 27, 28, 12, 38, 48, 24, 5, 15, 6, 4, 25, 40, 37, 39, 36, 34, 35, 16, 46, 44, 29, 50, 20, 23, 30, 2, 7, 42, 21, 17, 3, 18, 31, 22]

Individual 24:
  Route length: 8052
  Contribution to Diversity: 0
  Route: [1, 49, 17, 21, 42, 7, 2, 30, 23, 20, 50, 29, 16, 46, 44, 34, 36, 35, 39, 40, 37, 38, 48, 24, 5, 15, 6, 4, 25, 12, 28, 27, 26, 47, 13, 14, 52, 11, 51, 33, 43, 10, 9, 8, 41, 19, 45, 32, 18, 3, 31, 22]

Individual 25:
  Route length: 8216
  Contribution to Diversity: 0
  Route: [1, 49, 32, 45, 19, 41, 8, 9, 10, 43, 33, 51, 11, 52, 14, 13, 47, 26, 27, 28, 12, 25, 4, 15, 6, 34, 35, 36, 39, 40, 37, 5, 24, 48, 38, 20, 50, 29, 16, 46, 44, 23, 30, 2, 7, 42, 21, 17, 3, 18, 31, 22]

Individual 26:
  Route length: 8257
  Contribution to Diversity: 0
  Route: [37, 38, 48, 24, 5, 15, 6, 4, 25, 12, 28, 27, 26, 47, 13, 14, 52, 11, 51, 33, 43, 10, 9, 8, 41, 19, 1, 49, 32, 45, 36, 39, 40, 35, 34, 44, 46, 16, 29, 50, 20, 23, 30, 2, 7, 42, 21, 17, 3, 18, 31, 22]

Individual 27:
  Route length: 8015
  Contribution to Diversity: 0
  Route: [1, 32, 49, 35, 34, 44, 46, 16, 29, 50, 20, 23, 30, 2, 7, 42, 21, 17, 3, 39, 36, 40, 37, 38, 48, 24, 5, 15, 6, 4, 25, 12, 28, 27, 26, 47, 13, 14, 52, 11, 51, 33, 43, 10, 9, 8, 41, 19, 45, 18, 31, 22]

Individual 28:
  Route length: 8269
  Contribution to Diversity: 0
  Route: [1, 49, 37, 40, 39, 36, 35, 34, 6, 15, 5, 24, 48, 38, 4, 25, 12, 28, 27, 26, 47, 13, 14, 52, 11, 51, 33, 43, 10, 9, 8, 41, 19, 45, 32, 16, 46, 44, 29, 50, 20, 23, 30, 2, 7, 42, 21, 17, 3, 18, 31, 22]

Individual 29:
  Route length: 8258
  Contribution to Diversity: 0.0008419864484858763
  Route: [1, 49, 32, 45, 19, 41, 8, 9, 10, 43, 33, 12, 28, 27, 26, 47, 13, 14, 52, 11, 51, 15, 6, 4, 25, 5, 24, 46, 44, 34, 35, 36, 39, 40, 37, 38, 48, 16, 29, 50, 20, 23, 30, 2, 7, 42, 21, 17, 3, 18, 31, 22]

Individual 30:
  Route length: 8248
  Contribution to Diversity: 0
  Route: [1, 15, 6, 4, 25, 12, 28, 27, 26, 47, 13, 14, 52, 11, 51, 33, 43, 10, 9, 8, 41, 19, 45, 32, 49, 5, 48, 38, 37, 24, 36, 39, 40, 35, 34, 44, 46, 16, 29, 50, 20, 23, 30, 2, 7, 42, 21, 17, 3, 18, 31, 22]

Individual 31:
  Route length: 8280
  Contribution to Diversity: 0.0005262164752846132
  Route: [1, 49, 32, 45, 19, 10, 9, 8, 41, 43, 33, 51, 11, 52, 14, 13, 47, 26, 27, 28, 12, 25, 4, 6, 15, 5, 24, 48, 38, 37, 46, 44, 34, 35, 36, 39, 40, 20, 50, 29, 16, 23, 30, 2, 7, 42, 21, 17, 3, 18, 31, 22]

Individual 32:
  Route length: 8171
  Contribution to Diversity: 0
  Route: [1, 44, 34, 35, 36, 39, 40, 37, 24, 48, 38, 32, 45, 19, 41, 8, 9, 10, 43, 33, 51, 11, 52, 14, 13, 47, 26, 27, 28, 12, 25, 4, 6, 15, 5, 49, 46, 16, 29, 50, 20, 23, 30, 2, 7, 42, 21, 17, 3, 18, 31, 22]

Individual 33:
  Route length: 8254
  Contribution to Diversity: 0.00022462204724416068
  Route: [1, 32, 49, 3, 17, 21, 42, 7, 2, 30, 23, 20, 50, 29, 16, 46, 44, 34, 35, 36, 39, 40, 37, 38, 48, 24, 5, 15, 6, 4, 25, 12, 47, 26, 27, 28, 14, 13, 52, 11, 51, 33, 43, 10, 9, 8, 41, 19, 45, 18, 31, 22]

Individual 34:
  Route length: 7779
  Contribution to Diversity: 0
  Route: [1, 49, 32, 45, 19, 41, 8, 9, 10, 43, 33, 51, 11, 52, 14, 13, 47, 26, 27, 28, 12, 25, 4, 15, 6, 38, 48, 24, 5, 37, 40, 36, 39, 34, 35, 44, 46, 16, 29, 50, 20, 23, 30, 2, 7, 42, 21, 17, 3, 18, 31, 22]

Individual 35:
  Route length: 7832
  Contribution to Diversity: 0
  Route: [1, 40, 37, 38, 48, 24, 5, 15, 6, 4, 25, 12, 28, 27, 26, 47, 13, 14, 52, 11, 51, 33, 43, 10, 9, 8, 41, 19, 45, 32, 49, 34, 35, 36, 39, 44, 46, 16, 29, 50, 20, 23, 30, 42, 7, 2, 21, 17, 3, 18, 31, 22]

Individual 36:
  Route length: 8124
  Contribution to Diversity: 0
  Route: [1, 48, 25, 12, 28, 27, 26, 47, 13, 14, 52, 11, 51, 33, 43, 10, 9, 8, 41, 19, 45, 32, 49, 38, 37, 24, 5, 15, 6, 4, 40, 39, 36, 35, 34, 44, 46, 16, 29, 50, 20, 23, 30, 2, 7, 42, 21, 17, 3, 18, 31, 22]

Individual 37:
  Route length: 8076
  Contribution to Diversity: 0
  Route: [46, 1, 49, 32, 45, 19, 41, 8, 9, 10, 43, 33, 51, 11, 52, 14, 13, 47, 26, 27, 28, 12, 25, 4, 6, 15, 5, 24, 48, 38, 37, 40, 39, 36, 35, 34, 44, 29, 16, 50, 20, 23, 30, 2, 7, 42, 21, 17, 3, 18, 31, 22]

Individual 38:
  Route length: 8213
  Contribution to Diversity: 0.0011445510914365187
  Route: [1, 49, 32, 41, 19, 45, 8, 9, 10, 43, 33, 51, 11, 52, 14, 13, 47, 26, 27, 28, 12, 25, 4, 6, 39, 36, 35, 5, 24, 48, 38, 15, 40, 37, 34, 44, 46, 16, 29, 50, 20, 23, 30, 2, 7, 42, 21, 17, 3, 18, 31, 22]

Individual 39:
  Route length: 7954
  Contribution to Diversity: 0.0003604674034276556
  Route: [32, 49, 1, 31, 18, 3, 17, 21, 42, 7, 2, 30, 23, 20, 50, 29, 16, 46, 44, 35, 34, 39, 36, 40, 37, 5, 24, 48, 38, 6, 15, 4, 25, 12, 28, 27, 26, 47, 13, 14, 52, 11, 51, 33, 43, 10, 9, 8, 41, 19, 45, 22]

Individual 40:
  Route length: 8140
  Contribution to Diversity: 0.0007666740971368213
  Route: [1, 40, 37, 38, 48, 5, 24, 34, 49, 32, 45, 19, 41, 8, 9, 10, 43, 33, 51, 11, 52, 14, 13, 47, 26, 27, 28, 12, 25, 4, 6, 15, 35, 36, 39, 44, 46, 16, 29, 50, 20, 23, 30, 42, 7, 2, 21, 17, 3, 18, 31, 22]

Individual 41:
  Route length: 8064
  Contribution to Diversity: 0
  Route: [37, 38, 48, 24, 5, 15, 6, 4, 25, 12, 28, 26, 27, 47, 13, 14, 52, 11, 51, 33, 43, 10, 9, 8, 41, 19, 45, 32, 49, 1, 36, 39, 40, 35, 34, 44, 46, 16, 29, 50, 20, 23, 30, 2, 7, 42, 21, 17, 3, 18, 31, 22]

Individual 42:
  Route length: 8248
  Contribution to Diversity: 0.0012401037679872218
  Route: [29, 16, 38, 37, 40, 39, 36, 35, 34, 44, 46, 5, 24, 48, 15, 6, 4, 25, 12, 28, 27, 26, 47, 13, 14, 52, 11, 51, 33, 43, 10, 9, 8, 41, 19, 45, 32, 49, 1, 23, 20, 50, 30, 2, 7, 42, 21, 17, 3, 18, 31, 22]

Individual 43:
  Route length: 8233
  Contribution to Diversity: 0.0012328626795845565
  Route: [1, 40, 37, 38, 48, 24, 5, 15, 6, 4, 25, 12, 51, 11, 52, 14, 13, 47, 26, 27, 28, 33, 43, 10, 9, 8, 41, 19, 45, 32, 49, 34, 35, 36, 39, 44, 46, 16, 29, 50, 20, 23, 30, 2, 42, 7, 21, 17, 3, 18, 31, 22]

Individual 44:
  Route length: 7995
  Contribution to Diversity: 0
  Route: [1, 49, 32, 45, 19, 41, 8, 9, 10, 43, 33, 51, 11, 52, 14, 13, 47, 26, 27, 28, 12, 25, 4, 15, 6, 35, 36, 39, 40, 37, 5, 24, 48, 38, 46, 44, 34, 16, 29, 50, 20, 23, 30, 2, 7, 42, 21, 17, 3, 18, 31, 22]

Individual 45:
  Route length: 8245
  Contribution to Diversity: 0.00025742943924544903
  Route: [1, 32, 49, 5, 24, 34, 35, 36, 39, 48, 38, 37, 40, 45, 19, 41, 8, 9, 10, 43, 33, 51, 11, 52, 14, 13, 47, 26, 27, 28, 12, 25, 4, 6, 15, 44, 46, 16, 29, 50, 20, 23, 30, 2, 7, 42, 21, 17, 3, 18, 31, 22]

Individual 46:
  Route length: 8250
  Contribution to Diversity: 0
  Route: [1, 49, 32, 45, 19, 41, 8, 9, 10, 43, 33, 51, 11, 52, 14, 13, 47, 26, 27, 28, 12, 25, 4, 44, 46, 16, 29, 50, 20, 23, 30, 2, 7, 42, 21, 17, 3, 18, 31, 6, 15, 5, 24, 48, 38, 37, 40, 39, 34, 35, 36, 22]

Individual 47:
  Route length: 8186
  Contribution to Diversity: 0.0008910638630279522
  Route: [44, 34, 35, 36, 39, 40, 38, 15, 6, 4, 25, 37, 48, 24, 5, 12, 28, 27, 26, 47, 13, 14, 52, 11, 51, 33, 43, 10, 9, 8, 41, 19, 45, 32, 49, 1, 46, 16, 29, 50, 20, 23, 30, 2, 7, 42, 21, 17, 3, 18, 31, 22]

Individual 48:
  Route length: 7957
  Contribution to Diversity: 0
  Route: [1, 49, 32, 45, 19, 41, 8, 9, 10, 43, 33, 51, 11, 52, 14, 13, 47, 26, 27, 28, 12, 25, 4, 6, 15, 5, 24, 48, 38, 37, 40, 39, 36, 35, 34, 18, 3, 17, 21, 42, 7, 2, 30, 23, 20, 50, 29, 16, 46, 44, 31, 22]

Individual 49:
  Route length: 8184
  Contribution to Diversity: 0.00013729909924009576
  Route: [1, 32, 49, 3, 17, 21, 42, 7, 2, 30, 29, 50, 20, 23, 36, 35, 34, 44, 46, 16, 39, 40, 37, 38, 48, 24, 5, 15, 6, 4, 25, 12, 28, 27, 26, 47, 13, 14, 52, 11, 51, 33, 43, 10, 9, 8, 41, 19, 45, 18, 31, 22]

Individual 50:
  Route length: 8039
  Contribution to Diversity: 0.0009567985734388884
  Route: [32, 49, 1, 31, 18, 3, 17, 21, 42, 7, 2, 30, 23, 20, 50, 29, 16, 46, 44, 35, 34, 39, 36, 40, 37, 5, 24, 48, 38, 6, 4, 15, 25, 12, 28, 27, 26, 47, 13, 14, 52, 11, 51, 33, 43, 10, 9, 8, 41, 19, 45, 22]

Individual 51:
  Route length: 8132
  Contribution to Diversity: 0.0006566125279103829
  Route: [1, 49, 32, 19, 45, 10, 9, 8, 41, 43, 33, 51, 11, 52, 14, 13, 47, 26, 27, 28, 12, 25, 4, 6, 15, 5, 24, 48, 38, 37, 40, 39, 36, 35, 34, 44, 46, 16, 29, 50, 20, 23, 30, 2, 7, 42, 17, 21, 3, 18, 31, 22]

Individual 52:
  Route length: 7834
  Contribution to Diversity: 0
  Route: [1, 32, 49, 3, 17, 21, 42, 7, 2, 30, 23, 20, 50, 29, 16, 46, 44, 35, 34, 36, 39, 40, 37, 38, 48, 24, 5, 15, 6, 4, 25, 12, 28, 27, 26, 47, 13, 14, 52, 11, 51, 33, 43, 10, 9, 8, 41, 19, 45, 18, 31, 22]

Individual 53:
  Route length: 8051
  Contribution to Diversity: 0
  Route: [1, 36, 39, 40, 37, 38, 48, 24, 5, 15, 6, 33, 51, 11, 52, 14, 13, 47, 26, 27, 28, 12, 25, 4, 43, 10, 9, 8, 41, 19, 45, 32, 49, 35, 34, 44, 46, 16, 29, 50, 20, 23, 30, 2, 7, 42, 21, 17, 3, 18, 31, 22]

Individual 54:
  Route length: 8221
  Contribution to Diversity: 0
  Route: [1, 32, 49, 35, 34, 44, 46, 3, 17, 21, 42, 7, 2, 30, 23, 20, 50, 29, 16, 36, 39, 40, 37, 38, 48, 24, 5, 15, 6, 4, 25, 12, 28, 27, 26, 47, 13, 14, 52, 11, 51, 33, 43, 10, 9, 8, 41, 19, 45, 18, 31, 22]

Individual 55:
  Route length: 7894
  Contribution to Diversity: 0
  Route: [1, 36, 39, 40, 37, 38, 48, 34, 35, 49, 32, 45, 19, 41, 8, 9, 10, 43, 33, 51, 11, 52, 14, 13, 47, 26, 27, 28, 12, 25, 4, 6, 15, 5, 24, 44, 46, 16, 29, 50, 20, 23, 30, 2, 7, 42, 21, 17, 3, 18, 31, 22]

Individual 56:
  Route length: 8223
  Contribution to Diversity: 0.0005861274431202546
  Route: [1, 24, 37, 40, 39, 36, 35, 34, 49, 32, 45, 19, 41, 8, 9, 10, 43, 33, 51, 11, 52, 14, 26, 47, 13, 27, 28, 12, 25, 4, 6, 15, 5, 48, 38, 44, 46, 16, 29, 50, 20, 23, 30, 2, 7, 42, 21, 17, 3, 18, 31, 22]

Individual 57:
  Route length: 8212
  Contribution to Diversity: 0
  Route: [1, 49, 32, 16, 29, 50, 20, 23, 30, 2, 7, 42, 21, 17, 3, 46, 44, 34, 35, 36, 39, 40, 37, 38, 48, 24, 5, 15, 6, 4, 25, 12, 28, 27, 26, 47, 13, 14, 52, 11, 51, 33, 43, 10, 9, 8, 41, 19, 45, 18, 31, 22]

Individual 58:
  Route length: 8093
  Contribution to Diversity: 0
  Route: [1, 36, 39, 40, 37, 38, 48, 6, 15, 5, 24, 25, 12, 28, 27, 26, 47, 13, 14, 52, 11, 51, 33, 4, 43, 10, 9, 8, 41, 19, 45, 32, 49, 35, 34, 44, 46, 16, 29, 50, 20, 23, 30, 2, 7, 42, 21, 17, 3, 18, 31, 22]

Individual 59:
  Route length: 8091
  Contribution to Diversity: 4.615339013813724e-05
  Route: [1, 49, 32, 45, 19, 41, 8, 9, 10, 43, 33, 51, 11, 52, 14, 13, 47, 26, 27, 28, 12, 25, 4, 48, 24, 5, 15, 6, 44, 34, 39, 36, 35, 46, 38, 40, 37, 16, 29, 50, 20, 23, 30, 2, 7, 42, 21, 17, 3, 18, 31, 22]

Individual 60:
  Route length: 8141
  Contribution to Diversity: 0.0004714443849964667
  Route: [1, 40, 37, 38, 48, 24, 5, 15, 6, 4, 25, 12, 28, 27, 26, 47, 13, 14, 52, 11, 51, 33, 43, 10, 9, 8, 41, 19, 45, 32, 49, 34, 35, 36, 39, 44, 46, 16, 29, 50, 20, 23, 30, 2, 42, 7, 17, 21, 18, 3, 31, 22]

Individual 61:
  Route length: 8293
  Contribution to Diversity: 0.0007591675985825219
  Route: [1, 36, 40, 37, 5, 24, 48, 38, 6, 15, 4, 25, 12, 28, 27, 26, 47, 13, 14, 52, 11, 51, 33, 43, 10, 9, 8, 41, 19, 45, 32, 49, 20, 50, 29, 16, 46, 44, 35, 34, 39, 23, 30, 2, 7, 42, 21, 17, 3, 18, 31, 22]

Individual 62:
  Route length: 8239
  Contribution to Diversity: 0.0012201229726880314
  Route: [1, 49, 32, 45, 19, 41, 8, 9, 10, 43, 33, 51, 11, 52, 14, 13, 47, 26, 27, 28, 12, 25, 4, 48, 24, 5, 15, 6, 44, 34, 39, 36, 35, 46, 38, 37, 40, 16, 29, 50, 23, 20, 30, 2, 7, 42, 21, 17, 3, 18, 31, 22]

Individual 63:
  Route length: 8217
  Contribution to Diversity: 0.00047178576931550253
  Route: [1, 49, 37, 38, 39, 40, 44, 34, 35, 36, 46, 48, 24, 5, 15, 6, 4, 25, 12, 28, 27, 26, 47, 13, 14, 52, 11, 51, 33, 43, 10, 9, 8, 41, 19, 45, 32, 23, 20, 50, 29, 16, 30, 2, 7, 42, 21, 17, 3, 18, 31, 22]

Individual 64:
  Route length: 8243
  Contribution to Diversity: 0.00017465569075270082
  Route: [1, 24, 5, 49, 32, 45, 19, 41, 8, 9, 10, 43, 33, 51, 11, 52, 14, 13, 47, 26, 27, 28, 12, 25, 4, 6, 15, 40, 37, 38, 39, 48, 36, 35, 34, 44, 46, 16, 29, 50, 20, 23, 30, 2, 7, 42, 21, 17, 3, 18, 31, 22]

Individual 65:
  Route length: 8293
  Contribution to Diversity: 0.0014759004383444463
  Route: [1, 32, 49, 3, 17, 21, 42, 7, 2, 30, 29, 50, 20, 23, 36, 35, 34, 44, 46, 16, 24, 48, 38, 37, 40, 39, 15, 5, 6, 4, 25, 12, 28, 27, 26, 47, 13, 14, 52, 11, 51, 33, 43, 10, 9, 8, 41, 19, 45, 18, 31, 22]

Individual 66:
  Route length: 8039
  Contribution to Diversity: 0
  Route: [1, 49, 32, 45, 19, 41, 8, 9, 10, 43, 33, 51, 11, 52, 14, 13, 47, 26, 27, 28, 12, 48, 25, 4, 6, 15, 5, 24, 46, 44, 34, 35, 36, 39, 40, 37, 38, 16, 29, 50, 20, 23, 30, 2, 7, 42, 21, 17, 3, 18, 31, 22]

Individual 67:
  Route length: 8256
  Contribution to Diversity: 7.869777257418775e-06
  Route: [1, 32, 49, 3, 17, 21, 42, 7, 2, 30, 23, 34, 35, 44, 46, 16, 29, 50, 20, 36, 39, 40, 37, 38, 48, 24, 5, 15, 6, 4, 25, 12, 28, 27, 26, 47, 13, 14, 52, 11, 51, 33, 43, 10, 9, 8, 41, 19, 45, 18, 31, 22]

Individual 68:
  Route length: 7972
  Contribution to Diversity: 0
  Route: [38, 37, 24, 48, 5, 15, 6, 4, 25, 12, 28, 27, 26, 47, 13, 14, 52, 11, 51, 33, 43, 10, 9, 8, 41, 19, 45, 32, 49, 1, 36, 39, 40, 35, 34, 44, 46, 16, 29, 50, 20, 23, 30, 2, 7, 42, 21, 17, 3, 18, 31, 22]

Individual 69:
  Route length: 8098
  Contribution to Diversity: 0
  Route: [1, 15, 6, 4, 25, 12, 28, 27, 26, 47, 13, 14, 52, 11, 51, 33, 43, 10, 9, 8, 41, 19, 45, 32, 49, 5, 48, 38, 37, 24, 40, 39, 36, 35, 34, 44, 46, 16, 29, 50, 20, 23, 30, 2, 7, 42, 21, 17, 3, 18, 31, 22]

Individual 70:
  Route length: 8171
  Contribution to Diversity: 0
  Route: [1, 49, 32, 45, 19, 41, 8, 9, 10, 43, 33, 51, 11, 52, 14, 13, 47, 26, 27, 28, 12, 25, 4, 6, 15, 5, 24, 48, 38, 37, 40, 36, 39, 20, 23, 30, 2, 7, 42, 21, 17, 3, 18, 31, 50, 29, 16, 46, 44, 34, 35, 22]

Individual 71:
  Route length: 8183
  Contribution to Diversity: 0.0001767262117438051
  Route: [1, 49, 37, 38, 44, 34, 35, 36, 39, 40, 46, 48, 24, 5, 15, 6, 4, 25, 12, 28, 27, 26, 47, 13, 14, 52, 11, 51, 33, 43, 10, 9, 8, 41, 19, 45, 32, 23, 20, 50, 29, 16, 30, 2, 7, 42, 21, 17, 3, 18, 31, 22]

Individual 72:
  Route length: 7862
  Contribution to Diversity: 0
  Route: [44, 34, 37, 40, 39, 36, 35, 1, 49, 32, 45, 19, 41, 8, 9, 10, 43, 33, 51, 11, 52, 14, 13, 47, 26, 27, 28, 12, 25, 4, 6, 15, 5, 24, 48, 38, 46, 16, 29, 50, 20, 23, 30, 2, 7, 42, 21, 17, 3, 18, 31, 22]

Individual 73:
  Route length: 8092
  Contribution to Diversity: 0
  Route: [32, 45, 19, 41, 8, 9, 10, 43, 33, 51, 11, 52, 14, 13, 47, 26, 27, 28, 12, 25, 4, 6, 15, 5, 24, 48, 38, 37, 40, 39, 35, 36, 34, 44, 46, 16, 29, 50, 20, 23, 30, 2, 7, 42, 21, 17, 49, 1, 3, 18, 31, 22]

Individual 74:
  Route length: 8241
  Contribution to Diversity: 0
  Route: [1, 32, 49, 35, 34, 44, 46, 40, 36, 39, 3, 17, 21, 42, 7, 2, 30, 23, 20, 50, 29, 16, 37, 38, 48, 24, 5, 15, 6, 4, 25, 12, 28, 27, 26, 47, 13, 14, 52, 11, 51, 33, 43, 10, 9, 8, 41, 19, 45, 18, 31, 22]

Individual 75:
  Route length: 8153
  Contribution to Diversity: 0.0004817644531138754
  Route: [38, 37, 24, 48, 5, 15, 6, 4, 25, 12, 28, 27, 26, 47, 13, 14, 52, 11, 51, 33, 43, 10, 9, 8, 41, 19, 45, 32, 49, 1, 36, 39, 35, 40, 44, 34, 46, 16, 29, 50, 20, 23, 30, 2, 7, 42, 21, 17, 3, 18, 31, 22]

Individual 76:
  Route length: 8226
  Contribution to Diversity: 0
  Route: [1, 49, 32, 45, 19, 41, 8, 9, 10, 43, 33, 51, 11, 52, 14, 13, 47, 26, 27, 28, 12, 25, 4, 44, 46, 16, 29, 50, 20, 23, 30, 2, 7, 42, 21, 17, 3, 18, 31, 39, 40, 37, 38, 48, 24, 5, 15, 6, 34, 35, 36, 22]

Individual 77:
  Route length: 8244
  Contribution to Diversity: 0
  Route: [1, 49, 32, 45, 19, 41, 8, 9, 10, 43, 33, 51, 11, 52, 14, 13, 47, 26, 27, 28, 12, 25, 4, 6, 15, 5, 24, 48, 38, 18, 3, 17, 21, 42, 7, 2, 30, 23, 20, 50, 29, 16, 46, 40, 37, 44, 34, 35, 36, 39, 31, 22]

Individual 78:
  Route length: 7964
  Contribution to Diversity: 0.0002588347062753016
  Route: [1, 32, 31, 18, 45, 19, 41, 8, 9, 10, 43, 33, 51, 11, 52, 14, 13, 47, 26, 27, 28, 12, 25, 4, 6, 15, 5, 24, 48, 38, 37, 40, 39, 36, 34, 35, 44, 46, 16, 29, 50, 20, 23, 30, 2, 7, 42, 21, 17, 3, 49, 22]

Individual 79:
  Route length: 8244
  Contribution to Diversity: 0.002210977025057126
  Route: [1, 40, 37, 38, 48, 24, 15, 5, 4, 6, 25, 12, 28, 27, 26, 47, 13, 14, 52, 11, 51, 33, 43, 10, 9, 8, 41, 19, 45, 32, 49, 34, 35, 36, 39, 44, 46, 16, 29, 50, 20, 23, 30, 2, 42, 7, 17, 21, 18, 3, 31, 22]

Individual 80:
  Route length: 8125
  Contribution to Diversity: 0
  Route: [1, 49, 44, 46, 16, 34, 35, 32, 45, 19, 41, 8, 9, 10, 43, 33, 51, 11, 52, 14, 13, 47, 26, 27, 28, 12, 25, 4, 6, 15, 5, 24, 48, 38, 37, 40, 39, 36, 29, 50, 20, 23, 30, 2, 7, 42, 21, 17, 3, 18, 31, 22]

Individual 81:
  Route length: 8122
  Contribution to Diversity: 0.0006672228625301813
  Route: [1, 40, 37, 24, 38, 48, 5, 15, 6, 4, 25, 12, 28, 27, 13, 47, 26, 14, 52, 11, 51, 33, 43, 10, 9, 8, 41, 19, 45, 32, 49, 34, 35, 36, 39, 44, 46, 16, 29, 50, 20, 23, 30, 2, 7, 42, 21, 17, 3, 18, 31, 22]

Individual 82:
  Route length: 8241
  Contribution to Diversity: 0
  Route: [1, 39, 3, 17, 21, 42, 7, 2, 30, 23, 20, 50, 29, 16, 46, 44, 34, 35, 49, 32, 45, 19, 41, 8, 9, 10, 43, 33, 51, 11, 52, 14, 13, 47, 26, 27, 28, 12, 25, 4, 6, 15, 5, 24, 48, 38, 37, 40, 36, 18, 31, 22]

Individual 83:
  Route length: 7923
  Contribution to Diversity: 0
  Route: [37, 38, 48, 24, 5, 15, 6, 4, 25, 12, 28, 27, 26, 47, 13, 14, 52, 11, 51, 33, 43, 10, 9, 8, 41, 19, 45, 32, 1, 49, 35, 40, 39, 36, 34, 44, 46, 16, 29, 50, 20, 23, 30, 2, 7, 42, 21, 17, 3, 18, 31, 22]

Individual 84:
  Route length: 8016
  Contribution to Diversity: 0
  Route: [1, 49, 32, 45, 19, 41, 8, 9, 10, 43, 33, 51, 11, 52, 14, 13, 47, 26, 27, 28, 12, 25, 4, 15, 6, 39, 36, 35, 44, 46, 38, 48, 24, 5, 37, 40, 34, 16, 29, 50, 20, 23, 30, 2, 7, 42, 21, 17, 3, 18, 31, 22]

Individual 85:
  Route length: 8112
  Contribution to Diversity: 5.0818629266480286e-05
  Route: [1, 49, 32, 45, 19, 41, 8, 9, 10, 43, 33, 51, 11, 52, 14, 13, 47, 26, 27, 28, 12, 48, 25, 4, 6, 15, 5, 24, 46, 44, 34, 39, 36, 35, 37, 40, 38, 16, 29, 50, 20, 23, 30, 2, 7, 42, 21, 17, 3, 18, 31, 22]

Individual 86:
  Route length: 8241
  Contribution to Diversity: 0.0007475146469166916
  Route: [1, 49, 32, 45, 19, 41, 8, 9, 10, 33, 43, 51, 11, 52, 14, 13, 47, 26, 27, 28, 12, 25, 4, 6, 15, 5, 24, 48, 38, 37, 40, 29, 16, 46, 39, 36, 35, 34, 44, 50, 20, 23, 30, 2, 7, 42, 21, 17, 3, 18, 31, 22]

Individual 87:
  Route length: 8249
  Contribution to Diversity: 0.0005413300454577552
  Route: [1, 49, 44, 34, 35, 36, 39, 40, 37, 24, 48, 38, 32, 45, 19, 41, 8, 9, 10, 43, 33, 51, 11, 52, 14, 13, 47, 26, 27, 28, 12, 25, 4, 6, 15, 5, 46, 16, 29, 50, 31, 18, 3, 17, 21, 42, 7, 2, 30, 23, 20, 22]

Individual 88:
  Route length: 8219
  Contribution to Diversity: 5.589200040567732e-05
  Route: [37, 38, 48, 24, 5, 15, 6, 4, 25, 12, 28, 27, 26, 47, 13, 14, 52, 11, 51, 33, 43, 10, 9, 8, 41, 19, 45, 32, 1, 20, 50, 29, 16, 46, 44, 34, 36, 39, 40, 35, 49, 23, 30, 2, 7, 42, 21, 17, 3, 18, 31, 22]

Individual 89:
  Route length: 8234
  Contribution to Diversity: 0.0010171272832115719
  Route: [1, 49, 38, 40, 39, 37, 35, 34, 44, 36, 46, 48, 24, 5, 15, 6, 4, 25, 12, 28, 27, 26, 47, 13, 14, 52, 11, 51, 33, 43, 10, 9, 8, 41, 19, 45, 32, 23, 20, 50, 29, 16, 30, 2, 7, 42, 21, 17, 3, 18, 31, 22]

Individual 90:
  Route length: 8266
  Contribution to Diversity: 0.0004998599812129356
  Route: [1, 5, 24, 32, 49, 45, 19, 41, 8, 9, 10, 43, 33, 51, 11, 52, 14, 13, 47, 26, 27, 28, 12, 25, 4, 6, 15, 40, 37, 38, 48, 36, 39, 35, 34, 44, 46, 16, 29, 50, 20, 23, 30, 2, 7, 42, 21, 17, 3, 18, 31, 22]

Individual 91:
  Route length: 8059
  Contribution to Diversity: 0
  Route: [1, 32, 49, 5, 24, 15, 6, 4, 25, 12, 28, 27, 26, 47, 13, 14, 52, 11, 51, 33, 43, 10, 9, 8, 41, 19, 45, 40, 48, 38, 37, 35, 36, 39, 34, 44, 46, 16, 29, 50, 20, 23, 30, 2, 7, 42, 21, 17, 3, 18, 31, 22]

Individual 92:
  Route length: 8133
  Contribution to Diversity: 0.002138133940740694
  Route: [32, 49, 1, 31, 18, 3, 17, 2, 7, 42, 21, 30, 23, 20, 50, 29, 16, 46, 44, 35, 34, 39, 36, 40, 37, 5, 24, 48, 38, 6, 4, 15, 25, 12, 28, 27, 26, 47, 13, 14, 52, 11, 51, 33, 43, 10, 9, 8, 41, 19, 45, 22]

Individual 93:
  Route length: 8238
  Contribution to Diversity: 0.0008353471111046673
  Route: [1, 49, 32, 45, 19, 41, 8, 9, 10, 43, 33, 51, 11, 52, 14, 13, 47, 26, 27, 28, 12, 25, 4, 6, 35, 44, 36, 15, 37, 40, 39, 5, 24, 48, 38, 34, 46, 16, 29, 50, 20, 23, 30, 2, 7, 42, 21, 17, 3, 18, 31, 22]

Individual 94:
  Route length: 8148
  Contribution to Diversity: 0.0002171942559785478
  Route: [1, 49, 17, 21, 42, 7, 2, 30, 23, 20, 50, 29, 16, 46, 44, 34, 36, 35, 39, 40, 37, 38, 48, 24, 5, 15, 6, 4, 25, 12, 28, 27, 47, 26, 13, 14, 52, 11, 51, 33, 43, 10, 9, 8, 41, 19, 45, 32, 18, 3, 31, 22]

Individual 95:
  Route length: 8172
  Contribution to Diversity: 4.8866862313090564e-05
  Route: [1, 16, 29, 50, 49, 32, 45, 19, 41, 8, 9, 10, 43, 33, 51, 11, 52, 14, 13, 47, 26, 27, 28, 12, 25, 4, 6, 15, 5, 24, 48, 40, 37, 38, 39, 36, 35, 34, 44, 46, 20, 23, 30, 2, 7, 42, 21, 17, 3, 18, 31, 22]

Individual 96:
  Route length: 8204
  Contribution to Diversity: 0
  Route: [1, 49, 32, 18, 3, 17, 21, 42, 7, 2, 30, 23, 20, 50, 29, 16, 46, 44, 34, 35, 36, 39, 40, 37, 38, 48, 24, 5, 15, 6, 51, 11, 52, 14, 13, 47, 26, 27, 28, 12, 25, 4, 33, 43, 10, 9, 8, 41, 19, 45, 31, 22]

Individual 97:
  Route length: 8265
  Contribution to Diversity: 0.00027145603897249515
  Route: [23, 30, 2, 7, 42, 21, 17, 3, 49, 32, 1, 36, 34, 35, 44, 46, 16, 29, 50, 20, 39, 40, 37, 38, 48, 24, 5, 15, 6, 4, 25, 12, 28, 27, 26, 47, 13, 14, 52, 11, 51, 33, 43, 10, 9, 8, 41, 19, 45, 18, 31, 22]

Individual 98:
  Route length: 8185
  Contribution to Diversity: 0.0009777751925286182
  Route: [1, 40, 37, 38, 48, 6, 15, 5, 24, 46, 44, 39, 36, 35, 34, 49, 32, 45, 19, 41, 8, 9, 10, 43, 33, 51, 11, 52, 14, 13, 47, 26, 27, 28, 12, 25, 4, 16, 29, 50, 20, 23, 30, 42, 7, 2, 21, 17, 3, 18, 31, 22]

Individual 99:
  Route length: 8147
  Contribution to Diversity: 0
  Route: [1, 49, 32, 45, 19, 41, 8, 9, 10, 43, 33, 51, 11, 52, 14, 13, 47, 26, 27, 28, 12, 25, 4, 48, 24, 5, 15, 6, 34, 44, 40, 37, 38, 46, 39, 36, 35, 16, 29, 50, 20, 23, 30, 2, 7, 42, 21, 17, 3, 18, 31, 22]

Individual 100:
  Route length: 8133
  Contribution to Diversity: 0.00017104341871210238
  Route: [1, 49, 32, 45, 19, 41, 8, 9, 10, 43, 33, 51, 11, 52, 14, 13, 47, 26, 27, 28, 12, 25, 24, 5, 15, 6, 4, 34, 48, 38, 37, 40, 44, 35, 36, 39, 46, 16, 29, 50, 20, 23, 30, 2, 7, 42, 21, 17, 3, 18, 31, 22]

Individual 101:
  Route length: 8053
  Contribution to Diversity: 5.195846387007208e-05
  Route: [1, 49, 32, 45, 19, 41, 8, 9, 10, 43, 33, 51, 11, 52, 14, 13, 47, 26, 27, 28, 12, 48, 24, 5, 15, 6, 4, 25, 38, 37, 40, 39, 34, 35, 36, 44, 46, 16, 29, 50, 20, 23, 30, 2, 7, 42, 21, 31, 18, 3, 17, 22]

Individual 102:
  Route length: 8296
  Contribution to Diversity: 0
  Route: [44, 34, 37, 40, 39, 36, 35, 49, 1, 29, 16, 46, 38, 48, 24, 5, 15, 6, 4, 25, 12, 28, 27, 26, 47, 13, 14, 52, 11, 51, 33, 43, 10, 9, 8, 41, 19, 45, 32, 50, 20, 23, 30, 2, 7, 42, 21, 17, 3, 18, 31, 22]

Individual 103:
  Route length: 8023
  Contribution to Diversity: 0
  Route: [1, 29, 16, 46, 44, 34, 35, 36, 39, 38, 37, 40, 48, 24, 5, 15, 6, 4, 25, 12, 28, 27, 26, 47, 13, 14, 52, 11, 51, 33, 43, 10, 9, 8, 41, 19, 45, 32, 49, 50, 20, 23, 30, 2, 7, 42, 21, 17, 3, 18, 31, 22]

Individual 104:
  Route length: 8270
  Contribution to Diversity: 0.0020309047590636453
  Route: [1, 49, 38, 40, 39, 37, 35, 34, 44, 36, 32, 45, 19, 41, 8, 9, 10, 43, 33, 51, 11, 52, 14, 13, 47, 26, 27, 28, 12, 25, 4, 6, 15, 5, 24, 48, 46, 50, 20, 23, 29, 16, 30, 2, 7, 42, 21, 17, 3, 18, 31, 22]

Individual 105:
  Route length: 8274
  Contribution to Diversity: 0.0013240018773421625
  Route: [1, 49, 32, 45, 19, 41, 8, 9, 10, 43, 33, 51, 11, 52, 14, 13, 47, 26, 27, 28, 12, 48, 4, 6, 15, 5, 24, 38, 25, 37, 40, 39, 34, 35, 36, 44, 46, 16, 29, 50, 20, 23, 30, 2, 7, 42, 21, 31, 18, 3, 17, 22]

Individual 106:
  Route length: 7965
  Contribution to Diversity: 0
  Route: [44, 34, 37, 40, 39, 36, 35, 1, 49, 32, 45, 19, 41, 8, 9, 10, 43, 33, 51, 11, 52, 14, 13, 47, 26, 27, 28, 12, 25, 4, 38, 48, 24, 5, 15, 6, 46, 16, 29, 50, 20, 23, 30, 2, 7, 42, 21, 17, 3, 18, 31, 22]

Individual 107:
  Route length: 8141
  Contribution to Diversity: 3.6437336019545796e-06
  Route: [37, 38, 48, 24, 5, 15, 6, 4, 25, 12, 28, 27, 26, 47, 13, 14, 52, 11, 51, 33, 43, 10, 9, 8, 41, 19, 45, 49, 1, 32, 44, 34, 36, 39, 40, 35, 46, 16, 29, 50, 20, 23, 30, 2, 7, 42, 21, 17, 3, 18, 31, 22]

Individual 108:
  Route length: 8088
  Contribution to Diversity: 0.0002602833611007327
  Route: [1, 40, 37, 38, 48, 24, 49, 32, 45, 19, 41, 8, 9, 10, 43, 33, 51, 11, 52, 14, 13, 47, 26, 27, 28, 12, 25, 4, 6, 15, 5, 34, 35, 36, 39, 44, 46, 16, 29, 50, 20, 23, 30, 42, 7, 2, 21, 17, 3, 18, 31, 22]

Individual 109:
  Route length: 8213
  Contribution to Diversity: 0
  Route: [1, 49, 17, 21, 42, 7, 2, 30, 23, 20, 50, 29, 16, 46, 35, 36, 34, 44, 37, 40, 39, 38, 48, 24, 5, 15, 6, 4, 25, 12, 28, 27, 26, 47, 13, 14, 52, 11, 51, 33, 43, 10, 9, 8, 41, 19, 45, 32, 18, 3, 31, 22]

Individual 110:
  Route length: 8140
  Contribution to Diversity: 0.0006835403752054603
  Route: [1, 15, 6, 4, 25, 12, 28, 27, 26, 47, 13, 14, 52, 11, 51, 33, 43, 10, 9, 8, 41, 19, 45, 32, 49, 5, 24, 48, 38, 37, 40, 39, 36, 35, 34, 44, 46, 16, 29, 20, 50, 23, 30, 21, 42, 7, 2, 17, 3, 18, 31, 22]

Individual 111:
  Route length: 8128
  Contribution to Diversity: 0
  Route: [1, 49, 44, 46, 16, 34, 35, 39, 40, 37, 38, 48, 24, 5, 15, 6, 4, 25, 12, 28, 27, 26, 47, 13, 14, 52, 11, 51, 33, 43, 10, 9, 8, 41, 19, 45, 32, 36, 29, 50, 20, 23, 30, 2, 7, 42, 21, 17, 3, 18, 31, 22]

Individual 112:
  Route length: 8266
  Contribution to Diversity: 0.0005652818174821661
  Route: [1, 49, 32, 19, 10, 9, 8, 41, 45, 40, 39, 36, 35, 34, 37, 38, 48, 24, 5, 15, 6, 4, 25, 12, 28, 27, 26, 47, 13, 14, 52, 11, 51, 33, 43, 44, 46, 16, 29, 50, 20, 23, 30, 2, 7, 42, 21, 17, 3, 18, 31, 22]

Individual 113:
  Route length: 8019
  Contribution to Diversity: 0.00023132849524198917
  Route: [1, 49, 32, 45, 19, 41, 8, 9, 10, 43, 33, 51, 11, 52, 14, 13, 47, 26, 27, 28, 12, 25, 4, 6, 38, 34, 35, 37, 40, 39, 5, 24, 48, 15, 36, 44, 46, 16, 29, 50, 20, 23, 30, 2, 7, 42, 21, 17, 3, 18, 31, 22]

Individual 114:
  Route length: 8293
  Contribution to Diversity: 0.0011348822846066753
  Route: [1, 49, 6, 15, 5, 24, 48, 4, 25, 12, 28, 27, 26, 47, 13, 14, 52, 11, 51, 33, 43, 10, 9, 8, 41, 19, 45, 32, 39, 34, 44, 36, 35, 46, 38, 40, 37, 16, 29, 50, 20, 23, 30, 2, 7, 42, 21, 17, 3, 18, 31, 22]

Individual 115:
  Route length: 8241
  Contribution to Diversity: 0.0008168058543143175
  Route: [1, 49, 5, 6, 4, 15, 37, 40, 24, 48, 38, 32, 45, 19, 41, 8, 9, 10, 43, 33, 51, 11, 52, 14, 13, 47, 26, 27, 28, 12, 25, 39, 36, 35, 34, 44, 46, 16, 29, 50, 20, 23, 30, 2, 7, 42, 21, 17, 3, 18, 31, 22]

Individual 116:
  Route length: 8214
  Contribution to Diversity: 0.0004918952208567973
  Route: [44, 34, 37, 40, 39, 36, 35, 1, 49, 32, 45, 19, 41, 8, 9, 10, 43, 33, 51, 11, 52, 14, 13, 27, 26, 47, 12, 28, 25, 4, 6, 15, 5, 24, 48, 38, 46, 16, 29, 50, 20, 23, 30, 2, 7, 42, 21, 17, 3, 18, 31, 22]

Individual 117:
  Route length: 8145
  Contribution to Diversity: 0.0006771213298701895
  Route: [1, 49, 32, 45, 19, 41, 8, 9, 10, 43, 33, 51, 11, 52, 14, 13, 47, 26, 27, 28, 12, 25, 4, 15, 6, 39, 36, 35, 44, 46, 38, 48, 24, 5, 37, 40, 34, 16, 23, 20, 50, 29, 30, 2, 7, 42, 21, 17, 3, 18, 31, 22]

Individual 118:
  Route length: 8285
  Contribution to Diversity: 0.00017125476400003947
  Route: [1, 36, 39, 40, 24, 48, 38, 37, 35, 49, 32, 45, 19, 41, 8, 9, 10, 43, 4, 25, 12, 28, 27, 26, 47, 13, 14, 52, 11, 51, 33, 6, 15, 5, 34, 44, 46, 16, 29, 50, 20, 23, 30, 2, 7, 42, 21, 17, 3, 18, 31, 22]

Individual 119:
  Route length: 7909
  Contribution to Diversity: 0
  Route: [37, 38, 48, 24, 5, 15, 6, 4, 25, 12, 28, 27, 26, 47, 13, 14, 52, 11, 51, 33, 43, 10, 9, 8, 41, 19, 45, 32, 49, 1, 36, 39, 40, 35, 34, 44, 46, 16, 29, 50, 20, 23, 30, 2, 7, 42, 21, 17, 3, 18, 31, 22]

Individual 120:
  Route length: 8214
  Contribution to Diversity: 0
  Route: [1, 36, 4, 25, 12, 28, 27, 26, 47, 13, 14, 52, 11, 51, 33, 43, 10, 9, 8, 41, 19, 45, 32, 49, 35, 34, 48, 38, 37, 40, 39, 6, 15, 5, 24, 44, 46, 16, 29, 50, 20, 23, 30, 2, 7, 42, 21, 17, 3, 18, 31, 22]

Individual 121:
  Route length: 8250
  Contribution to Diversity: 0.00062255875924766
  Route: [1, 49, 32, 45, 19, 41, 8, 9, 10, 43, 33, 51, 11, 52, 14, 13, 47, 26, 27, 28, 12, 25, 37, 5, 24, 48, 38, 6, 15, 4, 40, 39, 36, 35, 34, 44, 29, 16, 46, 20, 50, 23, 30, 2, 7, 42, 21, 17, 3, 18, 31, 22]

Individual 122:
  Route length: 8185
  Contribution to Diversity: 0.001092811351977474
  Route: [1, 49, 32, 45, 19, 41, 8, 9, 10, 43, 33, 51, 11, 52, 14, 13, 47, 26, 27, 28, 12, 25, 4, 15, 6, 38, 48, 24, 5, 37, 46, 44, 35, 34, 39, 36, 40, 50, 29, 16, 20, 23, 30, 2, 7, 42, 21, 17, 3, 18, 31, 22]

Individual 123:
  Route length: 8156
  Contribution to Diversity: 0
  Route: [1, 44, 34, 5, 15, 6, 4, 25, 12, 28, 27, 26, 47, 13, 14, 52, 11, 51, 33, 43, 10, 9, 8, 41, 19, 45, 32, 38, 48, 24, 37, 40, 39, 36, 35, 49, 46, 16, 29, 50, 20, 23, 30, 2, 7, 42, 21, 17, 3, 18, 31, 22]

Individual 124:
  Route length: 8170
  Contribution to Diversity: 0.0009564143691846994
  Route: [1, 49, 32, 45, 19, 41, 8, 9, 10, 43, 33, 51, 11, 52, 14, 13, 47, 26, 27, 28, 12, 25, 6, 4, 48, 37, 40, 39, 36, 5, 15, 35, 34, 38, 24, 44, 46, 16, 29, 50, 20, 23, 30, 2, 7, 42, 21, 17, 3, 18, 31, 22]

Individual 125:
  Route length: 8065
  Contribution to Diversity: 0.00018974055717446703
  Route: [37, 48, 38, 6, 15, 5, 24, 4, 25, 12, 28, 27, 26, 47, 13, 14, 52, 11, 51, 33, 43, 10, 9, 8, 41, 19, 45, 32, 1, 49, 35, 40, 39, 36, 34, 44, 46, 16, 29, 50, 20, 23, 30, 2, 7, 42, 21, 17, 3, 18, 31, 22]

Individual 126:
  Route length: 8279
  Contribution to Diversity: 0.00021997375044247036
  Route: [1, 36, 4, 25, 12, 28, 27, 26, 47, 13, 14, 52, 11, 51, 33, 43, 10, 9, 8, 41, 19, 45, 32, 49, 35, 34, 15, 6, 39, 40, 37, 38, 48, 5, 24, 44, 46, 16, 29, 50, 20, 23, 30, 2, 7, 42, 21, 17, 3, 18, 31, 22]

Individual 127:
  Route length: 8260
  Contribution to Diversity: 0.0002554750722305599
  Route: [1, 34, 44, 46, 16, 29, 50, 20, 23, 30, 2, 7, 42, 21, 17, 49, 35, 36, 39, 40, 37, 38, 48, 24, 5, 15, 6, 4, 25, 12, 28, 27, 47, 26, 13, 14, 52, 11, 51, 33, 43, 10, 9, 8, 41, 19, 45, 32, 18, 3, 31, 22]

Individual 128:
  Route length: 8288
  Contribution to Diversity: 0.0009846145239347237
  Route: [1, 49, 32, 45, 19, 41, 9, 8, 10, 43, 33, 51, 11, 52, 14, 13, 47, 26, 27, 28, 12, 25, 4, 15, 6, 39, 36, 35, 44, 46, 38, 48, 24, 5, 37, 40, 34, 16, 29, 50, 20, 23, 30, 2, 7, 42, 21, 17, 3, 18, 31, 22]

Individual 129:
  Route length: 8232
  Contribution to Diversity: 0.0004991863433678745
  Route: [1, 49, 32, 45, 19, 41, 8, 9, 10, 43, 33, 51, 11, 52, 14, 13, 47, 26, 27, 28, 12, 48, 25, 4, 6, 15, 5, 35, 36, 39, 34, 44, 46, 24, 37, 40, 38, 16, 29, 50, 20, 23, 30, 2, 7, 42, 21, 17, 3, 18, 31, 22]

Individual 130:
  Route length: 8159
  Contribution to Diversity: 0.0003872724710793918
  Route: [35, 36, 39, 40, 37, 34, 44, 50, 29, 16, 46, 6, 15, 5, 24, 48, 38, 4, 25, 12, 28, 27, 26, 47, 13, 14, 52, 11, 51, 33, 43, 10, 9, 8, 41, 19, 45, 32, 49, 1, 20, 23, 30, 2, 7, 42, 21, 17, 3, 18, 31, 22]

Individual 131:
  Route length: 8284
  Contribution to Diversity: 0.0004398895730233221
  Route: [1, 49, 32, 18, 3, 17, 21, 42, 7, 2, 30, 23, 20, 50, 29, 16, 46, 44, 34, 35, 39, 36, 48, 24, 5, 15, 6, 4, 25, 40, 38, 37, 12, 28, 27, 26, 47, 13, 14, 52, 11, 51, 33, 43, 10, 9, 8, 41, 19, 45, 31, 22]

Individual 132:
  Route length: 8181
  Contribution to Diversity: 0.0006030429825063521
  Route: [1, 49, 32, 18, 3, 17, 21, 42, 2, 7, 30, 23, 20, 50, 29, 16, 46, 44, 34, 35, 36, 39, 40, 25, 4, 6, 15, 5, 24, 48, 38, 37, 12, 28, 27, 26, 47, 13, 14, 52, 11, 51, 33, 43, 10, 9, 8, 41, 19, 45, 31, 22]

Individual 133:
  Route length: 8206
  Contribution to Diversity: 0
  Route: [1, 36, 39, 40, 37, 38, 48, 24, 5, 15, 6, 33, 51, 11, 52, 14, 13, 47, 27, 26, 28, 12, 25, 4, 43, 10, 9, 8, 41, 19, 45, 32, 49, 35, 34, 44, 46, 16, 29, 50, 20, 23, 30, 2, 7, 42, 21, 17, 3, 18, 31, 22]

Individual 134:
  Route length: 8213
  Contribution to Diversity: 4.2923938615047064e-05
  Route: [24, 5, 15, 6, 4, 25, 12, 28, 27, 26, 47, 13, 14, 52, 11, 51, 33, 43, 10, 9, 8, 41, 19, 45, 32, 49, 1, 34, 36, 39, 40, 37, 44, 35, 48, 38, 46, 16, 29, 50, 20, 23, 30, 2, 7, 42, 21, 17, 3, 18, 31, 22]

Individual 135:
  Route length: 8277
  Contribution to Diversity: 0.0005943506607533067
  Route: [44, 34, 37, 40, 39, 36, 35, 1, 49, 32, 45, 19, 41, 8, 9, 10, 43, 33, 51, 11, 52, 14, 13, 47, 27, 26, 12, 28, 25, 4, 6, 15, 5, 24, 48, 38, 46, 16, 29, 50, 20, 23, 30, 2, 7, 42, 21, 17, 3, 18, 31, 22]

Individual 136:
  Route length: 7941
  Contribution to Diversity: 0
  Route: [1, 36, 39, 40, 37, 38, 48, 46, 44, 24, 5, 15, 6, 4, 25, 12, 28, 27, 26, 47, 13, 14, 52, 11, 51, 33, 43, 10, 9, 8, 41, 19, 45, 32, 49, 35, 34, 16, 29, 50, 20, 23, 30, 2, 7, 42, 21, 17, 3, 18, 31, 22]

Individual 137:
  Route length: 8195
  Contribution to Diversity: 1.0910759832505335e-05
  Route: [1, 32, 49, 29, 50, 20, 23, 30, 2, 7, 42, 21, 17, 3, 31, 18, 45, 19, 41, 8, 9, 10, 43, 33, 51, 11, 52, 14, 13, 47, 26, 27, 28, 12, 25, 4, 6, 15, 5, 24, 48, 38, 37, 40, 39, 36, 34, 35, 44, 46, 16, 22]

Individual 138:
  Route length: 8282
  Contribution to Diversity: 0.0010989783000887599
  Route: [36, 39, 45, 19, 41, 8, 9, 10, 43, 33, 51, 11, 52, 14, 13, 47, 26, 27, 28, 12, 25, 4, 6, 15, 5, 24, 48, 38, 37, 40, 49, 32, 1, 44, 34, 35, 16, 46, 29, 50, 20, 23, 30, 2, 7, 42, 21, 17, 3, 18, 31, 22]

Individual 139:
  Route length: 8269
  Contribution to Diversity: 2.699405285788714e-05
  Route: [32, 45, 19, 41, 8, 9, 10, 43, 33, 51, 11, 52, 14, 13, 47, 26, 27, 28, 12, 25, 4, 6, 15, 5, 24, 48, 36, 35, 39, 40, 37, 38, 34, 44, 46, 16, 29, 50, 20, 23, 30, 2, 7, 42, 21, 17, 49, 1, 3, 18, 31, 22]

Individual 140:
  Route length: 8237
  Contribution to Diversity: 0.00010089206886032542
  Route: [1, 49, 32, 45, 19, 41, 8, 9, 10, 43, 33, 51, 11, 52, 14, 13, 47, 26, 27, 28, 12, 25, 4, 6, 15, 5, 24, 48, 38, 37, 40, 39, 36, 35, 34, 18, 3, 17, 21, 23, 30, 2, 7, 42, 20, 50, 29, 16, 46, 44, 31, 22]

Individual 141:
  Route length: 8224
  Contribution to Diversity: 0
  Route: [1, 36, 34, 35, 49, 32, 45, 19, 41, 8, 9, 10, 43, 33, 51, 11, 52, 14, 13, 47, 26, 27, 28, 12, 25, 4, 6, 15, 5, 24, 44, 46, 48, 38, 37, 40, 39, 31, 18, 3, 17, 21, 42, 7, 2, 30, 23, 20, 50, 29, 16, 22]

Individual 142:
  Route length: 8232
  Contribution to Diversity: 0.0004756750378751562
  Route: [1, 32, 49, 38, 48, 24, 5, 15, 4, 6, 25, 12, 28, 27, 26, 47, 13, 52, 14, 11, 51, 33, 43, 10, 9, 8, 41, 19, 45, 37, 40, 39, 36, 35, 34, 44, 46, 16, 29, 50, 20, 23, 30, 2, 7, 42, 21, 17, 3, 18, 31, 22]

Individual 143:
  Route length: 8076
  Contribution to Diversity: 0
  Route: [1, 49, 32, 45, 19, 41, 8, 9, 10, 43, 33, 51, 11, 52, 14, 13, 47, 26, 27, 28, 12, 25, 37, 36, 39, 40, 4, 15, 6, 38, 48, 24, 5, 35, 34, 44, 46, 16, 29, 50, 20, 23, 30, 2, 7, 42, 21, 17, 3, 18, 31, 22]

Individual 144:
  Route length: 8277
  Contribution to Diversity: 0.0007950393844877723
  Route: [37, 38, 48, 24, 5, 15, 45, 19, 41, 8, 9, 10, 43, 33, 51, 11, 52, 14, 13, 47, 26, 27, 28, 12, 25, 4, 6, 40, 35, 49, 1, 32, 39, 36, 34, 44, 46, 16, 29, 50, 20, 23, 30, 2, 7, 42, 21, 17, 3, 18, 31, 22]

Individual 145:
  Route length: 8205
  Contribution to Diversity: 0.0012194224455353009
  Route: [1, 32, 35, 37, 38, 48, 40, 45, 19, 41, 8, 9, 10, 43, 33, 51, 11, 52, 14, 13, 47, 26, 27, 28, 12, 25, 4, 6, 15, 24, 5, 49, 36, 39, 34, 44, 46, 16, 29, 50, 20, 23, 30, 2, 7, 42, 21, 17, 3, 18, 31, 22]

Individual 146:
  Route length: 8021
  Contribution to Diversity: 0
  Route: [44, 34, 37, 40, 39, 36, 35, 1, 49, 32, 45, 19, 41, 8, 9, 10, 43, 33, 51, 11, 52, 14, 13, 47, 26, 27, 28, 12, 25, 24, 5, 15, 6, 4, 48, 38, 46, 16, 29, 50, 20, 23, 30, 2, 7, 42, 21, 17, 3, 18, 31, 22]

Individual 147:
  Route length: 8289
  Contribution to Diversity: 0.00028774815354015715
  Route: [1, 49, 17, 21, 42, 7, 2, 30, 23, 20, 50, 29, 16, 46, 35, 36, 34, 39, 40, 37, 44, 38, 48, 24, 5, 15, 6, 4, 25, 12, 28, 27, 26, 47, 13, 14, 52, 11, 51, 33, 43, 10, 9, 8, 41, 19, 45, 32, 18, 3, 31, 22]

Individual 148:
  Route length: 8097
  Contribution to Diversity: 0
  Route: [1, 49, 32, 45, 19, 41, 8, 9, 10, 43, 33, 51, 11, 52, 14, 13, 47, 26, 27, 28, 12, 25, 6, 4, 36, 39, 40, 37, 34, 38, 48, 24, 5, 15, 35, 44, 46, 16, 29, 50, 20, 23, 30, 2, 7, 42, 21, 17, 3, 18, 31, 22]

Individual 149:
  Route length: 8236
  Contribution to Diversity: 0.0007873934467275134
  Route: [1, 36, 39, 40, 37, 38, 48, 6, 15, 5, 24, 25, 12, 28, 27, 26, 47, 13, 14, 52, 11, 51, 33, 4, 43, 10, 9, 8, 41, 45, 19, 32, 49, 35, 34, 44, 46, 16, 29, 50, 20, 23, 30, 2, 7, 42, 21, 17, 3, 18, 31, 22]

Total Entropy H: 4.468327127767224
