Individual 0:
  Route length: 22428
  Contribution to Diversity: 0.08209178000643114
  Route: [39, 37, 48, 35, 16, 40, 2, 29, 6, 27, 47, 14, 3, 30, 17, 15, 43, 8, 24, 49, 41, 52, 25, 13, 28, 38, 44, 12, 23, 1, 7, 42, 21, 45, 32, 36, 50, 34, 20, 9, 10, 19, 46, 26, 51, 11, 33, 18, 31, 4, 5, 22]

Individual 1:
  Route length: 22369
  Contribution to Diversity: 0.06353480071782691
  Route: [32, 10, 46, 11, 51, 14, 16, 19, 27, 52, 13, 26, 23, 25, 48, 29, 45, 3, 5, 40, 47, 12, 24, 15, 20, 8, 9, 43, 39, 49, 34, 4, 33, 37, 18, 41, 50, 42, 36, 28, 38, 44, 1, 6, 35, 21, 7, 31, 17, 2, 30, 22]

Individual 2:
  Route length: 22133
  Contribution to Diversity: 0.07689350938966033
  Route: [8, 16, 2, 17, 7, 31, 32, 18, 46, 15, 26, 23, 25, 34, 36, 40, 38, 11, 27, 35, 3, 43, 33, 1, 44, 47, 12, 51, 10, 45, 41, 19, 21, 39, 9, 48, 5, 24, 52, 14, 28, 13, 37, 50, 4, 49, 30, 42, 29, 6, 20, 22]

Individual 3:
  Route length: 22505
  Contribution to Diversity: 0.08227794781492648
  Route: [31, 3, 10, 16, 47, 35, 36, 1, 29, 43, 14, 13, 7, 49, 18, 24, 50, 23, 19, 8, 4, 5, 40, 44, 34, 32, 41, 30, 6, 46, 45, 39, 25, 37, 17, 20, 42, 2, 21, 38, 27, 52, 11, 28, 33, 15, 26, 12, 48, 51, 9, 22]

Individual 4:
  Route length: 22428
  Contribution to Diversity: 0.07970776770606669
  Route: [45, 43, 18, 33, 10, 4, 41, 12, 24, 38, 46, 51, 11, 13, 14, 26, 47, 6, 32, 16, 3, 20, 21, 17, 50, 34, 39, 25, 44, 27, 15, 7, 36, 9, 42, 29, 2, 30, 23, 19, 40, 28, 52, 48, 31, 8, 49, 1, 37, 5, 35, 22]

Individual 5:
  Route length: 21796
  Contribution to Diversity: 0.07577545780042083
  Route: [35, 46, 34, 36, 26, 13, 52, 14, 19, 23, 44, 20, 10, 8, 3, 42, 7, 29, 41, 2, 45, 32, 17, 25, 15, 38, 16, 40, 48, 18, 43, 39, 31, 49, 28, 47, 27, 12, 11, 24, 4, 6, 21, 33, 51, 50, 1, 30, 9, 5, 37, 22]

Individual 6:
  Route length: 22310
  Contribution to Diversity: 0.05042017025354273
  Route: [9, 41, 19, 16, 25, 50, 40, 5, 34, 27, 13, 14, 26, 42, 30, 44, 1, 6, 49, 11, 33, 37, 17, 39, 47, 28, 46, 45, 32, 31, 29, 36, 35, 18, 21, 8, 20, 51, 52, 48, 38, 10, 4, 24, 12, 15, 43, 7, 2, 3, 23, 22]

Individual 7:
  Route length: 22095
  Contribution to Diversity: 0.07042927806176458
  Route: [31, 50, 37, 36, 43, 15, 48, 49, 46, 34, 45, 32, 19, 29, 7, 9, 25, 12, 28, 24, 16, 39, 40, 10, 41, 42, 30, 47, 38, 27, 52, 33, 4, 8, 2, 23, 26, 11, 13, 14, 1, 20, 21, 5, 6, 35, 51, 44, 3, 17, 18, 22]

Individual 8:
  Route length: 21901
  Contribution to Diversity: 0.08762412755358184
  Route: [40, 6, 4, 33, 16, 11, 48, 51, 18, 42, 30, 38, 25, 28, 47, 24, 32, 5, 15, 36, 43, 17, 34, 52, 13, 29, 20, 44, 10, 21, 7, 2, 9, 35, 3, 37, 1, 19, 41, 8, 45, 31, 50, 46, 39, 26, 27, 14, 12, 49, 23, 22]

Individual 9:
  Route length: 22550
  Contribution to Diversity: 0.06634905903423416
  Route: [31, 18, 3, 51, 11, 52, 23, 15, 19, 29, 1, 45, 41, 25, 5, 43, 8, 12, 33, 21, 16, 49, 47, 27, 26, 50, 32, 39, 9, 6, 35, 44, 36, 40, 10, 37, 34, 20, 42, 24, 4, 30, 7, 2, 38, 17, 14, 13, 28, 46, 48, 22]

Total Entropy H: 5.919994829243365
