Individual 0:
  Route length: 9191
  Contribution to Diversity: 0.0010275183392662868
  Route: [23, 20, 50, 36, 35, 34, 44, 46, 16, 29, 26, 27, 28, 12, 4, 25, 24, 5, 15, 6, 48, 38, 37, 40, 39, 47, 13, 14, 52, 11, 51, 33, 43, 10, 9, 8, 41, 19, 45, 32, 49, 1, 18, 3, 17, 21, 42, 7, 2, 30, 31, 22]

Individual 1:
  Route length: 9278
  Contribution to Diversity: 0.00013945491560640733
  Route: [1, 49, 23, 20, 16, 29, 50, 51, 11, 52, 14, 13, 47, 26, 27, 28, 12, 25, 4, 6, 15, 5, 24, 48, 40, 37, 38, 39, 36, 35, 34, 44, 46, 33, 43, 10, 9, 8, 41, 19, 45, 32, 42, 7, 2, 30, 21, 17, 3, 18, 31, 22]

Individual 2:
  Route length: 9381
  Contribution to Diversity: 0.00021634795412595054
  Route: [1, 25, 12, 28, 27, 26, 47, 13, 14, 52, 11, 51, 33, 43, 10, 9, 8, 41, 19, 45, 34, 44, 46, 16, 15, 6, 4, 49, 32, 35, 40, 39, 36, 37, 38, 48, 24, 5, 18, 3, 17, 21, 42, 7, 2, 30, 23, 20, 50, 29, 31, 22]

Individual 3:
  Route length: 9387
  Contribution to Diversity: 0.0002630440513211596
  Route: [1, 49, 32, 6, 4, 43, 33, 51, 11, 52, 14, 13, 47, 26, 27, 28, 12, 46, 16, 29, 50, 20, 23, 30, 2, 7, 42, 21, 17, 3, 18, 25, 35, 36, 39, 40, 37, 38, 48, 24, 5, 15, 44, 34, 45, 19, 41, 8, 9, 10, 31, 22]

Individual 4:
  Route length: 9384
  Contribution to Diversity: 0.00021226055281697853
  Route: [1, 25, 12, 28, 27, 26, 47, 13, 14, 52, 11, 51, 33, 43, 10, 9, 19, 41, 8, 45, 32, 49, 4, 6, 15, 16, 46, 44, 34, 35, 40, 39, 36, 37, 38, 48, 24, 5, 18, 3, 17, 21, 42, 7, 2, 30, 23, 20, 50, 29, 31, 22]

Individual 5:
  Route length: 9374
  Contribution to Diversity: 0.000615438082086861
  Route: [39, 40, 37, 24, 48, 35, 36, 20, 23, 30, 2, 7, 42, 21, 17, 50, 29, 16, 46, 44, 1, 49, 3, 18, 38, 34, 5, 15, 6, 4, 25, 12, 28, 27, 26, 47, 13, 14, 52, 11, 51, 33, 43, 10, 9, 8, 41, 19, 45, 32, 31, 22]

Individual 6:
  Route length: 9399
  Contribution to Diversity: 0.0011057678104622326
  Route: [1, 23, 20, 50, 29, 16, 46, 34, 35, 24, 5, 15, 6, 4, 25, 12, 28, 27, 26, 47, 13, 14, 52, 11, 51, 33, 43, 10, 9, 8, 41, 19, 17, 3, 48, 38, 37, 40, 39, 49, 32, 45, 21, 42, 7, 2, 30, 36, 44, 18, 31, 22]

Individual 7:
  Route length: 9427
  Contribution to Diversity: 0.00012583230152429792
  Route: [1, 32, 49, 46, 44, 34, 19, 45, 16, 40, 39, 36, 35, 37, 38, 48, 24, 5, 15, 6, 4, 25, 28, 12, 27, 26, 47, 13, 14, 52, 11, 51, 33, 43, 10, 9, 8, 41, 20, 50, 29, 23, 30, 2, 7, 42, 21, 17, 3, 18, 31, 22]

Individual 8:
  Route length: 9245
  Contribution to Diversity: 1.5575799329425877e-05
  Route: [1, 49, 9, 8, 41, 19, 43, 33, 51, 11, 52, 14, 13, 47, 26, 27, 28, 12, 25, 4, 6, 15, 38, 48, 5, 24, 46, 44, 34, 35, 36, 39, 37, 40, 32, 45, 10, 16, 29, 50, 20, 23, 30, 2, 7, 42, 21, 17, 3, 18, 31, 22]

Individual 9:
  Route length: 9247
  Contribution to Diversity: 0.0006426175257905342
  Route: [1, 49, 32, 28, 12, 27, 26, 47, 13, 14, 52, 11, 51, 33, 43, 10, 9, 8, 41, 19, 45, 38, 48, 24, 5, 15, 25, 4, 6, 37, 40, 39, 35, 36, 3, 34, 44, 46, 16, 29, 50, 20, 23, 30, 2, 7, 42, 21, 17, 31, 18, 22]

Individual 10:
  Route length: 9383
  Contribution to Diversity: 0.00017817786849860795
  Route: [1, 49, 32, 45, 19, 41, 8, 9, 10, 43, 33, 25, 14, 52, 11, 51, 12, 28, 27, 26, 47, 13, 4, 6, 15, 5, 24, 48, 38, 37, 40, 39, 36, 35, 46, 44, 34, 18, 3, 17, 21, 42, 7, 2, 30, 23, 20, 50, 29, 16, 31, 22]

Individual 11:
  Route length: 9422
  Contribution to Diversity: 0.00015048903544290226
  Route: [1, 32, 49, 46, 44, 34, 48, 38, 37, 40, 39, 36, 35, 5, 24, 15, 6, 4, 25, 28, 12, 27, 26, 47, 13, 14, 52, 11, 51, 33, 43, 10, 9, 17, 21, 42, 7, 2, 30, 23, 20, 50, 29, 16, 45, 19, 41, 8, 31, 18, 3, 22]

Individual 12:
  Route length: 9350
  Contribution to Diversity: 0.0002499816213097361
  Route: [1, 49, 38, 37, 40, 39, 29, 50, 20, 23, 30, 2, 7, 42, 21, 17, 3, 18, 31, 19, 41, 8, 9, 10, 43, 33, 51, 11, 52, 14, 13, 47, 26, 27, 28, 12, 45, 32, 34, 35, 36, 46, 16, 44, 48, 24, 5, 15, 6, 4, 25, 22]

Individual 13:
  Route length: 9381
  Contribution to Diversity: 0.0010174925567900672
  Route: [1, 32, 3, 18, 30, 2, 7, 42, 21, 15, 6, 4, 24, 5, 36, 35, 34, 44, 46, 16, 29, 50, 20, 23, 39, 40, 37, 38, 48, 25, 12, 28, 27, 26, 47, 13, 14, 52, 11, 51, 33, 43, 10, 9, 8, 41, 19, 45, 49, 17, 31, 22]

Individual 14:
  Route length: 9346
  Contribution to Diversity: 0.0006052496406194763
  Route: [1, 49, 32, 45, 19, 41, 8, 9, 10, 43, 33, 51, 11, 52, 27, 28, 12, 25, 5, 48, 24, 40, 4, 6, 26, 47, 13, 14, 37, 38, 15, 39, 36, 35, 34, 44, 46, 16, 29, 50, 20, 23, 30, 2, 7, 42, 21, 17, 3, 18, 31, 22]

Individual 15:
  Route length: 9218
  Contribution to Diversity: 4.151600118706966e-05
  Route: [1, 49, 32, 45, 19, 41, 8, 9, 10, 48, 43, 33, 51, 11, 52, 14, 13, 47, 26, 12, 25, 4, 6, 15, 38, 27, 28, 5, 24, 37, 40, 39, 36, 35, 34, 44, 46, 16, 29, 50, 20, 23, 30, 2, 7, 42, 21, 17, 3, 18, 31, 22]

Individual 16:
  Route length: 9425
  Contribution to Diversity: 0.0008108068935657187
  Route: [34, 39, 36, 35, 5, 37, 38, 48, 24, 40, 15, 6, 4, 25, 12, 28, 27, 26, 47, 13, 14, 52, 11, 51, 33, 43, 10, 9, 8, 41, 19, 45, 32, 49, 1, 18, 21, 16, 46, 44, 31, 3, 17, 30, 23, 20, 50, 29, 2, 7, 42, 22]

Individual 17:
  Route length: 9260
  Contribution to Diversity: 0.00044677647958657474
  Route: [16, 46, 44, 34, 24, 40, 39, 10, 9, 8, 41, 19, 45, 32, 37, 38, 48, 35, 36, 4, 25, 12, 28, 27, 26, 47, 13, 14, 52, 11, 51, 33, 43, 6, 15, 5, 49, 1, 29, 50, 20, 23, 30, 2, 7, 42, 21, 17, 3, 18, 31, 22]

Individual 18:
  Route length: 9385
  Contribution to Diversity: 0.0005043661451447079
  Route: [1, 49, 32, 44, 34, 35, 45, 4, 6, 15, 39, 40, 37, 38, 48, 24, 5, 33, 51, 11, 52, 14, 13, 47, 26, 27, 28, 12, 25, 36, 43, 10, 9, 8, 41, 19, 46, 16, 29, 50, 20, 23, 30, 2, 7, 42, 21, 17, 3, 18, 31, 22]

Individual 19:
  Route length: 9153
  Contribution to Diversity: 0.0004019747665475748
  Route: [1, 32, 49, 10, 9, 8, 41, 19, 45, 16, 29, 50, 20, 23, 46, 25, 28, 12, 27, 26, 47, 13, 14, 52, 11, 51, 33, 43, 4, 6, 15, 5, 24, 48, 38, 37, 40, 39, 36, 35, 34, 44, 42, 7, 2, 30, 21, 17, 3, 18, 31, 22]

Individual 20:
  Route length: 9401
  Contribution to Diversity: 0.0002420371235061225
  Route: [1, 8, 41, 19, 45, 49, 32, 16, 48, 38, 37, 40, 39, 36, 35, 34, 44, 46, 12, 28, 27, 26, 47, 13, 14, 52, 11, 51, 33, 43, 10, 9, 24, 5, 15, 25, 4, 6, 29, 50, 20, 23, 30, 2, 7, 42, 21, 17, 3, 18, 31, 22]

Individual 21:
  Route length: 9288
  Contribution to Diversity: 0.00010189921674630398
  Route: [1, 49, 32, 45, 19, 41, 8, 9, 10, 15, 16, 29, 50, 20, 23, 30, 2, 7, 42, 21, 17, 43, 33, 51, 11, 52, 14, 13, 47, 26, 27, 28, 12, 25, 4, 5, 39, 40, 37, 38, 48, 24, 6, 36, 35, 34, 44, 46, 3, 18, 31, 22]

Individual 22:
  Route length: 9353
  Contribution to Diversity: 0.0010906276683382288
  Route: [1, 49, 32, 17, 3, 39, 36, 35, 6, 24, 48, 38, 37, 40, 45, 19, 41, 8, 9, 10, 43, 33, 51, 11, 27, 26, 47, 13, 14, 52, 28, 12, 25, 4, 34, 5, 15, 44, 46, 16, 29, 50, 20, 23, 30, 2, 7, 42, 21, 18, 31, 22]

Individual 23:
  Route length: 9111
  Contribution to Diversity: 0.00045179118146432273
  Route: [20, 50, 29, 16, 46, 44, 34, 35, 36, 39, 40, 37, 38, 48, 25, 12, 28, 27, 26, 47, 13, 14, 52, 11, 51, 43, 33, 10, 9, 8, 41, 19, 45, 49, 32, 1, 15, 6, 4, 24, 5, 21, 42, 7, 2, 30, 23, 18, 3, 17, 31, 22]

Individual 24:
  Route length: 9426
  Contribution to Diversity: 0.00017452780771964882
  Route: [1, 16, 32, 49, 45, 19, 41, 8, 39, 40, 37, 38, 48, 36, 35, 34, 44, 46, 12, 28, 27, 26, 47, 13, 14, 52, 11, 51, 33, 43, 10, 9, 15, 5, 24, 25, 4, 6, 29, 50, 20, 23, 30, 2, 7, 42, 21, 17, 3, 18, 31, 22]

Individual 25:
  Route length: 9326
  Contribution to Diversity: 0.0005566005289256992
  Route: [39, 40, 38, 48, 24, 37, 15, 5, 34, 35, 36, 20, 23, 30, 2, 7, 42, 21, 17, 50, 29, 16, 46, 44, 1, 49, 3, 18, 6, 4, 25, 12, 28, 27, 26, 47, 13, 14, 52, 11, 51, 33, 43, 10, 9, 8, 41, 19, 45, 32, 31, 22]

Individual 26:
  Route length: 9400
  Contribution to Diversity: 0.000925363960653236
  Route: [1, 49, 32, 45, 50, 29, 16, 46, 44, 34, 35, 36, 39, 40, 43, 33, 51, 11, 52, 14, 13, 47, 26, 27, 28, 12, 6, 4, 25, 37, 38, 48, 24, 5, 15, 10, 9, 8, 41, 19, 31, 18, 21, 17, 3, 2, 7, 42, 30, 23, 20, 22]

Individual 27:
  Route length: 9125
  Contribution to Diversity: 0.00034556694498011353
  Route: [1, 32, 49, 36, 35, 34, 44, 46, 5, 38, 48, 24, 39, 40, 37, 45, 19, 41, 8, 9, 10, 43, 33, 51, 11, 52, 14, 13, 47, 26, 27, 12, 28, 25, 4, 6, 15, 23, 30, 2, 7, 42, 21, 20, 50, 29, 16, 17, 3, 18, 31, 22]

Individual 28:
  Route length: 9334
  Contribution to Diversity: 0.0007999419719322276
  Route: [1, 49, 32, 45, 9, 8, 41, 19, 10, 24, 5, 15, 6, 4, 25, 12, 28, 27, 26, 47, 13, 14, 52, 11, 51, 33, 43, 38, 48, 3, 17, 21, 42, 7, 2, 30, 23, 20, 50, 29, 16, 46, 34, 44, 36, 39, 40, 37, 35, 31, 18, 22]

Individual 29:
  Route length: 9177
  Contribution to Diversity: 0.000533945973798744
  Route: [1, 32, 37, 40, 39, 24, 48, 38, 5, 46, 44, 34, 35, 36, 49, 45, 19, 41, 8, 9, 10, 43, 33, 51, 11, 52, 14, 13, 47, 26, 27, 12, 28, 25, 4, 6, 15, 23, 30, 2, 7, 42, 21, 20, 50, 29, 16, 17, 3, 18, 31, 22]

Individual 30:
  Route length: 9413
  Contribution to Diversity: 0.0013153933432716869
  Route: [1, 49, 15, 5, 6, 4, 25, 12, 28, 27, 26, 47, 13, 14, 52, 11, 51, 33, 43, 10, 9, 41, 8, 19, 20, 50, 29, 16, 46, 37, 40, 39, 36, 35, 34, 44, 48, 45, 32, 38, 24, 3, 17, 21, 42, 7, 2, 30, 23, 18, 31, 22]

Individual 31:
  Route length: 9190
  Contribution to Diversity: 0.0004318481601712776
  Route: [34, 44, 46, 16, 29, 50, 20, 23, 30, 2, 7, 42, 21, 17, 38, 36, 39, 40, 37, 35, 49, 32, 24, 5, 15, 6, 4, 25, 12, 28, 27, 26, 47, 13, 14, 52, 11, 51, 33, 43, 10, 9, 8, 41, 19, 45, 48, 1, 3, 18, 31, 22]

Individual 32:
  Route length: 9357
  Contribution to Diversity: 0.0014201022391500118
  Route: [35, 36, 39, 40, 37, 38, 48, 24, 5, 15, 6, 4, 25, 12, 28, 27, 26, 47, 13, 14, 52, 11, 51, 33, 8, 41, 9, 10, 43, 19, 45, 32, 49, 1, 30, 42, 7, 2, 20, 23, 50, 29, 16, 46, 44, 34, 17, 21, 3, 18, 31, 22]

Individual 33:
  Route length: 9394
  Contribution to Diversity: 0.00036299114814486444
  Route: [1, 49, 37, 38, 40, 36, 39, 43, 10, 9, 8, 41, 45, 19, 15, 6, 4, 25, 32, 34, 35, 33, 51, 11, 52, 14, 13, 47, 26, 27, 28, 12, 5, 24, 48, 44, 46, 16, 29, 50, 20, 23, 30, 2, 7, 42, 21, 17, 3, 18, 31, 22]

Individual 34:
  Route length: 9417
  Contribution to Diversity: 0.0011194337134705634
  Route: [45, 32, 49, 1, 44, 46, 16, 29, 50, 20, 23, 30, 2, 7, 42, 21, 19, 8, 41, 9, 10, 43, 33, 51, 11, 52, 14, 13, 47, 26, 27, 28, 34, 35, 36, 39, 40, 37, 38, 48, 25, 12, 4, 6, 15, 24, 5, 18, 3, 17, 31, 22]

Individual 35:
  Route length: 9263
  Contribution to Diversity: 0.0012296037380465918
  Route: [1, 46, 16, 29, 47, 26, 27, 38, 48, 24, 5, 15, 6, 4, 25, 12, 28, 13, 14, 52, 11, 51, 33, 43, 10, 9, 8, 41, 19, 45, 32, 49, 36, 35, 34, 44, 39, 40, 37, 50, 20, 23, 30, 31, 2, 7, 42, 21, 17, 3, 18, 22]

Individual 36:
  Route length: 9111
  Contribution to Diversity: 0.00025067136947409807
  Route: [34, 49, 32, 45, 19, 41, 8, 9, 10, 43, 33, 51, 11, 52, 14, 13, 47, 26, 27, 28, 12, 25, 4, 6, 15, 40, 24, 48, 5, 37, 38, 36, 35, 39, 16, 46, 44, 31, 3, 17, 21, 18, 1, 29, 50, 20, 23, 30, 2, 7, 42, 22]

Individual 37:
  Route length: 9394
  Contribution to Diversity: 0.0012050582548281952
  Route: [5, 24, 48, 38, 43, 33, 51, 11, 52, 14, 13, 47, 26, 27, 28, 12, 37, 8, 9, 10, 41, 19, 45, 32, 49, 1, 31, 18, 3, 17, 21, 42, 7, 2, 30, 23, 20, 50, 29, 16, 46, 35, 34, 44, 15, 6, 4, 25, 36, 39, 40, 22]

Individual 38:
  Route length: 9407
  Contribution to Diversity: 0.0006608802088399202
  Route: [1, 37, 38, 25, 4, 6, 32, 49, 31, 18, 3, 17, 21, 42, 7, 2, 30, 23, 20, 50, 29, 16, 46, 48, 24, 5, 15, 44, 12, 28, 27, 26, 47, 13, 14, 52, 11, 51, 33, 43, 34, 45, 19, 41, 8, 9, 10, 40, 39, 36, 35, 22]

Individual 39:
  Route length: 9375
  Contribution to Diversity: 0.00022889875021014916
  Route: [1, 49, 32, 45, 19, 41, 8, 9, 10, 43, 33, 51, 11, 52, 14, 13, 47, 26, 27, 38, 25, 12, 28, 37, 40, 39, 4, 6, 15, 5, 24, 48, 44, 34, 36, 35, 46, 16, 29, 50, 20, 23, 30, 31, 2, 7, 42, 21, 17, 3, 18, 22]

Individual 40:
  Route length: 9422
  Contribution to Diversity: 0.0009233392069978308
  Route: [1, 49, 32, 45, 50, 29, 16, 35, 34, 44, 46, 48, 24, 5, 15, 6, 4, 25, 12, 28, 27, 26, 47, 13, 14, 52, 11, 51, 33, 43, 40, 39, 36, 38, 37, 10, 9, 8, 41, 19, 31, 18, 21, 17, 3, 2, 7, 42, 30, 23, 20, 22]

Individual 41:
  Route length: 9237
  Contribution to Diversity: 0.0011281234856159728
  Route: [17, 21, 42, 7, 2, 30, 23, 20, 36, 35, 48, 24, 37, 40, 39, 46, 16, 29, 50, 44, 1, 49, 3, 18, 38, 34, 5, 15, 6, 4, 25, 12, 28, 27, 26, 47, 13, 14, 52, 11, 51, 33, 43, 10, 9, 8, 41, 19, 45, 32, 31, 22]

Individual 42:
  Route length: 9209
  Contribution to Diversity: 0.00013538217572950373
  Route: [1, 49, 35, 37, 40, 39, 34, 16, 29, 46, 44, 30, 2, 7, 42, 21, 17, 32, 38, 48, 24, 5, 15, 6, 4, 25, 12, 28, 27, 26, 47, 13, 14, 52, 11, 51, 33, 43, 10, 9, 8, 41, 19, 45, 36, 23, 20, 50, 3, 18, 31, 22]

Individual 43:
  Route length: 9266
  Contribution to Diversity: 0.00010537454590586748
  Route: [1, 49, 32, 18, 3, 17, 21, 42, 7, 2, 30, 23, 20, 50, 29, 16, 46, 44, 24, 5, 43, 25, 12, 28, 27, 26, 47, 13, 14, 52, 11, 51, 33, 10, 9, 45, 19, 41, 8, 48, 38, 37, 40, 39, 36, 15, 6, 4, 35, 34, 31, 22]

Individual 44:
  Route length: 9369
  Contribution to Diversity: 0.00026751572000716095
  Route: [34, 39, 36, 35, 5, 37, 38, 48, 24, 40, 15, 6, 4, 11, 52, 14, 13, 47, 26, 27, 28, 12, 25, 51, 33, 43, 10, 9, 8, 41, 19, 45, 32, 49, 1, 18, 21, 17, 3, 31, 44, 46, 16, 29, 50, 20, 23, 30, 2, 7, 42, 22]

Individual 45:
  Route length: 9363
  Contribution to Diversity: 0.0009862478268187758
  Route: [34, 39, 35, 36, 38, 6, 15, 40, 24, 48, 5, 37, 29, 16, 46, 44, 31, 3, 17, 21, 18, 1, 49, 32, 45, 19, 41, 8, 9, 10, 43, 33, 51, 11, 52, 14, 13, 47, 26, 27, 28, 12, 25, 4, 50, 20, 23, 30, 2, 7, 42, 22]

Individual 46:
  Route length: 9376
  Contribution to Diversity: 0.0002778978465958204
  Route: [1, 32, 49, 48, 24, 5, 15, 6, 4, 25, 28, 12, 27, 26, 47, 13, 14, 52, 11, 51, 33, 43, 10, 9, 8, 41, 19, 45, 16, 20, 23, 50, 29, 36, 38, 37, 40, 39, 46, 35, 34, 44, 42, 7, 2, 30, 21, 17, 3, 18, 31, 22]

Individual 47:
  Route length: 9113
  Contribution to Diversity: 0.0006014918279362291
  Route: [35, 49, 1, 37, 40, 39, 24, 48, 38, 36, 20, 23, 30, 2, 7, 42, 21, 17, 31, 18, 3, 34, 44, 46, 16, 29, 50, 5, 6, 15, 4, 25, 12, 28, 27, 26, 47, 13, 14, 52, 11, 51, 33, 43, 10, 9, 8, 41, 19, 45, 32, 22]

Individual 48:
  Route length: 9373
  Contribution to Diversity: 0.00029340701247182466
  Route: [1, 49, 32, 45, 19, 41, 8, 9, 10, 43, 33, 51, 11, 52, 14, 13, 47, 26, 27, 28, 12, 25, 4, 6, 40, 37, 38, 3, 17, 21, 42, 7, 2, 30, 23, 18, 31, 15, 5, 46, 16, 20, 50, 29, 24, 44, 34, 35, 36, 39, 48, 22]

Individual 49:
  Route length: 9276
  Contribution to Diversity: 0
  Route: [1, 32, 8, 41, 19, 9, 10, 40, 49, 24, 48, 38, 37, 39, 36, 35, 34, 44, 46, 16, 29, 50, 20, 23, 30, 2, 7, 42, 21, 17, 3, 18, 31, 45, 5, 15, 6, 4, 25, 12, 28, 27, 26, 47, 13, 14, 52, 11, 51, 33, 43, 22]

Individual 50:
  Route length: 9417
  Contribution to Diversity: 0.0005507533357329564
  Route: [1, 32, 49, 48, 24, 5, 23, 20, 50, 29, 16, 45, 19, 41, 8, 9, 10, 43, 33, 51, 11, 52, 14, 27, 26, 47, 13, 28, 12, 25, 4, 6, 15, 40, 39, 46, 37, 38, 36, 35, 34, 44, 42, 7, 2, 30, 21, 17, 3, 18, 31, 22]

Individual 51:
  Route length: 9302
  Contribution to Diversity: 0.0008452121137212387
  Route: [1, 31, 49, 32, 6, 4, 25, 38, 37, 35, 36, 39, 40, 10, 9, 8, 41, 19, 45, 34, 43, 33, 51, 11, 52, 14, 13, 47, 26, 27, 28, 12, 44, 15, 5, 24, 48, 46, 16, 29, 50, 20, 23, 30, 2, 7, 42, 21, 17, 3, 18, 22]

Individual 52:
  Route length: 9417
  Contribution to Diversity: 0.0009390193239910971
  Route: [1, 49, 35, 37, 40, 23, 20, 50, 29, 46, 16, 44, 21, 42, 7, 2, 30, 17, 32, 38, 48, 24, 5, 15, 6, 4, 25, 12, 28, 27, 26, 47, 13, 14, 52, 11, 51, 33, 43, 10, 9, 8, 41, 19, 45, 36, 39, 34, 3, 18, 31, 22]

Individual 53:
  Route length: 9073
  Contribution to Diversity: 0.0007051458847699976
  Route: [34, 39, 35, 36, 37, 5, 38, 48, 24, 40, 15, 6, 4, 25, 47, 26, 27, 28, 12, 13, 14, 52, 11, 51, 33, 43, 10, 9, 8, 41, 19, 45, 32, 49, 1, 18, 21, 17, 3, 31, 44, 46, 16, 29, 50, 20, 23, 30, 2, 7, 42, 22]

Individual 54:
  Route length: 9404
  Contribution to Diversity: 0.00014451403400972396
  Route: [34, 39, 35, 36, 38, 37, 5, 48, 24, 40, 15, 6, 29, 16, 46, 44, 31, 3, 17, 21, 18, 1, 49, 32, 45, 19, 41, 8, 9, 10, 43, 33, 51, 11, 52, 14, 13, 47, 26, 27, 28, 12, 25, 4, 50, 20, 23, 30, 2, 7, 42, 22]

Individual 55:
  Route length: 9349
  Contribution to Diversity: 0.0009550397514743736
  Route: [45, 32, 49, 1, 41, 19, 8, 9, 10, 43, 33, 51, 11, 52, 14, 13, 47, 26, 27, 28, 12, 25, 4, 6, 15, 5, 24, 48, 37, 39, 40, 44, 46, 35, 36, 34, 23, 38, 29, 50, 20, 16, 30, 2, 7, 42, 21, 17, 3, 18, 31, 22]

Individual 56:
  Route length: 9370
  Contribution to Diversity: 0.0007553696991546843
  Route: [1, 5, 15, 6, 40, 37, 16, 29, 50, 20, 23, 30, 2, 7, 42, 21, 17, 32, 38, 48, 24, 49, 35, 39, 4, 25, 12, 28, 27, 26, 47, 13, 14, 52, 11, 51, 33, 43, 10, 9, 8, 41, 19, 45, 36, 44, 46, 34, 3, 18, 31, 22]

Individual 57:
  Route length: 9391
  Contribution to Diversity: 0.0017465882864557969
  Route: [1, 49, 32, 45, 19, 41, 8, 9, 10, 43, 33, 51, 11, 52, 14, 13, 47, 26, 27, 28, 15, 6, 4, 25, 12, 24, 5, 48, 38, 37, 40, 39, 36, 35, 42, 2, 7, 17, 21, 34, 44, 46, 16, 20, 50, 29, 30, 23, 3, 18, 31, 22]

Individual 58:
  Route length: 9248
  Contribution to Diversity: 0.0006098950602613229
  Route: [39, 40, 37, 24, 48, 38, 18, 17, 21, 42, 7, 2, 30, 23, 20, 36, 35, 34, 44, 46, 16, 29, 50, 1, 49, 3, 32, 45, 19, 41, 8, 9, 10, 43, 33, 51, 11, 52, 14, 13, 47, 26, 27, 28, 12, 25, 4, 6, 15, 5, 31, 22]

Individual 59:
  Route length: 9146
  Contribution to Diversity: 0.0007108832152020739
  Route: [1, 36, 15, 6, 4, 32, 49, 39, 40, 37, 38, 48, 24, 5, 43, 25, 12, 28, 27, 26, 47, 13, 14, 52, 11, 51, 33, 10, 9, 45, 19, 41, 8, 18, 3, 17, 21, 42, 7, 2, 30, 23, 20, 50, 29, 16, 46, 44, 35, 34, 31, 22]

Individual 60:
  Route length: 9377
  Contribution to Diversity: 0.00039976666921859305
  Route: [1, 49, 37, 38, 40, 39, 51, 11, 52, 14, 13, 47, 26, 27, 28, 12, 25, 4, 6, 15, 5, 24, 35, 36, 34, 32, 45, 19, 41, 8, 9, 10, 43, 33, 48, 44, 46, 50, 29, 16, 18, 3, 17, 21, 42, 7, 2, 30, 23, 20, 31, 22]

Individual 61:
  Route length: 9426
  Contribution to Diversity: 0.0005652834718059552
  Route: [29, 50, 20, 23, 30, 2, 7, 42, 21, 17, 3, 8, 9, 10, 43, 33, 51, 11, 52, 14, 13, 47, 26, 27, 28, 12, 25, 4, 6, 15, 5, 19, 45, 32, 49, 1, 34, 44, 24, 46, 16, 35, 36, 39, 40, 37, 48, 38, 41, 18, 31, 22]

Individual 62:
  Route length: 9397
  Contribution to Diversity: 0.0005780531735037897
  Route: [49, 32, 45, 19, 10, 9, 8, 41, 1, 4, 25, 12, 48, 24, 5, 15, 40, 39, 36, 28, 27, 26, 47, 13, 14, 52, 11, 51, 33, 43, 6, 37, 38, 35, 34, 44, 46, 16, 29, 50, 20, 23, 30, 2, 7, 42, 21, 17, 3, 18, 31, 22]

Individual 63:
  Route length: 9251
  Contribution to Diversity: 0.0010629480440753625
  Route: [34, 39, 35, 36, 38, 37, 5, 48, 24, 40, 15, 6, 4, 25, 12, 28, 27, 26, 47, 13, 14, 52, 11, 51, 33, 43, 45, 19, 41, 8, 9, 10, 17, 21, 18, 1, 49, 32, 3, 31, 44, 46, 16, 29, 50, 20, 23, 30, 2, 7, 42, 22]

Individual 64:
  Route length: 8986
  Contribution to Diversity: 0
  Route: [1, 31, 18, 3, 17, 21, 42, 7, 2, 23, 20, 50, 29, 16, 30, 46, 44, 48, 24, 5, 15, 6, 4, 25, 12, 28, 27, 26, 47, 13, 14, 52, 11, 51, 33, 43, 10, 9, 8, 41, 37, 38, 40, 39, 36, 35, 34, 32, 45, 19, 49, 22]

Individual 65:
  Route length: 9311
  Contribution to Diversity: 0.00027967512232152103
  Route: [1, 32, 49, 50, 29, 16, 45, 19, 41, 8, 9, 10, 43, 33, 51, 11, 52, 14, 13, 47, 26, 27, 12, 28, 25, 4, 6, 15, 5, 24, 48, 34, 35, 36, 38, 37, 40, 39, 46, 20, 23, 44, 42, 7, 2, 30, 21, 17, 3, 18, 31, 22]

Individual 66:
  Route length: 9060
  Contribution to Diversity: 0
  Route: [1, 35, 34, 32, 45, 19, 41, 8, 9, 10, 43, 37, 38, 40, 36, 39, 49, 50, 29, 16, 46, 44, 48, 24, 5, 15, 6, 4, 25, 12, 28, 27, 26, 47, 13, 14, 52, 11, 51, 33, 20, 23, 30, 2, 7, 42, 21, 17, 3, 18, 31, 22]

Individual 67:
  Route length: 9281
  Contribution to Diversity: 0.0001670975554537435
  Route: [1, 49, 32, 45, 19, 5, 25, 4, 6, 15, 40, 39, 36, 35, 34, 44, 24, 46, 16, 29, 50, 20, 23, 30, 2, 7, 42, 21, 17, 3, 8, 9, 10, 43, 33, 51, 11, 52, 14, 13, 47, 26, 27, 28, 12, 37, 48, 38, 41, 18, 31, 22]

Individual 68:
  Route length: 9026
  Contribution to Diversity: 0.0001050868822058959
  Route: [20, 50, 29, 16, 46, 35, 36, 39, 40, 37, 38, 48, 25, 12, 28, 27, 26, 47, 13, 14, 52, 11, 51, 33, 43, 10, 9, 8, 41, 19, 45, 49, 32, 1, 34, 44, 6, 15, 4, 24, 5, 21, 42, 7, 2, 30, 23, 18, 3, 17, 31, 22]

Individual 69:
  Route length: 9233
  Contribution to Diversity: 0
  Route: [1, 12, 28, 27, 26, 47, 13, 14, 52, 11, 51, 33, 35, 34, 32, 45, 19, 41, 8, 9, 10, 43, 37, 38, 40, 36, 39, 49, 25, 4, 6, 15, 5, 24, 48, 44, 46, 16, 29, 50, 20, 23, 30, 2, 7, 42, 21, 17, 3, 18, 31, 22]

Individual 70:
  Route length: 9307
  Contribution to Diversity: 0
  Route: [1, 49, 32, 4, 6, 15, 5, 24, 48, 38, 37, 16, 45, 40, 39, 36, 35, 34, 44, 46, 25, 28, 12, 27, 26, 47, 13, 14, 52, 11, 51, 33, 43, 10, 9, 8, 41, 19, 20, 50, 29, 23, 30, 2, 7, 42, 21, 17, 3, 18, 31, 22]

Individual 71:
  Route length: 9279
  Contribution to Diversity: 0
  Route: [1, 49, 5, 24, 48, 38, 37, 39, 40, 41, 8, 9, 10, 43, 33, 51, 11, 52, 14, 13, 47, 26, 27, 28, 12, 25, 4, 6, 15, 36, 35, 34, 32, 45, 19, 44, 46, 30, 16, 29, 50, 20, 23, 2, 7, 42, 21, 17, 3, 18, 31, 22]

Individual 72:
  Route length: 9361
  Contribution to Diversity: 0.0002595800405922333
  Route: [1, 49, 32, 44, 46, 16, 29, 50, 20, 23, 30, 2, 7, 42, 21, 17, 3, 18, 8, 41, 19, 43, 25, 12, 28, 27, 26, 47, 13, 14, 52, 11, 51, 33, 10, 9, 45, 4, 6, 15, 36, 39, 40, 37, 38, 48, 24, 5, 35, 34, 31, 22]

Individual 73:
  Route length: 9207
  Contribution to Diversity: 0
  Route: [1, 31, 18, 3, 17, 21, 42, 7, 2, 23, 20, 50, 29, 16, 30, 46, 44, 48, 24, 5, 15, 6, 4, 25, 12, 28, 27, 26, 47, 13, 14, 52, 11, 51, 33, 43, 10, 9, 8, 41, 37, 38, 19, 45, 32, 34, 35, 36, 39, 40, 49, 22]

Individual 74:
  Route length: 9294
  Contribution to Diversity: 0.0007913844054723285
  Route: [1, 49, 46, 16, 20, 50, 29, 38, 48, 44, 24, 4, 25, 12, 28, 27, 26, 47, 13, 14, 52, 11, 51, 33, 43, 10, 9, 8, 41, 19, 45, 3, 17, 21, 42, 7, 2, 30, 34, 35, 36, 39, 40, 37, 6, 5, 15, 32, 23, 18, 31, 22]

Individual 75:
  Route length: 9309
  Contribution to Diversity: 0
  Route: [1, 38, 37, 49, 34, 32, 45, 19, 41, 8, 9, 10, 43, 33, 51, 11, 52, 14, 13, 47, 26, 27, 28, 12, 25, 4, 6, 15, 5, 24, 29, 50, 20, 39, 40, 48, 44, 46, 36, 35, 16, 30, 23, 2, 7, 42, 21, 17, 3, 18, 31, 22]

Individual 76:
  Route length: 9302
  Contribution to Diversity: 0.0012307151570913888
  Route: [1, 49, 9, 8, 41, 19, 43, 33, 51, 11, 52, 14, 13, 47, 26, 27, 28, 12, 25, 5, 48, 38, 15, 6, 4, 10, 45, 32, 40, 37, 39, 36, 35, 34, 44, 46, 24, 16, 29, 50, 20, 23, 30, 2, 7, 42, 21, 17, 3, 18, 31, 22]

Individual 77:
  Route length: 8990
  Contribution to Diversity: 0.00010021473417243243
  Route: [3, 17, 21, 42, 7, 2, 30, 23, 20, 50, 29, 16, 49, 1, 37, 38, 48, 24, 6, 44, 46, 40, 15, 5, 34, 4, 25, 12, 28, 27, 26, 47, 13, 14, 52, 11, 51, 33, 43, 10, 9, 8, 41, 19, 45, 32, 36, 39, 35, 18, 31, 22]

Individual 78:
  Route length: 9388
  Contribution to Diversity: 0.0005988502161562437
  Route: [1, 16, 40, 39, 8, 41, 19, 45, 49, 32, 9, 10, 43, 33, 51, 11, 52, 14, 13, 47, 26, 27, 28, 12, 46, 44, 34, 35, 36, 48, 38, 37, 15, 5, 24, 25, 4, 6, 29, 50, 20, 23, 30, 2, 7, 42, 21, 17, 3, 18, 31, 22]

Individual 79:
  Route length: 9311
  Contribution to Diversity: 0
  Route: [1, 49, 40, 45, 19, 48, 37, 38, 44, 39, 36, 35, 24, 41, 8, 9, 10, 43, 33, 51, 11, 52, 14, 13, 47, 26, 27, 28, 12, 25, 4, 6, 15, 5, 34, 32, 46, 16, 29, 50, 20, 23, 30, 2, 7, 42, 21, 17, 3, 18, 31, 22]

Individual 80:
  Route length: 9302
  Contribution to Diversity: 0
  Route: [1, 31, 15, 5, 24, 48, 44, 46, 30, 16, 29, 50, 20, 23, 2, 7, 42, 21, 17, 3, 18, 41, 8, 9, 10, 43, 33, 51, 11, 52, 14, 13, 47, 26, 27, 28, 12, 25, 4, 6, 37, 38, 40, 39, 36, 35, 34, 32, 45, 19, 49, 22]

Individual 81:
  Route length: 9371
  Contribution to Diversity: 0.0004359688279214069
  Route: [1, 32, 49, 48, 24, 25, 4, 6, 15, 5, 12, 28, 27, 26, 47, 13, 14, 52, 11, 51, 33, 43, 10, 9, 8, 41, 19, 45, 16, 20, 23, 50, 29, 36, 38, 37, 40, 39, 46, 35, 34, 44, 42, 7, 2, 30, 21, 17, 3, 18, 31, 22]

Individual 82:
  Route length: 9261
  Contribution to Diversity: 0.0009452682578814375
  Route: [1, 49, 32, 20, 23, 38, 48, 24, 5, 15, 6, 4, 25, 12, 28, 27, 26, 47, 13, 14, 52, 11, 51, 33, 43, 36, 35, 37, 40, 39, 31, 18, 3, 45, 19, 41, 8, 9, 10, 34, 44, 46, 16, 29, 50, 30, 2, 7, 42, 21, 17, 22]

Individual 83:
  Route length: 9214
  Contribution to Diversity: 0
  Route: [1, 10, 9, 19, 41, 8, 49, 32, 45, 35, 34, 44, 46, 16, 29, 50, 20, 31, 18, 3, 17, 21, 42, 7, 2, 30, 23, 36, 39, 40, 37, 38, 48, 24, 5, 15, 6, 4, 25, 12, 28, 27, 26, 47, 13, 14, 52, 11, 51, 33, 43, 22]

Individual 84:
  Route length: 8879
  Contribution to Diversity: 0
  Route: [1, 49, 40, 38, 37, 48, 30, 23, 20, 50, 29, 16, 46, 44, 39, 36, 35, 24, 5, 15, 6, 4, 25, 12, 28, 27, 26, 47, 13, 14, 52, 11, 51, 33, 43, 10, 9, 8, 41, 19, 45, 32, 34, 2, 7, 42, 21, 17, 3, 18, 31, 22]

Individual 85:
  Route length: 9030
  Contribution to Diversity: 0.0005690505997950623
  Route: [20, 50, 29, 16, 46, 35, 36, 39, 40, 37, 38, 48, 25, 12, 28, 27, 26, 47, 13, 14, 52, 11, 51, 33, 43, 10, 9, 8, 41, 19, 45, 49, 32, 1, 34, 44, 6, 5, 24, 4, 15, 21, 42, 7, 2, 30, 23, 18, 3, 17, 31, 22]

Individual 86:
  Route length: 9122
  Contribution to Diversity: 0
  Route: [1, 38, 37, 49, 6, 15, 5, 24, 25, 4, 12, 28, 27, 26, 47, 13, 14, 52, 11, 51, 33, 43, 10, 9, 8, 41, 19, 45, 32, 34, 35, 36, 46, 44, 48, 40, 39, 20, 50, 29, 16, 30, 23, 2, 7, 42, 21, 17, 3, 18, 31, 22]

Individual 87:
  Route length: 9248
  Contribution to Diversity: 0
  Route: [1, 31, 18, 3, 17, 21, 42, 7, 2, 23, 20, 50, 29, 16, 30, 46, 44, 25, 4, 6, 15, 5, 24, 48, 12, 28, 27, 26, 47, 13, 14, 52, 11, 51, 33, 43, 10, 9, 8, 41, 37, 38, 40, 39, 36, 35, 34, 32, 45, 19, 49, 22]

Individual 88:
  Route length: 9310
  Contribution to Diversity: 0.0009002798140205215
  Route: [1, 35, 49, 25, 12, 28, 27, 26, 47, 13, 14, 52, 11, 51, 33, 43, 10, 9, 8, 41, 19, 45, 36, 39, 34, 16, 29, 46, 44, 40, 37, 4, 6, 15, 5, 24, 48, 38, 32, 17, 21, 42, 7, 2, 30, 23, 20, 50, 3, 18, 31, 22]

Individual 89:
  Route length: 9424
  Contribution to Diversity: 0.00010961372614648468
  Route: [1, 49, 9, 8, 41, 19, 45, 32, 46, 39, 36, 35, 34, 44, 15, 6, 4, 25, 12, 51, 11, 52, 14, 13, 47, 26, 27, 28, 33, 43, 10, 38, 48, 24, 5, 40, 37, 16, 29, 50, 20, 23, 30, 2, 7, 42, 21, 17, 3, 18, 31, 22]

Individual 90:
  Route length: 9216
  Contribution to Diversity: 0
  Route: [1, 49, 40, 38, 37, 48, 34, 32, 45, 19, 41, 8, 9, 10, 43, 6, 4, 25, 12, 28, 27, 26, 47, 13, 14, 52, 11, 51, 33, 46, 16, 29, 50, 20, 23, 30, 2, 7, 42, 21, 17, 3, 18, 44, 39, 36, 35, 24, 5, 15, 31, 22]

Individual 91:
  Route length: 9420
  Contribution to Diversity: 0.0005937544874559109
  Route: [1, 38, 37, 15, 5, 24, 49, 25, 4, 6, 12, 28, 27, 26, 47, 13, 14, 52, 11, 51, 33, 43, 10, 9, 8, 41, 19, 45, 3, 17, 21, 42, 7, 2, 23, 30, 16, 29, 50, 20, 39, 40, 48, 44, 46, 36, 35, 34, 32, 18, 31, 22]

Individual 92:
  Route length: 9098
  Contribution to Diversity: 0
  Route: [15, 5, 24, 48, 44, 46, 30, 16, 29, 50, 20, 23, 2, 7, 42, 21, 17, 3, 18, 31, 1, 6, 4, 25, 12, 28, 27, 26, 47, 13, 14, 52, 11, 51, 33, 43, 10, 9, 8, 41, 19, 45, 32, 34, 35, 36, 39, 40, 38, 37, 49, 22]

Individual 93:
  Route length: 9376
  Contribution to Diversity: 0.00029601219685115865
  Route: [1, 38, 37, 49, 6, 15, 5, 24, 25, 36, 35, 34, 32, 45, 19, 41, 8, 9, 10, 43, 33, 51, 11, 52, 14, 13, 47, 26, 27, 28, 12, 4, 44, 46, 48, 40, 39, 20, 50, 29, 16, 30, 23, 2, 7, 42, 21, 17, 3, 18, 31, 22]

Individual 94:
  Route length: 9319
  Contribution to Diversity: 4.180031246381333e-05
  Route: [1, 35, 34, 32, 45, 19, 41, 8, 24, 48, 44, 46, 16, 29, 50, 49, 39, 36, 40, 38, 37, 43, 10, 9, 33, 51, 11, 52, 14, 13, 47, 26, 27, 28, 12, 25, 4, 6, 15, 5, 20, 23, 30, 2, 7, 42, 21, 17, 3, 18, 31, 22]

Individual 95:
  Route length: 9406
  Contribution to Diversity: 0
  Route: [1, 10, 9, 19, 41, 8, 49, 45, 39, 36, 35, 34, 44, 46, 16, 29, 50, 20, 31, 18, 3, 17, 21, 42, 7, 2, 30, 23, 32, 38, 37, 40, 48, 24, 5, 15, 6, 4, 25, 12, 28, 27, 26, 47, 13, 14, 52, 11, 51, 33, 43, 22]

Individual 96:
  Route length: 8927
  Contribution to Diversity: 0
  Route: [1, 49, 24, 48, 44, 15, 6, 4, 25, 12, 28, 27, 26, 47, 13, 14, 52, 11, 51, 33, 35, 34, 32, 45, 19, 41, 8, 9, 10, 43, 39, 36, 40, 38, 37, 5, 46, 16, 29, 50, 20, 23, 30, 2, 7, 42, 21, 17, 3, 18, 31, 22]

Individual 97:
  Route length: 8891
  Contribution to Diversity: 0
  Route: [32, 45, 49, 8, 41, 19, 9, 10, 1, 31, 18, 3, 17, 21, 42, 7, 2, 30, 23, 20, 50, 29, 16, 46, 44, 34, 35, 36, 39, 40, 37, 38, 48, 24, 5, 15, 6, 4, 25, 12, 28, 27, 26, 47, 13, 14, 52, 11, 51, 33, 43, 22]

Individual 98:
  Route length: 9235
  Contribution to Diversity: 3.1041239566320655e-05
  Route: [1, 49, 9, 8, 41, 19, 32, 45, 37, 40, 5, 24, 48, 38, 15, 6, 4, 25, 12, 51, 11, 52, 14, 13, 47, 26, 27, 28, 33, 43, 10, 39, 36, 35, 34, 44, 46, 16, 29, 50, 20, 23, 30, 2, 7, 42, 21, 17, 3, 18, 31, 22]

Individual 99:
  Route length: 9047
  Contribution to Diversity: 0
  Route: [1, 49, 40, 38, 37, 48, 30, 23, 20, 50, 29, 16, 46, 44, 39, 36, 35, 24, 5, 15, 6, 4, 25, 12, 28, 27, 26, 47, 13, 14, 52, 11, 51, 33, 43, 10, 9, 8, 41, 19, 45, 32, 34, 2, 7, 42, 21, 18, 3, 17, 31, 22]

Individual 100:
  Route length: 9198
  Contribution to Diversity: 0
  Route: [1, 49, 5, 15, 6, 4, 25, 12, 28, 27, 26, 47, 13, 14, 52, 11, 51, 33, 43, 10, 9, 8, 41, 40, 39, 37, 38, 48, 24, 19, 45, 32, 34, 35, 36, 44, 46, 30, 16, 29, 50, 20, 23, 2, 7, 42, 21, 17, 3, 18, 31, 22]

Individual 101:
  Route length: 9148
  Contribution to Diversity: 0
  Route: [35, 36, 39, 40, 37, 38, 48, 24, 5, 15, 6, 4, 25, 12, 28, 27, 26, 47, 13, 14, 52, 11, 51, 33, 43, 10, 9, 41, 8, 31, 18, 3, 17, 21, 42, 2, 7, 20, 23, 50, 29, 16, 46, 44, 34, 30, 1, 49, 32, 45, 19, 22]

Individual 102:
  Route length: 9048
  Contribution to Diversity: 0
  Route: [1, 49, 38, 40, 46, 16, 29, 50, 20, 23, 30, 48, 37, 44, 39, 36, 35, 24, 5, 15, 6, 4, 25, 12, 28, 27, 26, 47, 13, 14, 52, 11, 51, 33, 43, 10, 9, 8, 41, 19, 45, 32, 34, 2, 7, 42, 21, 17, 3, 18, 31, 22]

Individual 103:
  Route length: 9137
  Contribution to Diversity: 0
  Route: [1, 49, 32, 4, 6, 40, 39, 36, 15, 5, 24, 48, 38, 37, 43, 25, 12, 28, 27, 26, 47, 13, 14, 52, 11, 51, 33, 10, 9, 45, 19, 41, 8, 18, 3, 17, 21, 42, 7, 2, 30, 23, 20, 50, 29, 16, 46, 44, 35, 34, 31, 22]

Individual 104:
  Route length: 9331
  Contribution to Diversity: 0.0009568023425190475
  Route: [3, 45, 19, 41, 8, 9, 10, 43, 33, 51, 11, 52, 14, 13, 47, 26, 27, 28, 12, 25, 15, 6, 4, 40, 39, 36, 35, 34, 44, 24, 29, 50, 20, 16, 46, 5, 37, 38, 48, 32, 49, 1, 30, 2, 7, 42, 21, 17, 23, 18, 31, 22]

Individual 105:
  Route length: 9244
  Contribution to Diversity: 0.0007508170898633537
  Route: [35, 36, 39, 40, 37, 38, 48, 24, 5, 15, 6, 4, 25, 12, 28, 27, 26, 47, 13, 14, 52, 11, 51, 33, 43, 10, 9, 41, 8, 31, 30, 34, 44, 46, 16, 29, 50, 23, 20, 7, 2, 42, 21, 17, 3, 18, 49, 1, 32, 45, 19, 22]

Individual 106:
  Route length: 9314
  Contribution to Diversity: 0
  Route: [1, 49, 24, 48, 44, 15, 6, 4, 25, 12, 28, 27, 26, 47, 13, 14, 52, 11, 51, 33, 10, 9, 8, 41, 19, 45, 32, 34, 35, 21, 42, 7, 2, 30, 23, 20, 50, 29, 16, 46, 5, 37, 38, 40, 36, 39, 43, 17, 3, 18, 31, 22]

Individual 107:
  Route length: 9291
  Contribution to Diversity: 0.0003165619779874618
  Route: [3, 17, 21, 42, 7, 2, 30, 23, 20, 50, 29, 16, 49, 1, 6, 15, 44, 46, 40, 37, 38, 48, 24, 25, 4, 34, 5, 12, 28, 27, 26, 47, 13, 14, 52, 11, 51, 33, 43, 10, 9, 8, 41, 19, 45, 32, 36, 39, 35, 18, 31, 22]

Individual 108:
  Route length: 8786
  Contribution to Diversity: 0
  Route: [34, 39, 35, 36, 37, 5, 38, 48, 24, 40, 15, 6, 4, 25, 12, 28, 27, 26, 47, 13, 14, 52, 11, 51, 33, 43, 10, 9, 8, 41, 19, 45, 32, 49, 1, 31, 3, 17, 21, 18, 20, 50, 29, 16, 46, 44, 23, 30, 2, 7, 42, 22]

Individual 109:
  Route length: 9384
  Contribution to Diversity: 0.0013573596349392147
  Route: [34, 49, 32, 45, 19, 41, 8, 9, 10, 43, 33, 51, 11, 52, 14, 13, 47, 26, 27, 28, 12, 25, 4, 6, 15, 40, 24, 36, 38, 37, 5, 48, 44, 46, 16, 39, 35, 31, 3, 17, 21, 18, 1, 29, 50, 20, 23, 30, 2, 7, 42, 22]

Individual 110:
  Route length: 9241
  Contribution to Diversity: 0.00016042123278037224
  Route: [1, 17, 3, 45, 19, 41, 8, 9, 10, 43, 33, 51, 11, 52, 14, 13, 47, 26, 27, 28, 12, 25, 4, 6, 15, 5, 46, 49, 32, 48, 38, 37, 40, 39, 24, 44, 34, 35, 36, 29, 50, 20, 16, 31, 18, 23, 30, 2, 7, 42, 21, 22]

Individual 111:
  Route length: 9264
  Contribution to Diversity: 0
  Route: [16, 46, 48, 24, 5, 15, 6, 4, 25, 12, 28, 27, 26, 47, 13, 14, 52, 11, 51, 33, 43, 10, 9, 19, 45, 44, 34, 35, 36, 39, 40, 37, 38, 21, 42, 7, 2, 30, 23, 20, 50, 29, 1, 49, 32, 41, 8, 17, 3, 18, 31, 22]

Individual 112:
  Route length: 9361
  Contribution to Diversity: 0.0015010354587472463
  Route: [1, 5, 15, 6, 40, 34, 39, 4, 25, 12, 28, 27, 26, 47, 13, 14, 52, 11, 51, 33, 43, 10, 9, 8, 41, 19, 45, 36, 44, 46, 16, 29, 50, 20, 23, 30, 2, 7, 42, 21, 17, 32, 38, 48, 24, 49, 35, 37, 31, 18, 3, 22]

Individual 113:
  Route length: 9186
  Contribution to Diversity: 0
  Route: [1, 35, 34, 8, 41, 19, 45, 32, 49, 50, 29, 16, 46, 44, 48, 24, 39, 36, 40, 38, 37, 43, 10, 9, 33, 51, 11, 52, 14, 13, 47, 26, 27, 28, 12, 25, 4, 6, 15, 5, 20, 23, 30, 2, 7, 42, 21, 17, 3, 18, 31, 22]

Individual 114:
  Route length: 9415
  Contribution to Diversity: 0.0003419497747074729
  Route: [34, 39, 35, 36, 37, 5, 50, 20, 18, 21, 17, 3, 31, 1, 49, 32, 45, 19, 41, 8, 9, 10, 43, 33, 51, 11, 52, 14, 13, 47, 26, 27, 28, 12, 25, 4, 6, 15, 40, 24, 48, 38, 29, 16, 46, 44, 23, 30, 2, 7, 42, 22]

Individual 115:
  Route length: 9415
  Contribution to Diversity: 0.0009105839519136794
  Route: [37, 40, 39, 36, 35, 46, 16, 29, 50, 23, 20, 7, 2, 42, 21, 17, 3, 18, 31, 8, 41, 9, 10, 43, 33, 51, 11, 52, 14, 13, 47, 26, 27, 28, 12, 25, 4, 6, 15, 5, 24, 48, 38, 44, 34, 30, 1, 49, 32, 45, 19, 22]

Individual 116:
  Route length: 9178
  Contribution to Diversity: 0.0006487834900799072
  Route: [34, 39, 35, 6, 15, 40, 24, 48, 38, 5, 37, 36, 4, 25, 12, 28, 27, 26, 47, 13, 14, 52, 11, 51, 33, 43, 10, 9, 8, 41, 19, 45, 32, 49, 1, 31, 3, 17, 21, 18, 20, 50, 29, 16, 46, 44, 23, 30, 2, 7, 42, 22]

Individual 117:
  Route length: 9217
  Contribution to Diversity: 4.776492852798242e-06
  Route: [1, 38, 37, 49, 34, 32, 45, 19, 41, 8, 9, 10, 43, 33, 51, 11, 52, 14, 13, 47, 26, 27, 28, 12, 25, 4, 6, 15, 5, 24, 48, 40, 39, 20, 50, 29, 31, 18, 3, 17, 21, 42, 7, 2, 23, 30, 16, 35, 36, 46, 44, 22]

Individual 118:
  Route length: 8848
  Contribution to Diversity: 0
  Route: [1, 49, 40, 38, 37, 48, 44, 46, 16, 29, 50, 20, 25, 4, 12, 28, 27, 26, 47, 13, 14, 52, 11, 51, 33, 43, 10, 9, 8, 41, 19, 45, 32, 34, 39, 36, 35, 24, 5, 15, 6, 23, 30, 2, 7, 42, 21, 17, 3, 18, 31, 22]

Individual 119:
  Route length: 9141
  Contribution to Diversity: 0
  Route: [1, 17, 3, 45, 19, 41, 8, 9, 10, 43, 33, 51, 11, 52, 14, 13, 47, 26, 27, 28, 12, 25, 4, 6, 15, 5, 46, 49, 32, 48, 38, 37, 40, 39, 24, 44, 34, 35, 36, 16, 20, 50, 29, 31, 18, 23, 30, 2, 7, 42, 21, 22]

Individual 120:
  Route length: 9275
  Contribution to Diversity: 0.0008073351079351809
  Route: [38, 18, 3, 34, 44, 21, 42, 7, 2, 30, 23, 20, 50, 29, 16, 46, 37, 24, 48, 40, 39, 36, 35, 15, 5, 6, 4, 25, 12, 28, 27, 26, 47, 13, 14, 52, 11, 51, 33, 43, 10, 9, 8, 41, 19, 45, 32, 49, 1, 17, 31, 22]

Individual 121:
  Route length: 9103
  Contribution to Diversity: 0
  Route: [1, 49, 37, 38, 40, 46, 16, 29, 50, 20, 19, 41, 8, 9, 10, 43, 33, 51, 11, 52, 14, 13, 47, 26, 27, 28, 12, 25, 4, 6, 15, 5, 24, 35, 36, 45, 32, 34, 48, 44, 39, 23, 30, 2, 7, 42, 21, 17, 3, 18, 31, 22]

Individual 122:
  Route length: 9316
  Contribution to Diversity: 0
  Route: [1, 49, 40, 38, 37, 48, 34, 32, 45, 44, 46, 16, 29, 50, 20, 25, 4, 12, 28, 27, 26, 47, 13, 14, 52, 11, 51, 33, 43, 10, 9, 8, 41, 19, 35, 36, 39, 24, 5, 15, 6, 23, 30, 2, 7, 42, 21, 17, 3, 18, 31, 22]

Individual 123:
  Route length: 8825
  Contribution to Diversity: 0.00021714200030231723
  Route: [34, 39, 49, 32, 45, 19, 41, 8, 9, 10, 43, 33, 51, 11, 52, 14, 13, 47, 26, 27, 28, 12, 25, 4, 6, 15, 40, 24, 48, 38, 5, 37, 36, 35, 44, 46, 16, 29, 50, 20, 18, 21, 17, 3, 31, 1, 23, 30, 2, 7, 42, 22]

Individual 124:
  Route length: 8752
  Contribution to Diversity: 0
  Route: [1, 49, 40, 38, 37, 48, 34, 32, 45, 36, 35, 24, 5, 15, 6, 4, 25, 12, 28, 27, 26, 47, 13, 14, 52, 11, 51, 33, 43, 19, 41, 8, 9, 10, 39, 44, 46, 16, 29, 50, 20, 23, 30, 2, 7, 42, 21, 17, 3, 18, 31, 22]

Individual 125:
  Route length: 9315
  Contribution to Diversity: 0.0003441604450156177
  Route: [1, 49, 40, 19, 45, 39, 44, 38, 37, 48, 36, 35, 24, 41, 8, 9, 10, 43, 33, 51, 11, 52, 14, 13, 47, 26, 27, 28, 12, 25, 4, 6, 15, 5, 34, 32, 46, 16, 29, 50, 20, 23, 30, 2, 7, 42, 21, 17, 3, 18, 31, 22]

Individual 126:
  Route length: 9363
  Contribution to Diversity: 8.797998651033367e-05
  Route: [1, 49, 40, 38, 37, 48, 34, 29, 50, 20, 25, 4, 12, 28, 27, 26, 47, 13, 14, 52, 11, 51, 33, 43, 10, 9, 8, 41, 19, 45, 32, 23, 6, 15, 5, 24, 35, 36, 39, 44, 46, 16, 30, 2, 7, 42, 21, 17, 3, 18, 31, 22]

Individual 127:
  Route length: 9116
  Contribution to Diversity: 0.00028609085750996854
  Route: [1, 17, 3, 45, 19, 41, 8, 9, 10, 43, 33, 51, 11, 52, 14, 13, 47, 26, 27, 28, 12, 25, 4, 6, 15, 5, 38, 48, 32, 49, 46, 39, 40, 37, 24, 44, 34, 35, 36, 16, 20, 50, 29, 31, 18, 23, 30, 2, 7, 42, 21, 22]

Individual 128:
  Route length: 9406
  Contribution to Diversity: 0.0019910157431874964
  Route: [45, 32, 49, 1, 41, 19, 8, 9, 10, 43, 33, 51, 11, 52, 14, 13, 47, 26, 27, 28, 12, 25, 4, 44, 40, 39, 37, 48, 24, 5, 15, 6, 38, 23, 34, 36, 35, 46, 29, 50, 20, 16, 30, 2, 7, 42, 21, 17, 3, 18, 31, 22]

Individual 129:
  Route length: 9393
  Contribution to Diversity: 0.0002857124346071771
  Route: [1, 32, 49, 46, 15, 5, 24, 48, 38, 37, 16, 45, 44, 34, 35, 36, 39, 40, 6, 4, 25, 28, 12, 27, 26, 47, 13, 14, 52, 11, 51, 33, 43, 10, 9, 8, 41, 19, 20, 50, 29, 23, 30, 2, 7, 42, 21, 17, 3, 18, 31, 22]

Individual 130:
  Route length: 9328
  Contribution to Diversity: 0.0010306828917512334
  Route: [1, 49, 32, 45, 19, 41, 8, 9, 10, 43, 33, 51, 13, 14, 52, 11, 47, 26, 27, 28, 12, 48, 38, 37, 24, 5, 15, 6, 4, 25, 16, 29, 50, 20, 23, 30, 2, 7, 42, 21, 17, 3, 35, 34, 44, 36, 39, 40, 46, 18, 31, 22]

Individual 131:
  Route length: 9388
  Contribution to Diversity: 0.00036442450104079427
  Route: [1, 32, 49, 48, 24, 5, 39, 40, 15, 6, 4, 25, 12, 28, 13, 47, 26, 27, 14, 52, 11, 51, 33, 43, 10, 9, 8, 41, 19, 45, 16, 29, 50, 20, 23, 30, 2, 7, 42, 44, 34, 35, 36, 38, 37, 46, 21, 17, 3, 18, 31, 22]

Individual 132:
  Route length: 9412
  Contribution to Diversity: 0.0010427338845335754
  Route: [1, 17, 3, 45, 19, 41, 8, 9, 10, 43, 33, 51, 11, 52, 14, 13, 47, 26, 27, 28, 12, 25, 4, 6, 15, 5, 46, 49, 32, 37, 38, 48, 29, 50, 20, 16, 36, 35, 34, 44, 24, 39, 40, 31, 18, 23, 30, 2, 7, 42, 21, 22]

Individual 133:
  Route length: 9351
  Contribution to Diversity: 0
  Route: [48, 24, 5, 15, 31, 18, 3, 17, 21, 42, 7, 2, 23, 20, 50, 29, 16, 30, 46, 44, 1, 6, 4, 25, 12, 28, 27, 26, 47, 13, 14, 52, 11, 51, 33, 43, 10, 9, 8, 41, 19, 45, 32, 34, 35, 36, 39, 40, 38, 37, 49, 22]

Individual 134:
  Route length: 9140
  Contribution to Diversity: 0.0009348653577161414
  Route: [20, 50, 29, 16, 46, 35, 36, 39, 40, 37, 38, 48, 25, 12, 28, 27, 26, 47, 13, 14, 52, 11, 51, 33, 43, 10, 9, 8, 41, 19, 45, 49, 32, 1, 34, 44, 6, 15, 4, 24, 5, 21, 42, 7, 2, 17, 3, 18, 23, 30, 31, 22]

Individual 135:
  Route length: 9133
  Contribution to Diversity: 0.001135759629733002
  Route: [3, 17, 21, 42, 7, 2, 30, 23, 20, 50, 29, 16, 49, 1, 6, 24, 48, 38, 37, 40, 46, 44, 5, 15, 4, 34, 25, 12, 28, 27, 26, 47, 13, 14, 52, 11, 51, 33, 43, 10, 9, 8, 41, 19, 45, 32, 36, 39, 35, 18, 31, 22]

Individual 136:
  Route length: 9264
  Contribution to Diversity: 0
  Route: [1, 10, 9, 8, 41, 19, 45, 32, 49, 40, 15, 5, 24, 48, 12, 25, 4, 39, 36, 28, 27, 26, 47, 13, 14, 52, 11, 51, 33, 43, 6, 37, 38, 35, 34, 44, 46, 16, 29, 50, 20, 23, 30, 2, 7, 42, 21, 17, 3, 18, 31, 22]

Individual 137:
  Route length: 9417
  Contribution to Diversity: 0.0014187499846158858
  Route: [1, 49, 32, 18, 3, 17, 21, 42, 7, 2, 30, 23, 20, 50, 29, 16, 46, 24, 44, 37, 38, 48, 8, 41, 19, 45, 9, 10, 33, 51, 11, 52, 14, 13, 47, 26, 27, 28, 12, 25, 43, 5, 40, 39, 36, 15, 6, 4, 35, 34, 31, 22]

Individual 138:
  Route length: 9205
  Contribution to Diversity: 0.0012978227278823695
  Route: [1, 17, 3, 45, 19, 41, 8, 9, 10, 43, 33, 51, 11, 52, 14, 13, 47, 26, 27, 28, 12, 25, 4, 6, 5, 15, 49, 32, 48, 38, 46, 39, 40, 37, 24, 44, 34, 35, 36, 16, 20, 50, 29, 31, 18, 23, 30, 2, 7, 42, 21, 22]

Individual 139:
  Route length: 9370
  Contribution to Diversity: 0.0011291783676892209
  Route: [3, 17, 21, 42, 7, 2, 30, 23, 20, 50, 29, 16, 49, 1, 37, 38, 48, 24, 6, 44, 46, 40, 15, 5, 34, 4, 36, 32, 45, 19, 41, 8, 9, 10, 43, 33, 51, 11, 52, 14, 13, 47, 26, 27, 28, 12, 25, 39, 35, 18, 31, 22]

Individual 140:
  Route length: 9398
  Contribution to Diversity: 0
  Route: [1, 49, 24, 48, 44, 15, 6, 4, 25, 12, 28, 27, 26, 47, 13, 14, 52, 11, 51, 33, 35, 34, 32, 45, 19, 41, 8, 9, 10, 5, 37, 38, 40, 36, 39, 43, 46, 16, 29, 50, 20, 23, 30, 2, 7, 42, 21, 17, 3, 18, 31, 22]

Individual 141:
  Route length: 9246
  Contribution to Diversity: 0
  Route: [16, 46, 48, 24, 5, 15, 6, 4, 25, 12, 28, 27, 26, 47, 13, 14, 52, 11, 51, 33, 43, 10, 9, 19, 45, 44, 38, 37, 40, 39, 36, 35, 34, 21, 42, 7, 2, 30, 23, 20, 50, 29, 1, 49, 32, 41, 8, 17, 3, 18, 31, 22]

Individual 142:
  Route length: 9410
  Contribution to Diversity: 0
  Route: [1, 49, 24, 48, 33, 51, 11, 52, 14, 13, 47, 26, 27, 28, 12, 25, 4, 6, 15, 44, 19, 45, 32, 34, 35, 41, 8, 9, 10, 43, 39, 36, 40, 38, 37, 5, 46, 16, 29, 50, 20, 23, 30, 2, 7, 42, 21, 17, 3, 18, 31, 22]

Individual 143:
  Route length: 9309
  Contribution to Diversity: 0.0005236755471687005
  Route: [1, 38, 37, 49, 6, 15, 24, 5, 40, 48, 44, 46, 36, 35, 34, 32, 45, 19, 41, 8, 9, 10, 43, 33, 51, 11, 52, 14, 13, 47, 26, 27, 28, 12, 4, 25, 39, 20, 50, 29, 16, 30, 23, 2, 7, 42, 21, 17, 3, 18, 31, 22]

Individual 144:
  Route length: 9168
  Contribution to Diversity: 0.0009059502622985605
  Route: [34, 39, 20, 50, 29, 16, 46, 44, 35, 36, 37, 5, 38, 48, 24, 40, 15, 6, 4, 25, 12, 28, 27, 26, 47, 13, 14, 52, 11, 51, 33, 43, 10, 9, 8, 41, 19, 45, 32, 49, 23, 1, 31, 3, 17, 21, 18, 30, 2, 7, 42, 22]

Individual 145:
  Route length: 9350
  Contribution to Diversity: 0.0006931575734219209
  Route: [1, 37, 35, 49, 45, 19, 41, 8, 9, 10, 43, 33, 51, 11, 52, 14, 13, 47, 26, 27, 28, 12, 25, 4, 6, 15, 5, 24, 48, 38, 32, 17, 21, 42, 7, 2, 30, 44, 46, 29, 16, 34, 39, 40, 36, 23, 20, 50, 3, 18, 31, 22]

Individual 146:
  Route length: 8896
  Contribution to Diversity: 0
  Route: [1, 49, 40, 38, 37, 48, 30, 23, 20, 50, 29, 16, 46, 44, 39, 36, 34, 32, 45, 19, 41, 8, 9, 10, 43, 33, 51, 11, 52, 14, 13, 47, 26, 27, 28, 12, 25, 4, 6, 15, 5, 24, 35, 42, 7, 2, 21, 17, 3, 18, 31, 22]

Individual 147:
  Route length: 9241
  Contribution to Diversity: 0.0008272547606322789
  Route: [17, 21, 42, 7, 2, 30, 23, 20, 50, 29, 16, 15, 10, 9, 8, 41, 19, 45, 32, 49, 1, 39, 40, 37, 38, 48, 24, 6, 36, 35, 34, 44, 46, 4, 25, 12, 28, 27, 26, 47, 13, 14, 52, 11, 51, 33, 43, 5, 3, 18, 31, 22]

Individual 148:
  Route length: 9207
  Contribution to Diversity: 0.0006821566949613
  Route: [34, 39, 35, 36, 48, 38, 5, 37, 49, 32, 45, 19, 41, 8, 9, 10, 43, 33, 51, 11, 52, 14, 13, 47, 26, 27, 28, 12, 25, 4, 6, 15, 40, 24, 1, 31, 3, 17, 21, 18, 20, 50, 29, 16, 46, 44, 23, 30, 2, 7, 42, 22]

Individual 149:
  Route length: 9411
  Contribution to Diversity: 0.0009380497179201086
  Route: [1, 32, 8, 41, 19, 9, 10, 40, 49, 24, 48, 38, 37, 39, 36, 35, 45, 31, 18, 3, 17, 21, 42, 7, 2, 30, 23, 20, 50, 29, 16, 46, 44, 34, 6, 15, 5, 4, 25, 12, 28, 27, 26, 47, 13, 14, 52, 11, 51, 33, 43, 22]

Total Entropy H: 4.829899670586822
