Individual 0:
  Route length: 22624
  Contribution to Diversity: 0.0010548738401068292
  Route: [28, 27, 26, 47, 19, 35, 7, 39, 40, 24, 48, 45, 31, 16, 41, 36, 32, 49, 34, 10, 29, 50, 18, 25, 4, 11, 12, 46, 44, 2, 30, 23, 20, 9, 52, 14, 5, 15, 1, 8, 43, 33, 51, 6, 21, 42, 38, 37, 13, 3, 17, 22]

Individual 1:
  Route length: 22451
  Contribution to Diversity: 0.002434360590499729
  Route: [8, 41, 19, 45, 32, 46, 13, 4, 11, 16, 29, 50, 52, 49, 24, 48, 38, 37, 15, 42, 7, 2, 27, 23, 28, 44, 43, 33, 51, 21, 17, 3, 6, 18, 5, 47, 26, 10, 9, 20, 34, 35, 1, 30, 14, 12, 25, 36, 39, 40, 31, 22]

Individual 2:
  Route length: 22626
  Contribution to Diversity: 0.0039669753985247524
  Route: [40, 16, 23, 30, 20, 24, 36, 5, 27, 6, 11, 19, 51, 33, 43, 46, 10, 29, 28, 12, 26, 52, 41, 8, 9, 18, 37, 49, 1, 3, 50, 39, 17, 21, 32, 35, 42, 15, 7, 2, 31, 34, 45, 47, 13, 14, 44, 25, 38, 48, 4, 22]

Individual 3:
  Route length: 22562
  Contribution to Diversity: 0.0018967458023118056
  Route: [47, 16, 31, 26, 40, 21, 42, 48, 38, 5, 24, 50, 12, 28, 37, 13, 14, 52, 25, 1, 51, 41, 2, 7, 29, 49, 15, 27, 3, 19, 45, 32, 9, 8, 11, 17, 18, 39, 36, 35, 34, 44, 46, 4, 6, 10, 43, 33, 20, 23, 30, 22]

Individual 4:
  Route length: 22607
  Contribution to Diversity: 0.0016460107611155905
  Route: [28, 38, 30, 2, 17, 21, 42, 35, 34, 44, 14, 29, 13, 40, 15, 6, 4, 8, 9, 50, 1, 49, 16, 27, 26, 23, 7, 46, 5, 19, 37, 20, 36, 47, 48, 3, 18, 31, 24, 43, 25, 12, 39, 52, 11, 51, 10, 33, 32, 45, 41, 22]

Individual 5:
  Route length: 22213
  Contribution to Diversity: 0.0017827557786018744
  Route: [39, 36, 35, 46, 16, 8, 9, 15, 6, 38, 20, 23, 30, 14, 52, 11, 2, 47, 48, 17, 37, 5, 21, 40, 42, 7, 34, 43, 41, 4, 25, 10, 18, 19, 45, 32, 49, 29, 50, 51, 13, 27, 26, 44, 1, 12, 28, 3, 33, 24, 31, 22]

Individual 6:
  Route length: 22298
  Contribution to Diversity: 0.002639571346922942
  Route: [15, 1, 24, 48, 41, 45, 20, 12, 47, 19, 32, 7, 42, 13, 31, 36, 40, 39, 23, 50, 29, 10, 43, 25, 16, 44, 33, 51, 11, 26, 17, 21, 37, 38, 49, 8, 9, 14, 52, 27, 28, 3, 18, 6, 4, 2, 30, 46, 35, 34, 5, 22]

Individual 7:
  Route length: 22299
  Contribution to Diversity: 0.0002403238173771527
  Route: [1, 43, 7, 10, 2, 29, 16, 46, 44, 20, 32, 38, 40, 45, 8, 9, 18, 48, 24, 39, 14, 52, 11, 51, 33, 36, 34, 47, 26, 42, 23, 4, 25, 37, 27, 28, 12, 19, 41, 13, 30, 49, 5, 21, 35, 31, 3, 17, 6, 50, 15, 22]

Individual 8:
  Route length: 22588
  Contribution to Diversity: 0.001889911143591938
  Route: [6, 50, 24, 39, 29, 40, 37, 34, 1, 5, 43, 10, 8, 33, 42, 45, 47, 15, 38, 48, 44, 46, 19, 9, 32, 49, 41, 4, 21, 20, 30, 17, 51, 2, 7, 28, 27, 13, 12, 16, 18, 11, 52, 14, 25, 26, 35, 36, 3, 23, 31, 22]

Individual 9:
  Route length: 22468
  Contribution to Diversity: 0.001540629451815434
  Route: [9, 35, 4, 6, 11, 51, 23, 8, 41, 12, 10, 19, 36, 30, 14, 13, 38, 37, 40, 39, 21, 42, 32, 45, 20, 49, 7, 2, 44, 3, 17, 18, 48, 24, 5, 15, 34, 52, 25, 50, 29, 47, 28, 46, 1, 33, 43, 16, 31, 26, 27, 22]

Individual 10:
  Route length: 22560
  Contribution to Diversity: 0.003583304193452541
  Route: [24, 5, 29, 33, 51, 46, 49, 1, 10, 43, 14, 52, 48, 6, 4, 41, 19, 34, 50, 44, 16, 13, 20, 18, 15, 23, 3, 28, 25, 47, 26, 27, 21, 17, 12, 36, 39, 38, 31, 7, 42, 2, 30, 45, 32, 8, 35, 9, 11, 37, 40, 22]

Individual 11:
  Route length: 22372
  Contribution to Diversity: 0.0009194149858071654
  Route: [14, 52, 11, 51, 33, 36, 35, 21, 50, 3, 12, 27, 26, 20, 31, 32, 9, 8, 34, 18, 7, 42, 41, 19, 45, 4, 13, 1, 6, 43, 25, 30, 37, 10, 2, 23, 5, 38, 17, 28, 49, 40, 24, 15, 44, 46, 16, 29, 48, 47, 39, 22]

Individual 12:
  Route length: 22624
  Contribution to Diversity: 0.0031520164091061176
  Route: [42, 7, 39, 44, 35, 25, 26, 27, 14, 13, 36, 3, 41, 43, 17, 20, 37, 28, 12, 32, 45, 40, 46, 16, 8, 9, 10, 15, 49, 11, 47, 1, 34, 19, 4, 51, 18, 52, 50, 29, 21, 33, 24, 5, 23, 30, 2, 38, 6, 48, 31, 22]

Individual 13:
  Route length: 22603
  Contribution to Diversity: 0.0009273698461420565
  Route: [14, 52, 11, 51, 33, 36, 35, 21, 50, 3, 12, 27, 26, 20, 31, 32, 9, 8, 34, 18, 1, 13, 4, 45, 19, 41, 42, 7, 6, 43, 25, 30, 37, 10, 2, 23, 5, 38, 17, 28, 49, 40, 24, 15, 44, 46, 16, 29, 48, 47, 39, 22]

Individual 14:
  Route length: 22557
  Contribution to Diversity: 0.0016944395416080837
  Route: [1, 13, 14, 8, 12, 36, 46, 47, 30, 5, 26, 27, 28, 52, 51, 39, 41, 19, 21, 44, 15, 18, 7, 2, 49, 6, 31, 4, 24, 48, 10, 43, 33, 9, 35, 29, 16, 50, 34, 11, 40, 20, 42, 37, 38, 32, 45, 17, 3, 23, 25, 22]

Individual 15:
  Route length: 22537
  Contribution to Diversity: 0.0004639684498046748
  Route: [6, 42, 27, 15, 24, 25, 39, 21, 23, 44, 46, 5, 34, 10, 11, 51, 33, 43, 12, 7, 41, 18, 3, 17, 30, 2, 19, 45, 29, 50, 32, 49, 14, 13, 16, 52, 28, 36, 35, 38, 37, 9, 8, 48, 47, 26, 40, 1, 31, 20, 4, 22]

Individual 16:
  Route length: 21954
  Contribution to Diversity: 0.0015681508732479088
  Route: [1, 17, 21, 46, 30, 2, 33, 51, 11, 52, 14, 29, 42, 25, 7, 49, 19, 38, 43, 10, 9, 8, 50, 23, 12, 47, 37, 36, 4, 26, 5, 34, 45, 31, 41, 32, 6, 3, 18, 27, 28, 39, 40, 16, 44, 20, 13, 35, 24, 48, 15, 22]

Individual 17:
  Route length: 22251
  Contribution to Diversity: 0.0016284336998078075
  Route: [1, 13, 14, 8, 12, 36, 46, 47, 30, 5, 26, 27, 28, 52, 51, 39, 41, 19, 21, 44, 49, 2, 7, 18, 15, 48, 24, 4, 31, 6, 10, 43, 33, 9, 35, 29, 16, 50, 34, 11, 40, 20, 42, 37, 38, 32, 45, 17, 3, 23, 25, 22]

Individual 18:
  Route length: 22331
  Contribution to Diversity: 0.0005942019456428582
  Route: [1, 3, 48, 47, 23, 6, 15, 38, 24, 52, 11, 51, 27, 26, 33, 17, 21, 42, 2, 30, 35, 45, 32, 28, 10, 16, 49, 29, 13, 40, 34, 44, 7, 50, 9, 8, 41, 31, 18, 4, 12, 25, 43, 36, 20, 46, 5, 19, 37, 14, 39, 22]

Individual 19:
  Route length: 22553
  Contribution to Diversity: 0.0008969761506660845
  Route: [1, 36, 33, 47, 26, 37, 52, 14, 13, 30, 49, 35, 7, 21, 5, 20, 32, 24, 48, 38, 43, 9, 8, 41, 50, 25, 4, 6, 18, 42, 23, 2, 10, 29, 16, 46, 17, 3, 12, 19, 11, 45, 31, 39, 40, 27, 28, 51, 15, 34, 44, 22]

Individual 20:
  Route length: 22599
  Contribution to Diversity: 0.0032353602934849235
  Route: [6, 37, 38, 33, 43, 7, 2, 30, 15, 5, 34, 13, 14, 36, 47, 26, 40, 16, 48, 10, 11, 51, 35, 50, 27, 24, 32, 45, 19, 39, 12, 9, 8, 41, 18, 3, 42, 21, 23, 44, 46, 17, 28, 29, 52, 25, 49, 1, 31, 20, 4, 22]

Individual 21:
  Route length: 22068
  Contribution to Diversity: 0.0012607323555764438
  Route: [39, 1, 47, 11, 49, 15, 5, 12, 20, 23, 30, 26, 13, 14, 36, 3, 41, 43, 17, 32, 45, 40, 46, 16, 8, 9, 10, 25, 27, 52, 28, 37, 2, 24, 33, 21, 29, 50, 42, 7, 35, 18, 51, 4, 19, 34, 44, 38, 6, 48, 31, 22]

Individual 22:
  Route length: 22459
  Contribution to Diversity: 0.0011327778435132885
  Route: [1, 3, 26, 27, 51, 11, 52, 24, 38, 15, 6, 23, 47, 48, 46, 20, 36, 43, 25, 12, 4, 18, 31, 41, 8, 9, 50, 7, 44, 34, 40, 13, 29, 49, 16, 10, 28, 32, 45, 35, 30, 2, 42, 21, 17, 33, 5, 19, 37, 14, 39, 22]

Individual 23:
  Route length: 21734
  Contribution to Diversity: 0.00010296992627445434
  Route: [1, 8, 15, 6, 20, 30, 48, 38, 37, 41, 49, 32, 36, 35, 4, 25, 12, 39, 33, 50, 2, 14, 51, 40, 23, 11, 18, 31, 19, 45, 16, 29, 46, 34, 28, 13, 47, 26, 27, 43, 10, 9, 5, 44, 52, 7, 42, 21, 17, 3, 24, 22]

Individual 24:
  Route length: 22089
  Contribution to Diversity: 0.0003283384445653681
  Route: [39, 36, 35, 30, 41, 34, 12, 25, 11, 51, 29, 16, 46, 40, 26, 33, 38, 24, 48, 6, 2, 7, 37, 15, 8, 19, 28, 5, 13, 14, 52, 43, 49, 21, 45, 42, 10, 9, 27, 17, 3, 18, 31, 23, 20, 50, 32, 4, 47, 1, 44, 22]

Individual 25:
  Route length: 22203
  Contribution to Diversity: 0.0017484818905275645
  Route: [24, 48, 38, 43, 9, 8, 41, 50, 25, 4, 6, 20, 32, 18, 42, 23, 40, 29, 11, 33, 49, 5, 1, 36, 15, 51, 3, 39, 46, 17, 2, 16, 35, 7, 21, 45, 27, 31, 10, 19, 12, 37, 26, 47, 28, 52, 14, 13, 30, 34, 44, 22]

Individual 26:
  Route length: 22338
  Contribution to Diversity: 0.001992838793889895
  Route: [6, 41, 18, 3, 51, 11, 10, 17, 42, 46, 44, 23, 38, 35, 37, 31, 20, 4, 36, 47, 26, 40, 16, 13, 14, 52, 29, 50, 27, 7, 12, 28, 25, 34, 32, 49, 21, 39, 19, 45, 33, 43, 2, 30, 15, 24, 5, 48, 8, 9, 1, 22]

Individual 27:
  Route length: 22519
  Contribution to Diversity: 0.0007688219100305815
  Route: [5, 8, 42, 21, 11, 49, 27, 7, 2, 26, 47, 17, 3, 45, 40, 23, 20, 50, 29, 9, 34, 35, 32, 19, 30, 16, 31, 1, 37, 43, 10, 24, 44, 46, 14, 13, 52, 6, 48, 38, 4, 25, 12, 28, 18, 41, 39, 33, 51, 36, 15, 22]

Individual 28:
  Route length: 22605
  Contribution to Diversity: 0.0012633637304189094
  Route: [37, 40, 34, 32, 49, 1, 15, 7, 2, 27, 26, 5, 43, 10, 39, 3, 23, 9, 6, 41, 8, 48, 14, 30, 47, 24, 44, 18, 31, 11, 51, 33, 16, 19, 17, 21, 12, 28, 52, 13, 38, 42, 29, 35, 20, 50, 46, 36, 25, 4, 45, 22]

Individual 29:
  Route length: 21965
  Contribution to Diversity: 0.0017554811200426457
  Route: [5, 24, 29, 14, 49, 6, 28, 20, 7, 2, 30, 44, 46, 16, 21, 52, 27, 26, 11, 25, 12, 51, 1, 47, 13, 17, 23, 3, 50, 4, 42, 10, 9, 8, 34, 15, 19, 41, 43, 48, 37, 38, 35, 36, 18, 40, 33, 45, 32, 39, 31, 22]

Individual 30:
  Route length: 22530
  Contribution to Diversity: 0.0006283316663759919
  Route: [29, 4, 6, 49, 23, 20, 13, 47, 46, 11, 18, 1, 50, 34, 24, 44, 21, 43, 33, 51, 25, 41, 39, 40, 9, 10, 19, 45, 32, 42, 7, 17, 35, 36, 37, 38, 48, 16, 12, 8, 14, 3, 5, 52, 15, 28, 27, 26, 2, 30, 31, 22]

Individual 31:
  Route length: 22414
  Contribution to Diversity: 0.0009532877776861071
  Route: [29, 4, 6, 24, 34, 50, 1, 18, 11, 46, 47, 13, 20, 23, 49, 40, 39, 41, 25, 51, 33, 43, 21, 44, 9, 10, 19, 45, 32, 42, 7, 17, 35, 36, 37, 38, 48, 16, 12, 8, 14, 3, 5, 52, 15, 28, 27, 26, 2, 30, 31, 22]

Individual 32:
  Route length: 22145
  Contribution to Diversity: 0.0008731008908533511
  Route: [40, 37, 26, 49, 16, 29, 18, 12, 51, 5, 15, 30, 2, 41, 34, 46, 47, 42, 17, 3, 43, 33, 6, 20, 52, 14, 13, 1, 19, 45, 27, 28, 11, 24, 44, 48, 38, 31, 23, 50, 32, 8, 7, 10, 9, 39, 35, 36, 21, 25, 4, 22]

Individual 33:
  Route length: 22352
  Contribution to Diversity: 0.0006954640098175702
  Route: [10, 34, 36, 17, 29, 27, 26, 28, 48, 47, 13, 15, 6, 4, 30, 2, 35, 37, 38, 39, 5, 12, 25, 7, 46, 33, 43, 52, 11, 45, 44, 14, 32, 23, 51, 1, 49, 19, 41, 8, 9, 40, 24, 16, 3, 20, 50, 21, 42, 18, 31, 22]

Individual 34:
  Route length: 22521
  Contribution to Diversity: 0.00103597298603475
  Route: [1, 36, 33, 47, 26, 42, 46, 37, 52, 14, 13, 35, 7, 10, 2, 23, 16, 25, 4, 49, 30, 50, 51, 15, 34, 44, 6, 31, 29, 40, 39, 19, 41, 8, 9, 45, 24, 48, 38, 43, 5, 27, 28, 12, 17, 3, 18, 11, 21, 20, 32, 22]

Individual 35:
  Route length: 21794
  Contribution to Diversity: 0.0006307136576815253
  Route: [40, 37, 38, 48, 44, 24, 11, 28, 27, 45, 34, 46, 47, 42, 17, 3, 43, 33, 6, 20, 52, 14, 13, 1, 19, 16, 29, 18, 12, 51, 5, 15, 30, 2, 41, 49, 26, 4, 25, 21, 36, 35, 39, 9, 10, 7, 8, 32, 50, 23, 31, 22]

Individual 36:
  Route length: 22406
  Contribution to Diversity: 0.0003840771656813402
  Route: [5, 8, 42, 21, 11, 6, 52, 13, 14, 46, 44, 24, 10, 43, 37, 1, 31, 16, 30, 19, 32, 35, 34, 9, 29, 50, 20, 23, 40, 45, 3, 17, 47, 26, 2, 7, 27, 49, 28, 12, 25, 4, 38, 48, 18, 41, 39, 33, 51, 36, 15, 22]

Individual 37:
  Route length: 22431
  Contribution to Diversity: 0.003469469780108092
  Route: [1, 49, 32, 40, 39, 28, 12, 25, 42, 18, 3, 19, 41, 31, 7, 29, 27, 36, 5, 8, 6, 44, 45, 24, 13, 47, 16, 17, 50, 20, 23, 30, 2, 26, 37, 38, 11, 51, 46, 21, 48, 34, 35, 4, 14, 33, 43, 10, 9, 15, 52, 22]

Individual 38:
  Route length: 21659
  Contribution to Diversity: 0.0018224260810129067
  Route: [17, 20, 47, 28, 27, 3, 9, 21, 30, 40, 31, 18, 38, 45, 19, 46, 4, 6, 41, 48, 5, 35, 36, 39, 11, 49, 1, 7, 2, 50, 34, 44, 23, 32, 42, 14, 12, 26, 15, 37, 25, 52, 13, 51, 8, 10, 43, 33, 16, 29, 24, 22]

Individual 39:
  Route length: 22344
  Contribution to Diversity: 0.0013486658022143772
  Route: [17, 20, 47, 28, 27, 3, 19, 34, 44, 46, 4, 6, 41, 48, 21, 9, 49, 1, 7, 2, 50, 30, 40, 31, 18, 38, 45, 32, 23, 11, 39, 36, 35, 5, 42, 14, 12, 26, 15, 37, 25, 52, 13, 51, 8, 10, 43, 33, 16, 29, 24, 22]

Individual 40:
  Route length: 21269
  Contribution to Diversity: 0.0013448251519552201
  Route: [10, 41, 19, 49, 1, 7, 46, 33, 43, 50, 37, 29, 27, 51, 39, 38, 3, 20, 30, 32, 34, 35, 2, 21, 42, 36, 4, 6, 15, 17, 48, 28, 26, 11, 52, 5, 12, 25, 16, 24, 23, 13, 47, 14, 44, 45, 8, 9, 40, 18, 31, 22]

Individual 41:
  Route length: 22465
  Contribution to Diversity: 0.00038763156895971207
  Route: [46, 36, 15, 21, 14, 52, 1, 12, 44, 34, 35, 24, 20, 33, 45, 19, 41, 8, 9, 47, 17, 7, 2, 30, 42, 29, 31, 18, 6, 5, 26, 43, 10, 13, 3, 23, 50, 38, 37, 40, 16, 25, 4, 51, 11, 32, 49, 39, 27, 28, 48, 22]

Individual 42:
  Route length: 22503
  Contribution to Diversity: 0.000613156368181933
  Route: [1, 49, 32, 39, 50, 26, 47, 34, 16, 29, 10, 30, 23, 2, 33, 43, 24, 42, 37, 40, 17, 12, 13, 14, 52, 25, 4, 6, 15, 5, 44, 46, 18, 3, 28, 20, 11, 51, 7, 31, 45, 21, 27, 38, 9, 8, 41, 19, 48, 35, 36, 22]

Individual 43:
  Route length: 22029
  Contribution to Diversity: 0.0013637701170035044
  Route: [1, 23, 7, 50, 9, 8, 41, 31, 18, 5, 19, 37, 33, 17, 3, 43, 48, 34, 28, 32, 45, 35, 16, 10, 49, 26, 27, 51, 11, 52, 24, 40, 13, 29, 25, 12, 47, 36, 20, 46, 21, 42, 2, 30, 38, 15, 6, 4, 44, 14, 39, 22]

Individual 44:
  Route length: 22526
  Contribution to Diversity: 0.0021201474692498223
  Route: [12, 18, 31, 45, 8, 9, 10, 28, 11, 7, 6, 17, 2, 20, 23, 30, 32, 48, 29, 14, 24, 5, 15, 1, 37, 40, 44, 38, 34, 43, 35, 19, 27, 26, 47, 13, 52, 4, 46, 16, 49, 3, 50, 21, 36, 39, 41, 42, 25, 33, 51, 22]

Individual 45:
  Route length: 21831
  Contribution to Diversity: 0.0012957436563807434
  Route: [10, 41, 19, 7, 1, 49, 2, 35, 34, 32, 30, 20, 3, 38, 39, 51, 27, 29, 37, 50, 43, 33, 46, 21, 42, 36, 4, 6, 15, 17, 48, 28, 26, 11, 52, 5, 12, 25, 16, 24, 23, 13, 47, 14, 44, 45, 8, 9, 40, 18, 31, 22]

Individual 46:
  Route length: 22142
  Contribution to Diversity: 0.002029803639692851
  Route: [16, 49, 1, 8, 33, 42, 18, 40, 15, 3, 14, 52, 23, 50, 20, 24, 48, 38, 35, 46, 26, 36, 39, 17, 21, 41, 19, 45, 44, 29, 37, 34, 25, 51, 5, 43, 10, 13, 7, 2, 30, 32, 4, 6, 9, 27, 28, 12, 11, 47, 31, 22]

Individual 47:
  Route length: 22601
  Contribution to Diversity: 0.0014685336479764999
  Route: [36, 33, 4, 27, 14, 13, 26, 47, 35, 11, 16, 10, 18, 31, 42, 21, 17, 3, 1, 39, 51, 6, 24, 37, 45, 48, 2, 41, 8, 5, 49, 32, 19, 15, 40, 28, 43, 23, 7, 9, 52, 30, 44, 34, 38, 20, 50, 29, 46, 25, 12, 22]

Individual 48:
  Route length: 22181
  Contribution to Diversity: 0.0016332565824610512
  Route: [14, 52, 11, 51, 33, 36, 35, 25, 8, 9, 32, 50, 29, 34, 15, 24, 23, 18, 3, 20, 26, 27, 43, 31, 47, 40, 49, 28, 12, 16, 46, 44, 30, 37, 10, 2, 21, 5, 39, 48, 38, 17, 6, 1, 13, 4, 45, 19, 41, 42, 7, 22]

Individual 49:
  Route length: 22570
  Contribution to Diversity: 0.0001679303338608662
  Route: [39, 36, 12, 33, 27, 13, 49, 16, 42, 7, 2, 20, 32, 10, 9, 26, 24, 5, 19, 35, 38, 29, 18, 17, 21, 45, 1, 47, 25, 31, 23, 30, 34, 11, 52, 14, 46, 4, 37, 44, 43, 48, 8, 51, 50, 28, 3, 6, 15, 41, 40, 22]

Individual 50:
  Route length: 22139
  Contribution to Diversity: 0.002743753745968469
  Route: [28, 38, 5, 42, 35, 49, 18, 31, 41, 1, 3, 50, 39, 26, 12, 37, 40, 16, 23, 43, 33, 45, 36, 24, 48, 21, 44, 34, 4, 15, 46, 10, 29, 8, 9, 51, 19, 17, 2, 7, 30, 20, 14, 13, 52, 47, 25, 11, 6, 27, 32, 22]

Individual 51:
  Route length: 22508
  Contribution to Diversity: 0.0021981795417316263
  Route: [28, 38, 5, 42, 35, 49, 18, 31, 41, 1, 3, 50, 39, 26, 12, 37, 40, 16, 23, 43, 33, 51, 48, 17, 21, 44, 34, 4, 15, 46, 10, 29, 8, 9, 11, 6, 27, 19, 36, 24, 2, 7, 30, 20, 14, 13, 52, 47, 25, 45, 32, 22]

Individual 52:
  Route length: 21038
  Contribution to Diversity: 0.000561030302423049
  Route: [35, 3, 17, 33, 51, 38, 1, 48, 52, 50, 32, 6, 16, 12, 28, 27, 9, 10, 43, 4, 8, 39, 45, 36, 46, 42, 7, 20, 23, 30, 2, 21, 24, 41, 25, 14, 13, 47, 26, 5, 15, 11, 34, 37, 44, 40, 31, 29, 19, 49, 18, 22]

Individual 53:
  Route length: 22414
  Contribution to Diversity: 0.002383858793979954
  Route: [40, 16, 23, 20, 30, 37, 43, 46, 10, 39, 17, 21, 32, 35, 29, 28, 12, 26, 52, 36, 24, 49, 1, 3, 50, 9, 8, 41, 42, 5, 18, 51, 33, 19, 11, 6, 27, 48, 38, 25, 47, 13, 14, 44, 34, 45, 31, 2, 7, 15, 4, 22]

Individual 54:
  Route length: 21676
  Contribution to Diversity: 0.0016533030815937266
  Route: [5, 48, 24, 33, 11, 50, 20, 6, 23, 30, 2, 7, 17, 21, 16, 19, 43, 28, 12, 25, 40, 37, 35, 42, 4, 3, 18, 1, 47, 13, 26, 38, 14, 49, 32, 45, 52, 27, 46, 44, 41, 29, 36, 39, 10, 9, 8, 34, 15, 51, 31, 22]

Individual 55:
  Route length: 22057
  Contribution to Diversity: 0.0016869724318535617
  Route: [39, 24, 33, 21, 29, 25, 37, 26, 3, 2, 35, 34, 4, 17, 43, 15, 41, 48, 40, 46, 50, 16, 8, 9, 10, 36, 19, 7, 42, 28, 12, 49, 44, 38, 6, 52, 14, 13, 27, 18, 1, 30, 23, 20, 31, 47, 11, 51, 45, 32, 5, 22]

Individual 56:
  Route length: 22236
  Contribution to Diversity: 0.0028604472742372877
  Route: [19, 30, 2, 1, 31, 44, 27, 28, 12, 34, 35, 41, 49, 32, 7, 29, 17, 52, 11, 51, 6, 18, 50, 39, 40, 37, 38, 4, 45, 33, 43, 10, 16, 47, 13, 14, 9, 46, 26, 21, 48, 24, 5, 15, 36, 42, 25, 8, 3, 20, 23, 22]

Individual 57:
  Route length: 22096
  Contribution to Diversity: 0.00046852905895011787
  Route: [1, 49, 32, 29, 19, 15, 5, 8, 41, 2, 16, 35, 47, 26, 13, 14, 27, 4, 33, 43, 24, 34, 38, 20, 50, 37, 48, 21, 42, 7, 28, 9, 52, 30, 6, 51, 45, 36, 39, 40, 10, 31, 18, 3, 17, 23, 11, 44, 46, 25, 12, 22]

Individual 58:
  Route length: 20114
  Contribution to Diversity: 0.0011230549593479466
  Route: [11, 52, 35, 34, 25, 4, 45, 8, 18, 1, 46, 27, 14, 50, 20, 30, 42, 7, 2, 33, 39, 49, 32, 44, 28, 12, 13, 24, 5, 40, 37, 16, 21, 17, 36, 10, 9, 51, 43, 38, 15, 48, 23, 19, 41, 47, 26, 29, 3, 6, 31, 22]

Individual 59:
  Route length: 22110
  Contribution to Diversity: 0.003119290620557713
  Route: [37, 40, 49, 32, 34, 15, 1, 21, 17, 24, 44, 18, 9, 23, 3, 41, 19, 16, 33, 51, 11, 31, 38, 42, 29, 35, 20, 50, 46, 36, 7, 2, 27, 26, 5, 43, 39, 10, 8, 48, 14, 30, 47, 6, 13, 52, 28, 12, 4, 25, 45, 22]

Individual 60:
  Route length: 22060
  Contribution to Diversity: 0.0013220343743016727
  Route: [35, 3, 17, 33, 51, 38, 1, 48, 52, 50, 32, 6, 16, 12, 28, 27, 9, 10, 43, 13, 14, 25, 41, 24, 21, 2, 30, 23, 20, 7, 42, 46, 36, 45, 39, 8, 4, 47, 26, 5, 15, 11, 34, 37, 44, 40, 31, 29, 19, 49, 18, 22]

Individual 61:
  Route length: 21561
  Contribution to Diversity: 0.003093532600641602
  Route: [45, 32, 33, 51, 47, 38, 50, 14, 13, 25, 9, 10, 43, 4, 8, 39, 52, 11, 48, 34, 35, 3, 16, 26, 6, 40, 41, 7, 42, 46, 44, 37, 20, 23, 30, 2, 36, 17, 27, 28, 12, 5, 15, 1, 21, 24, 49, 19, 29, 31, 18, 22]

Individual 62:
  Route length: 19978
  Contribution to Diversity: 0.0003745761873403808
  Route: [35, 34, 19, 41, 36, 43, 51, 33, 25, 4, 47, 24, 14, 27, 8, 45, 52, 11, 5, 40, 29, 20, 50, 12, 28, 44, 32, 49, 39, 26, 13, 15, 46, 9, 10, 23, 48, 16, 38, 37, 21, 17, 3, 18, 1, 2, 7, 42, 30, 6, 31, 22]

Individual 63:
  Route length: 22239
  Contribution to Diversity: 0.003695855685336369
  Route: [12, 19, 5, 24, 8, 14, 45, 43, 33, 51, 10, 9, 16, 44, 39, 34, 11, 52, 47, 38, 48, 25, 31, 32, 1, 46, 35, 36, 23, 28, 50, 41, 4, 6, 15, 29, 18, 20, 3, 42, 7, 2, 30, 49, 21, 27, 26, 13, 37, 40, 17, 22]

Individual 64:
  Route length: 20071
  Contribution to Diversity: 0.0009699493169925688
  Route: [35, 34, 19, 41, 36, 43, 51, 33, 25, 4, 47, 24, 14, 27, 20, 29, 40, 5, 11, 52, 45, 8, 39, 49, 32, 44, 28, 12, 50, 26, 13, 15, 46, 9, 10, 23, 48, 16, 38, 37, 21, 17, 3, 18, 1, 2, 7, 42, 30, 6, 31, 22]

Individual 65:
  Route length: 22473
  Contribution to Diversity: 0.002678491486181045
  Route: [38, 6, 4, 36, 31, 13, 33, 10, 43, 45, 20, 12, 15, 37, 1, 50, 23, 39, 40, 51, 17, 47, 5, 24, 21, 42, 7, 32, 25, 44, 16, 9, 8, 49, 34, 35, 11, 26, 29, 48, 41, 19, 46, 30, 2, 14, 52, 27, 28, 3, 18, 22]

Individual 66:
  Route length: 22466
  Contribution to Diversity: 0.002356648132415984
  Route: [1, 6, 46, 44, 5, 15, 26, 47, 28, 3, 18, 43, 33, 45, 17, 49, 41, 19, 37, 40, 48, 8, 9, 38, 35, 36, 12, 50, 39, 32, 4, 25, 52, 14, 13, 24, 42, 20, 11, 51, 7, 31, 21, 27, 34, 2, 23, 30, 10, 29, 16, 22]

Individual 67:
  Route length: 22495
  Contribution to Diversity: 4.936493406759723e-05
  Route: [39, 36, 12, 33, 27, 13, 49, 16, 42, 7, 2, 20, 32, 10, 9, 26, 24, 5, 19, 35, 38, 4, 46, 14, 52, 11, 34, 30, 23, 31, 25, 47, 1, 45, 21, 17, 18, 29, 37, 44, 43, 48, 8, 51, 50, 28, 3, 6, 15, 41, 40, 22]

Individual 68:
  Route length: 22071
  Contribution to Diversity: 0.001376314644619292
  Route: [39, 24, 33, 21, 29, 25, 37, 6, 38, 44, 49, 12, 19, 7, 42, 28, 3, 2, 35, 34, 4, 17, 43, 15, 41, 48, 40, 46, 50, 16, 8, 9, 10, 36, 26, 27, 13, 14, 52, 18, 1, 30, 23, 20, 31, 47, 11, 51, 45, 32, 5, 22]

Individual 69:
  Route length: 22248
  Contribution to Diversity: 0.0012050885480388018
  Route: [39, 1, 47, 11, 49, 15, 5, 12, 20, 23, 30, 26, 13, 14, 36, 3, 41, 43, 17, 32, 45, 40, 46, 25, 10, 9, 8, 16, 27, 52, 28, 37, 2, 24, 33, 21, 29, 50, 42, 7, 35, 18, 51, 4, 19, 34, 44, 38, 6, 48, 31, 22]

Individual 70:
  Route length: 22504
  Contribution to Diversity: 0.003952227618937876
  Route: [16, 24, 43, 10, 31, 46, 25, 12, 14, 52, 34, 41, 8, 5, 2, 3, 27, 28, 47, 19, 15, 29, 32, 49, 1, 4, 6, 30, 33, 51, 44, 35, 11, 26, 13, 48, 39, 40, 37, 38, 36, 45, 42, 21, 17, 23, 7, 9, 20, 50, 18, 22]

Individual 71:
  Route length: 17949
  Contribution to Diversity: 0.0017330912941311283
  Route: [31, 5, 28, 27, 12, 51, 8, 43, 33, 47, 26, 16, 29, 35, 23, 6, 46, 34, 30, 48, 38, 37, 40, 7, 2, 41, 32, 39, 44, 24, 11, 52, 14, 13, 36, 49, 9, 10, 15, 1, 19, 45, 4, 25, 21, 42, 18, 3, 17, 20, 50, 22]

Individual 72:
  Route length: 22510
  Contribution to Diversity: 0.002089633127244639
  Route: [9, 35, 4, 6, 11, 51, 41, 8, 23, 13, 14, 30, 36, 19, 10, 12, 38, 37, 40, 39, 24, 48, 18, 17, 3, 44, 2, 7, 49, 20, 45, 32, 42, 21, 50, 25, 52, 34, 15, 5, 29, 47, 28, 46, 1, 33, 43, 16, 31, 26, 27, 22]

Individual 73:
  Route length: 21911
  Contribution to Diversity: 1.4818809960459589e-05
  Route: [36, 33, 4, 27, 14, 13, 26, 47, 35, 11, 16, 10, 18, 31, 37, 1, 8, 41, 24, 6, 51, 39, 45, 48, 2, 42, 21, 17, 3, 7, 23, 43, 28, 40, 15, 19, 32, 49, 5, 9, 52, 30, 44, 34, 38, 20, 50, 29, 46, 25, 12, 22]

Individual 74:
  Route length: 22577
  Contribution to Diversity: 0.002613604293173921
  Route: [1, 6, 19, 12, 24, 25, 18, 32, 45, 15, 31, 13, 51, 11, 14, 40, 49, 2, 30, 46, 26, 27, 28, 39, 4, 37, 47, 52, 5, 7, 8, 33, 34, 23, 50, 9, 41, 48, 35, 3, 10, 43, 17, 21, 42, 29, 16, 44, 20, 36, 38, 22]

Individual 75:
  Route length: 22513
  Contribution to Diversity: 0.0007430507925274554
  Route: [1, 43, 7, 10, 2, 29, 16, 46, 32, 20, 44, 26, 47, 34, 36, 33, 51, 11, 52, 14, 39, 24, 48, 18, 9, 8, 45, 40, 38, 42, 23, 4, 25, 37, 27, 28, 12, 19, 41, 13, 30, 49, 5, 21, 35, 31, 3, 17, 6, 50, 15, 22]

Individual 76:
  Route length: 22040
  Contribution to Diversity: 0.0018853965651732807
  Route: [24, 40, 33, 11, 29, 31, 27, 52, 28, 47, 26, 37, 12, 19, 10, 45, 21, 7, 35, 16, 2, 48, 38, 43, 9, 8, 41, 50, 25, 4, 6, 20, 32, 18, 42, 23, 14, 13, 30, 49, 5, 1, 36, 39, 46, 17, 3, 51, 15, 34, 44, 22]

Individual 77:
  Route length: 20976
  Contribution to Diversity: 0.00038021116526643084
  Route: [37, 48, 6, 16, 31, 51, 33, 40, 47, 13, 17, 1, 23, 30, 7, 21, 45, 2, 18, 3, 43, 19, 15, 20, 50, 29, 5, 39, 26, 27, 52, 24, 41, 8, 9, 10, 42, 35, 34, 49, 32, 4, 25, 12, 36, 11, 14, 28, 44, 46, 38, 22]

Individual 78:
  Route length: 21492
  Contribution to Diversity: 0.0005009982857062667
  Route: [37, 50, 20, 15, 19, 43, 3, 18, 2, 45, 21, 7, 30, 23, 1, 17, 13, 47, 40, 33, 51, 31, 16, 6, 48, 29, 5, 39, 26, 27, 52, 24, 41, 8, 9, 10, 42, 35, 34, 49, 32, 4, 25, 12, 36, 11, 14, 28, 44, 46, 38, 22]

Individual 79:
  Route length: 20597
  Contribution to Diversity: 0
  Route: [1, 49, 40, 29, 25, 5, 28, 50, 9, 3, 30, 2, 7, 42, 21, 36, 35, 37, 32, 51, 33, 43, 10, 47, 14, 44, 34, 23, 46, 16, 52, 20, 12, 11, 26, 13, 38, 27, 17, 48, 24, 4, 41, 8, 19, 45, 39, 6, 15, 18, 31, 22]

Individual 80:
  Route length: 22452
  Contribution to Diversity: 0
  Route: [46, 44, 34, 30, 23, 51, 25, 9, 8, 5, 37, 15, 13, 27, 4, 43, 33, 16, 29, 26, 40, 47, 50, 2, 7, 31, 18, 20, 39, 36, 17, 1, 49, 35, 28, 12, 52, 11, 48, 41, 6, 42, 21, 38, 10, 19, 45, 32, 14, 3, 24, 22]

Individual 81:
  Route length: 22159
  Contribution to Diversity: 0.0007657599500294765
  Route: [39, 36, 20, 50, 34, 12, 25, 11, 51, 29, 16, 46, 40, 26, 33, 38, 41, 30, 35, 37, 15, 8, 19, 28, 5, 13, 14, 52, 43, 49, 21, 45, 42, 10, 9, 27, 17, 3, 18, 31, 23, 7, 2, 6, 48, 24, 32, 4, 47, 1, 44, 22]

Individual 82:
  Route length: 20412
  Contribution to Diversity: 0
  Route: [1, 49, 40, 29, 25, 5, 28, 50, 9, 3, 30, 2, 7, 42, 21, 36, 35, 37, 32, 51, 33, 43, 10, 39, 45, 19, 8, 41, 4, 24, 48, 17, 27, 38, 13, 26, 11, 12, 20, 52, 16, 46, 23, 34, 44, 14, 47, 6, 15, 18, 31, 22]

Individual 83:
  Route length: 22567
  Contribution to Diversity: 0
  Route: [46, 44, 34, 30, 23, 51, 5, 37, 15, 13, 27, 4, 43, 33, 16, 29, 26, 40, 47, 50, 2, 7, 31, 18, 20, 39, 36, 17, 1, 49, 35, 28, 12, 52, 11, 48, 41, 6, 42, 21, 9, 25, 10, 19, 45, 32, 14, 3, 8, 38, 24, 22]

Individual 84:
  Route length: 20784
  Contribution to Diversity: 0.0009253419739803093
  Route: [11, 52, 35, 34, 25, 4, 45, 8, 33, 2, 7, 42, 30, 20, 50, 14, 27, 46, 1, 18, 16, 21, 17, 12, 28, 44, 32, 49, 39, 37, 40, 5, 24, 13, 47, 41, 19, 23, 48, 15, 38, 43, 51, 9, 10, 36, 26, 29, 3, 6, 31, 22]

Individual 85:
  Route length: 22038
  Contribution to Diversity: 0.0005826762502065819
  Route: [39, 36, 12, 33, 27, 13, 29, 38, 35, 19, 5, 24, 26, 9, 10, 32, 20, 2, 7, 42, 16, 49, 21, 17, 18, 45, 1, 47, 25, 31, 23, 30, 34, 11, 52, 14, 46, 4, 37, 44, 43, 48, 8, 51, 50, 28, 3, 6, 15, 41, 40, 22]

Individual 86:
  Route length: 22491
  Contribution to Diversity: 0.002820731143279076
  Route: [6, 50, 24, 39, 29, 40, 19, 9, 32, 49, 41, 4, 21, 20, 30, 17, 51, 2, 7, 28, 27, 13, 12, 16, 18, 1, 34, 37, 46, 44, 48, 38, 15, 47, 45, 42, 33, 8, 10, 43, 5, 3, 36, 35, 26, 25, 14, 52, 11, 23, 31, 22]

Individual 87:
  Route length: 22280
  Contribution to Diversity: 0.003848527232514165
  Route: [40, 37, 47, 13, 14, 10, 9, 8, 41, 19, 46, 48, 38, 5, 24, 52, 44, 28, 50, 29, 25, 12, 16, 6, 27, 26, 7, 20, 4, 11, 3, 42, 35, 15, 33, 51, 31, 34, 49, 32, 43, 30, 2, 39, 36, 45, 21, 18, 17, 1, 23, 22]

Individual 88:
  Route length: 21874
  Contribution to Diversity: 0.0002431419103272603
  Route: [1, 8, 15, 6, 20, 30, 48, 38, 37, 41, 49, 32, 36, 35, 4, 25, 12, 39, 33, 50, 2, 14, 51, 40, 23, 11, 18, 31, 19, 45, 16, 29, 46, 34, 28, 47, 13, 44, 5, 9, 10, 43, 27, 26, 52, 7, 42, 21, 17, 3, 24, 22]

Individual 89:
  Route length: 22515
  Contribution to Diversity: 0.0005252953698695606
  Route: [46, 44, 34, 30, 23, 51, 5, 37, 15, 13, 27, 4, 43, 33, 16, 29, 26, 40, 47, 50, 2, 7, 31, 17, 36, 39, 20, 18, 14, 32, 45, 19, 10, 25, 9, 21, 42, 6, 41, 48, 11, 52, 12, 28, 35, 49, 1, 3, 8, 38, 24, 22]

Individual 90:
  Route length: 22344
  Contribution to Diversity: 0.001814190902432955
  Route: [45, 32, 18, 25, 24, 12, 19, 6, 1, 23, 34, 5, 7, 8, 33, 14, 40, 49, 2, 30, 46, 26, 27, 28, 39, 4, 37, 47, 52, 11, 51, 13, 31, 15, 50, 9, 41, 48, 35, 3, 10, 43, 17, 21, 42, 29, 16, 44, 20, 36, 38, 22]

Individual 91:
  Route length: 22607
  Contribution to Diversity: 0.00031279703817777005
  Route: [46, 36, 15, 21, 37, 38, 50, 23, 3, 13, 10, 43, 26, 5, 6, 18, 31, 29, 42, 30, 2, 7, 17, 47, 9, 8, 41, 19, 45, 33, 20, 24, 35, 34, 44, 12, 1, 52, 14, 40, 16, 25, 4, 51, 11, 32, 49, 39, 27, 28, 48, 22]

Individual 92:
  Route length: 20962
  Contribution to Diversity: 0
  Route: [1, 49, 40, 29, 25, 5, 28, 50, 9, 3, 30, 2, 7, 42, 21, 36, 35, 37, 32, 51, 12, 11, 26, 13, 38, 27, 17, 48, 24, 4, 41, 8, 19, 45, 39, 10, 43, 33, 14, 44, 34, 23, 46, 16, 52, 20, 47, 6, 15, 18, 31, 22]

Individual 93:
  Route length: 22395
  Contribution to Diversity: 0.0007669930927685087
  Route: [36, 33, 4, 27, 14, 13, 26, 47, 35, 11, 16, 10, 18, 31, 37, 1, 45, 39, 51, 6, 24, 41, 8, 21, 42, 2, 48, 17, 3, 7, 23, 43, 28, 40, 15, 19, 32, 49, 5, 9, 52, 30, 44, 34, 38, 20, 50, 29, 46, 25, 12, 22]

Individual 94:
  Route length: 21860
  Contribution to Diversity: 0.001076419803826667
  Route: [1, 18, 31, 35, 34, 44, 46, 43, 10, 9, 41, 29, 2, 19, 45, 42, 4, 16, 14, 52, 36, 39, 24, 48, 7, 38, 47, 26, 21, 13, 11, 27, 49, 32, 51, 33, 3, 17, 23, 20, 50, 37, 8, 6, 15, 5, 28, 25, 12, 40, 30, 22]

Individual 95:
  Route length: 22605
  Contribution to Diversity: 0.0018451374457599812
  Route: [18, 3, 31, 12, 46, 39, 38, 37, 25, 4, 6, 50, 20, 24, 48, 35, 34, 40, 29, 42, 15, 21, 17, 2, 30, 14, 7, 47, 45, 16, 19, 41, 8, 9, 32, 49, 36, 1, 13, 23, 43, 44, 10, 33, 52, 28, 5, 51, 11, 26, 27, 22]

Individual 96:
  Route length: 21711
  Contribution to Diversity: 0.0016395245724725171
  Route: [12, 2, 17, 27, 26, 47, 7, 49, 3, 18, 31, 45, 8, 9, 10, 28, 11, 16, 46, 21, 50, 20, 42, 25, 33, 51, 13, 52, 4, 29, 23, 30, 32, 48, 38, 44, 40, 37, 1, 15, 5, 24, 19, 35, 34, 43, 41, 39, 36, 14, 6, 22]

Individual 97:
  Route length: 22214
  Contribution to Diversity: 0.0015503966008694192
  Route: [32, 45, 48, 24, 25, 39, 12, 23, 50, 21, 17, 14, 40, 13, 31, 37, 4, 49, 2, 41, 19, 47, 52, 11, 51, 33, 8, 9, 16, 44, 20, 28, 27, 26, 46, 6, 1, 15, 36, 7, 18, 30, 42, 29, 5, 34, 35, 3, 10, 43, 38, 22]

Individual 98:
  Route length: 21620
  Contribution to Diversity: 0
  Route: [1, 18, 31, 35, 34, 44, 46, 43, 10, 9, 41, 29, 2, 19, 45, 42, 4, 26, 47, 38, 7, 48, 24, 39, 36, 52, 14, 16, 12, 25, 28, 5, 15, 6, 8, 37, 50, 20, 23, 17, 3, 33, 51, 32, 49, 27, 11, 13, 21, 40, 30, 22]

Individual 99:
  Route length: 21914
  Contribution to Diversity: 0.0004092529144594792
  Route: [6, 42, 27, 15, 24, 25, 39, 21, 23, 44, 46, 5, 34, 10, 8, 9, 37, 38, 35, 36, 28, 52, 16, 13, 14, 49, 32, 50, 29, 45, 19, 2, 30, 17, 3, 18, 41, 7, 12, 43, 33, 51, 11, 48, 47, 26, 40, 1, 31, 20, 4, 22]

Total Entropy H: 6.5675090500839515
