Individual 0:
  Route length: 22606
  Contribution to Diversity: 0.001771510569226642
  Route: [6, 9, 12, 47, 26, 32, 46, 17, 2, 7, 41, 8, 48, 19, 39, 16, 13, 14, 36, 49, 1, 25, 52, 28, 29, 40, 33, 43, 27, 50, 35, 51, 11, 10, 45, 44, 23, 21, 42, 3, 18, 38, 37, 34, 5, 15, 30, 24, 20, 31, 4, 22]

Individual 1:
  Route length: 22223
  Contribution to Diversity: 0.001533592872304368
  Route: [41, 19, 17, 21, 1, 43, 12, 4, 39, 42, 29, 14, 30, 47, 9, 23, 3, 10, 31, 40, 37, 38, 36, 25, 16, 33, 51, 28, 52, 13, 6, 32, 34, 49, 46, 50, 15, 18, 20, 44, 24, 11, 27, 26, 35, 5, 48, 8, 2, 7, 45, 22]

Individual 2:
  Route length: 22592
  Contribution to Diversity: 0.0022363369108768794
  Route: [16, 4, 25, 12, 47, 26, 36, 38, 43, 9, 8, 41, 50, 19, 28, 52, 27, 40, 33, 11, 51, 2, 29, 30, 39, 46, 17, 35, 21, 45, 20, 48, 24, 7, 31, 10, 49, 5, 1, 15, 6, 32, 18, 37, 13, 14, 23, 42, 3, 34, 44, 22]

Individual 3:
  Route length: 22578
  Contribution to Diversity: 0.0005213450522703056
  Route: [28, 38, 40, 15, 27, 26, 23, 7, 10, 52, 51, 11, 13, 31, 18, 20, 36, 14, 29, 30, 2, 17, 21, 42, 3, 48, 47, 25, 12, 34, 39, 46, 24, 19, 6, 4, 8, 44, 16, 37, 43, 33, 32, 45, 41, 5, 35, 50, 9, 1, 49, 22]

Individual 4:
  Route length: 22161
  Contribution to Diversity: 0.0013033362453214181
  Route: [43, 33, 41, 31, 18, 49, 34, 51, 5, 38, 28, 10, 29, 8, 9, 11, 46, 50, 3, 1, 48, 4, 35, 27, 19, 36, 23, 16, 20, 30, 7, 2, 14, 13, 52, 47, 12, 26, 39, 17, 21, 44, 15, 37, 24, 40, 42, 25, 6, 45, 32, 22]

Individual 5:
  Route length: 22511
  Contribution to Diversity: 0.001946244390182983
  Route: [3, 23, 34, 48, 36, 2, 27, 28, 12, 51, 14, 17, 18, 24, 20, 16, 26, 37, 39, 8, 19, 41, 21, 1, 15, 25, 13, 43, 9, 10, 5, 30, 31, 29, 11, 52, 4, 47, 50, 38, 46, 42, 7, 32, 45, 40, 6, 49, 33, 44, 35, 22]

Individual 6:
  Route length: 22581
  Contribution to Diversity: 0.001977566063523284
  Route: [1, 5, 23, 3, 50, 15, 34, 51, 26, 12, 11, 33, 45, 32, 21, 52, 27, 25, 35, 38, 47, 13, 8, 9, 10, 4, 41, 44, 46, 16, 19, 42, 17, 48, 6, 43, 49, 29, 37, 36, 18, 40, 14, 24, 39, 28, 30, 2, 7, 20, 31, 22]

Individual 7:
  Route length: 22363
  Contribution to Diversity: 0.0006473452084545528
  Route: [3, 45, 35, 11, 26, 13, 48, 39, 40, 36, 38, 37, 10, 43, 7, 32, 49, 1, 4, 9, 20, 15, 19, 30, 46, 25, 12, 14, 52, 34, 41, 8, 50, 29, 47, 18, 31, 27, 28, 23, 6, 5, 2, 42, 21, 17, 33, 51, 44, 16, 24, 22]

Individual 8:
  Route length: 22421
  Contribution to Diversity: 0.002982959576010913
  Route: [29, 43, 45, 50, 41, 4, 6, 5, 24, 8, 35, 36, 23, 28, 14, 3, 42, 31, 32, 1, 46, 20, 18, 48, 2, 7, 38, 19, 17, 30, 49, 44, 16, 9, 10, 27, 26, 13, 37, 39, 34, 25, 33, 51, 47, 11, 52, 12, 21, 40, 15, 22]

Individual 9:
  Route length: 22482
  Contribution to Diversity: 0.00303399845470409
  Route: [42, 21, 36, 43, 4, 27, 13, 37, 15, 29, 26, 49, 41, 24, 5, 16, 50, 44, 33, 9, 31, 17, 1, 7, 40, 28, 12, 10, 48, 25, 32, 45, 19, 23, 30, 2, 47, 46, 39, 20, 18, 14, 11, 52, 51, 34, 6, 35, 38, 8, 3, 22]

Individual 10:
  Route length: 22625
  Contribution to Diversity: 0.002289767941103804
  Route: [1, 37, 38, 32, 9, 4, 31, 19, 40, 20, 29, 16, 50, 35, 48, 24, 23, 3, 17, 45, 26, 27, 28, 52, 51, 39, 41, 34, 42, 11, 13, 14, 8, 36, 12, 47, 30, 5, 10, 21, 43, 18, 7, 2, 49, 44, 15, 46, 25, 6, 33, 22]

Individual 11:
  Route length: 22613
  Contribution to Diversity: 0.0011768257874766874
  Route: [39, 11, 13, 9, 8, 45, 34, 35, 48, 3, 40, 18, 17, 2, 21, 19, 41, 30, 32, 44, 36, 6, 24, 10, 31, 23, 5, 52, 27, 51, 29, 38, 15, 28, 4, 16, 25, 12, 14, 47, 26, 20, 37, 50, 43, 33, 42, 1, 49, 7, 46, 22]

Individual 12:
  Route length: 22593
  Contribution to Diversity: 0.002358757578715398
  Route: [4, 33, 42, 18, 40, 3, 51, 26, 43, 10, 13, 7, 2, 30, 32, 39, 36, 17, 21, 50, 23, 52, 14, 34, 25, 38, 37, 29, 44, 45, 41, 19, 20, 24, 15, 9, 6, 48, 46, 35, 8, 1, 49, 16, 5, 27, 28, 12, 11, 47, 31, 22]

Individual 13:
  Route length: 22511
  Contribution to Diversity: 0.001156851369968237
  Route: [28, 38, 5, 42, 43, 33, 51, 48, 17, 49, 32, 24, 50, 3, 1, 40, 29, 44, 37, 36, 23, 31, 18, 46, 10, 41, 12, 26, 39, 19, 27, 6, 11, 9, 8, 34, 21, 30, 7, 2, 16, 20, 14, 13, 52, 47, 25, 45, 35, 15, 4, 22]

Individual 14:
  Route length: 22531
  Contribution to Diversity: 0.0007650839368791296
  Route: [32, 10, 39, 3, 18, 37, 34, 29, 16, 35, 4, 20, 40, 1, 28, 47, 26, 15, 5, 25, 52, 14, 11, 51, 7, 31, 21, 6, 2, 17, 45, 33, 43, 8, 9, 38, 36, 24, 42, 30, 48, 13, 46, 23, 12, 50, 44, 27, 19, 41, 49, 22]

Individual 15:
  Route length: 22331
  Contribution to Diversity: 0.0007579833844513217
  Route: [32, 10, 43, 33, 45, 17, 2, 6, 21, 31, 7, 51, 27, 44, 50, 12, 8, 9, 38, 36, 24, 42, 30, 48, 13, 46, 23, 39, 3, 18, 37, 34, 29, 16, 35, 4, 20, 40, 1, 28, 47, 26, 15, 5, 25, 14, 52, 11, 41, 19, 49, 22]

Individual 16:
  Route length: 22352
  Contribution to Diversity: 0.0022769982088766128
  Route: [7, 1, 17, 31, 9, 33, 25, 2, 30, 23, 19, 45, 32, 51, 48, 46, 39, 20, 18, 14, 11, 52, 15, 29, 35, 6, 34, 41, 24, 5, 16, 50, 44, 12, 28, 40, 10, 37, 42, 21, 36, 43, 4, 27, 13, 47, 26, 49, 8, 38, 3, 22]

Individual 17:
  Route length: 22464
  Contribution to Diversity: 0.0011659380070883074
  Route: [6, 50, 49, 23, 31, 32, 9, 1, 15, 41, 19, 11, 52, 14, 25, 39, 24, 2, 7, 38, 40, 45, 26, 35, 28, 27, 13, 12, 16, 21, 47, 36, 37, 34, 29, 18, 3, 5, 43, 10, 8, 33, 42, 30, 20, 51, 48, 44, 4, 46, 17, 22]

Individual 18:
  Route length: 22606
  Contribution to Diversity: 0.002412415573731508
  Route: [40, 31, 23, 26, 37, 33, 46, 34, 41, 16, 30, 18, 29, 25, 13, 14, 52, 49, 39, 35, 36, 9, 10, 11, 28, 6, 51, 48, 44, 24, 1, 7, 19, 5, 15, 21, 2, 42, 17, 3, 8, 20, 32, 43, 45, 12, 47, 50, 27, 38, 4, 22]

Individual 19:
  Route length: 22547
  Contribution to Diversity: 0.00029000400823164796
  Route: [26, 50, 36, 46, 4, 43, 52, 14, 6, 33, 8, 19, 48, 24, 34, 9, 10, 42, 45, 1, 47, 37, 15, 5, 28, 51, 13, 38, 32, 2, 7, 23, 16, 29, 12, 39, 40, 49, 20, 27, 25, 11, 41, 30, 35, 21, 31, 18, 3, 17, 44, 22]

Individual 20:
  Route length: 22577
  Contribution to Diversity: 0.0006075288134042012
  Route: [34, 19, 45, 2, 23, 3, 12, 27, 26, 20, 31, 32, 42, 7, 5, 38, 17, 46, 39, 51, 33, 11, 52, 14, 37, 24, 15, 50, 47, 28, 49, 40, 4, 25, 1, 6, 43, 16, 29, 9, 8, 48, 44, 36, 35, 21, 18, 30, 10, 13, 41, 22]

Individual 21:
  Route length: 22051
  Contribution to Diversity: 0.002028818880380534
  Route: [17, 7, 2, 30, 9, 10, 8, 36, 39, 14, 49, 26, 38, 24, 33, 11, 50, 20, 41, 37, 35, 42, 18, 3, 4, 15, 34, 6, 23, 29, 21, 16, 19, 13, 47, 12, 28, 43, 51, 5, 48, 25, 40, 1, 32, 45, 52, 27, 46, 44, 31, 22]

Individual 22:
  Route length: 22543
  Contribution to Diversity: 0.0018340249119077612
  Route: [17, 13, 52, 25, 37, 15, 23, 44, 28, 47, 51, 36, 39, 26, 12, 14, 27, 20, 34, 50, 2, 7, 49, 5, 35, 31, 18, 38, 45, 19, 46, 4, 11, 48, 30, 21, 9, 3, 32, 42, 6, 41, 1, 40, 8, 10, 43, 33, 16, 29, 24, 22]

Individual 23:
  Route length: 22259
  Contribution to Diversity: 0.001307603977553029
  Route: [2, 7, 17, 10, 43, 31, 16, 30, 19, 24, 44, 42, 38, 4, 25, 12, 28, 36, 29, 50, 37, 46, 15, 49, 51, 47, 41, 20, 8, 1, 32, 27, 26, 14, 13, 52, 6, 5, 34, 35, 48, 33, 39, 18, 23, 40, 45, 3, 9, 11, 21, 22]

Individual 24:
  Route length: 22418
  Contribution to Diversity: 0.0020732024294147777
  Route: [2, 7, 17, 10, 43, 31, 16, 30, 19, 24, 44, 42, 38, 4, 25, 46, 37, 50, 29, 36, 28, 12, 32, 1, 8, 20, 41, 47, 51, 49, 15, 27, 26, 14, 13, 52, 6, 5, 34, 35, 48, 33, 39, 18, 23, 40, 45, 3, 9, 11, 21, 22]

Individual 25:
  Route length: 22333
  Contribution to Diversity: 0.002024755768886166
  Route: [29, 35, 17, 7, 42, 32, 10, 9, 45, 8, 14, 38, 46, 11, 21, 44, 19, 12, 16, 36, 37, 3, 5, 20, 23, 49, 40, 39, 41, 25, 51, 52, 27, 28, 15, 13, 47, 48, 4, 6, 24, 34, 50, 1, 18, 43, 33, 26, 2, 30, 31, 22]

Individual 26:
  Route length: 22010
  Contribution to Diversity: 0.0008691842042249931
  Route: [48, 20, 2, 42, 50, 3, 34, 43, 35, 19, 16, 21, 36, 39, 41, 24, 32, 30, 23, 5, 14, 29, 44, 40, 37, 1, 49, 11, 7, 25, 12, 18, 31, 45, 8, 9, 10, 28, 27, 26, 47, 13, 52, 4, 46, 17, 6, 51, 33, 15, 38, 22]

Individual 27:
  Route length: 22608
  Contribution to Diversity: 0.004266629163915958
  Route: [19, 35, 34, 12, 28, 27, 44, 31, 1, 2, 30, 51, 11, 52, 17, 29, 47, 16, 10, 43, 33, 45, 4, 38, 37, 6, 24, 48, 21, 26, 46, 9, 14, 13, 5, 15, 36, 42, 25, 8, 3, 20, 23, 7, 50, 39, 40, 49, 18, 41, 32, 22]

Individual 28:
  Route length: 21930
  Contribution to Diversity: 0.002724726315834758
  Route: [40, 5, 15, 23, 31, 44, 48, 11, 28, 6, 45, 43, 33, 37, 26, 32, 20, 8, 3, 17, 50, 21, 2, 42, 25, 13, 14, 52, 49, 39, 35, 36, 19, 7, 10, 9, 38, 27, 29, 18, 30, 16, 41, 34, 46, 47, 12, 51, 24, 1, 4, 22]

Individual 29:
  Route length: 22093
  Contribution to Diversity: 0.00013464909633853495
  Route: [29, 35, 51, 25, 44, 16, 9, 18, 3, 28, 27, 52, 14, 2, 15, 47, 30, 46, 23, 50, 1, 39, 40, 38, 12, 11, 26, 21, 7, 42, 19, 41, 8, 49, 34, 17, 13, 33, 10, 43, 45, 20, 6, 4, 36, 31, 5, 24, 37, 32, 48, 22]

Individual 30:
  Route length: 22509
  Contribution to Diversity: 0.0004881931343847512
  Route: [42, 18, 28, 17, 20, 50, 40, 37, 6, 46, 24, 44, 34, 30, 48, 35, 23, 25, 49, 9, 10, 15, 3, 38, 16, 26, 47, 33, 43, 8, 45, 19, 1, 4, 11, 52, 29, 39, 32, 41, 31, 5, 14, 27, 12, 51, 21, 2, 7, 13, 36, 22]

Individual 31:
  Route length: 22533
  Contribution to Diversity: 0.0025171755860391443
  Route: [9, 35, 38, 37, 40, 2, 7, 43, 16, 31, 34, 52, 12, 36, 23, 51, 11, 15, 5, 45, 44, 3, 19, 10, 39, 29, 47, 28, 50, 49, 20, 30, 14, 13, 27, 33, 1, 32, 4, 42, 21, 17, 18, 48, 24, 6, 46, 8, 41, 25, 26, 22]

Individual 32:
  Route length: 22286
  Contribution to Diversity: 0.0017411718823305833
  Route: [1, 36, 28, 18, 3, 17, 42, 46, 44, 4, 25, 16, 23, 37, 49, 12, 24, 48, 27, 43, 38, 13, 14, 52, 5, 35, 10, 7, 20, 21, 11, 33, 47, 26, 19, 41, 8, 9, 45, 29, 40, 39, 32, 34, 15, 51, 50, 30, 2, 31, 6, 22]

Individual 33:
  Route length: 22295
  Contribution to Diversity: 0.002388169817152175
  Route: [6, 7, 2, 30, 15, 45, 19, 44, 35, 28, 27, 32, 8, 10, 34, 43, 33, 11, 51, 49, 38, 46, 16, 31, 37, 5, 24, 41, 18, 3, 47, 26, 52, 14, 42, 29, 23, 21, 4, 20, 1, 9, 39, 25, 36, 48, 17, 40, 50, 12, 13, 22]

Individual 34:
  Route length: 22354
  Contribution to Diversity: 0.0016353254630478986
  Route: [44, 39, 34, 4, 45, 33, 8, 46, 49, 32, 15, 19, 41, 7, 2, 37, 48, 12, 28, 13, 38, 43, 25, 24, 5, 40, 29, 11, 52, 3, 1, 51, 20, 50, 35, 26, 14, 27, 42, 30, 36, 47, 6, 31, 18, 16, 21, 17, 23, 9, 10, 22]

Individual 35:
  Route length: 22038
  Contribution to Diversity: 0.003051960582793889
  Route: [17, 48, 50, 13, 27, 39, 46, 31, 19, 36, 25, 21, 29, 3, 40, 33, 24, 6, 38, 52, 14, 26, 47, 11, 51, 4, 34, 18, 2, 41, 23, 45, 32, 16, 10, 9, 8, 44, 5, 35, 30, 1, 37, 7, 42, 43, 15, 28, 12, 49, 20, 22]

Individual 36:
  Route length: 21510
  Contribution to Diversity: 0
  Route: [17, 20, 47, 28, 27, 21, 30, 29, 25, 51, 15, 37, 44, 14, 42, 32, 38, 24, 41, 45, 48, 34, 1, 49, 7, 2, 50, 5, 35, 26, 12, 16, 33, 13, 52, 46, 4, 11, 39, 36, 40, 43, 6, 10, 8, 19, 9, 23, 3, 31, 18, 22]

Individual 37:
  Route length: 22493
  Contribution to Diversity: 0.0016752400093018593
  Route: [30, 24, 12, 19, 6, 43, 10, 3, 34, 23, 13, 51, 11, 14, 33, 8, 44, 28, 27, 26, 46, 2, 17, 21, 42, 29, 50, 9, 41, 48, 35, 16, 31, 15, 45, 32, 18, 25, 49, 1, 40, 20, 7, 5, 52, 47, 37, 4, 39, 36, 38, 22]

Individual 38:
  Route length: 22578
  Contribution to Diversity: 0.002591728797132653
  Route: [49, 27, 11, 13, 21, 1, 38, 47, 26, 4, 42, 33, 51, 45, 29, 23, 32, 2, 19, 17, 3, 18, 31, 41, 9, 10, 43, 46, 15, 34, 5, 12, 50, 20, 44, 39, 35, 7, 48, 24, 6, 8, 37, 25, 28, 16, 14, 52, 36, 40, 30, 22]

Individual 39:
  Route length: 22205
  Contribution to Diversity: 0.0015527402275177238
  Route: [10, 34, 35, 36, 12, 25, 27, 40, 30, 2, 45, 21, 23, 51, 18, 42, 17, 39, 11, 52, 43, 33, 50, 46, 7, 41, 19, 49, 1, 3, 8, 9, 20, 16, 24, 48, 28, 26, 47, 13, 15, 6, 4, 5, 44, 38, 37, 29, 14, 32, 31, 22]

Individual 40:
  Route length: 22551
  Contribution to Diversity: 0.0037710094399541205
  Route: [24, 16, 44, 18, 15, 25, 27, 47, 26, 30, 2, 42, 7, 31, 38, 23, 3, 28, 45, 32, 8, 9, 43, 14, 52, 48, 13, 20, 5, 33, 51, 10, 1, 11, 17, 21, 41, 19, 34, 50, 4, 6, 35, 39, 36, 12, 46, 49, 29, 37, 40, 22]

Individual 41:
  Route length: 22295
  Contribution to Diversity: 0.001546953906588655
  Route: [34, 6, 35, 26, 51, 11, 14, 52, 43, 40, 46, 16, 39, 38, 24, 48, 27, 36, 42, 45, 21, 49, 31, 18, 3, 17, 10, 25, 44, 1, 47, 13, 30, 41, 5, 20, 50, 32, 33, 9, 37, 2, 7, 23, 12, 28, 19, 8, 15, 29, 4, 22]

Individual 42:
  Route length: 22406
  Contribution to Diversity: 0.000999466837422247
  Route: [24, 29, 19, 42, 7, 20, 35, 40, 9, 10, 43, 4, 8, 39, 41, 25, 52, 50, 32, 5, 45, 36, 46, 14, 13, 47, 17, 44, 48, 31, 1, 21, 2, 30, 23, 38, 51, 34, 37, 6, 11, 26, 15, 33, 49, 3, 12, 28, 27, 16, 18, 22]

Individual 43:
  Route length: 22242
  Contribution to Diversity: 0.0015293086739047723
  Route: [40, 34, 45, 26, 12, 28, 19, 44, 48, 4, 15, 7, 2, 31, 39, 43, 33, 25, 38, 18, 9, 5, 29, 10, 41, 42, 47, 13, 14, 52, 16, 46, 32, 35, 23, 30, 20, 11, 6, 27, 51, 21, 36, 24, 37, 49, 1, 3, 50, 8, 17, 22]

Individual 44:
  Route length: 22595
  Contribution to Diversity: 0.0009757581907923196
  Route: [28, 38, 5, 42, 43, 33, 51, 48, 17, 49, 32, 24, 50, 3, 1, 40, 29, 44, 37, 36, 20, 16, 2, 7, 30, 21, 34, 8, 9, 11, 6, 27, 19, 39, 26, 12, 41, 10, 46, 18, 31, 23, 14, 13, 52, 47, 25, 45, 35, 15, 4, 22]

Individual 45:
  Route length: 22609
  Contribution to Diversity: 0.0027911197488617034
  Route: [51, 26, 3, 1, 15, 21, 17, 18, 23, 30, 41, 44, 34, 13, 45, 40, 37, 4, 33, 12, 36, 46, 52, 14, 29, 25, 9, 10, 32, 20, 2, 7, 42, 16, 49, 6, 38, 35, 19, 5, 28, 50, 31, 8, 48, 43, 39, 11, 27, 47, 24, 22]

Individual 46:
  Route length: 21953
  Contribution to Diversity: 0.002065155927746254
  Route: [32, 49, 24, 36, 25, 6, 11, 39, 17, 21, 23, 16, 40, 28, 29, 12, 26, 52, 34, 45, 31, 19, 35, 1, 3, 50, 44, 38, 18, 5, 33, 47, 10, 46, 43, 37, 20, 30, 48, 27, 13, 14, 51, 8, 9, 41, 42, 2, 7, 15, 4, 22]

Individual 47:
  Route length: 22225
  Contribution to Diversity: 0.0004735117914611564
  Route: [23, 18, 31, 37, 1, 8, 41, 6, 24, 48, 50, 9, 4, 5, 47, 35, 11, 28, 43, 15, 19, 17, 16, 52, 27, 26, 13, 36, 10, 33, 29, 2, 42, 21, 49, 3, 7, 14, 51, 32, 38, 39, 45, 20, 30, 44, 34, 40, 46, 25, 12, 22]

Individual 48:
  Route length: 21940
  Contribution to Diversity: 0.0021697163655103324
  Route: [16, 6, 24, 41, 8, 9, 10, 42, 35, 37, 48, 3, 49, 39, 5, 29, 50, 20, 32, 18, 2, 45, 52, 47, 40, 33, 51, 31, 34, 15, 19, 43, 13, 17, 1, 23, 21, 7, 30, 27, 26, 12, 25, 4, 36, 11, 14, 28, 44, 46, 38, 22]

Individual 49:
  Route length: 22623
  Contribution to Diversity: 8.224988477234518e-05
  Route: [13, 44, 50, 37, 15, 39, 51, 27, 20, 24, 31, 10, 41, 25, 12, 47, 14, 30, 23, 17, 45, 8, 9, 46, 1, 7, 34, 16, 29, 11, 52, 26, 28, 18, 38, 40, 5, 48, 19, 6, 32, 2, 35, 49, 3, 21, 42, 36, 4, 33, 43, 22]

Individual 50:
  Route length: 22607
  Contribution to Diversity: 0.0022181979837210264
  Route: [37, 27, 52, 6, 17, 1, 23, 30, 7, 2, 18, 3, 43, 26, 41, 8, 9, 10, 42, 36, 12, 25, 4, 50, 20, 15, 31, 16, 32, 49, 5, 13, 47, 44, 46, 38, 45, 29, 48, 24, 19, 35, 34, 40, 51, 21, 11, 14, 28, 33, 39, 22]

Individual 51:
  Route length: 22317
  Contribution to Diversity: 0.0007253205385646666
  Route: [36, 33, 4, 27, 14, 13, 26, 47, 35, 11, 28, 40, 15, 19, 17, 21, 42, 31, 18, 10, 16, 25, 46, 29, 50, 20, 38, 34, 44, 30, 52, 45, 37, 12, 43, 23, 7, 9, 1, 39, 51, 6, 24, 3, 2, 41, 8, 5, 49, 32, 48, 22]

Individual 52:
  Route length: 22619
  Contribution to Diversity: 0.003030742771220396
  Route: [37, 29, 1, 32, 8, 23, 44, 5, 40, 16, 30, 50, 2, 14, 51, 36, 45, 19, 11, 20, 6, 15, 46, 38, 48, 35, 12, 25, 4, 31, 39, 33, 3, 24, 13, 47, 28, 34, 49, 41, 18, 43, 10, 9, 27, 26, 52, 7, 42, 21, 17, 22]

Individual 53:
  Route length: 21998
  Contribution to Diversity: 0.0008503850926500078
  Route: [9, 51, 11, 15, 29, 41, 19, 32, 49, 38, 21, 16, 5, 24, 43, 8, 33, 40, 26, 25, 23, 18, 10, 36, 44, 48, 4, 37, 34, 2, 50, 28, 12, 52, 13, 47, 6, 14, 27, 7, 39, 3, 31, 35, 46, 1, 45, 20, 30, 42, 17, 22]

Individual 54:
  Route length: 22093
  Contribution to Diversity: 0.0012451073443067173
  Route: [49, 27, 11, 13, 38, 1, 21, 41, 9, 19, 2, 32, 23, 17, 3, 18, 31, 47, 26, 4, 42, 33, 51, 46, 43, 10, 44, 50, 34, 45, 29, 20, 30, 40, 36, 52, 14, 12, 25, 28, 16, 15, 5, 37, 8, 6, 24, 48, 7, 35, 39, 22]

Individual 55:
  Route length: 22578
  Contribution to Diversity: 0.001256191071748347
  Route: [20, 17, 49, 7, 31, 45, 33, 12, 28, 15, 43, 38, 21, 29, 3, 16, 50, 42, 44, 26, 37, 9, 18, 24, 8, 46, 23, 39, 48, 1, 30, 2, 35, 25, 40, 51, 11, 47, 4, 34, 32, 27, 13, 14, 52, 6, 19, 10, 41, 36, 5, 22]

Individual 56:
  Route length: 21946
  Contribution to Diversity: 0.002484595399345757
  Route: [3, 41, 40, 42, 7, 2, 30, 36, 48, 34, 52, 11, 47, 50, 8, 4, 38, 44, 13, 31, 23, 49, 25, 15, 45, 18, 17, 32, 19, 29, 6, 14, 16, 9, 10, 5, 27, 28, 12, 51, 33, 20, 46, 24, 21, 1, 26, 43, 37, 39, 35, 22]

Individual 57:
  Route length: 22267
  Contribution to Diversity: 0.002576630210641362
  Route: [41, 32, 7, 2, 8, 48, 16, 5, 15, 37, 23, 3, 10, 24, 17, 21, 1, 43, 39, 45, 40, 31, 36, 46, 50, 33, 51, 28, 52, 13, 6, 4, 12, 14, 29, 42, 34, 49, 44, 18, 30, 47, 9, 19, 25, 20, 35, 26, 27, 11, 38, 22]

Individual 58:
  Route length: 22394
  Contribution to Diversity: 0.0022487880437491725
  Route: [3, 1, 48, 50, 9, 8, 41, 31, 18, 24, 52, 11, 13, 26, 27, 51, 20, 36, 43, 4, 12, 6, 23, 47, 32, 45, 35, 17, 16, 39, 29, 44, 7, 25, 28, 10, 19, 37, 14, 15, 38, 49, 21, 42, 2, 30, 33, 40, 34, 5, 46, 22]

Individual 59:
  Route length: 22510
  Contribution to Diversity: 9.788569905477829e-05
  Route: [16, 11, 47, 12, 20, 46, 40, 19, 34, 44, 28, 42, 50, 49, 15, 23, 30, 26, 24, 33, 52, 27, 25, 10, 9, 8, 29, 13, 14, 1, 39, 38, 5, 18, 36, 32, 45, 6, 48, 35, 7, 2, 21, 31, 37, 4, 51, 17, 43, 41, 3, 22]

Individual 60:
  Route length: 22056
  Contribution to Diversity: 0.0021596335435782876
  Route: [1, 25, 29, 40, 14, 26, 11, 12, 51, 32, 36, 41, 9, 50, 47, 5, 46, 49, 44, 23, 4, 24, 18, 27, 45, 31, 52, 28, 13, 48, 34, 17, 19, 8, 10, 39, 38, 6, 15, 16, 3, 30, 2, 7, 20, 35, 37, 33, 43, 21, 42, 22]

Individual 61:
  Route length: 22489
  Contribution to Diversity: 0.0011247351917234027
  Route: [34, 19, 45, 2, 23, 3, 12, 27, 26, 20, 31, 32, 42, 7, 5, 38, 17, 46, 39, 51, 33, 11, 52, 14, 37, 24, 15, 50, 47, 28, 49, 40, 4, 25, 9, 29, 16, 43, 6, 1, 13, 10, 30, 18, 21, 35, 36, 44, 48, 8, 41, 22]

Individual 62:
  Route length: 22273
  Contribution to Diversity: 0.00018419089191912263
  Route: [23, 18, 31, 37, 1, 8, 41, 6, 24, 48, 50, 9, 4, 5, 47, 35, 11, 28, 43, 15, 19, 17, 16, 52, 27, 26, 13, 36, 10, 33, 29, 2, 42, 21, 49, 3, 7, 34, 44, 30, 20, 45, 39, 38, 32, 51, 14, 46, 40, 25, 12, 22]

Individual 63:
  Route length: 22373
  Contribution to Diversity: 0.002893294693492976
  Route: [1, 2, 7, 42, 21, 43, 33, 51, 16, 46, 29, 40, 49, 44, 25, 20, 47, 6, 15, 14, 5, 24, 4, 52, 38, 3, 30, 41, 36, 32, 23, 35, 39, 31, 9, 50, 18, 17, 34, 48, 13, 28, 26, 11, 12, 8, 19, 10, 37, 27, 45, 22]

Individual 64:
  Route length: 22518
  Contribution to Diversity: 0.0015195698962218174
  Route: [26, 50, 36, 46, 4, 43, 52, 14, 6, 33, 8, 19, 48, 49, 40, 39, 12, 29, 16, 23, 7, 2, 32, 38, 13, 51, 28, 5, 15, 37, 47, 1, 45, 42, 10, 9, 34, 24, 35, 30, 41, 11, 25, 27, 20, 21, 31, 18, 3, 17, 44, 22]

Individual 65:
  Route length: 21467
  Contribution to Diversity: 0
  Route: [17, 20, 47, 28, 27, 21, 30, 29, 25, 51, 15, 37, 44, 14, 42, 32, 46, 52, 13, 33, 16, 12, 26, 35, 5, 50, 2, 7, 49, 1, 34, 48, 45, 41, 24, 38, 6, 43, 40, 36, 39, 11, 4, 10, 8, 19, 9, 23, 3, 31, 18, 22]

Individual 66:
  Route length: 22396
  Contribution to Diversity: 9.509743083935263e-05
  Route: [42, 18, 28, 17, 20, 50, 40, 37, 6, 46, 24, 44, 34, 30, 48, 35, 23, 25, 49, 9, 10, 43, 33, 47, 26, 16, 38, 3, 15, 1, 19, 45, 8, 4, 11, 52, 29, 39, 32, 41, 31, 5, 14, 27, 12, 51, 21, 2, 7, 13, 36, 22]

Individual 67:
  Route length: 22469
  Contribution to Diversity: 0.0014825968290583802
  Route: [6, 27, 50, 35, 40, 10, 8, 3, 42, 21, 23, 44, 45, 25, 1, 30, 2, 7, 5, 15, 13, 14, 36, 19, 31, 29, 28, 52, 48, 17, 43, 33, 38, 20, 46, 49, 32, 9, 24, 11, 51, 18, 41, 34, 37, 39, 16, 4, 26, 47, 12, 22]

Individual 68:
  Route length: 22377
  Contribution to Diversity: 0.002325308055805664
  Route: [35, 15, 33, 51, 47, 13, 14, 10, 9, 8, 41, 19, 40, 43, 30, 2, 39, 36, 6, 16, 27, 32, 49, 34, 31, 12, 23, 1, 17, 18, 21, 37, 25, 29, 50, 28, 44, 46, 48, 38, 5, 24, 52, 26, 7, 20, 4, 11, 3, 42, 45, 22]

Individual 69:
  Route length: 21594
  Contribution to Diversity: 0.001645402896699899
  Route: [43, 51, 4, 45, 40, 12, 28, 29, 21, 34, 19, 36, 44, 20, 37, 16, 46, 50, 52, 18, 8, 9, 10, 2, 3, 41, 31, 30, 23, 5, 33, 13, 14, 27, 26, 11, 49, 15, 35, 25, 17, 42, 7, 39, 32, 1, 47, 48, 6, 38, 24, 22]

Individual 70:
  Route length: 22323
  Contribution to Diversity: 0.001095239823414751
  Route: [30, 40, 1, 32, 26, 49, 50, 20, 4, 15, 8, 10, 9, 36, 39, 14, 11, 45, 52, 27, 46, 44, 41, 29, 23, 5, 43, 51, 28, 12, 47, 13, 19, 17, 7, 2, 6, 48, 25, 38, 24, 33, 16, 21, 37, 35, 42, 18, 3, 34, 31, 22]

Individual 71:
  Route length: 21957
  Contribution to Diversity: 0.0026956696195670204
  Route: [3, 18, 30, 2, 4, 6, 10, 38, 49, 31, 36, 40, 39, 23, 47, 12, 20, 29, 50, 19, 32, 7, 42, 13, 45, 46, 25, 14, 52, 27, 28, 35, 43, 21, 17, 26, 11, 51, 33, 16, 34, 15, 41, 48, 24, 1, 37, 44, 8, 9, 5, 22]

Individual 72:
  Route length: 22063
  Contribution to Diversity: 0.003325869158041783
  Route: [39, 44, 1, 43, 4, 25, 41, 13, 51, 19, 18, 30, 42, 37, 17, 45, 8, 9, 32, 34, 7, 21, 40, 5, 15, 31, 24, 49, 35, 46, 16, 36, 48, 33, 3, 26, 27, 47, 2, 11, 52, 14, 12, 28, 10, 38, 6, 23, 20, 29, 50, 22]

Individual 73:
  Route length: 21433
  Contribution to Diversity: 0.0009409345149515858
  Route: [32, 37, 15, 16, 45, 49, 2, 40, 14, 26, 46, 29, 10, 9, 8, 17, 21, 42, 23, 31, 39, 25, 24, 13, 51, 11, 52, 47, 19, 41, 43, 38, 4, 50, 30, 12, 33, 34, 35, 3, 48, 36, 7, 18, 5, 27, 28, 20, 44, 1, 6, 22]

Individual 74:
  Route length: 22422
  Contribution to Diversity: 0.0018902673621123967
  Route: [3, 31, 4, 43, 8, 10, 9, 32, 30, 5, 47, 11, 52, 39, 26, 16, 7, 42, 46, 38, 6, 40, 45, 18, 17, 14, 51, 12, 28, 27, 2, 36, 48, 34, 23, 20, 37, 41, 50, 15, 25, 13, 29, 19, 21, 1, 49, 24, 33, 44, 35, 22]

Individual 75:
  Route length: 20793
  Contribution to Diversity: 0.0005756511721255464
  Route: [49, 15, 20, 44, 25, 10, 9, 18, 36, 30, 42, 50, 40, 37, 6, 39, 45, 19, 1, 4, 23, 8, 26, 16, 17, 46, 29, 35, 48, 38, 31, 5, 3, 21, 2, 7, 13, 47, 27, 28, 51, 12, 11, 33, 43, 24, 41, 32, 14, 52, 34, 22]

Individual 76:
  Route length: 22426
  Contribution to Diversity: 0.00034007670729607753
  Route: [39, 28, 12, 25, 16, 4, 20, 51, 27, 52, 10, 24, 6, 36, 44, 32, 45, 34, 35, 30, 43, 33, 42, 1, 19, 41, 31, 8, 9, 21, 2, 17, 18, 40, 3, 48, 7, 49, 15, 38, 29, 50, 37, 5, 23, 13, 11, 26, 47, 14, 46, 22]

Individual 77:
  Route length: 21920
  Contribution to Diversity: 0.000983582219643786
  Route: [41, 9, 38, 19, 12, 13, 51, 11, 52, 47, 2, 40, 37, 49, 24, 20, 17, 21, 3, 25, 4, 39, 28, 27, 26, 46, 30, 14, 50, 15, 43, 10, 7, 5, 34, 45, 32, 18, 8, 6, 44, 31, 42, 29, 16, 33, 48, 35, 36, 23, 1, 22]

Individual 78:
  Route length: 21909
  Contribution to Diversity: 0.0007547604950399744
  Route: [32, 37, 15, 16, 45, 49, 2, 40, 14, 39, 31, 23, 42, 21, 17, 8, 9, 10, 29, 46, 26, 13, 24, 25, 51, 11, 52, 47, 19, 41, 43, 38, 4, 50, 30, 12, 33, 34, 35, 3, 48, 36, 7, 18, 5, 27, 28, 20, 44, 1, 6, 22]

Individual 79:
  Route length: 22394
  Contribution to Diversity: 0.00018608046881407603
  Route: [16, 11, 47, 12, 20, 46, 40, 19, 34, 44, 28, 42, 50, 49, 15, 27, 52, 33, 24, 26, 30, 23, 45, 32, 36, 18, 5, 38, 39, 1, 14, 13, 29, 8, 9, 10, 25, 6, 48, 35, 7, 2, 21, 31, 37, 4, 51, 17, 43, 41, 3, 22]

Individual 80:
  Route length: 22268
  Contribution to Diversity: 0.000736035419069303
  Route: [36, 33, 4, 27, 14, 13, 26, 47, 35, 11, 28, 40, 18, 31, 42, 21, 17, 19, 15, 32, 49, 5, 8, 41, 2, 3, 1, 39, 51, 6, 24, 45, 37, 12, 43, 23, 7, 9, 52, 30, 44, 34, 38, 20, 50, 29, 46, 25, 16, 10, 48, 22]

Individual 81:
  Route length: 22583
  Contribution to Diversity: 9.287865746365753e-05
  Route: [1, 23, 8, 7, 29, 18, 3, 19, 41, 17, 31, 27, 39, 49, 15, 52, 14, 33, 43, 10, 9, 4, 37, 50, 20, 38, 11, 51, 46, 21, 48, 47, 13, 24, 45, 44, 6, 42, 5, 28, 12, 25, 36, 16, 2, 30, 26, 32, 34, 35, 40, 22]

Individual 82:
  Route length: 21884
  Contribution to Diversity: 0.0016317591452379432
  Route: [34, 4, 6, 17, 2, 7, 3, 29, 37, 46, 44, 48, 5, 18, 16, 41, 8, 33, 42, 45, 1, 47, 15, 50, 26, 23, 11, 52, 14, 25, 49, 30, 20, 21, 19, 9, 39, 24, 40, 38, 28, 27, 13, 12, 10, 43, 32, 36, 35, 51, 31, 22]

Individual 83:
  Route length: 21522
  Contribution to Diversity: 0
  Route: [13, 47, 12, 25, 49, 35, 2, 32, 6, 5, 40, 18, 38, 34, 39, 45, 8, 9, 46, 1, 48, 19, 41, 10, 31, 24, 20, 30, 23, 17, 15, 37, 50, 44, 7, 43, 33, 27, 51, 3, 21, 42, 36, 4, 14, 28, 26, 52, 11, 29, 16, 22]

Individual 84:
  Route length: 22503
  Contribution to Diversity: 0.0023703889827402236
  Route: [35, 34, 31, 47, 45, 12, 14, 27, 8, 30, 20, 49, 32, 7, 17, 3, 52, 11, 5, 40, 50, 41, 19, 37, 38, 16, 48, 23, 10, 9, 46, 42, 2, 1, 18, 44, 6, 33, 51, 43, 36, 24, 15, 21, 4, 25, 13, 26, 28, 29, 39, 22]

Individual 85:
  Route length: 22413
  Contribution to Diversity: 0.0017756265067569998
  Route: [29, 50, 44, 34, 32, 33, 45, 23, 30, 8, 41, 3, 36, 18, 4, 51, 6, 19, 15, 11, 47, 38, 35, 2, 20, 12, 5, 26, 49, 43, 31, 48, 25, 10, 9, 16, 27, 52, 28, 37, 40, 1, 39, 46, 24, 14, 13, 7, 42, 21, 17, 22]

Individual 86:
  Route length: 21391
  Contribution to Diversity: 0.001075440900612179
  Route: [24, 39, 8, 4, 43, 10, 9, 40, 35, 20, 7, 42, 19, 29, 27, 28, 12, 15, 33, 49, 3, 41, 25, 52, 50, 32, 5, 45, 36, 46, 14, 13, 47, 17, 44, 48, 31, 1, 21, 2, 30, 23, 38, 51, 34, 37, 6, 11, 26, 16, 18, 22]

Individual 87:
  Route length: 21807
  Contribution to Diversity: 0
  Route: [1, 23, 8, 7, 29, 27, 31, 17, 41, 19, 3, 18, 42, 5, 28, 12, 25, 36, 16, 30, 2, 44, 6, 37, 4, 9, 10, 43, 33, 14, 52, 15, 49, 39, 32, 26, 45, 24, 13, 47, 48, 21, 46, 51, 11, 38, 20, 50, 34, 35, 40, 22]

Individual 88:
  Route length: 21893
  Contribution to Diversity: 0.001710386543423148
  Route: [44, 4, 12, 13, 40, 34, 28, 10, 16, 49, 29, 3, 1, 41, 8, 9, 39, 48, 47, 51, 11, 52, 5, 19, 31, 7, 50, 23, 17, 33, 26, 27, 21, 42, 2, 30, 46, 20, 36, 43, 25, 37, 14, 6, 15, 38, 24, 45, 32, 18, 35, 22]

Individual 89:
  Route length: 22358
  Contribution to Diversity: 0.0013871792544719597
  Route: [23, 20, 12, 43, 48, 16, 21, 44, 36, 35, 17, 7, 42, 32, 30, 2, 29, 4, 13, 9, 10, 19, 6, 8, 46, 11, 47, 27, 28, 1, 37, 38, 41, 39, 40, 18, 45, 49, 26, 52, 15, 25, 51, 33, 14, 3, 5, 24, 34, 50, 31, 22]

Individual 90:
  Route length: 22564
  Contribution to Diversity: 0.0009461861385338111
  Route: [9, 51, 11, 15, 29, 41, 19, 32, 49, 38, 24, 5, 16, 21, 10, 36, 8, 43, 18, 23, 25, 26, 40, 33, 17, 42, 30, 20, 45, 1, 46, 35, 31, 3, 39, 7, 27, 14, 6, 47, 13, 52, 12, 28, 50, 2, 34, 37, 4, 48, 44, 22]

Individual 91:
  Route length: 21993
  Contribution to Diversity: 0.0006052645623819686
  Route: [1, 21, 7, 50, 31, 45, 29, 2, 26, 19, 5, 20, 33, 39, 6, 34, 11, 51, 28, 27, 47, 42, 23, 48, 24, 9, 8, 41, 35, 4, 15, 10, 36, 44, 18, 40, 25, 43, 38, 12, 49, 30, 13, 14, 52, 37, 16, 46, 17, 3, 32, 22]

Individual 92:
  Route length: 21905
  Contribution to Diversity: 0.0013321528111873704
  Route: [29, 35, 51, 25, 44, 16, 9, 17, 34, 49, 8, 41, 19, 42, 7, 21, 26, 11, 12, 38, 40, 39, 1, 50, 23, 46, 30, 47, 15, 2, 14, 52, 27, 28, 3, 18, 6, 20, 45, 43, 10, 33, 13, 4, 36, 31, 5, 24, 37, 32, 48, 22]

Individual 93:
  Route length: 22515
  Contribution to Diversity: 0.001522000958264158
  Route: [20, 17, 49, 7, 31, 45, 33, 12, 28, 42, 50, 16, 3, 29, 21, 38, 43, 15, 48, 39, 8, 46, 23, 44, 26, 37, 9, 18, 24, 1, 30, 2, 35, 25, 40, 51, 11, 47, 4, 34, 32, 27, 13, 14, 52, 6, 19, 10, 41, 36, 5, 22]

Individual 94:
  Route length: 22035
  Contribution to Diversity: 0.0010426886554872894
  Route: [52, 6, 15, 36, 16, 11, 46, 4, 29, 20, 50, 41, 8, 5, 49, 10, 34, 38, 35, 23, 7, 9, 51, 19, 17, 21, 42, 31, 32, 48, 33, 39, 1, 3, 2, 30, 44, 27, 14, 13, 26, 47, 28, 43, 18, 37, 45, 24, 25, 12, 40, 22]

Individual 95:
  Route length: 21753
  Contribution to Diversity: 0
  Route: [13, 47, 12, 25, 49, 35, 2, 32, 6, 5, 46, 9, 8, 45, 39, 34, 38, 18, 40, 3, 51, 27, 33, 43, 7, 44, 50, 37, 15, 17, 23, 30, 20, 24, 31, 10, 41, 19, 48, 1, 21, 42, 36, 4, 14, 28, 26, 52, 11, 29, 16, 22]

Individual 96:
  Route length: 22165
  Contribution to Diversity: 0.0024548268474360313
  Route: [29, 21, 41, 4, 28, 23, 36, 35, 8, 24, 5, 14, 27, 47, 11, 52, 13, 37, 39, 34, 25, 50, 45, 26, 6, 33, 51, 43, 42, 31, 32, 1, 46, 20, 18, 17, 30, 49, 44, 16, 9, 10, 3, 12, 48, 2, 7, 38, 19, 40, 15, 22]

Individual 97:
  Route length: 21460
  Contribution to Diversity: 0
  Route: [17, 20, 47, 28, 27, 21, 30, 29, 25, 51, 15, 40, 43, 6, 38, 24, 41, 45, 48, 34, 1, 49, 7, 2, 50, 5, 35, 26, 12, 16, 33, 13, 52, 46, 32, 42, 14, 44, 37, 39, 36, 11, 4, 10, 8, 19, 9, 23, 3, 31, 18, 22]

Individual 98:
  Route length: 21997
  Contribution to Diversity: 0.0008577962645848203
  Route: [35, 34, 33, 51, 43, 36, 24, 47, 31, 40, 5, 39, 49, 32, 17, 3, 23, 48, 4, 25, 13, 26, 28, 18, 44, 29, 2, 20, 30, 6, 50, 41, 19, 8, 27, 37, 15, 10, 16, 38, 46, 9, 21, 11, 52, 14, 12, 45, 1, 42, 7, 22]

Individual 99:
  Route length: 21677
  Contribution to Diversity: 0.000301521286088402
  Route: [1, 21, 7, 50, 31, 45, 29, 2, 26, 19, 47, 27, 28, 51, 11, 34, 6, 39, 33, 20, 5, 37, 16, 46, 17, 42, 23, 48, 24, 9, 8, 41, 35, 4, 15, 10, 36, 44, 52, 14, 13, 30, 49, 12, 38, 43, 25, 40, 18, 3, 32, 22]

Total Entropy H: 6.796068934495231
