Individual 0:
  Route length: 9376
  Contribution to Diversity: 0.012376801155246753
  Route: [1, 49, 41, 19, 45, 32, 34, 35, 40, 39, 36, 44, 46, 38, 24, 37, 5, 15, 6, 4, 8, 9, 10, 33, 43, 48, 25, 26, 27, 28, 12, 51, 11, 52, 14, 13, 47, 16, 29, 50, 20, 23, 30, 2, 7, 42, 21, 17, 3, 18, 31, 22]

Individual 1:
  Route length: 9409
  Contribution to Diversity: 0.009814044806988775
  Route: [1, 49, 18, 3, 8, 9, 10, 43, 33, 51, 11, 52, 14, 13, 47, 26, 27, 28, 12, 25, 4, 5, 15, 6, 39, 24, 34, 44, 32, 36, 38, 48, 37, 46, 16, 29, 50, 20, 23, 30, 2, 7, 42, 21, 17, 45, 19, 41, 40, 35, 31, 22]

Individual 2:
  Route length: 9379
  Contribution to Diversity: 0.0021822974422338604
  Route: [1, 49, 32, 44, 24, 40, 39, 31, 34, 46, 16, 29, 50, 20, 23, 30, 2, 7, 42, 17, 21, 3, 8, 9, 10, 43, 33, 51, 11, 52, 14, 13, 47, 26, 27, 28, 12, 25, 4, 6, 15, 5, 37, 35, 36, 48, 38, 45, 19, 41, 18, 22]

Individual 3:
  Route length: 9363
  Contribution to Diversity: 0.011144924542120016
  Route: [1, 17, 21, 42, 2, 7, 30, 23, 20, 50, 29, 16, 24, 5, 46, 38, 44, 49, 32, 45, 19, 41, 8, 9, 10, 43, 33, 51, 11, 52, 14, 13, 47, 26, 27, 28, 12, 25, 48, 35, 40, 34, 4, 15, 6, 37, 39, 36, 18, 31, 3, 22]

Individual 4:
  Route length: 9374
  Contribution to Diversity: 0.0019400863060514695
  Route: [32, 37, 44, 38, 40, 5, 15, 6, 4, 25, 12, 28, 27, 26, 47, 13, 14, 52, 11, 51, 33, 43, 10, 9, 8, 41, 19, 45, 49, 1, 31, 23, 50, 20, 29, 16, 46, 48, 24, 3, 36, 39, 34, 35, 21, 30, 2, 7, 42, 17, 18, 22]

Individual 5:
  Route length: 9340
  Contribution to Diversity: 0.006323770412120844
  Route: [18, 1, 44, 23, 50, 20, 29, 16, 46, 34, 39, 37, 38, 35, 36, 5, 15, 6, 48, 24, 4, 25, 12, 28, 27, 26, 47, 13, 14, 52, 11, 51, 33, 43, 10, 9, 8, 41, 19, 45, 31, 21, 30, 2, 7, 42, 17, 32, 49, 40, 3, 22]

Individual 6:
  Route length: 9384
  Contribution to Diversity: 0.008294314305490325
  Route: [32, 23, 50, 29, 20, 16, 46, 34, 44, 49, 36, 39, 35, 45, 19, 41, 8, 9, 10, 43, 33, 51, 11, 52, 14, 13, 47, 26, 27, 28, 12, 25, 4, 24, 5, 15, 6, 48, 38, 37, 40, 3, 1, 18, 31, 42, 7, 2, 30, 21, 17, 22]

Individual 7:
  Route length: 9398
  Contribution to Diversity: 0.013819740371628697
  Route: [1, 49, 35, 34, 44, 46, 16, 29, 50, 30, 23, 20, 21, 17, 42, 2, 7, 31, 3, 18, 43, 33, 51, 11, 52, 13, 14, 47, 26, 27, 28, 12, 4, 25, 6, 24, 5, 40, 37, 15, 48, 38, 36, 39, 45, 19, 10, 9, 8, 41, 32, 22]

Individual 8:
  Route length: 9382
  Contribution to Diversity: 0.010403070524416691
  Route: [1, 49, 32, 45, 19, 41, 8, 9, 10, 43, 33, 51, 11, 52, 14, 13, 47, 26, 27, 28, 16, 20, 50, 29, 18, 3, 17, 21, 42, 7, 2, 30, 23, 31, 36, 35, 34, 37, 24, 39, 25, 12, 4, 6, 15, 5, 38, 48, 40, 44, 46, 22]

Individual 9:
  Route length: 9344
  Contribution to Diversity: 0.007749184886415961
  Route: [1, 49, 36, 35, 37, 48, 44, 24, 40, 38, 32, 19, 41, 45, 17, 21, 42, 7, 2, 30, 23, 20, 50, 29, 16, 46, 34, 31, 39, 5, 15, 6, 4, 25, 12, 28, 27, 26, 47, 13, 14, 52, 11, 51, 33, 43, 10, 9, 8, 3, 18, 22]

Individual 10:
  Route length: 9378
  Contribution to Diversity: 0.003890441314053028
  Route: [1, 49, 32, 45, 19, 41, 8, 9, 10, 43, 33, 51, 11, 52, 14, 13, 47, 26, 27, 28, 12, 25, 44, 4, 15, 6, 34, 40, 39, 36, 35, 38, 37, 48, 24, 5, 46, 50, 20, 23, 30, 2, 7, 42, 21, 17, 29, 16, 18, 31, 3, 22]

Individual 11:
  Route length: 9409
  Contribution to Diversity: 0.0138393730790769
  Route: [49, 39, 21, 2, 7, 42, 30, 23, 20, 50, 29, 16, 51, 11, 52, 14, 13, 47, 26, 27, 28, 12, 25, 4, 6, 37, 40, 5, 15, 24, 38, 36, 35, 34, 1, 32, 45, 19, 41, 8, 9, 10, 33, 43, 48, 46, 44, 17, 3, 18, 31, 22]

Individual 12:
  Route length: 9404
  Contribution to Diversity: 0.010914888898128083
  Route: [1, 18, 23, 50, 20, 29, 16, 34, 46, 35, 36, 39, 37, 38, 5, 15, 6, 48, 24, 4, 25, 12, 28, 27, 26, 47, 13, 14, 52, 11, 51, 33, 43, 10, 9, 8, 41, 19, 45, 31, 21, 30, 2, 7, 42, 17, 32, 3, 40, 49, 44, 22]

Individual 13:
  Route length: 9420
  Contribution to Diversity: 0.011334269681293918
  Route: [1, 49, 35, 34, 44, 46, 16, 29, 50, 30, 20, 31, 32, 41, 8, 9, 10, 45, 19, 48, 38, 36, 39, 40, 37, 15, 5, 24, 6, 4, 25, 12, 28, 27, 26, 47, 13, 14, 52, 11, 51, 33, 43, 18, 3, 17, 21, 7, 2, 42, 23, 22]

Individual 14:
  Route length: 9378
  Contribution to Diversity: 0.006679152660757026
  Route: [46, 44, 34, 35, 48, 38, 36, 39, 40, 37, 15, 5, 24, 6, 4, 25, 12, 28, 27, 26, 47, 14, 13, 52, 11, 51, 33, 43, 45, 19, 10, 9, 8, 41, 32, 49, 1, 20, 23, 30, 50, 29, 16, 21, 17, 42, 2, 7, 31, 3, 18, 22]

Individual 15:
  Route length: 9427
  Contribution to Diversity: 0.00742265022809363
  Route: [1, 34, 35, 40, 39, 36, 37, 6, 4, 25, 12, 28, 27, 26, 47, 13, 14, 52, 11, 51, 33, 43, 38, 49, 17, 21, 2, 7, 42, 30, 23, 20, 50, 29, 16, 46, 15, 5, 24, 48, 32, 45, 19, 41, 8, 9, 10, 44, 3, 18, 31, 22]

Individual 16:
  Route length: 9361
  Contribution to Diversity: 0
  Route: [1, 19, 45, 32, 49, 37, 40, 39, 36, 34, 35, 38, 48, 24, 5, 33, 43, 15, 4, 6, 46, 25, 12, 28, 27, 26, 47, 13, 14, 52, 11, 51, 10, 9, 8, 41, 44, 16, 29, 50, 20, 23, 30, 2, 7, 42, 21, 17, 3, 18, 31, 22]

Individual 17:
  Route length: 9366
  Contribution to Diversity: 0.0011013425736097204
  Route: [1, 19, 45, 32, 49, 37, 40, 39, 36, 34, 41, 8, 9, 10, 51, 11, 52, 14, 13, 47, 26, 27, 28, 12, 25, 46, 6, 4, 15, 43, 33, 5, 24, 48, 38, 35, 44, 16, 29, 50, 20, 23, 30, 2, 7, 42, 21, 17, 3, 18, 31, 22]

Individual 18:
  Route length: 9398
  Contribution to Diversity: 0.005259883015921396
  Route: [32, 37, 44, 29, 20, 50, 23, 31, 1, 49, 45, 19, 41, 8, 9, 10, 43, 33, 51, 11, 52, 14, 13, 47, 26, 27, 28, 12, 25, 4, 6, 15, 5, 40, 38, 24, 48, 46, 16, 3, 36, 39, 34, 35, 21, 30, 2, 7, 42, 17, 18, 22]

Individual 19:
  Route length: 9370
  Contribution to Diversity: 0.010305391492797078
  Route: [1, 49, 10, 9, 8, 41, 19, 43, 33, 51, 11, 52, 14, 13, 47, 26, 27, 28, 12, 25, 4, 6, 15, 5, 24, 48, 34, 44, 46, 40, 37, 38, 39, 36, 35, 45, 32, 17, 3, 18, 21, 42, 7, 2, 30, 31, 20, 23, 16, 29, 50, 22]

Total Entropy H: 4.8911625857727845
