Individual 0:
  Route length: 15038
  Contribution to Diversity: 0.033018540419134546
  Route: [40, 9, 42, 2, 7, 30, 20, 29, 46, 6, 16, 31, 50, 34, 37, 49, 38, 24, 5, 43, 33, 39, 36, 19, 10, 45, 41, 17, 1, 23, 21, 3, 35, 44, 32, 18, 48, 15, 4, 51, 11, 52, 13, 47, 28, 26, 27, 14, 12, 25, 8, 22]

Individual 1:
  Route length: 14949
  Contribution to Diversity: 0.02004124977382027
  Route: [20, 26, 28, 14, 12, 27, 47, 13, 52, 11, 51, 33, 9, 43, 50, 16, 36, 34, 29, 23, 32, 17, 2, 7, 42, 5, 48, 38, 35, 37, 24, 46, 25, 45, 18, 40, 39, 3, 10, 15, 6, 4, 41, 8, 19, 31, 30, 21, 49, 44, 1, 22]

Individual 2:
  Route length: 15076
  Contribution to Diversity: 0.012733429478733349
  Route: [21, 50, 20, 1, 49, 32, 9, 10, 43, 7, 30, 18, 8, 41, 17, 31, 3, 4, 5, 35, 34, 36, 19, 47, 13, 14, 52, 11, 51, 33, 37, 39, 48, 46, 26, 27, 28, 12, 25, 45, 40, 44, 24, 16, 29, 42, 2, 23, 38, 6, 15, 22]

Individual 3:
  Route length: 15080
  Contribution to Diversity: 0.01791240146281492
  Route: [41, 10, 9, 19, 49, 43, 8, 30, 23, 20, 37, 48, 38, 12, 5, 51, 33, 40, 15, 25, 6, 4, 24, 16, 47, 26, 27, 28, 13, 14, 52, 11, 35, 32, 7, 42, 21, 3, 17, 1, 31, 18, 45, 29, 2, 50, 44, 46, 34, 39, 36, 22]

Individual 4:
  Route length: 15017
  Contribution to Diversity: 0.018067435876441884
  Route: [34, 15, 43, 10, 5, 44, 19, 39, 46, 49, 17, 30, 7, 2, 42, 21, 18, 1, 20, 23, 35, 3, 24, 48, 38, 36, 45, 9, 33, 25, 12, 28, 27, 26, 14, 13, 52, 11, 51, 47, 16, 31, 40, 8, 41, 6, 37, 4, 29, 50, 32, 22]

Individual 5:
  Route length: 15074
  Contribution to Diversity: 0.01912446294772696
  Route: [31, 5, 34, 3, 17, 1, 50, 20, 18, 9, 8, 41, 45, 43, 6, 10, 46, 23, 29, 30, 2, 7, 42, 21, 38, 16, 12, 52, 14, 13, 47, 26, 27, 28, 33, 19, 39, 25, 24, 36, 44, 15, 11, 51, 4, 48, 32, 49, 35, 40, 37, 22]

Individual 6:
  Route length: 15028
  Contribution to Diversity: 0.014226711590718644
  Route: [44, 35, 6, 28, 12, 52, 14, 13, 47, 26, 27, 11, 51, 33, 41, 3, 18, 49, 19, 17, 21, 2, 31, 10, 36, 37, 40, 4, 23, 30, 46, 34, 39, 25, 15, 24, 16, 50, 29, 42, 7, 1, 20, 5, 38, 48, 45, 43, 8, 9, 32, 22]

Individual 7:
  Route length: 15011
  Contribution to Diversity: 0.02469503654417249
  Route: [49, 35, 32, 46, 37, 13, 47, 14, 28, 26, 27, 11, 52, 51, 25, 6, 5, 36, 20, 30, 7, 42, 18, 1, 38, 34, 29, 12, 43, 24, 2, 21, 31, 45, 17, 3, 19, 41, 8, 9, 10, 33, 44, 15, 48, 39, 40, 4, 50, 16, 23, 22]

Individual 8:
  Route length: 15078
  Contribution to Diversity: 0.011612511812939097
  Route: [3, 41, 43, 8, 9, 10, 15, 38, 34, 39, 49, 36, 32, 40, 1, 44, 50, 42, 2, 7, 30, 31, 17, 25, 4, 37, 6, 26, 27, 12, 28, 52, 11, 51, 33, 24, 19, 5, 48, 14, 13, 47, 29, 45, 35, 16, 20, 23, 46, 18, 21, 22]

Individual 9:
  Route length: 15057
  Contribution to Diversity: 0.022548399158468513
  Route: [37, 48, 35, 46, 34, 32, 39, 49, 36, 45, 10, 8, 9, 33, 6, 19, 41, 43, 51, 11, 28, 27, 52, 14, 13, 4, 18, 3, 50, 16, 30, 2, 7, 42, 31, 40, 29, 44, 47, 26, 1, 24, 25, 12, 15, 5, 38, 23, 20, 21, 17, 22]

Individual 10:
  Route length: 15070
  Contribution to Diversity: 0.015289520271182688
  Route: [29, 20, 31, 9, 10, 46, 50, 8, 41, 43, 45, 3, 1, 19, 18, 5, 16, 2, 7, 42, 21, 17, 30, 12, 4, 33, 51, 38, 44, 37, 34, 35, 36, 49, 32, 40, 39, 24, 48, 15, 25, 11, 52, 14, 13, 47, 27, 26, 28, 6, 23, 22]

Individual 11:
  Route length: 14566
  Contribution to Diversity: 0.025645327112020944
  Route: [20, 50, 23, 18, 17, 3, 10, 8, 19, 41, 9, 5, 24, 51, 33, 4, 47, 27, 28, 39, 34, 48, 40, 45, 1, 46, 37, 38, 35, 36, 32, 30, 2, 7, 42, 31, 21, 16, 29, 52, 11, 12, 13, 14, 26, 25, 43, 15, 49, 6, 44, 22]

Individual 12:
  Route length: 14773
  Contribution to Diversity: 0.018093644807930076
  Route: [21, 30, 50, 29, 23, 20, 44, 10, 32, 3, 7, 42, 2, 17, 18, 1, 19, 31, 8, 41, 9, 12, 51, 11, 52, 28, 14, 13, 47, 27, 26, 15, 40, 49, 34, 5, 35, 39, 46, 16, 24, 25, 37, 38, 48, 36, 33, 4, 45, 43, 6, 22]

Individual 13:
  Route length: 14931
  Contribution to Diversity: 0.029652349149833057
  Route: [49, 9, 10, 41, 19, 35, 37, 50, 7, 42, 31, 18, 2, 30, 29, 1, 20, 48, 4, 24, 32, 8, 33, 46, 5, 6, 15, 39, 25, 44, 45, 23, 40, 34, 21, 17, 3, 43, 38, 36, 12, 51, 11, 52, 14, 13, 47, 26, 27, 28, 16, 22]

Individual 14:
  Route length: 14969
  Contribution to Diversity: 0.019253940548996873
  Route: [17, 30, 2, 42, 7, 36, 46, 4, 12, 33, 15, 10, 9, 8, 41, 38, 44, 26, 52, 51, 11, 28, 27, 14, 13, 47, 29, 35, 34, 43, 48, 40, 45, 32, 3, 18, 19, 37, 20, 16, 6, 5, 25, 49, 39, 24, 1, 23, 50, 31, 21, 22]

Individual 15:
  Route length: 14626
  Contribution to Diversity: 0.035095464602211024
  Route: [20, 50, 30, 48, 41, 39, 10, 9, 8, 19, 3, 33, 51, 6, 15, 36, 37, 32, 29, 47, 4, 25, 16, 44, 34, 43, 40, 35, 1, 5, 38, 24, 12, 26, 14, 52, 11, 13, 27, 28, 46, 49, 18, 21, 42, 2, 7, 17, 23, 31, 45, 22]

Individual 16:
  Route length: 14493
  Contribution to Diversity: 0.01932643708873094
  Route: [47, 52, 11, 51, 12, 44, 34, 35, 39, 49, 40, 5, 48, 1, 20, 4, 43, 33, 8, 10, 9, 41, 3, 50, 6, 15, 24, 37, 46, 38, 18, 19, 45, 32, 29, 31, 17, 21, 42, 2, 7, 23, 25, 28, 27, 26, 14, 13, 36, 16, 30, 22]

Individual 17:
  Route length: 14927
  Contribution to Diversity: 0.01139773191841087
  Route: [34, 16, 50, 48, 37, 20, 23, 49, 31, 1, 43, 19, 44, 46, 15, 25, 6, 4, 33, 10, 9, 8, 18, 17, 3, 32, 42, 21, 45, 41, 13, 14, 52, 11, 51, 24, 47, 26, 27, 28, 12, 39, 35, 36, 2, 7, 30, 29, 38, 5, 40, 22]

Individual 18:
  Route length: 15030
  Contribution to Diversity: 0.01896835533286012
  Route: [26, 27, 28, 36, 49, 50, 30, 20, 29, 44, 51, 33, 12, 24, 46, 3, 17, 2, 23, 21, 7, 42, 16, 35, 32, 19, 41, 8, 9, 43, 10, 45, 34, 47, 13, 14, 52, 11, 15, 1, 18, 31, 37, 5, 48, 38, 4, 6, 25, 40, 39, 22]

Individual 19:
  Route length: 14795
  Contribution to Diversity: 0.01862720385167549
  Route: [15, 51, 12, 49, 1, 44, 37, 43, 33, 3, 41, 9, 10, 8, 32, 46, 23, 20, 34, 6, 39, 45, 35, 36, 19, 18, 17, 42, 2, 7, 30, 29, 48, 38, 25, 28, 26, 47, 13, 14, 52, 11, 4, 5, 40, 16, 27, 24, 31, 50, 21, 22]

Total Entropy H: 5.950467978763214
