Individual 0:
  Route length: 14999
  Contribution to Diversity: 0.000692764468945839
  Route: [32, 49, 1, 16, 23, 12, 44, 25, 4, 6, 34, 35, 36, 39, 40, 21, 30, 2, 7, 42, 46, 20, 15, 5, 50, 29, 27, 52, 14, 13, 47, 26, 28, 43, 51, 33, 8, 9, 10, 11, 41, 19, 45, 24, 48, 38, 37, 31, 18, 3, 17, 22]

Individual 1:
  Route length: 15055
  Contribution to Diversity: 0.00011244009885391648
  Route: [19, 45, 32, 49, 1, 21, 42, 7, 2, 30, 28, 35, 16, 29, 50, 20, 23, 31, 18, 3, 4, 26, 47, 17, 48, 38, 37, 40, 39, 36, 34, 27, 46, 44, 10, 43, 33, 51, 12, 11, 52, 14, 13, 9, 8, 41, 24, 5, 15, 6, 25, 22]

Individual 2:
  Route length: 14978
  Contribution to Diversity: 0.0003911867967678617
  Route: [32, 5, 12, 25, 24, 26, 47, 13, 14, 52, 11, 29, 50, 6, 44, 46, 16, 20, 2, 30, 36, 15, 35, 23, 4, 28, 27, 51, 45, 19, 17, 3, 18, 31, 41, 8, 9, 10, 43, 33, 21, 42, 7, 49, 1, 39, 40, 37, 38, 48, 34, 22]

Individual 3:
  Route length: 15038
  Contribution to Diversity: 0.0003486983747507111
  Route: [49, 39, 25, 12, 28, 46, 23, 30, 2, 7, 42, 21, 45, 32, 40, 37, 38, 48, 24, 36, 1, 34, 43, 13, 14, 35, 17, 3, 18, 44, 50, 20, 4, 6, 15, 5, 51, 33, 52, 11, 47, 29, 16, 26, 27, 10, 9, 8, 41, 19, 31, 22]

Individual 4:
  Route length: 14979
  Contribution to Diversity: 0.0006789810644720617
  Route: [1, 23, 42, 17, 21, 5, 26, 47, 13, 14, 52, 11, 24, 48, 38, 32, 49, 12, 9, 8, 46, 45, 43, 33, 51, 28, 27, 36, 37, 40, 15, 25, 6, 4, 39, 20, 16, 29, 50, 34, 35, 10, 41, 19, 44, 30, 2, 7, 3, 18, 31, 22]

Individual 5:
  Route length: 14998
  Contribution to Diversity: 0.0007716427806956361
  Route: [40, 12, 28, 11, 52, 14, 13, 47, 26, 27, 25, 4, 6, 15, 5, 10, 9, 37, 48, 51, 33, 45, 41, 19, 43, 32, 49, 36, 21, 23, 30, 2, 17, 50, 38, 46, 16, 29, 39, 18, 31, 1, 20, 44, 8, 34, 35, 24, 3, 7, 42, 22]

Individual 6:
  Route length: 14978
  Contribution to Diversity: 0.0009351897230303052
  Route: [6, 38, 48, 24, 20, 50, 52, 19, 7, 2, 42, 21, 17, 34, 44, 39, 1, 31, 23, 30, 5, 37, 40, 49, 35, 15, 51, 11, 14, 13, 47, 26, 27, 28, 12, 25, 4, 36, 3, 18, 46, 16, 29, 32, 45, 33, 43, 41, 8, 9, 10, 22]

Individual 7:
  Route length: 15002
  Contribution to Diversity: 0.0009704828936483167
  Route: [1, 34, 44, 46, 15, 37, 40, 38, 48, 13, 51, 11, 28, 27, 36, 39, 12, 33, 43, 10, 9, 8, 41, 5, 32, 42, 7, 2, 30, 35, 26, 52, 14, 47, 6, 4, 24, 17, 3, 18, 31, 19, 49, 16, 25, 45, 29, 50, 20, 23, 21, 22]

Individual 8:
  Route length: 14990
  Contribution to Diversity: 0.0005226798286788181
  Route: [30, 2, 7, 42, 21, 18, 35, 34, 44, 46, 41, 19, 50, 20, 6, 4, 49, 32, 16, 28, 5, 24, 36, 1, 29, 23, 8, 3, 9, 10, 43, 33, 51, 11, 48, 38, 37, 40, 39, 15, 27, 26, 25, 12, 52, 14, 13, 47, 45, 17, 31, 22]

Individual 9:
  Route length: 15014
  Contribution to Diversity: 0.001258586547421281
  Route: [1, 49, 46, 44, 42, 7, 2, 31, 19, 45, 20, 35, 34, 27, 28, 26, 47, 13, 40, 37, 11, 52, 14, 50, 29, 32, 30, 21, 38, 48, 24, 43, 10, 9, 8, 41, 33, 51, 4, 25, 12, 6, 15, 5, 16, 23, 36, 39, 17, 3, 18, 22]

Individual 10:
  Route length: 15021
  Contribution to Diversity: 0.00019228482700661687
  Route: [1, 49, 32, 42, 2, 7, 29, 50, 20, 23, 34, 44, 46, 15, 6, 4, 24, 41, 8, 9, 10, 43, 33, 12, 11, 51, 13, 48, 38, 40, 37, 52, 27, 30, 45, 17, 3, 18, 31, 19, 5, 28, 14, 47, 26, 35, 36, 39, 25, 16, 21, 22]

Individual 11:
  Route length: 15062
  Contribution to Diversity: 0.00022213899152578875
  Route: [1, 36, 34, 44, 21, 7, 2, 17, 3, 19, 41, 8, 9, 10, 11, 43, 51, 52, 14, 13, 47, 12, 28, 27, 26, 31, 15, 24, 33, 45, 39, 18, 42, 6, 4, 25, 49, 32, 37, 40, 35, 50, 38, 48, 5, 20, 23, 30, 29, 16, 46, 22]

Individual 12:
  Route length: 15010
  Contribution to Diversity: 0.0008903480814757003
  Route: [1, 20, 30, 23, 29, 50, 9, 10, 51, 11, 6, 4, 43, 33, 12, 28, 27, 13, 47, 26, 24, 39, 44, 52, 14, 16, 46, 49, 48, 35, 15, 40, 34, 2, 7, 42, 21, 17, 3, 18, 8, 25, 41, 19, 45, 32, 38, 5, 36, 37, 31, 22]

Individual 13:
  Route length: 14938
  Contribution to Diversity: 0.0006462792533223904
  Route: [50, 29, 23, 30, 20, 1, 35, 32, 44, 45, 19, 41, 25, 16, 46, 49, 8, 18, 3, 17, 21, 42, 7, 2, 15, 26, 47, 13, 27, 28, 12, 33, 51, 11, 6, 4, 43, 10, 9, 34, 38, 5, 36, 24, 39, 48, 40, 14, 52, 37, 31, 22]

Individual 14:
  Route length: 15003
  Contribution to Diversity: 0.0012683603828289591
  Route: [1, 50, 29, 30, 2, 7, 42, 45, 37, 44, 46, 16, 39, 23, 40, 6, 25, 4, 28, 52, 51, 15, 12, 33, 11, 13, 14, 47, 36, 34, 9, 10, 43, 49, 31, 21, 17, 3, 35, 5, 24, 48, 38, 27, 26, 20, 18, 32, 8, 41, 19, 22]

Individual 15:
  Route length: 14998
  Contribution to Diversity: 0.0012210587220033986
  Route: [43, 9, 10, 8, 40, 37, 35, 18, 3, 1, 32, 6, 39, 44, 20, 50, 24, 23, 16, 21, 42, 7, 2, 30, 47, 33, 51, 48, 38, 34, 17, 49, 45, 19, 41, 31, 4, 25, 12, 28, 27, 26, 13, 14, 52, 11, 46, 15, 5, 29, 36, 22]

Individual 16:
  Route length: 14995
  Contribution to Diversity: 0.001538797265203229
  Route: [42, 21, 17, 23, 49, 32, 19, 3, 37, 43, 10, 9, 8, 18, 41, 45, 16, 46, 5, 15, 39, 40, 4, 25, 12, 28, 30, 24, 6, 35, 34, 44, 1, 47, 26, 27, 33, 51, 11, 52, 13, 14, 48, 38, 36, 50, 20, 31, 2, 7, 29, 22]

Individual 17:
  Route length: 15081
  Contribution to Diversity: 0.0011725820868981884
  Route: [37, 18, 4, 6, 15, 5, 46, 40, 45, 24, 38, 8, 36, 35, 19, 49, 3, 9, 10, 29, 2, 7, 42, 30, 23, 50, 20, 34, 44, 25, 26, 47, 28, 27, 12, 48, 32, 31, 1, 21, 17, 41, 13, 14, 52, 11, 51, 33, 43, 39, 16, 22]

Individual 18:
  Route length: 15064
  Contribution to Diversity: 0.0009524616692164756
  Route: [23, 20, 50, 48, 43, 37, 38, 6, 5, 15, 30, 2, 7, 47, 26, 27, 28, 42, 21, 17, 3, 18, 31, 44, 16, 29, 49, 39, 13, 14, 52, 11, 51, 33, 1, 10, 41, 8, 9, 36, 46, 25, 12, 40, 4, 24, 32, 35, 45, 19, 34, 22]

Individual 19:
  Route length: 15049
  Contribution to Diversity: 0.0005438555048993265
  Route: [1, 50, 29, 30, 2, 7, 42, 49, 43, 10, 9, 34, 36, 16, 44, 46, 39, 12, 33, 47, 11, 13, 14, 27, 26, 20, 18, 32, 8, 41, 19, 45, 23, 35, 5, 24, 6, 40, 37, 38, 48, 52, 28, 4, 25, 51, 15, 3, 17, 21, 31, 22]

Individual 20:
  Route length: 14999
  Contribution to Diversity: 0.0007334767924760399
  Route: [1, 50, 29, 30, 2, 7, 42, 49, 43, 36, 34, 45, 37, 38, 48, 24, 46, 44, 47, 28, 52, 51, 15, 23, 40, 12, 33, 11, 13, 14, 27, 26, 20, 18, 16, 39, 4, 25, 6, 10, 9, 19, 41, 8, 32, 5, 35, 3, 17, 21, 31, 22]

Individual 21:
  Route length: 14930
  Contribution to Diversity: 0.0007844079908654322
  Route: [3, 47, 13, 14, 52, 12, 33, 4, 50, 17, 49, 39, 30, 2, 7, 42, 21, 48, 46, 40, 10, 9, 8, 41, 19, 36, 45, 32, 37, 44, 34, 35, 26, 27, 28, 51, 11, 6, 43, 24, 5, 15, 38, 16, 25, 29, 1, 31, 20, 23, 18, 22]

Individual 22:
  Route length: 14917
  Contribution to Diversity: 0.0001737072735918943
  Route: [1, 45, 19, 3, 2, 7, 42, 21, 17, 36, 31, 10, 43, 33, 52, 11, 51, 24, 46, 16, 28, 12, 25, 4, 27, 26, 47, 13, 14, 44, 29, 20, 23, 41, 8, 9, 32, 49, 38, 48, 5, 34, 15, 35, 37, 40, 18, 30, 39, 6, 50, 22]

Individual 23:
  Route length: 14968
  Contribution to Diversity: 0.0008006550229344711
  Route: [49, 3, 1, 48, 38, 31, 50, 45, 30, 2, 7, 18, 20, 23, 32, 36, 52, 14, 13, 51, 27, 47, 12, 11, 33, 5, 4, 43, 10, 9, 8, 41, 19, 35, 34, 44, 46, 37, 6, 24, 15, 25, 28, 26, 29, 16, 39, 40, 42, 21, 17, 22]

Individual 24:
  Route length: 14951
  Contribution to Diversity: 0.0002556530749018293
  Route: [36, 1, 50, 38, 6, 4, 25, 49, 32, 37, 42, 17, 3, 19, 41, 8, 9, 10, 11, 43, 33, 45, 39, 18, 31, 26, 27, 28, 12, 47, 13, 14, 52, 51, 35, 2, 7, 21, 44, 34, 24, 15, 40, 48, 5, 20, 23, 30, 29, 16, 46, 22]

Individual 25:
  Route length: 15039
  Contribution to Diversity: 0.0011580473877446096
  Route: [34, 41, 8, 9, 38, 48, 47, 13, 14, 52, 11, 12, 33, 51, 28, 27, 26, 46, 44, 24, 35, 20, 23, 30, 1, 49, 36, 37, 40, 16, 7, 42, 21, 39, 32, 50, 29, 43, 10, 19, 31, 18, 3, 17, 2, 5, 15, 6, 25, 45, 4, 22]

Individual 26:
  Route length: 15042
  Contribution to Diversity: 0.0004597879604535393
  Route: [30, 49, 39, 29, 18, 31, 36, 23, 50, 35, 46, 11, 52, 14, 13, 47, 26, 27, 51, 12, 28, 25, 4, 1, 32, 21, 42, 7, 2, 10, 43, 9, 8, 17, 3, 33, 48, 38, 16, 45, 19, 41, 34, 40, 37, 5, 15, 24, 20, 44, 6, 22]

Individual 27:
  Route length: 15083
  Contribution to Diversity: 4.671362778907451e-05
  Route: [44, 2, 30, 23, 21, 20, 25, 34, 40, 32, 37, 9, 10, 1, 36, 35, 46, 6, 4, 14, 52, 11, 13, 47, 26, 27, 28, 12, 24, 50, 29, 16, 48, 38, 33, 51, 43, 18, 31, 39, 49, 41, 8, 42, 7, 17, 3, 19, 45, 15, 5, 22]

Individual 28:
  Route length: 14692
  Contribution to Diversity: 0.0004930269697842604
  Route: [1, 29, 16, 49, 38, 36, 8, 10, 43, 37, 5, 44, 50, 20, 2, 7, 42, 21, 3, 41, 48, 33, 51, 15, 25, 46, 6, 39, 45, 32, 18, 19, 9, 47, 13, 14, 52, 11, 4, 12, 28, 27, 26, 40, 24, 34, 35, 17, 23, 30, 31, 22]

Individual 29:
  Route length: 14871
  Contribution to Diversity: 0.0008860241333357166
  Route: [37, 18, 4, 6, 15, 5, 46, 40, 45, 10, 9, 3, 41, 13, 14, 52, 11, 51, 33, 43, 24, 38, 8, 36, 35, 19, 49, 2, 7, 42, 30, 23, 50, 20, 34, 44, 25, 26, 47, 28, 27, 12, 48, 32, 31, 1, 21, 17, 29, 39, 16, 22]

Individual 30:
  Route length: 15055
  Contribution to Diversity: 0.0024606076410327304
  Route: [1, 44, 48, 24, 21, 7, 42, 31, 18, 3, 17, 10, 43, 33, 51, 26, 27, 37, 45, 19, 9, 16, 29, 50, 20, 11, 13, 14, 52, 47, 28, 49, 32, 5, 38, 46, 12, 25, 4, 6, 15, 40, 35, 23, 2, 30, 34, 36, 39, 8, 41, 22]

Individual 31:
  Route length: 14525
  Contribution to Diversity: 0.00029099011056832325
  Route: [1, 31, 7, 21, 42, 2, 30, 49, 32, 24, 10, 9, 8, 41, 19, 16, 29, 40, 37, 38, 35, 13, 39, 6, 27, 26, 47, 28, 14, 52, 11, 51, 33, 43, 4, 12, 25, 34, 48, 23, 15, 5, 36, 44, 46, 50, 20, 17, 3, 18, 45, 22]

Individual 32:
  Route length: 15082
  Contribution to Diversity: 0.0004455896315063157
  Route: [23, 50, 20, 44, 39, 1, 24, 32, 45, 43, 10, 9, 8, 40, 11, 52, 14, 13, 47, 46, 49, 29, 36, 35, 18, 3, 17, 21, 42, 7, 30, 2, 41, 19, 37, 31, 4, 25, 48, 33, 51, 15, 5, 12, 28, 27, 26, 16, 38, 34, 6, 22]

Individual 33:
  Route length: 14776
  Contribution to Diversity: 0.0009885415539843123
  Route: [51, 11, 52, 14, 13, 25, 29, 20, 36, 35, 34, 21, 17, 18, 42, 7, 2, 23, 50, 30, 37, 24, 5, 44, 46, 1, 40, 45, 41, 10, 9, 33, 8, 48, 12, 28, 27, 26, 47, 16, 3, 31, 4, 6, 43, 39, 38, 19, 32, 49, 15, 22]

Individual 34:
  Route length: 14787
  Contribution to Diversity: 0.0003823105754596767
  Route: [1, 42, 7, 2, 30, 28, 34, 23, 44, 19, 41, 3, 17, 21, 8, 33, 51, 11, 31, 18, 45, 38, 48, 24, 36, 49, 32, 35, 16, 29, 50, 20, 37, 27, 26, 47, 13, 14, 52, 46, 5, 15, 25, 12, 4, 39, 40, 6, 43, 10, 9, 22]

Individual 35:
  Route length: 15034
  Contribution to Diversity: 0.0005241748611419794
  Route: [1, 31, 7, 21, 42, 2, 30, 49, 32, 24, 46, 50, 20, 17, 3, 18, 10, 9, 8, 41, 19, 16, 29, 40, 37, 38, 35, 13, 39, 6, 27, 26, 47, 28, 14, 52, 11, 51, 33, 43, 4, 23, 15, 5, 36, 44, 48, 34, 25, 12, 45, 22]

Individual 36:
  Route length: 14633
  Contribution to Diversity: 0.00016653437930891357
  Route: [8, 18, 31, 29, 15, 6, 4, 36, 13, 14, 52, 11, 51, 12, 28, 27, 33, 43, 10, 9, 19, 5, 25, 47, 26, 48, 46, 44, 34, 50, 42, 7, 2, 40, 39, 38, 37, 32, 24, 49, 35, 1, 45, 21, 17, 41, 3, 30, 23, 16, 20, 22]

Individual 37:
  Route length: 15004
  Contribution to Diversity: 0.001630907067418974
  Route: [1, 50, 31, 20, 8, 9, 10, 49, 15, 5, 38, 37, 40, 36, 39, 34, 35, 30, 2, 7, 42, 21, 17, 44, 46, 24, 12, 4, 25, 33, 43, 27, 28, 51, 23, 41, 3, 18, 32, 45, 19, 29, 48, 16, 11, 52, 14, 13, 47, 26, 6, 22]

Individual 38:
  Route length: 14874
  Contribution to Diversity: 0.00018177775064387447
  Route: [1, 23, 34, 45, 43, 40, 4, 46, 30, 32, 48, 16, 20, 3, 41, 19, 35, 49, 44, 50, 21, 31, 18, 10, 9, 8, 17, 37, 38, 39, 33, 6, 15, 5, 25, 24, 27, 26, 47, 13, 28, 12, 51, 11, 52, 14, 2, 7, 42, 29, 36, 22]

Individual 39:
  Route length: 14851
  Contribution to Diversity: 0.0008882628117241609
  Route: [20, 23, 2, 30, 42, 7, 34, 44, 35, 40, 38, 37, 46, 16, 1, 25, 13, 14, 52, 43, 19, 32, 36, 39, 11, 51, 33, 15, 4, 6, 48, 24, 28, 12, 47, 27, 26, 29, 50, 17, 3, 49, 41, 8, 9, 10, 45, 5, 21, 18, 31, 22]

Individual 40:
  Route length: 14993
  Contribution to Diversity: 0.0008863616200764923
  Route: [40, 43, 33, 38, 34, 32, 4, 2, 30, 21, 23, 25, 46, 48, 44, 35, 1, 31, 37, 45, 49, 20, 16, 12, 28, 27, 26, 47, 13, 14, 52, 11, 51, 6, 24, 29, 36, 39, 15, 5, 9, 42, 7, 17, 3, 19, 41, 8, 10, 18, 50, 22]

Individual 41:
  Route length: 15019
  Contribution to Diversity: 0.0001660407120676055
  Route: [6, 4, 25, 12, 28, 27, 26, 47, 13, 14, 52, 11, 51, 43, 33, 44, 1, 35, 15, 29, 32, 9, 19, 45, 7, 2, 21, 42, 10, 8, 41, 36, 20, 34, 23, 30, 50, 37, 18, 49, 40, 38, 3, 46, 16, 48, 5, 24, 39, 17, 31, 22]

Individual 42:
  Route length: 14914
  Contribution to Diversity: 0.0011514450265135423
  Route: [1, 20, 16, 37, 12, 28, 46, 44, 34, 35, 25, 15, 6, 24, 43, 45, 19, 8, 32, 41, 39, 40, 29, 23, 30, 2, 7, 42, 21, 10, 50, 13, 14, 52, 11, 4, 27, 26, 47, 51, 33, 9, 48, 5, 36, 38, 49, 31, 18, 3, 17, 22]

Individual 43:
  Route length: 15081
  Contribution to Diversity: 0.0010067689983257466
  Route: [23, 36, 16, 12, 28, 25, 51, 27, 26, 47, 13, 14, 52, 11, 46, 1, 31, 34, 6, 15, 5, 8, 40, 24, 30, 18, 35, 38, 2, 7, 42, 21, 17, 3, 10, 9, 41, 19, 45, 32, 49, 43, 20, 50, 4, 33, 48, 44, 39, 37, 29, 22]

Individual 44:
  Route length: 14841
  Contribution to Diversity: 0.0008332294433177623
  Route: [1, 46, 44, 47, 36, 34, 39, 43, 10, 9, 31, 21, 17, 3, 35, 5, 24, 48, 38, 37, 40, 6, 25, 4, 12, 15, 51, 52, 28, 33, 11, 13, 14, 27, 26, 20, 18, 16, 2, 7, 42, 49, 30, 29, 50, 23, 45, 19, 41, 8, 32, 22]

Individual 45:
  Route length: 14726
  Contribution to Diversity: 0.00041112656501152145
  Route: [42, 7, 17, 18, 34, 40, 4, 6, 44, 1, 36, 39, 10, 8, 35, 46, 16, 23, 21, 49, 37, 38, 5, 50, 51, 11, 52, 14, 13, 47, 26, 27, 28, 12, 25, 32, 45, 3, 20, 2, 30, 31, 9, 41, 19, 33, 43, 15, 29, 24, 48, 22]

Individual 46:
  Route length: 15013
  Contribution to Diversity: 0.0008741931787561441
  Route: [38, 46, 4, 48, 24, 16, 20, 25, 5, 3, 18, 31, 35, 34, 40, 27, 26, 28, 11, 52, 14, 13, 47, 51, 33, 43, 10, 9, 36, 23, 39, 44, 30, 1, 49, 15, 6, 8, 41, 37, 12, 19, 45, 32, 50, 29, 42, 21, 2, 7, 17, 22]

Individual 47:
  Route length: 15029
  Contribution to Diversity: 0.0016595341727976276
  Route: [19, 41, 40, 31, 50, 45, 32, 49, 34, 46, 16, 36, 35, 18, 38, 6, 20, 30, 24, 15, 5, 43, 10, 9, 8, 33, 4, 48, 23, 7, 2, 42, 21, 17, 3, 29, 28, 52, 14, 13, 12, 51, 25, 39, 44, 11, 27, 26, 47, 37, 1, 22]

Individual 48:
  Route length: 13867
  Contribution to Diversity: 0.00119241032231443
  Route: [49, 32, 1, 16, 37, 20, 29, 34, 48, 40, 39, 10, 19, 35, 43, 44, 15, 50, 30, 2, 18, 31, 23, 36, 33, 51, 11, 52, 14, 13, 47, 26, 27, 28, 12, 25, 4, 6, 5, 24, 38, 46, 41, 7, 42, 21, 17, 45, 9, 8, 3, 22]

Individual 49:
  Route length: 15069
  Contribution to Diversity: 0.0010659851418424182
  Route: [49, 1, 30, 23, 20, 35, 24, 38, 48, 27, 28, 51, 33, 12, 11, 52, 14, 13, 47, 26, 46, 44, 9, 8, 41, 19, 31, 18, 3, 42, 7, 16, 40, 37, 36, 5, 15, 6, 25, 45, 4, 34, 2, 17, 32, 39, 21, 50, 29, 43, 10, 22]

Individual 50:
  Route length: 14916
  Contribution to Diversity: 0.0004843864950663246
  Route: [35, 12, 33, 11, 13, 14, 27, 26, 25, 6, 40, 45, 31, 21, 17, 3, 1, 34, 19, 41, 8, 32, 18, 39, 20, 9, 10, 4, 46, 44, 47, 28, 52, 51, 15, 43, 49, 42, 7, 2, 30, 29, 50, 23, 16, 48, 24, 5, 36, 38, 37, 22]

Individual 51:
  Route length: 14880
  Contribution to Diversity: 0.0010093619035842494
  Route: [44, 49, 16, 29, 20, 48, 38, 34, 4, 6, 45, 32, 12, 28, 13, 47, 26, 27, 5, 37, 14, 52, 11, 51, 25, 24, 3, 19, 23, 41, 17, 21, 42, 7, 2, 50, 30, 1, 35, 8, 9, 10, 39, 36, 46, 15, 33, 43, 40, 18, 31, 22]

Individual 52:
  Route length: 15062
  Contribution to Diversity: 0.00044765300043270173
  Route: [12, 30, 2, 7, 42, 21, 8, 9, 10, 4, 49, 39, 29, 16, 23, 50, 20, 43, 11, 52, 14, 13, 47, 26, 27, 28, 6, 1, 38, 37, 5, 40, 34, 41, 19, 45, 32, 24, 46, 51, 33, 15, 25, 18, 17, 31, 44, 35, 36, 48, 3, 22]

Individual 53:
  Route length: 15024
  Contribution to Diversity: 0.0015501963019843856
  Route: [1, 3, 49, 5, 33, 12, 11, 51, 13, 52, 14, 44, 46, 37, 6, 30, 2, 7, 18, 36, 34, 35, 8, 41, 19, 17, 21, 42, 50, 29, 26, 27, 47, 28, 25, 15, 24, 48, 38, 31, 16, 39, 40, 32, 23, 20, 45, 4, 43, 10, 9, 22]

Individual 54:
  Route length: 14944
  Contribution to Diversity: 0.0013053490301535575
  Route: [12, 28, 27, 26, 47, 38, 35, 45, 25, 41, 20, 50, 13, 14, 52, 11, 51, 8, 37, 36, 18, 1, 40, 43, 33, 10, 9, 3, 31, 30, 42, 7, 2, 17, 21, 29, 23, 32, 19, 39, 34, 44, 46, 48, 49, 24, 5, 15, 6, 4, 16, 22]

Individual 55:
  Route length: 14886
  Contribution to Diversity: 0.0004626336081923199
  Route: [35, 12, 33, 11, 13, 14, 27, 26, 25, 6, 40, 45, 31, 21, 17, 3, 1, 16, 23, 50, 29, 47, 28, 52, 51, 15, 43, 49, 42, 7, 2, 30, 34, 19, 41, 8, 32, 18, 39, 20, 9, 10, 4, 46, 44, 36, 5, 24, 48, 38, 37, 22]

Individual 56:
  Route length: 14975
  Contribution to Diversity: 0.0008044719467497075
  Route: [46, 25, 37, 38, 24, 28, 12, 47, 26, 27, 48, 35, 6, 4, 30, 23, 20, 21, 42, 7, 2, 17, 3, 18, 16, 44, 52, 14, 13, 15, 34, 43, 10, 9, 8, 45, 5, 36, 49, 40, 33, 51, 11, 29, 50, 41, 19, 32, 1, 39, 31, 22]

Individual 57:
  Route length: 14267
  Contribution to Diversity: 0.0004884260664761442
  Route: [18, 36, 24, 5, 50, 20, 17, 21, 45, 35, 32, 19, 41, 38, 4, 6, 15, 37, 8, 29, 51, 11, 52, 14, 13, 25, 47, 26, 27, 28, 12, 48, 46, 44, 34, 39, 7, 2, 42, 16, 23, 30, 31, 3, 9, 10, 33, 43, 40, 1, 49, 22]

Individual 58:
  Route length: 15046
  Contribution to Diversity: 0.0004932412559135457
  Route: [19, 25, 1, 39, 41, 8, 45, 31, 3, 17, 21, 42, 7, 34, 11, 51, 33, 43, 10, 9, 36, 4, 48, 24, 35, 40, 37, 38, 5, 6, 15, 23, 29, 13, 14, 52, 12, 28, 27, 26, 47, 18, 2, 20, 30, 50, 49, 32, 46, 44, 16, 22]

Individual 59:
  Route length: 14847
  Contribution to Diversity: 0.0017178635014838406
  Route: [16, 4, 18, 40, 10, 19, 43, 33, 12, 28, 27, 26, 47, 13, 14, 52, 11, 51, 5, 15, 9, 42, 7, 17, 32, 45, 3, 2, 30, 23, 21, 36, 35, 44, 48, 39, 20, 29, 50, 46, 34, 38, 37, 1, 31, 49, 8, 41, 6, 25, 24, 22]

Individual 60:
  Route length: 14797
  Contribution to Diversity: 0.0004025064708628179
  Route: [49, 32, 45, 50, 31, 47, 26, 27, 51, 25, 39, 44, 11, 52, 14, 13, 12, 28, 29, 3, 17, 21, 42, 2, 7, 23, 34, 46, 16, 36, 35, 18, 38, 6, 20, 30, 24, 15, 5, 43, 10, 9, 8, 33, 4, 48, 19, 41, 40, 37, 1, 22]

Individual 61:
  Route length: 14945
  Contribution to Diversity: 0.0009244352528474664
  Route: [40, 34, 35, 39, 9, 10, 43, 33, 51, 28, 12, 13, 14, 52, 11, 26, 27, 41, 8, 44, 47, 23, 4, 25, 37, 48, 24, 50, 29, 42, 21, 19, 45, 15, 5, 6, 36, 31, 18, 3, 17, 1, 49, 32, 20, 16, 46, 38, 30, 7, 2, 22]

Individual 62:
  Route length: 14874
  Contribution to Diversity: 0.0006252272688094251
  Route: [49, 36, 1, 17, 7, 2, 44, 8, 41, 3, 18, 31, 35, 25, 50, 38, 46, 32, 10, 9, 43, 33, 51, 47, 4, 11, 52, 14, 13, 12, 27, 26, 28, 39, 45, 19, 34, 40, 5, 15, 6, 24, 16, 20, 29, 42, 21, 23, 30, 48, 37, 22]

Individual 63:
  Route length: 14805
  Contribution to Diversity: 0.00019153499717639022
  Route: [32, 35, 36, 41, 15, 8, 9, 25, 4, 6, 44, 34, 48, 1, 19, 45, 49, 18, 3, 17, 30, 2, 20, 50, 29, 16, 7, 42, 21, 23, 10, 43, 33, 24, 5, 40, 39, 51, 14, 27, 28, 12, 11, 52, 13, 26, 47, 38, 46, 37, 31, 22]

Individual 64:
  Route length: 15062
  Contribution to Diversity: 0.0008191284122123221
  Route: [40, 12, 28, 11, 52, 14, 13, 47, 26, 27, 25, 4, 6, 15, 5, 39, 19, 43, 41, 45, 33, 51, 48, 37, 9, 10, 18, 32, 49, 36, 2, 30, 23, 21, 8, 44, 20, 34, 35, 24, 50, 38, 46, 16, 29, 31, 1, 17, 42, 7, 3, 22]

Individual 65:
  Route length: 15059
  Contribution to Diversity: 0.001044471431252525
  Route: [40, 43, 34, 38, 33, 4, 32, 2, 30, 21, 23, 25, 46, 48, 44, 35, 1, 31, 37, 45, 49, 20, 16, 12, 28, 27, 26, 47, 13, 14, 52, 11, 51, 6, 24, 29, 36, 39, 15, 5, 9, 42, 7, 17, 3, 19, 41, 8, 10, 18, 50, 22]

Individual 66:
  Route length: 14989
  Contribution to Diversity: 0.000690732042999187
  Route: [49, 1, 36, 39, 45, 19, 34, 40, 5, 15, 6, 50, 25, 35, 31, 18, 3, 41, 8, 44, 2, 7, 17, 38, 46, 32, 10, 9, 43, 33, 51, 47, 4, 11, 52, 14, 13, 12, 27, 26, 28, 21, 23, 30, 42, 29, 20, 16, 24, 48, 37, 22]

Individual 67:
  Route length: 15075
  Contribution to Diversity: 0.0009153049930006318
  Route: [1, 29, 47, 48, 33, 51, 15, 25, 46, 38, 44, 50, 20, 2, 7, 42, 21, 37, 36, 43, 10, 8, 3, 41, 5, 32, 18, 19, 9, 40, 24, 16, 17, 35, 34, 49, 45, 39, 6, 4, 12, 28, 27, 26, 13, 14, 52, 11, 23, 30, 31, 22]

Individual 68:
  Route length: 14205
  Contribution to Diversity: 5.0408762456655154e-05
  Route: [1, 30, 23, 16, 34, 38, 25, 44, 26, 27, 28, 12, 39, 4, 49, 46, 29, 47, 13, 14, 52, 11, 51, 19, 41, 35, 37, 5, 24, 48, 6, 31, 18, 36, 50, 20, 40, 15, 2, 7, 42, 21, 3, 45, 32, 33, 43, 10, 9, 8, 17, 22]

Individual 69:
  Route length: 14783
  Contribution to Diversity: 0.000444248407150738
  Route: [32, 36, 35, 48, 39, 40, 5, 24, 51, 14, 27, 28, 12, 11, 52, 13, 26, 47, 38, 46, 15, 16, 29, 50, 20, 2, 30, 17, 3, 18, 34, 44, 6, 4, 25, 9, 8, 49, 10, 41, 1, 19, 45, 7, 42, 21, 23, 33, 43, 37, 31, 22]

Individual 70:
  Route length: 14969
  Contribution to Diversity: 0.001226527757626883
  Route: [1, 50, 29, 28, 15, 51, 11, 52, 39, 34, 5, 24, 48, 36, 40, 37, 38, 33, 43, 12, 18, 35, 3, 44, 20, 49, 32, 8, 41, 19, 45, 46, 2, 7, 42, 30, 23, 16, 47, 13, 14, 27, 26, 25, 4, 6, 10, 9, 17, 21, 31, 22]

Individual 71:
  Route length: 14782
  Contribution to Diversity: 8.295006685354878e-05
  Route: [1, 9, 8, 5, 19, 44, 23, 3, 30, 2, 7, 42, 21, 17, 41, 10, 35, 34, 50, 29, 16, 20, 46, 37, 40, 48, 39, 31, 18, 24, 38, 32, 49, 12, 4, 6, 25, 15, 11, 52, 14, 13, 47, 26, 36, 27, 28, 51, 33, 43, 45, 22]

Individual 72:
  Route length: 14859
  Contribution to Diversity: 0.0007040150739827666
  Route: [32, 36, 35, 48, 39, 40, 5, 24, 51, 14, 27, 28, 12, 11, 52, 13, 26, 47, 38, 46, 15, 16, 29, 50, 20, 2, 30, 17, 3, 18, 34, 44, 49, 8, 9, 25, 4, 6, 45, 19, 1, 41, 10, 7, 42, 21, 23, 33, 43, 37, 31, 22]

Individual 73:
  Route length: 14975
  Contribution to Diversity: 0.0011796028389108315
  Route: [1, 3, 49, 5, 6, 15, 24, 48, 38, 45, 19, 35, 34, 44, 46, 37, 8, 41, 32, 23, 20, 40, 39, 16, 31, 33, 9, 10, 43, 4, 12, 11, 51, 13, 14, 52, 29, 25, 28, 47, 27, 26, 30, 2, 7, 18, 36, 50, 42, 21, 17, 22]

Individual 74:
  Route length: 15084
  Contribution to Diversity: 0.00010620501423019846
  Route: [1, 3, 20, 39, 41, 19, 35, 49, 6, 15, 5, 30, 46, 4, 40, 43, 45, 34, 23, 18, 31, 21, 17, 8, 9, 10, 16, 29, 42, 7, 2, 14, 52, 11, 51, 12, 28, 13, 47, 26, 27, 24, 25, 33, 37, 38, 48, 32, 50, 44, 36, 22]

Individual 75:
  Route length: 14978
  Contribution to Diversity: 0.0011020695903161126
  Route: [18, 36, 24, 5, 50, 20, 17, 21, 25, 13, 14, 52, 11, 51, 29, 8, 37, 15, 6, 4, 38, 41, 19, 32, 35, 45, 23, 16, 42, 2, 7, 39, 34, 44, 46, 48, 12, 28, 27, 26, 47, 30, 31, 3, 9, 10, 33, 43, 40, 1, 49, 22]

Individual 76:
  Route length: 14477
  Contribution to Diversity: 0.0006115335124396992
  Route: [1, 30, 23, 16, 34, 38, 25, 44, 26, 27, 28, 12, 39, 4, 49, 20, 50, 36, 18, 31, 6, 48, 24, 5, 37, 35, 41, 19, 51, 11, 52, 14, 13, 47, 29, 46, 43, 33, 32, 45, 3, 21, 42, 7, 2, 15, 40, 10, 9, 8, 17, 22]

Individual 77:
  Route length: 15047
  Contribution to Diversity: 0.0007221670838601923
  Route: [19, 45, 49, 24, 40, 1, 25, 46, 4, 50, 23, 20, 39, 16, 34, 3, 18, 31, 29, 15, 48, 17, 21, 32, 44, 38, 37, 10, 41, 9, 8, 36, 35, 12, 13, 14, 52, 11, 51, 33, 43, 28, 27, 26, 47, 30, 7, 2, 42, 5, 6, 22]

Individual 78:
  Route length: 15026
  Contribution to Diversity: 0.0009640126602912247
  Route: [35, 46, 4, 10, 9, 20, 39, 18, 32, 8, 41, 19, 34, 1, 3, 17, 21, 31, 45, 40, 6, 25, 26, 27, 14, 13, 11, 33, 12, 36, 5, 24, 48, 16, 23, 50, 29, 30, 2, 7, 42, 49, 43, 15, 51, 52, 28, 47, 44, 38, 37, 22]

Individual 79:
  Route length: 14409
  Contribution to Diversity: 0.0009782991192155421
  Route: [39, 43, 33, 51, 11, 52, 14, 13, 12, 27, 28, 47, 26, 25, 5, 19, 8, 38, 34, 44, 46, 48, 35, 36, 40, 1, 15, 6, 4, 18, 31, 29, 30, 42, 7, 2, 37, 49, 21, 17, 9, 23, 50, 20, 32, 24, 45, 41, 10, 3, 16, 22]

Individual 80:
  Route length: 14999
  Contribution to Diversity: 0.0006000100063632274
  Route: [30, 1, 32, 21, 42, 7, 2, 10, 43, 9, 8, 17, 3, 33, 4, 5, 15, 24, 47, 26, 27, 51, 12, 28, 13, 14, 52, 11, 46, 35, 50, 23, 34, 41, 19, 45, 40, 37, 49, 39, 29, 18, 31, 36, 16, 38, 48, 25, 20, 44, 6, 22]

Individual 81:
  Route length: 15026
  Contribution to Diversity: 0.0004286105470230339
  Route: [39, 19, 45, 18, 3, 34, 46, 25, 5, 6, 15, 48, 26, 27, 28, 12, 13, 14, 52, 11, 51, 33, 43, 47, 30, 2, 7, 21, 17, 31, 29, 35, 36, 42, 32, 44, 9, 8, 41, 10, 37, 38, 1, 40, 4, 50, 23, 20, 49, 24, 16, 22]

Individual 82:
  Route length: 14797
  Contribution to Diversity: 0.0008924610037448488
  Route: [23, 46, 16, 36, 4, 50, 20, 43, 49, 32, 45, 19, 41, 9, 10, 3, 17, 21, 42, 7, 2, 38, 35, 18, 30, 24, 31, 1, 8, 40, 29, 37, 39, 44, 48, 33, 11, 52, 14, 13, 47, 26, 27, 51, 25, 28, 12, 5, 15, 6, 34, 22]

Individual 83:
  Route length: 14745
  Contribution to Diversity: 0.000746860733010557
  Route: [44, 49, 32, 48, 38, 27, 26, 47, 13, 28, 12, 11, 51, 25, 24, 35, 1, 30, 50, 2, 7, 42, 21, 17, 41, 23, 19, 3, 43, 33, 46, 36, 39, 10, 9, 8, 45, 34, 4, 6, 15, 5, 37, 14, 52, 20, 29, 16, 40, 18, 31, 22]

Individual 84:
  Route length: 14453
  Contribution to Diversity: 6.573335408610603e-05
  Route: [23, 34, 49, 32, 40, 24, 15, 36, 5, 43, 10, 9, 8, 33, 4, 48, 38, 18, 6, 50, 31, 20, 30, 45, 41, 19, 35, 39, 25, 51, 27, 26, 47, 37, 46, 16, 44, 11, 52, 14, 13, 12, 28, 29, 3, 17, 21, 42, 2, 7, 1, 22]

Individual 85:
  Route length: 14959
  Contribution to Diversity: 0.001293021924570148
  Route: [39, 43, 33, 51, 11, 52, 14, 13, 5, 25, 26, 47, 28, 27, 12, 48, 46, 40, 36, 35, 19, 32, 24, 45, 41, 17, 21, 49, 37, 2, 7, 42, 30, 29, 31, 20, 50, 18, 8, 38, 34, 44, 23, 4, 6, 15, 1, 9, 10, 3, 16, 22]

Individual 86:
  Route length: 15046
  Contribution to Diversity: 0.0007553113727523098
  Route: [32, 49, 1, 35, 34, 3, 15, 46, 5, 36, 39, 40, 47, 26, 27, 33, 51, 11, 52, 14, 13, 6, 23, 30, 17, 19, 43, 10, 9, 8, 24, 48, 38, 37, 16, 45, 41, 18, 44, 50, 20, 31, 2, 7, 21, 42, 4, 25, 12, 28, 29, 22]

Individual 87:
  Route length: 14989
  Contribution to Diversity: 7.55992132459582e-05
  Route: [36, 41, 8, 10, 42, 21, 2, 7, 45, 19, 9, 32, 29, 15, 35, 1, 44, 33, 43, 51, 11, 52, 14, 13, 47, 26, 27, 28, 12, 25, 4, 6, 18, 49, 34, 20, 37, 50, 30, 23, 24, 5, 48, 16, 46, 3, 38, 40, 39, 17, 31, 22]

Individual 88:
  Route length: 15057
  Contribution to Diversity: 0.0007178554968580997
  Route: [32, 35, 36, 41, 15, 8, 9, 25, 4, 6, 44, 29, 50, 20, 2, 30, 17, 3, 18, 49, 45, 19, 1, 48, 34, 16, 7, 42, 21, 23, 10, 43, 33, 24, 5, 40, 39, 51, 14, 27, 28, 12, 11, 52, 13, 26, 47, 38, 46, 37, 31, 22]

Individual 89:
  Route length: 15043
  Contribution to Diversity: 0.0013737482142373025
  Route: [21, 42, 7, 2, 30, 10, 9, 8, 41, 32, 45, 36, 19, 3, 25, 29, 26, 27, 28, 6, 4, 51, 11, 17, 49, 40, 46, 44, 34, 35, 20, 50, 31, 37, 39, 47, 13, 14, 52, 12, 33, 43, 24, 5, 15, 38, 16, 48, 1, 23, 18, 22]

Individual 90:
  Route length: 14404
  Contribution to Diversity: 0.00011482911428561948
  Route: [1, 29, 50, 2, 7, 42, 21, 3, 41, 16, 49, 38, 46, 12, 28, 27, 26, 39, 6, 37, 5, 24, 40, 32, 45, 18, 19, 9, 4, 15, 51, 33, 8, 10, 43, 48, 25, 47, 13, 14, 52, 11, 36, 44, 34, 35, 17, 23, 30, 20, 31, 22]

Individual 91:
  Route length: 14382
  Contribution to Diversity: 0.0003103706597089584
  Route: [39, 50, 20, 49, 16, 31, 18, 3, 17, 21, 42, 7, 2, 30, 23, 28, 29, 46, 44, 36, 15, 12, 27, 26, 47, 45, 24, 6, 35, 34, 32, 19, 41, 5, 37, 40, 48, 38, 25, 4, 13, 14, 52, 11, 8, 9, 10, 43, 33, 51, 1, 22]

Individual 92:
  Route length: 14810
  Contribution to Diversity: 0.00034794494730316927
  Route: [34, 23, 20, 30, 2, 7, 42, 36, 46, 24, 21, 31, 18, 3, 17, 35, 4, 6, 13, 51, 11, 28, 27, 16, 49, 50, 29, 44, 26, 47, 14, 52, 38, 37, 12, 25, 33, 43, 10, 9, 8, 41, 19, 5, 39, 32, 45, 1, 15, 40, 48, 22]

Individual 93:
  Route length: 14992
  Contribution to Diversity: 0.0015806059596439326
  Route: [1, 16, 49, 32, 39, 46, 45, 43, 8, 38, 10, 40, 25, 37, 26, 27, 13, 47, 14, 52, 11, 36, 35, 34, 44, 48, 24, 5, 4, 6, 12, 28, 15, 51, 33, 41, 30, 23, 21, 42, 7, 2, 20, 50, 29, 9, 19, 18, 3, 17, 31, 22]

Individual 94:
  Route length: 14902
  Contribution to Diversity: 0.0003792479195530163
  Route: [3, 40, 46, 44, 34, 35, 26, 27, 28, 51, 11, 39, 37, 38, 15, 5, 18, 23, 20, 30, 2, 7, 42, 21, 48, 49, 17, 8, 41, 19, 9, 10, 45, 32, 16, 25, 47, 13, 14, 52, 12, 33, 4, 31, 1, 29, 6, 43, 24, 50, 36, 22]

Individual 95:
  Route length: 14836
  Contribution to Diversity: 0
  Route: [1, 40, 24, 46, 44, 48, 12, 28, 27, 26, 47, 16, 3, 31, 18, 42, 7, 2, 23, 50, 30, 37, 34, 35, 36, 20, 29, 8, 33, 9, 10, 41, 51, 11, 52, 14, 13, 25, 5, 19, 38, 43, 39, 6, 4, 17, 21, 45, 32, 49, 15, 22]

Individual 96:
  Route length: 14555
  Contribution to Diversity: 0
  Route: [39, 19, 45, 46, 25, 5, 6, 15, 48, 34, 3, 18, 38, 37, 10, 41, 8, 9, 44, 32, 42, 36, 35, 29, 31, 17, 21, 7, 2, 30, 47, 26, 27, 28, 12, 13, 14, 52, 11, 51, 33, 43, 1, 40, 4, 50, 23, 20, 49, 24, 16, 22]

Individual 97:
  Route length: 14567
  Contribution to Diversity: 0
  Route: [17, 8, 9, 10, 1, 32, 48, 5, 15, 6, 33, 37, 38, 39, 46, 30, 25, 24, 27, 26, 47, 13, 28, 12, 51, 11, 52, 14, 4, 40, 43, 16, 29, 42, 7, 2, 31, 18, 21, 23, 45, 20, 3, 41, 19, 35, 49, 44, 50, 34, 36, 22]

Individual 98:
  Route length: 14815
  Contribution to Diversity: 0.0011114412891854997
  Route: [39, 30, 32, 48, 46, 13, 14, 52, 11, 51, 36, 18, 19, 41, 34, 44, 4, 6, 15, 5, 24, 12, 28, 27, 26, 47, 25, 9, 10, 33, 43, 40, 38, 35, 1, 49, 37, 8, 29, 31, 3, 21, 45, 23, 2, 7, 42, 17, 20, 50, 16, 22]

Individual 99:
  Route length: 14930
  Contribution to Diversity: 0
  Route: [1, 49, 32, 42, 2, 7, 29, 50, 20, 23, 34, 44, 46, 15, 6, 4, 24, 41, 8, 9, 10, 43, 33, 38, 48, 13, 51, 11, 12, 27, 52, 37, 40, 30, 45, 17, 3, 18, 31, 19, 5, 28, 14, 47, 26, 35, 36, 39, 25, 16, 21, 22]

Individual 100:
  Route length: 14951
  Contribution to Diversity: 0.00124012343971458
  Route: [29, 23, 19, 41, 8, 9, 25, 12, 39, 36, 35, 44, 34, 15, 32, 13, 21, 17, 3, 18, 31, 5, 40, 20, 42, 7, 2, 30, 50, 16, 46, 4, 6, 14, 52, 11, 51, 33, 43, 10, 45, 38, 37, 28, 27, 47, 26, 24, 48, 49, 1, 22]

Individual 101:
  Route length: 14479
  Contribution to Diversity: 0
  Route: [4, 36, 6, 43, 41, 49, 35, 51, 33, 10, 9, 8, 50, 29, 25, 15, 26, 47, 14, 13, 52, 11, 12, 28, 27, 39, 31, 18, 3, 34, 44, 38, 48, 24, 5, 1, 16, 46, 37, 17, 21, 42, 2, 7, 19, 45, 32, 40, 30, 23, 20, 22]

Individual 102:
  Route length: 14831
  Contribution to Diversity: 0.0005789477085791361
  Route: [35, 34, 46, 39, 17, 21, 30, 2, 7, 42, 4, 5, 44, 47, 13, 14, 52, 11, 51, 33, 43, 16, 49, 37, 26, 27, 28, 20, 23, 50, 48, 29, 1, 45, 8, 24, 25, 6, 9, 10, 12, 15, 40, 36, 38, 32, 41, 19, 3, 18, 31, 22]

Individual 103:
  Route length: 14951
  Contribution to Diversity: 0.0013243933019584375
  Route: [20, 36, 35, 39, 29, 15, 10, 8, 17, 3, 42, 30, 23, 38, 49, 48, 24, 43, 33, 51, 11, 52, 14, 13, 47, 26, 27, 28, 5, 6, 34, 18, 1, 16, 46, 50, 12, 25, 4, 9, 32, 45, 19, 37, 41, 40, 44, 7, 2, 21, 31, 22]

Individual 104:
  Route length: 14533
  Contribution to Diversity: 0
  Route: [8, 45, 1, 29, 48, 50, 23, 20, 17, 21, 30, 2, 7, 42, 4, 5, 44, 47, 13, 14, 52, 11, 51, 33, 43, 16, 49, 37, 26, 27, 28, 35, 34, 46, 39, 10, 9, 6, 25, 24, 12, 15, 40, 36, 38, 32, 41, 19, 3, 18, 31, 22]

Individual 105:
  Route length: 14863
  Contribution to Diversity: 0.0006836076947367431
  Route: [19, 25, 4, 36, 9, 10, 43, 33, 51, 11, 34, 7, 42, 21, 17, 3, 31, 45, 8, 41, 39, 1, 48, 24, 47, 26, 27, 28, 12, 52, 14, 13, 29, 37, 38, 5, 6, 15, 23, 16, 35, 40, 44, 46, 32, 49, 50, 30, 20, 2, 18, 22]

Individual 106:
  Route length: 15076
  Contribution to Diversity: 5.035100477801535e-05
  Route: [6, 4, 20, 23, 30, 1, 18, 3, 17, 7, 2, 44, 32, 45, 19, 9, 10, 47, 27, 26, 28, 12, 13, 14, 52, 11, 46, 15, 39, 40, 41, 8, 24, 48, 37, 38, 16, 21, 42, 29, 50, 31, 35, 49, 34, 43, 51, 33, 5, 36, 25, 22]

Individual 107:
  Route length: 14951
  Contribution to Diversity: 0.0010811895914546454
  Route: [1, 29, 16, 37, 21, 42, 7, 2, 20, 50, 44, 38, 46, 25, 11, 52, 14, 13, 26, 27, 28, 12, 4, 6, 39, 3, 41, 5, 32, 18, 19, 9, 40, 24, 15, 51, 33, 48, 47, 49, 45, 17, 35, 34, 36, 43, 10, 8, 23, 30, 31, 22]

Individual 108:
  Route length: 14919
  Contribution to Diversity: 0.0006294376452160577
  Route: [1, 41, 34, 16, 29, 12, 25, 4, 6, 46, 47, 35, 36, 45, 19, 15, 5, 48, 24, 14, 52, 11, 51, 33, 28, 13, 26, 27, 8, 9, 10, 38, 43, 32, 49, 30, 37, 44, 20, 23, 39, 40, 50, 42, 2, 7, 21, 17, 3, 18, 31, 22]

Individual 109:
  Route length: 14998
  Contribution to Diversity: 0.0001036239807188366
  Route: [36, 45, 33, 43, 11, 10, 9, 8, 41, 19, 3, 17, 42, 37, 32, 49, 25, 4, 6, 38, 50, 1, 35, 51, 52, 14, 13, 47, 12, 28, 27, 26, 31, 18, 39, 2, 7, 21, 44, 34, 24, 15, 40, 48, 5, 20, 23, 30, 29, 16, 46, 22]

Individual 110:
  Route length: 14743
  Contribution to Diversity: 0
  Route: [34, 40, 6, 5, 41, 8, 44, 16, 21, 42, 2, 1, 49, 32, 45, 19, 9, 10, 33, 51, 47, 26, 28, 12, 13, 14, 52, 11, 25, 27, 46, 36, 39, 15, 29, 4, 31, 18, 3, 17, 7, 20, 35, 50, 23, 30, 38, 43, 24, 48, 37, 22]

Individual 111:
  Route length: 14885
  Contribution to Diversity: 0.0003270451075181313
  Route: [23, 30, 42, 40, 39, 29, 15, 10, 8, 17, 3, 19, 45, 32, 9, 12, 25, 4, 41, 35, 36, 20, 24, 48, 49, 38, 43, 33, 51, 11, 52, 14, 13, 47, 26, 27, 28, 5, 6, 34, 18, 1, 16, 46, 50, 37, 44, 7, 2, 21, 31, 22]

Individual 112:
  Route length: 14712
  Contribution to Diversity: 0
  Route: [17, 8, 9, 10, 30, 46, 39, 38, 37, 33, 6, 15, 5, 48, 32, 1, 34, 45, 20, 3, 41, 19, 35, 49, 44, 16, 29, 42, 7, 2, 31, 18, 23, 21, 50, 4, 40, 43, 14, 52, 11, 51, 12, 28, 13, 47, 26, 27, 24, 25, 36, 22]

Individual 113:
  Route length: 14890
  Contribution to Diversity: 8.460525600106905e-06
  Route: [1, 24, 12, 49, 32, 21, 17, 23, 44, 19, 41, 10, 38, 45, 43, 33, 51, 28, 27, 36, 20, 39, 4, 6, 25, 15, 40, 35, 34, 50, 29, 16, 26, 47, 13, 14, 52, 11, 8, 9, 5, 46, 37, 48, 42, 7, 2, 30, 3, 18, 31, 22]

Individual 114:
  Route length: 15060
  Contribution to Diversity: 0.0006401072911721428
  Route: [1, 29, 39, 26, 27, 28, 12, 46, 38, 49, 16, 41, 3, 21, 42, 7, 2, 50, 25, 48, 43, 10, 8, 33, 51, 15, 4, 9, 19, 18, 45, 32, 40, 24, 5, 37, 6, 47, 13, 14, 52, 11, 36, 44, 34, 35, 17, 23, 30, 20, 31, 22]

Individual 115:
  Route length: 15021
  Contribution to Diversity: 0
  Route: [4, 36, 6, 43, 41, 49, 35, 51, 33, 10, 9, 8, 50, 29, 24, 48, 38, 44, 34, 3, 18, 31, 39, 27, 28, 12, 11, 52, 14, 13, 47, 26, 15, 25, 7, 2, 42, 21, 17, 37, 46, 16, 1, 5, 19, 45, 32, 40, 30, 23, 20, 22]

Individual 116:
  Route length: 14828
  Contribution to Diversity: 0.0012278346877430124
  Route: [21, 20, 23, 18, 3, 17, 50, 29, 40, 38, 37, 46, 16, 1, 35, 45, 5, 36, 39, 9, 10, 33, 51, 11, 47, 27, 26, 31, 49, 32, 43, 19, 41, 8, 12, 28, 24, 48, 6, 4, 15, 34, 44, 25, 13, 14, 52, 30, 42, 7, 2, 22]

Individual 117:
  Route length: 14958
  Contribution to Diversity: 0.0005859744683389678
  Route: [46, 25, 24, 38, 37, 13, 14, 52, 44, 16, 18, 3, 17, 2, 7, 42, 21, 20, 23, 30, 4, 6, 35, 48, 27, 26, 47, 12, 28, 15, 34, 43, 10, 9, 8, 45, 5, 36, 49, 40, 33, 51, 11, 29, 50, 41, 19, 32, 1, 39, 31, 22]

Individual 118:
  Route length: 14705
  Contribution to Diversity: 4.1055751768048765e-05
  Route: [50, 6, 18, 38, 48, 4, 33, 8, 9, 10, 43, 5, 36, 15, 24, 40, 32, 49, 34, 23, 47, 26, 27, 51, 25, 39, 35, 19, 41, 45, 30, 20, 31, 37, 46, 16, 44, 11, 52, 14, 13, 12, 28, 29, 3, 17, 21, 42, 2, 7, 1, 22]

Individual 119:
  Route length: 15000
  Contribution to Diversity: 0.0010001886335864185
  Route: [51, 11, 52, 14, 13, 25, 29, 20, 36, 48, 49, 32, 19, 38, 39, 5, 24, 17, 18, 42, 7, 2, 23, 50, 30, 37, 4, 6, 43, 44, 46, 12, 28, 27, 26, 47, 16, 3, 8, 33, 9, 10, 41, 45, 40, 1, 35, 34, 21, 31, 15, 22]

Individual 120:
  Route length: 14811
  Contribution to Diversity: 0.0005160906155206035
  Route: [49, 32, 1, 10, 24, 38, 46, 41, 39, 40, 43, 44, 15, 50, 30, 2, 48, 34, 29, 23, 31, 18, 45, 16, 37, 20, 7, 42, 21, 17, 8, 9, 19, 5, 6, 4, 25, 12, 28, 27, 26, 47, 13, 14, 52, 11, 51, 33, 36, 35, 3, 22]

Individual 121:
  Route length: 14994
  Contribution to Diversity: 0.0008267525249294749
  Route: [19, 45, 49, 4, 46, 25, 5, 6, 15, 48, 37, 38, 1, 40, 24, 18, 3, 34, 16, 39, 20, 23, 50, 31, 29, 35, 36, 8, 9, 41, 10, 2, 42, 44, 32, 21, 17, 7, 30, 47, 26, 27, 28, 43, 33, 51, 11, 52, 14, 13, 12, 22]

Individual 122:
  Route length: 14833
  Contribution to Diversity: 0.00014809404584426034
  Route: [17, 8, 9, 10, 1, 32, 48, 5, 15, 6, 33, 37, 38, 14, 52, 11, 51, 12, 28, 13, 47, 26, 27, 24, 25, 30, 46, 39, 19, 41, 3, 20, 45, 23, 21, 18, 31, 2, 7, 42, 29, 16, 43, 40, 4, 35, 49, 44, 50, 34, 36, 22]

Individual 123:
  Route length: 14924
  Contribution to Diversity: 0.00011423218402484281
  Route: [1, 40, 24, 46, 44, 48, 19, 5, 25, 13, 14, 52, 11, 51, 41, 10, 9, 33, 8, 29, 20, 36, 35, 34, 37, 30, 50, 23, 2, 7, 42, 18, 31, 3, 16, 47, 26, 27, 28, 12, 38, 43, 39, 6, 4, 17, 21, 45, 32, 49, 15, 22]

Individual 124:
  Route length: 14817
  Contribution to Diversity: 0.00039141831024824825
  Route: [3, 40, 46, 44, 34, 35, 12, 52, 14, 13, 47, 25, 16, 32, 45, 10, 9, 19, 41, 8, 17, 49, 48, 21, 42, 7, 2, 30, 20, 23, 18, 5, 15, 38, 37, 39, 11, 51, 28, 27, 26, 29, 1, 31, 4, 33, 6, 43, 24, 50, 36, 22]

Individual 125:
  Route length: 14888
  Contribution to Diversity: 0
  Route: [16, 29, 23, 1, 6, 35, 44, 34, 4, 14, 26, 27, 17, 3, 8, 9, 10, 43, 33, 13, 47, 52, 11, 51, 24, 48, 38, 49, 32, 45, 19, 41, 25, 12, 28, 30, 2, 7, 42, 50, 20, 46, 39, 36, 37, 5, 15, 18, 21, 31, 40, 22]

Individual 126:
  Route length: 15003
  Contribution to Diversity: 0
  Route: [4, 36, 34, 44, 38, 48, 24, 29, 50, 8, 9, 10, 33, 51, 35, 49, 41, 43, 6, 3, 18, 31, 39, 27, 28, 12, 11, 52, 14, 13, 47, 26, 15, 25, 7, 2, 42, 21, 17, 37, 46, 16, 1, 5, 19, 45, 32, 40, 30, 23, 20, 22]

Individual 127:
  Route length: 14692
  Contribution to Diversity: 0.0008275580499690349
  Route: [42, 7, 17, 18, 40, 23, 21, 49, 37, 38, 34, 5, 4, 6, 44, 1, 36, 39, 10, 8, 35, 46, 16, 50, 51, 11, 52, 14, 13, 47, 26, 27, 28, 12, 25, 32, 45, 3, 20, 2, 30, 31, 9, 41, 19, 33, 43, 15, 29, 24, 48, 22]

Individual 128:
  Route length: 14890
  Contribution to Diversity: 0.0008401344995592197
  Route: [51, 11, 52, 14, 13, 25, 29, 20, 36, 48, 49, 32, 19, 38, 24, 5, 39, 30, 50, 23, 2, 7, 42, 18, 17, 37, 4, 6, 43, 44, 46, 12, 28, 27, 26, 47, 16, 3, 8, 33, 9, 10, 41, 45, 40, 1, 35, 34, 21, 31, 15, 22]

Individual 129:
  Route length: 14769
  Contribution to Diversity: 0.0003082614435028219
  Route: [23, 50, 48, 29, 1, 45, 8, 44, 5, 4, 42, 7, 2, 30, 21, 17, 20, 47, 13, 14, 52, 11, 51, 33, 43, 16, 49, 37, 26, 27, 28, 35, 34, 46, 39, 10, 9, 6, 25, 24, 12, 15, 40, 36, 38, 32, 41, 19, 3, 18, 31, 22]

Individual 130:
  Route length: 14903
  Contribution to Diversity: 0.0006223380692382818
  Route: [1, 9, 8, 5, 46, 20, 16, 29, 50, 34, 35, 10, 41, 17, 21, 42, 7, 2, 30, 3, 23, 44, 19, 25, 6, 4, 12, 49, 32, 38, 24, 18, 31, 39, 48, 40, 37, 15, 11, 52, 14, 13, 47, 26, 36, 27, 28, 51, 33, 43, 45, 22]

Individual 131:
  Route length: 14744
  Contribution to Diversity: 0
  Route: [17, 8, 9, 10, 30, 18, 31, 2, 7, 42, 29, 16, 44, 49, 35, 19, 41, 3, 20, 45, 34, 1, 32, 48, 5, 15, 6, 33, 37, 38, 39, 46, 23, 21, 50, 4, 40, 43, 14, 52, 11, 51, 12, 28, 13, 47, 26, 27, 24, 25, 36, 22]

Individual 132:
  Route length: 14417
  Contribution to Diversity: 0
  Route: [44, 2, 30, 23, 21, 20, 25, 34, 40, 32, 37, 49, 39, 31, 18, 43, 51, 33, 38, 48, 16, 29, 50, 24, 12, 28, 27, 26, 47, 13, 11, 52, 14, 4, 6, 46, 35, 36, 1, 10, 9, 8, 41, 42, 7, 17, 3, 19, 45, 15, 5, 22]

Individual 133:
  Route length: 14942
  Contribution to Diversity: 0
  Route: [16, 29, 23, 1, 6, 25, 41, 19, 45, 32, 49, 38, 48, 24, 51, 11, 52, 47, 13, 33, 43, 10, 9, 8, 3, 17, 27, 26, 14, 4, 34, 44, 35, 37, 36, 39, 46, 20, 50, 42, 7, 2, 30, 28, 12, 5, 15, 18, 21, 31, 40, 22]

Individual 134:
  Route length: 13806
  Contribution to Diversity: 0
  Route: [1, 45, 19, 3, 2, 7, 42, 21, 17, 36, 31, 10, 43, 33, 12, 28, 16, 46, 24, 51, 11, 52, 14, 13, 47, 26, 27, 4, 25, 44, 29, 20, 23, 41, 8, 9, 32, 49, 38, 48, 5, 34, 15, 35, 37, 40, 18, 30, 39, 6, 50, 22]

Individual 135:
  Route length: 15080
  Contribution to Diversity: 0.000976875330062299
  Route: [39, 40, 44, 34, 8, 9, 10, 43, 33, 37, 38, 48, 12, 28, 27, 52, 11, 45, 50, 32, 1, 49, 19, 15, 35, 46, 16, 29, 47, 13, 14, 26, 24, 5, 18, 31, 41, 3, 17, 25, 36, 6, 4, 51, 21, 42, 7, 2, 30, 23, 20, 22]

Individual 136:
  Route length: 14851
  Contribution to Diversity: 0.0006353820589062309
  Route: [34, 40, 5, 6, 29, 7, 17, 3, 18, 31, 49, 1, 2, 42, 21, 16, 44, 8, 41, 4, 20, 36, 39, 15, 46, 27, 25, 11, 52, 14, 13, 12, 28, 26, 47, 51, 33, 10, 9, 19, 45, 32, 50, 35, 23, 30, 38, 43, 24, 48, 37, 22]

Individual 137:
  Route length: 14409
  Contribution to Diversity: 0.0005602216564115636
  Route: [34, 23, 42, 7, 2, 30, 20, 16, 27, 28, 11, 51, 13, 6, 4, 35, 17, 3, 18, 31, 21, 24, 46, 36, 49, 50, 29, 44, 26, 47, 14, 52, 38, 37, 12, 25, 33, 43, 10, 9, 8, 41, 19, 5, 39, 32, 45, 1, 15, 40, 48, 22]

Individual 138:
  Route length: 14979
  Contribution to Diversity: 0.0005403174684230905
  Route: [49, 1, 3, 6, 37, 46, 44, 34, 35, 19, 41, 8, 9, 10, 43, 4, 5, 33, 11, 12, 47, 27, 51, 13, 14, 52, 36, 32, 23, 20, 18, 7, 2, 30, 45, 50, 31, 38, 48, 24, 15, 25, 28, 26, 29, 16, 39, 40, 42, 21, 17, 22]

Individual 139:
  Route length: 14495
  Contribution to Diversity: 0.0007910860307385192
  Route: [40, 39, 8, 10, 9, 42, 7, 17, 3, 45, 32, 34, 37, 38, 31, 1, 18, 4, 16, 46, 29, 24, 6, 51, 11, 52, 14, 13, 47, 26, 27, 28, 12, 25, 23, 21, 30, 2, 19, 41, 15, 5, 35, 44, 48, 33, 43, 36, 20, 49, 50, 22]

Individual 140:
  Route length: 15066
  Contribution to Diversity: 0
  Route: [4, 43, 6, 36, 44, 38, 48, 24, 29, 50, 8, 9, 10, 33, 51, 35, 49, 41, 34, 3, 18, 31, 39, 27, 28, 12, 11, 52, 14, 13, 47, 26, 15, 25, 7, 2, 42, 21, 17, 37, 46, 16, 1, 5, 19, 45, 32, 40, 30, 23, 20, 22]

Individual 141:
  Route length: 15053
  Contribution to Diversity: 0.0001297461196640981
  Route: [34, 40, 6, 5, 41, 8, 44, 16, 21, 42, 2, 1, 49, 46, 27, 25, 11, 52, 14, 13, 12, 28, 26, 47, 51, 33, 10, 9, 19, 45, 32, 48, 24, 43, 38, 30, 23, 50, 35, 20, 7, 17, 3, 18, 31, 4, 29, 15, 39, 36, 37, 22]

Individual 142:
  Route length: 15065
  Contribution to Diversity: 0
  Route: [16, 29, 23, 1, 6, 25, 41, 19, 45, 32, 49, 38, 48, 52, 11, 51, 24, 17, 3, 8, 9, 10, 43, 33, 13, 47, 27, 26, 14, 4, 34, 44, 35, 37, 36, 39, 46, 20, 50, 42, 7, 2, 30, 28, 12, 5, 15, 18, 21, 31, 40, 22]

Individual 143:
  Route length: 15015
  Contribution to Diversity: 0.0009485235836645955
  Route: [49, 44, 2, 7, 17, 1, 36, 47, 51, 33, 43, 9, 10, 32, 46, 38, 50, 25, 35, 31, 18, 3, 41, 8, 4, 11, 52, 14, 13, 12, 27, 26, 28, 39, 45, 19, 34, 40, 5, 15, 6, 24, 16, 20, 29, 42, 21, 23, 30, 48, 37, 22]

Individual 144:
  Route length: 14994
  Contribution to Diversity: 0.00048662391842935193
  Route: [1, 41, 46, 6, 4, 25, 12, 29, 16, 34, 49, 32, 43, 38, 10, 9, 8, 27, 26, 13, 28, 33, 51, 11, 52, 14, 24, 48, 5, 15, 19, 45, 36, 35, 47, 30, 37, 44, 20, 23, 39, 40, 50, 42, 2, 7, 21, 17, 3, 18, 31, 22]

Individual 145:
  Route length: 14880
  Contribution to Diversity: 0.0008445642251730945
  Route: [38, 46, 4, 48, 24, 16, 20, 25, 5, 3, 18, 31, 35, 34, 40, 27, 26, 28, 11, 52, 14, 13, 47, 12, 51, 33, 43, 10, 9, 15, 6, 8, 41, 37, 23, 30, 17, 7, 19, 45, 32, 50, 29, 42, 21, 2, 39, 44, 49, 1, 36, 22]

Individual 146:
  Route length: 15011
  Contribution to Diversity: 0.00023458841403201092
  Route: [35, 15, 29, 32, 9, 19, 45, 7, 2, 21, 42, 10, 8, 41, 36, 23, 30, 50, 37, 20, 34, 49, 18, 6, 4, 25, 12, 28, 27, 26, 47, 13, 14, 52, 11, 51, 43, 33, 44, 1, 24, 5, 48, 16, 46, 3, 38, 40, 39, 17, 31, 22]

Individual 147:
  Route length: 14925
  Contribution to Diversity: 0.0008273809936101273
  Route: [25, 4, 35, 32, 1, 18, 21, 42, 7, 2, 23, 36, 16, 46, 24, 30, 29, 39, 44, 3, 17, 19, 45, 31, 50, 20, 15, 5, 28, 12, 27, 26, 47, 13, 14, 52, 11, 49, 37, 40, 8, 9, 10, 43, 34, 41, 48, 33, 51, 38, 6, 22]

Individual 148:
  Route length: 15033
  Contribution to Diversity: 0
  Route: [4, 36, 6, 43, 41, 49, 35, 51, 33, 10, 9, 8, 50, 29, 24, 38, 48, 16, 46, 37, 17, 21, 42, 2, 7, 25, 15, 26, 47, 13, 14, 52, 11, 12, 28, 27, 39, 31, 18, 3, 34, 44, 1, 5, 19, 45, 32, 40, 30, 23, 20, 22]

Individual 149:
  Route length: 14689
  Contribution to Diversity: 0.0002213759610087962
  Route: [12, 30, 2, 7, 42, 21, 8, 9, 10, 4, 28, 27, 26, 47, 13, 14, 52, 11, 43, 20, 50, 23, 16, 29, 39, 49, 36, 35, 44, 31, 17, 18, 25, 15, 33, 51, 46, 24, 32, 45, 19, 41, 34, 40, 5, 37, 38, 1, 6, 48, 3, 22]

Total Entropy H: 6.146233341526775
