Individual 0:
  Route length: 13113
  Contribution to Diversity: 0.0023139093977606606
  Route: [39, 6, 15, 52, 4, 25, 46, 43, 33, 10, 9, 8, 41, 19, 45, 32, 49, 1, 3, 18, 30, 21, 42, 7, 2, 24, 5, 35, 34, 44, 11, 51, 14, 13, 47, 26, 27, 28, 12, 48, 40, 37, 38, 16, 29, 50, 20, 23, 17, 36, 31, 22]

Individual 1:
  Route length: 13082
  Contribution to Diversity: 0.005050476686128569
  Route: [1, 20, 50, 29, 46, 51, 11, 52, 16, 39, 14, 13, 47, 26, 27, 28, 12, 25, 44, 17, 3, 18, 9, 10, 43, 33, 4, 6, 38, 48, 24, 5, 15, 34, 37, 42, 7, 2, 30, 31, 21, 35, 36, 40, 32, 45, 19, 41, 8, 23, 49, 22]

Individual 2:
  Route length: 13159
  Contribution to Diversity: 0.013969631238669677
  Route: [1, 24, 25, 50, 20, 33, 9, 10, 43, 37, 40, 3, 18, 36, 34, 17, 21, 42, 7, 2, 30, 23, 8, 41, 19, 45, 39, 35, 29, 16, 46, 44, 32, 49, 31, 51, 11, 52, 14, 12, 28, 27, 26, 47, 13, 4, 6, 5, 15, 48, 38, 22]

Individual 3:
  Route length: 13147
  Contribution to Diversity: 0.0024887194448046657
  Route: [1, 20, 50, 29, 46, 51, 11, 52, 5, 15, 34, 37, 42, 7, 2, 30, 31, 21, 35, 36, 40, 32, 45, 19, 41, 8, 23, 49, 16, 39, 14, 13, 47, 26, 27, 28, 12, 25, 44, 38, 48, 24, 6, 4, 33, 43, 10, 9, 18, 3, 17, 22]

Individual 4:
  Route length: 12831
  Contribution to Diversity: 0.0021886224087834805
  Route: [1, 49, 9, 10, 26, 47, 13, 14, 52, 11, 51, 33, 43, 8, 41, 50, 28, 12, 27, 5, 48, 38, 24, 34, 40, 39, 36, 35, 19, 45, 32, 21, 42, 7, 2, 30, 23, 29, 16, 15, 20, 46, 44, 25, 4, 6, 37, 3, 17, 18, 31, 22]

Individual 5:
  Route length: 12992
  Contribution to Diversity: 0.013440374551636936
  Route: [45, 19, 41, 8, 10, 9, 43, 42, 7, 2, 30, 37, 38, 44, 34, 1, 49, 32, 25, 4, 51, 12, 28, 27, 26, 47, 13, 14, 52, 5, 46, 16, 21, 23, 29, 50, 15, 40, 11, 33, 24, 48, 6, 39, 35, 36, 20, 31, 18, 3, 17, 22]

Individual 6:
  Route length: 13003
  Contribution to Diversity: 0.007526220252004556
  Route: [1, 24, 49, 32, 45, 19, 41, 8, 23, 30, 2, 7, 42, 21, 17, 3, 18, 40, 37, 5, 6, 4, 25, 13, 47, 26, 27, 28, 12, 14, 52, 29, 16, 9, 10, 43, 33, 20, 50, 44, 34, 46, 51, 11, 38, 48, 15, 39, 36, 35, 31, 22]

Individual 7:
  Route length: 13051
  Contribution to Diversity: 0.00792728199485726
  Route: [1, 49, 31, 18, 3, 17, 24, 30, 27, 26, 47, 13, 14, 52, 34, 35, 5, 40, 37, 20, 23, 29, 16, 50, 28, 12, 11, 51, 33, 43, 10, 9, 8, 41, 19, 45, 36, 15, 38, 48, 46, 32, 21, 42, 7, 2, 39, 6, 4, 25, 44, 22]

Individual 8:
  Route length: 12915
  Contribution to Diversity: 0.0021886224087825923
  Route: [1, 49, 9, 10, 26, 47, 13, 14, 52, 11, 51, 33, 43, 8, 41, 50, 28, 12, 27, 5, 48, 38, 24, 15, 16, 29, 23, 30, 2, 7, 42, 21, 32, 45, 19, 35, 36, 39, 40, 34, 17, 3, 37, 6, 4, 25, 44, 46, 20, 18, 31, 22]

Individual 9:
  Route length: 13103
  Contribution to Diversity: 0.012778625389188392
  Route: [1, 24, 20, 50, 46, 16, 29, 32, 49, 45, 19, 41, 8, 39, 36, 35, 25, 48, 33, 9, 10, 43, 37, 40, 3, 18, 38, 23, 30, 2, 7, 42, 21, 17, 34, 44, 15, 5, 6, 4, 13, 47, 26, 27, 28, 12, 14, 52, 11, 51, 31, 22]

Individual 10:
  Route length: 13004
  Contribution to Diversity: 0.004876009196252085
  Route: [39, 6, 15, 52, 4, 25, 46, 43, 33, 10, 9, 8, 41, 19, 2, 7, 42, 21, 30, 18, 3, 1, 49, 32, 45, 17, 23, 20, 50, 29, 16, 38, 37, 40, 48, 12, 28, 27, 26, 47, 13, 14, 51, 11, 44, 34, 35, 5, 24, 36, 31, 22]

Individual 11:
  Route length: 12920
  Contribution to Diversity: 0.009641941869491966
  Route: [45, 19, 41, 8, 10, 9, 39, 37, 4, 51, 12, 28, 27, 26, 47, 13, 14, 52, 5, 6, 48, 24, 49, 1, 34, 44, 38, 46, 35, 36, 20, 29, 50, 15, 40, 32, 25, 33, 11, 43, 23, 21, 16, 30, 2, 7, 42, 3, 17, 18, 31, 22]

Individual 12:
  Route length: 13167
  Contribution to Diversity: 0.0231346629672613
  Route: [41, 19, 45, 32, 49, 1, 44, 15, 5, 24, 3, 17, 21, 7, 42, 23, 30, 2, 14, 52, 11, 51, 33, 43, 10, 9, 8, 20, 50, 29, 6, 35, 4, 25, 12, 28, 27, 26, 47, 13, 39, 36, 46, 48, 38, 34, 16, 37, 40, 31, 18, 22]

Individual 13:
  Route length: 13169
  Contribution to Diversity: 0.010510179005505549
  Route: [1, 6, 39, 4, 25, 51, 11, 26, 27, 47, 13, 14, 33, 43, 46, 44, 52, 16, 29, 50, 20, 28, 12, 49, 32, 45, 19, 41, 8, 9, 10, 37, 40, 38, 48, 24, 5, 15, 36, 35, 34, 30, 23, 2, 7, 42, 21, 17, 3, 18, 31, 22]

Individual 14:
  Route length: 13072
  Contribution to Diversity: 0.02272860999270776
  Route: [1, 49, 44, 46, 21, 17, 42, 30, 23, 51, 48, 27, 26, 47, 13, 14, 52, 11, 33, 43, 10, 9, 8, 41, 19, 45, 32, 4, 25, 12, 28, 39, 5, 15, 6, 24, 36, 2, 7, 20, 50, 29, 16, 40, 37, 38, 3, 35, 34, 18, 31, 22]

Individual 15:
  Route length: 12787
  Contribution to Diversity: 0.013847607959360353
  Route: [1, 49, 32, 8, 41, 19, 45, 7, 2, 30, 36, 39, 29, 50, 20, 23, 16, 37, 35, 34, 40, 44, 4, 33, 43, 11, 51, 25, 12, 28, 27, 26, 47, 13, 14, 52, 38, 48, 24, 5, 10, 9, 15, 6, 46, 42, 21, 17, 3, 18, 31, 22]

Individual 16:
  Route length: 13103
  Contribution to Diversity: 0.010744736999522608
  Route: [45, 19, 41, 8, 10, 9, 39, 37, 4, 51, 12, 28, 27, 26, 47, 13, 14, 52, 5, 24, 48, 6, 40, 15, 50, 29, 20, 36, 35, 46, 38, 23, 43, 11, 33, 25, 32, 49, 1, 34, 44, 21, 16, 30, 2, 7, 42, 3, 17, 18, 31, 22]

Individual 17:
  Route length: 13078
  Contribution to Diversity: 0.017135281989172135
  Route: [1, 21, 10, 9, 8, 41, 19, 45, 36, 25, 4, 6, 15, 35, 5, 39, 40, 37, 38, 48, 49, 34, 32, 52, 14, 13, 47, 26, 27, 16, 50, 29, 23, 20, 46, 44, 28, 12, 11, 51, 33, 43, 3, 17, 24, 30, 2, 7, 42, 18, 31, 22]

Individual 18:
  Route length: 13034
  Contribution to Diversity: 0.014396970925790953
  Route: [33, 8, 41, 19, 45, 32, 49, 1, 46, 47, 26, 27, 28, 12, 25, 40, 4, 13, 6, 15, 5, 24, 48, 38, 37, 36, 39, 34, 16, 29, 50, 20, 23, 30, 2, 7, 42, 21, 35, 44, 18, 3, 17, 9, 10, 43, 14, 52, 11, 51, 31, 22]

Individual 19:
  Route length: 13154
  Contribution to Diversity: 0.01874322729114919
  Route: [43, 33, 51, 11, 12, 28, 50, 20, 5, 40, 42, 7, 2, 30, 21, 32, 39, 48, 38, 37, 35, 34, 49, 1, 16, 29, 23, 36, 52, 14, 13, 47, 27, 26, 46, 44, 25, 4, 6, 15, 10, 9, 8, 41, 19, 45, 18, 3, 17, 24, 31, 22]

Total Entropy H: 5.1912823276036715
