Individual 0:
  Route length: 15073
  Contribution to Diversity: 0.012422692471880659
  Route: [1, 18, 32, 23, 21, 9, 4, 51, 11, 52, 28, 14, 13, 47, 26, 27, 12, 25, 49, 29, 46, 6, 15, 36, 39, 31, 48, 38, 37, 17, 3, 19, 10, 45, 41, 34, 35, 44, 40, 20, 50, 33, 43, 5, 24, 16, 30, 7, 2, 42, 8, 22]

Individual 1:
  Route length: 14912
  Contribution to Diversity: 0.03266632110816481
  Route: [1, 42, 7, 2, 50, 18, 24, 38, 44, 8, 41, 29, 20, 31, 23, 32, 34, 35, 36, 49, 19, 39, 21, 17, 30, 5, 46, 48, 15, 12, 33, 10, 9, 43, 45, 3, 16, 25, 51, 26, 27, 47, 13, 14, 52, 11, 28, 6, 4, 40, 37, 22]

Individual 2:
  Route length: 15070
  Contribution to Diversity: 0.028678692395764926
  Route: [32, 25, 6, 50, 44, 1, 23, 20, 30, 31, 17, 49, 36, 8, 9, 10, 15, 38, 48, 28, 52, 11, 51, 33, 5, 4, 16, 34, 14, 13, 47, 26, 27, 12, 39, 37, 46, 35, 45, 24, 40, 29, 43, 41, 3, 19, 42, 2, 7, 21, 18, 22]

Individual 3:
  Route length: 15083
  Contribution to Diversity: 0.018256251314989314
  Route: [48, 23, 39, 43, 18, 45, 5, 38, 46, 12, 28, 27, 26, 1, 21, 42, 7, 2, 30, 31, 50, 29, 47, 13, 14, 52, 11, 51, 10, 19, 41, 34, 6, 35, 20, 15, 4, 25, 44, 16, 40, 36, 24, 8, 9, 33, 37, 49, 17, 3, 32, 22]

Individual 4:
  Route length: 15045
  Contribution to Diversity: 0.027213326956338157
  Route: [1, 40, 50, 30, 29, 26, 14, 52, 11, 48, 6, 12, 34, 36, 23, 18, 3, 44, 47, 4, 25, 35, 5, 24, 37, 10, 9, 8, 41, 19, 38, 45, 31, 32, 49, 46, 39, 43, 28, 27, 13, 51, 33, 15, 16, 20, 21, 42, 7, 2, 17, 22]

Individual 5:
  Route length: 14959
  Contribution to Diversity: 0.02197410287412005
  Route: [1, 26, 28, 14, 12, 27, 47, 13, 52, 11, 51, 33, 9, 43, 34, 31, 19, 41, 8, 35, 4, 3, 10, 39, 40, 20, 23, 18, 30, 21, 49, 38, 48, 5, 36, 44, 25, 6, 46, 29, 50, 16, 15, 37, 24, 42, 7, 2, 17, 45, 32, 22]

Individual 6:
  Route length: 14885
  Contribution to Diversity: 0.027488669901645224
  Route: [49, 39, 35, 34, 44, 1, 20, 46, 36, 38, 23, 18, 19, 45, 48, 32, 7, 2, 42, 21, 17, 31, 30, 16, 40, 5, 50, 47, 13, 14, 26, 27, 28, 12, 37, 52, 11, 51, 24, 15, 6, 25, 33, 8, 10, 9, 43, 4, 41, 3, 29, 22]

Individual 7:
  Route length: 14775
  Contribution to Diversity: 0.024151120272982496
  Route: [41, 10, 19, 9, 8, 43, 45, 17, 1, 49, 16, 47, 26, 27, 28, 13, 14, 52, 11, 4, 6, 48, 29, 2, 50, 44, 46, 37, 20, 21, 31, 18, 3, 15, 25, 24, 33, 51, 5, 12, 40, 34, 36, 35, 32, 39, 38, 7, 42, 30, 23, 22]

Individual 8:
  Route length: 14990
  Contribution to Diversity: 0.021551677607991593
  Route: [21, 17, 40, 47, 13, 14, 28, 26, 27, 11, 52, 51, 25, 6, 4, 36, 20, 30, 2, 41, 8, 9, 10, 33, 12, 35, 23, 29, 31, 45, 19, 3, 42, 7, 18, 1, 38, 43, 48, 24, 46, 50, 16, 32, 37, 34, 39, 49, 44, 15, 5, 22]

Individual 9:
  Route length: 15037
  Contribution to Diversity: 0.023224567744211555
  Route: [21, 38, 40, 32, 18, 20, 50, 16, 29, 36, 12, 51, 11, 52, 14, 13, 47, 26, 27, 28, 33, 43, 48, 4, 24, 25, 34, 44, 39, 1, 46, 17, 3, 2, 19, 41, 10, 9, 49, 31, 37, 30, 42, 7, 15, 6, 5, 35, 23, 45, 8, 22]

Individual 10:
  Route length: 14882
  Contribution to Diversity: 0.02275475018604478
  Route: [18, 43, 6, 36, 33, 9, 12, 25, 4, 50, 42, 7, 2, 30, 23, 20, 24, 35, 37, 39, 51, 11, 28, 27, 52, 14, 13, 47, 26, 48, 16, 44, 46, 40, 34, 19, 41, 1, 3, 8, 10, 32, 49, 45, 38, 5, 15, 31, 17, 21, 29, 22]

Individual 11:
  Route length: 15061
  Contribution to Diversity: 0.017946780871661794
  Route: [19, 41, 8, 50, 18, 47, 13, 14, 52, 11, 51, 33, 35, 5, 15, 6, 38, 43, 39, 32, 3, 31, 7, 23, 37, 9, 10, 17, 21, 20, 44, 4, 49, 45, 1, 36, 16, 29, 42, 2, 30, 26, 27, 28, 12, 25, 24, 48, 46, 34, 40, 22]

Individual 12:
  Route length: 14615
  Contribution to Diversity: 0.011057846483714329
  Route: [44, 36, 10, 30, 23, 16, 32, 9, 8, 45, 48, 1, 7, 42, 2, 29, 50, 20, 21, 17, 19, 41, 25, 24, 6, 38, 34, 31, 3, 18, 49, 46, 37, 40, 39, 33, 51, 11, 27, 26, 47, 13, 14, 52, 12, 28, 5, 15, 4, 35, 43, 22]

Individual 13:
  Route length: 14894
  Contribution to Diversity: 0.016691032558076913
  Route: [31, 18, 39, 40, 26, 27, 47, 13, 14, 52, 11, 24, 12, 28, 33, 51, 38, 36, 48, 44, 35, 50, 42, 7, 21, 23, 16, 43, 10, 32, 19, 41, 8, 9, 4, 6, 37, 34, 45, 15, 5, 20, 46, 25, 49, 29, 30, 2, 17, 3, 1, 22]

Individual 14:
  Route length: 14656
  Contribution to Diversity: 0.008591744185055816
  Route: [1, 30, 21, 42, 7, 35, 32, 16, 23, 44, 20, 50, 29, 2, 3, 17, 18, 8, 9, 10, 33, 43, 48, 6, 39, 38, 49, 19, 40, 37, 24, 34, 5, 51, 11, 52, 14, 13, 12, 36, 4, 25, 31, 41, 45, 15, 46, 28, 27, 26, 47, 22]

Individual 15:
  Route length: 14961
  Contribution to Diversity: 0.019767655962738218
  Route: [17, 48, 34, 15, 10, 9, 8, 41, 7, 42, 2, 30, 24, 35, 49, 32, 3, 18, 5, 37, 43, 28, 27, 51, 11, 38, 46, 16, 20, 50, 23, 1, 39, 6, 4, 33, 12, 25, 36, 19, 45, 40, 44, 26, 52, 14, 13, 47, 29, 31, 21, 22]

Individual 16:
  Route length: 15042
  Contribution to Diversity: 0.008977024763352937
  Route: [21, 30, 42, 2, 16, 23, 36, 12, 27, 26, 47, 13, 14, 28, 52, 11, 51, 8, 41, 19, 45, 38, 24, 39, 31, 49, 35, 34, 3, 17, 7, 10, 1, 18, 32, 9, 15, 50, 29, 20, 44, 46, 37, 6, 48, 40, 5, 25, 4, 33, 43, 22]

Individual 17:
  Route length: 14792
  Contribution to Diversity: 0.0162801419062113
  Route: [20, 50, 23, 15, 34, 32, 3, 17, 18, 19, 46, 30, 2, 7, 42, 31, 21, 14, 13, 47, 1, 35, 52, 11, 51, 33, 43, 10, 8, 9, 41, 45, 40, 12, 28, 27, 26, 25, 16, 29, 49, 6, 24, 5, 36, 48, 39, 37, 38, 4, 44, 22]

Individual 18:
  Route length: 15072
  Contribution to Diversity: 0.016703686233383586
  Route: [31, 1, 17, 37, 49, 32, 35, 3, 9, 8, 41, 45, 44, 16, 23, 29, 50, 39, 24, 46, 12, 52, 14, 13, 47, 26, 27, 28, 33, 48, 43, 11, 51, 4, 34, 6, 10, 38, 25, 5, 15, 36, 30, 2, 7, 42, 21, 18, 20, 19, 40, 22]

Individual 19:
  Route length: 15062
  Contribution to Diversity: 0.022345020432595675
  Route: [37, 35, 36, 4, 27, 24, 34, 20, 50, 44, 46, 29, 7, 2, 42, 17, 1, 32, 30, 23, 6, 25, 12, 43, 33, 51, 11, 52, 14, 47, 13, 16, 15, 5, 39, 49, 38, 48, 10, 8, 19, 45, 40, 28, 26, 18, 3, 41, 9, 31, 21, 22]

Total Entropy H: 5.900842476210445
