Individual 0:
  Route length: 12931
  Contribution to Diversity: 0.000982995368191908
  Route: [1, 21, 17, 3, 18, 32, 15, 5, 24, 48, 38, 49, 26, 27, 28, 12, 11, 52, 14, 13, 51, 33, 43, 10, 9, 8, 42, 47, 25, 4, 6, 23, 41, 19, 45, 30, 2, 7, 20, 50, 29, 16, 46, 44, 34, 35, 36, 39, 40, 37, 31, 22]

Individual 1:
  Route length: 13068
  Contribution to Diversity: 0.00037989425804418886
  Route: [1, 49, 32, 45, 19, 41, 8, 9, 10, 43, 15, 37, 38, 48, 16, 46, 4, 6, 29, 44, 42, 21, 11, 51, 12, 28, 27, 26, 47, 13, 14, 52, 24, 5, 25, 7, 2, 30, 23, 20, 50, 40, 39, 36, 35, 34, 33, 17, 3, 18, 31, 22]

Individual 2:
  Route length: 12890
  Contribution to Diversity: 0.0005602735425123129
  Route: [1, 49, 32, 19, 45, 3, 37, 26, 27, 13, 28, 25, 4, 6, 33, 43, 10, 44, 40, 39, 36, 35, 34, 17, 21, 42, 7, 2, 30, 23, 20, 50, 29, 16, 46, 12, 11, 52, 14, 47, 48, 38, 41, 9, 8, 51, 15, 5, 24, 18, 31, 22]

Individual 3:
  Route length: 12829
  Contribution to Diversity: 0.0006075173234929565
  Route: [1, 49, 32, 37, 40, 39, 36, 45, 3, 6, 4, 25, 11, 51, 33, 43, 10, 9, 8, 41, 38, 12, 28, 52, 14, 13, 47, 26, 27, 23, 20, 50, 29, 16, 46, 44, 34, 15, 48, 35, 19, 5, 21, 42, 7, 2, 30, 17, 24, 18, 31, 22]

Individual 4:
  Route length: 12918
  Contribution to Diversity: 0.0012209185743525808
  Route: [8, 41, 19, 45, 36, 35, 9, 10, 43, 13, 14, 52, 47, 44, 46, 16, 29, 39, 40, 1, 49, 32, 4, 33, 34, 25, 6, 15, 5, 24, 48, 38, 37, 20, 50, 51, 11, 12, 28, 27, 26, 23, 30, 2, 7, 42, 21, 17, 3, 18, 31, 22]

Individual 5:
  Route length: 12905
  Contribution to Diversity: 0.0007036617075399931
  Route: [33, 43, 10, 9, 8, 41, 19, 45, 32, 49, 1, 17, 35, 36, 39, 21, 42, 7, 29, 50, 20, 23, 30, 2, 51, 11, 52, 14, 13, 47, 26, 27, 28, 24, 5, 15, 6, 4, 25, 48, 38, 37, 34, 44, 46, 16, 12, 31, 18, 40, 3, 22]

Individual 6:
  Route length: 12782
  Contribution to Diversity: 0.0003666476499040172
  Route: [41, 8, 9, 10, 19, 45, 32, 49, 24, 48, 38, 37, 40, 26, 11, 52, 14, 13, 47, 27, 33, 51, 43, 21, 23, 30, 2, 7, 42, 1, 50, 29, 34, 44, 46, 16, 6, 4, 25, 12, 28, 39, 36, 35, 15, 5, 20, 18, 3, 17, 31, 22]

Individual 7:
  Route length: 13056
  Contribution to Diversity: 0.0004454634619390774
  Route: [48, 38, 37, 40, 39, 36, 28, 27, 26, 47, 13, 14, 52, 18, 3, 17, 21, 42, 7, 2, 30, 23, 20, 44, 46, 16, 29, 50, 1, 49, 32, 10, 34, 35, 12, 25, 4, 6, 33, 43, 51, 11, 24, 5, 15, 19, 41, 8, 45, 9, 31, 22]

Individual 8:
  Route length: 13122
  Contribution to Diversity: 0.002153897672423355
  Route: [20, 23, 30, 19, 45, 41, 8, 9, 10, 43, 33, 32, 18, 3, 17, 21, 42, 7, 2, 37, 29, 50, 48, 52, 11, 51, 16, 46, 44, 6, 49, 1, 35, 34, 4, 25, 12, 28, 27, 26, 47, 13, 14, 38, 15, 24, 5, 36, 39, 40, 31, 22]

Individual 9:
  Route length: 12683
  Contribution to Diversity: 0.0020581534253558686
  Route: [32, 40, 39, 36, 50, 1, 49, 43, 41, 19, 45, 37, 29, 16, 46, 35, 38, 48, 21, 42, 7, 2, 30, 23, 20, 44, 10, 9, 8, 6, 15, 5, 24, 11, 51, 33, 4, 25, 12, 28, 27, 26, 47, 13, 14, 52, 34, 17, 3, 18, 31, 22]

Individual 10:
  Route length: 12987
  Contribution to Diversity: 0.0010997393431368963
  Route: [41, 8, 9, 10, 19, 45, 32, 49, 24, 48, 38, 37, 40, 26, 11, 52, 14, 13, 47, 27, 33, 51, 43, 21, 23, 30, 2, 7, 42, 1, 20, 5, 15, 35, 36, 39, 28, 12, 25, 4, 6, 16, 46, 44, 34, 29, 50, 3, 18, 17, 31, 22]

Individual 11:
  Route length: 13186
  Contribution to Diversity: 0.0018580153198843874
  Route: [1, 49, 32, 19, 45, 3, 37, 26, 27, 28, 13, 47, 14, 52, 11, 25, 4, 6, 33, 43, 10, 44, 40, 39, 35, 36, 46, 16, 29, 50, 20, 23, 30, 2, 7, 42, 21, 17, 34, 12, 8, 9, 41, 38, 48, 51, 15, 5, 24, 18, 31, 22]

Individual 12:
  Route length: 12787
  Contribution to Diversity: 0.00027123264916451006
  Route: [25, 35, 36, 39, 40, 37, 48, 43, 10, 9, 21, 42, 7, 2, 30, 23, 20, 34, 38, 5, 24, 4, 50, 29, 16, 46, 6, 15, 8, 41, 19, 45, 32, 44, 1, 49, 14, 52, 11, 51, 33, 12, 13, 47, 28, 27, 26, 3, 17, 18, 31, 22]

Individual 13:
  Route length: 12785
  Contribution to Diversity: 0.0005122593260509234
  Route: [48, 38, 32, 49, 1, 50, 29, 37, 15, 6, 43, 36, 35, 34, 52, 14, 13, 47, 26, 27, 28, 12, 25, 11, 51, 33, 4, 16, 46, 40, 39, 24, 5, 9, 8, 41, 19, 45, 23, 20, 44, 10, 30, 2, 7, 42, 21, 17, 3, 18, 31, 22]

Individual 14:
  Route length: 13159
  Contribution to Diversity: 0.000740865375512989
  Route: [6, 21, 3, 17, 44, 34, 35, 46, 16, 29, 50, 20, 36, 39, 45, 19, 41, 8, 1, 12, 28, 25, 4, 43, 33, 51, 11, 52, 14, 13, 47, 26, 27, 10, 9, 2, 7, 42, 31, 32, 23, 30, 49, 40, 37, 38, 48, 24, 5, 15, 18, 22]

Individual 15:
  Route length: 12988
  Contribution to Diversity: 0.00040416359919071
  Route: [1, 49, 32, 42, 30, 16, 2, 45, 19, 41, 35, 36, 39, 40, 18, 3, 17, 21, 25, 4, 48, 38, 37, 29, 50, 20, 23, 7, 8, 9, 10, 43, 12, 28, 27, 26, 47, 13, 14, 52, 11, 51, 33, 24, 5, 15, 6, 46, 44, 34, 31, 22]

Individual 16:
  Route length: 13090
  Contribution to Diversity: 0.0007613509512101047
  Route: [1, 49, 36, 35, 24, 5, 21, 42, 7, 2, 30, 43, 33, 6, 40, 48, 38, 37, 34, 44, 45, 32, 23, 17, 18, 31, 8, 41, 19, 9, 10, 47, 13, 14, 52, 11, 51, 12, 28, 27, 26, 3, 15, 25, 4, 20, 50, 29, 16, 46, 39, 22]

Individual 17:
  Route length: 13132
  Contribution to Diversity: 0.0017224377941129632
  Route: [44, 46, 16, 29, 39, 40, 1, 26, 27, 28, 12, 11, 51, 50, 20, 4, 33, 47, 52, 14, 13, 43, 10, 9, 35, 36, 37, 38, 48, 24, 5, 15, 6, 25, 34, 8, 41, 19, 45, 32, 49, 30, 23, 2, 7, 42, 21, 17, 3, 18, 31, 22]

Individual 18:
  Route length: 13187
  Contribution to Diversity: 0.0013082895762659419
  Route: [1, 43, 10, 9, 8, 36, 46, 16, 47, 14, 52, 11, 51, 19, 45, 32, 49, 38, 37, 40, 39, 44, 15, 41, 25, 12, 28, 27, 26, 13, 5, 24, 48, 33, 6, 4, 29, 50, 20, 23, 30, 35, 34, 2, 7, 42, 21, 17, 3, 18, 31, 22]

Individual 19:
  Route length: 13147
  Contribution to Diversity: 0.0010394770937871556
  Route: [35, 8, 41, 42, 7, 2, 30, 23, 20, 16, 29, 50, 47, 27, 26, 40, 37, 9, 10, 19, 45, 32, 11, 52, 14, 13, 6, 4, 25, 12, 28, 51, 33, 43, 21, 17, 3, 1, 49, 39, 36, 15, 5, 24, 48, 38, 34, 44, 46, 18, 31, 22]

Individual 20:
  Route length: 13172
  Contribution to Diversity: 0.0004492895239467387
  Route: [1, 20, 49, 35, 16, 46, 44, 34, 32, 45, 19, 10, 9, 8, 41, 42, 7, 2, 30, 23, 52, 11, 37, 40, 26, 27, 47, 14, 13, 4, 6, 15, 5, 24, 48, 38, 50, 29, 36, 39, 25, 12, 28, 51, 33, 43, 21, 17, 3, 18, 31, 22]

Individual 21:
  Route length: 13156
  Contribution to Diversity: 0.0022196369693920914
  Route: [1, 49, 39, 9, 10, 19, 45, 51, 28, 12, 42, 7, 2, 30, 46, 16, 35, 36, 21, 17, 3, 18, 44, 34, 32, 43, 33, 41, 8, 37, 38, 48, 24, 5, 15, 6, 4, 25, 40, 26, 27, 47, 13, 14, 52, 11, 29, 50, 20, 23, 31, 22]

Individual 22:
  Route length: 13053
  Contribution to Diversity: 0.00011899979520357817
  Route: [51, 52, 11, 40, 37, 38, 46, 44, 34, 35, 36, 20, 50, 29, 47, 26, 27, 28, 12, 39, 48, 24, 25, 4, 6, 15, 5, 14, 13, 18, 3, 17, 19, 45, 41, 8, 9, 10, 43, 33, 16, 21, 42, 7, 2, 30, 23, 1, 49, 32, 31, 22]

Individual 23:
  Route length: 13158
  Contribution to Diversity: 0.0010060059193648385
  Route: [1, 12, 44, 33, 51, 11, 52, 14, 13, 47, 28, 27, 26, 17, 3, 32, 49, 21, 42, 7, 2, 30, 23, 4, 6, 15, 8, 41, 19, 45, 50, 29, 16, 46, 20, 34, 38, 37, 40, 39, 36, 35, 25, 9, 10, 43, 48, 24, 5, 18, 31, 22]

Individual 24:
  Route length: 12955
  Contribution to Diversity: 0.0013583236733891724
  Route: [1, 21, 39, 40, 37, 38, 28, 25, 12, 24, 48, 35, 19, 41, 8, 9, 10, 43, 14, 52, 11, 51, 33, 13, 47, 26, 27, 23, 20, 50, 29, 49, 16, 46, 5, 4, 6, 15, 34, 44, 36, 45, 32, 31, 18, 3, 17, 42, 7, 2, 30, 22]

Individual 25:
  Route length: 12993
  Contribution to Diversity: 0.00134418898083144
  Route: [1, 49, 29, 50, 20, 23, 27, 26, 47, 13, 33, 51, 11, 52, 14, 43, 10, 9, 8, 41, 19, 35, 48, 24, 12, 25, 28, 38, 37, 40, 39, 18, 3, 17, 42, 7, 2, 30, 21, 36, 45, 32, 31, 44, 34, 15, 6, 4, 5, 46, 16, 22]

Individual 26:
  Route length: 12990
  Contribution to Diversity: 0.0020455561391923283
  Route: [28, 12, 25, 32, 49, 1, 10, 43, 33, 27, 26, 47, 46, 16, 29, 50, 20, 23, 21, 42, 7, 2, 30, 48, 38, 37, 24, 5, 40, 39, 36, 35, 44, 34, 51, 11, 52, 14, 13, 9, 8, 41, 19, 45, 31, 18, 3, 17, 15, 6, 4, 22]

Individual 27:
  Route length: 13024
  Contribution to Diversity: 0.0030096514703394917
  Route: [1, 8, 19, 41, 23, 4, 6, 15, 5, 24, 48, 38, 49, 16, 50, 42, 21, 17, 3, 18, 32, 45, 12, 28, 27, 26, 47, 13, 14, 52, 11, 51, 33, 43, 10, 9, 20, 29, 36, 35, 34, 44, 46, 39, 25, 7, 2, 30, 40, 37, 31, 22]

Individual 28:
  Route length: 12943
  Contribution to Diversity: 0.0011373662931246642
  Route: [1, 49, 29, 50, 20, 23, 27, 26, 47, 28, 25, 12, 24, 48, 35, 19, 41, 8, 9, 10, 43, 14, 52, 11, 51, 33, 13, 38, 37, 40, 39, 21, 30, 2, 7, 42, 17, 3, 18, 31, 32, 45, 36, 44, 34, 15, 6, 4, 5, 46, 16, 22]

Individual 29:
  Route length: 13157
  Contribution to Diversity: 0.0018211111563664062
  Route: [1, 49, 41, 4, 25, 12, 28, 27, 26, 47, 13, 50, 29, 33, 51, 11, 52, 14, 38, 48, 24, 5, 15, 6, 35, 36, 39, 40, 19, 3, 37, 8, 9, 10, 43, 20, 23, 30, 2, 7, 42, 21, 17, 32, 45, 34, 44, 46, 16, 31, 18, 22]

Individual 30:
  Route length: 13059
  Contribution to Diversity: 0.000880924747851175
  Route: [29, 50, 20, 18, 3, 40, 37, 38, 48, 24, 5, 15, 1, 42, 7, 2, 30, 23, 21, 43, 51, 33, 27, 47, 13, 14, 52, 11, 26, 4, 25, 12, 28, 39, 36, 35, 17, 41, 8, 9, 10, 19, 45, 32, 49, 6, 16, 46, 44, 34, 31, 22]

Individual 31:
  Route length: 13120
  Contribution to Diversity: 0.0010272807748936685
  Route: [1, 49, 37, 48, 38, 51, 11, 43, 10, 33, 3, 29, 16, 46, 44, 34, 35, 36, 39, 40, 52, 14, 13, 47, 26, 5, 15, 6, 4, 25, 12, 28, 27, 24, 32, 50, 20, 23, 9, 8, 41, 19, 45, 21, 17, 42, 7, 2, 30, 18, 31, 22]

Individual 32:
  Route length: 13163
  Contribution to Diversity: 0.003071935559218808
  Route: [32, 49, 1, 24, 44, 48, 38, 41, 25, 4, 6, 33, 43, 10, 37, 28, 27, 26, 47, 13, 14, 52, 11, 12, 46, 16, 29, 50, 20, 39, 40, 45, 3, 17, 21, 42, 7, 2, 30, 23, 35, 36, 34, 19, 5, 15, 51, 8, 9, 18, 31, 22]

Individual 33:
  Route length: 12928
  Contribution to Diversity: 0.000808834927966906
  Route: [1, 49, 15, 6, 4, 25, 12, 28, 50, 29, 39, 40, 37, 38, 48, 23, 20, 44, 34, 35, 17, 3, 18, 31, 16, 52, 13, 47, 26, 27, 14, 46, 11, 51, 33, 43, 10, 9, 8, 41, 19, 45, 21, 30, 2, 7, 42, 32, 24, 5, 36, 22]

Individual 34:
  Route length: 13182
  Contribution to Diversity: 0.0024152992792680905
  Route: [8, 9, 10, 43, 33, 1, 5, 2, 7, 42, 21, 17, 6, 15, 13, 14, 52, 51, 11, 16, 29, 50, 20, 23, 30, 47, 26, 27, 28, 12, 4, 25, 49, 32, 45, 19, 41, 39, 40, 37, 38, 48, 24, 44, 34, 35, 36, 46, 3, 18, 31, 22]

Individual 35:
  Route length: 13061
  Contribution to Diversity: 0.004299730292724568
  Route: [1, 49, 32, 45, 19, 41, 8, 43, 37, 38, 16, 34, 44, 46, 13, 47, 26, 27, 28, 12, 25, 29, 50, 20, 23, 30, 2, 17, 21, 42, 7, 10, 9, 3, 39, 40, 36, 35, 14, 52, 11, 51, 15, 6, 4, 48, 24, 5, 33, 18, 31, 22]

Individual 36:
  Route length: 12900
  Contribution to Diversity: 0.0005401864704923653
  Route: [43, 33, 51, 28, 12, 25, 4, 27, 26, 6, 11, 52, 14, 13, 47, 46, 16, 24, 35, 5, 15, 36, 39, 34, 48, 38, 37, 40, 8, 41, 19, 45, 32, 49, 30, 23, 20, 50, 29, 2, 7, 42, 44, 1, 18, 3, 17, 21, 9, 10, 31, 22]

Individual 37:
  Route length: 12875
  Contribution to Diversity: 0.001414525024977742
  Route: [1, 23, 20, 42, 7, 2, 30, 21, 49, 32, 43, 6, 33, 51, 11, 52, 14, 13, 47, 28, 27, 26, 4, 37, 40, 39, 36, 35, 29, 50, 16, 46, 17, 3, 8, 41, 19, 45, 10, 9, 25, 34, 38, 44, 12, 15, 31, 18, 5, 24, 48, 22]

Individual 38:
  Route length: 13000
  Contribution to Diversity: 0.00033099680712922463
  Route: [51, 52, 11, 40, 37, 16, 33, 43, 10, 9, 8, 41, 45, 19, 17, 3, 18, 13, 14, 5, 15, 6, 4, 25, 24, 48, 39, 12, 28, 27, 26, 47, 29, 50, 20, 36, 35, 34, 44, 46, 38, 32, 49, 1, 23, 30, 2, 7, 42, 21, 31, 22]

Individual 39:
  Route length: 13052
  Contribution to Diversity: 0.0011670966247079306
  Route: [25, 35, 36, 39, 40, 37, 48, 43, 10, 9, 21, 15, 6, 46, 16, 29, 50, 4, 24, 5, 38, 34, 20, 23, 30, 2, 7, 42, 26, 27, 28, 47, 13, 12, 33, 51, 11, 52, 14, 49, 1, 44, 32, 45, 19, 41, 8, 3, 17, 18, 31, 22]

Individual 40:
  Route length: 13165
  Contribution to Diversity: 0.0006412284772476795
  Route: [20, 23, 30, 2, 7, 42, 21, 49, 32, 43, 6, 33, 51, 11, 52, 14, 13, 47, 28, 27, 26, 3, 17, 1, 46, 16, 50, 29, 35, 36, 39, 40, 37, 4, 12, 44, 38, 34, 25, 9, 10, 45, 19, 41, 8, 15, 31, 18, 5, 24, 48, 22]

Individual 41:
  Route length: 12954
  Contribution to Diversity: 0.0015942855755151086
  Route: [1, 20, 23, 30, 2, 7, 42, 41, 8, 9, 46, 44, 34, 32, 45, 19, 10, 50, 24, 48, 38, 12, 25, 4, 6, 15, 5, 43, 33, 51, 28, 16, 35, 36, 39, 49, 37, 40, 26, 27, 47, 13, 14, 52, 11, 29, 21, 17, 3, 18, 31, 22]

Individual 42:
  Route length: 13198
  Contribution to Diversity: 0.0006836830842162911
  Route: [20, 23, 30, 2, 7, 42, 21, 49, 32, 43, 6, 33, 51, 11, 52, 14, 13, 47, 28, 27, 26, 3, 17, 1, 46, 16, 50, 29, 35, 36, 39, 40, 37, 4, 12, 44, 38, 34, 25, 41, 19, 45, 10, 9, 8, 15, 31, 18, 5, 24, 48, 22]

Individual 43:
  Route length: 12810
  Contribution to Diversity: 7.99296905018565e-05
  Route: [34, 35, 41, 52, 14, 28, 27, 26, 47, 11, 51, 33, 43, 38, 37, 40, 39, 36, 24, 48, 5, 15, 6, 4, 25, 12, 29, 50, 20, 23, 30, 2, 7, 42, 21, 17, 3, 13, 16, 46, 44, 8, 9, 10, 19, 45, 32, 49, 1, 31, 18, 22]

Individual 44:
  Route length: 13130
  Contribution to Diversity: 0.00013987502072509983
  Route: [1, 49, 37, 48, 38, 45, 19, 10, 43, 11, 51, 33, 3, 39, 36, 35, 34, 44, 46, 16, 29, 50, 32, 24, 27, 28, 12, 25, 4, 6, 15, 5, 26, 47, 13, 14, 52, 40, 20, 23, 9, 8, 41, 17, 21, 42, 7, 2, 30, 18, 31, 22]

Individual 45:
  Route length: 13181
  Contribution to Diversity: 0.0021757787448750676
  Route: [1, 49, 45, 19, 41, 8, 35, 36, 39, 40, 23, 20, 52, 14, 13, 47, 28, 27, 26, 29, 2, 7, 42, 21, 17, 3, 18, 12, 25, 46, 44, 34, 24, 48, 16, 50, 51, 11, 33, 43, 10, 9, 31, 30, 32, 37, 38, 4, 6, 15, 5, 22]

Individual 46:
  Route length: 13023
  Contribution to Diversity: 0.0021040932522184974
  Route: [1, 36, 35, 34, 44, 46, 16, 29, 50, 20, 23, 30, 2, 7, 24, 5, 49, 32, 45, 31, 19, 28, 27, 26, 47, 13, 14, 52, 11, 51, 33, 43, 40, 37, 38, 48, 9, 8, 41, 21, 42, 10, 15, 6, 4, 25, 12, 39, 17, 3, 18, 22]

Individual 47:
  Route length: 13038
  Contribution to Diversity: 0.00034846936886268054
  Route: [1, 49, 15, 6, 4, 25, 24, 5, 29, 39, 50, 20, 23, 48, 38, 37, 40, 35, 34, 44, 14, 27, 26, 47, 13, 52, 46, 32, 42, 7, 2, 30, 21, 45, 19, 41, 8, 9, 10, 43, 33, 51, 11, 12, 28, 17, 3, 18, 31, 16, 36, 22]

Individual 48:
  Route length: 13092
  Contribution to Diversity: 0.001738489095576945
  Route: [1, 49, 32, 45, 19, 41, 8, 9, 10, 43, 46, 17, 3, 18, 47, 26, 27, 28, 12, 51, 11, 13, 14, 52, 24, 5, 15, 37, 34, 7, 2, 30, 23, 20, 50, 40, 39, 36, 35, 25, 4, 16, 48, 38, 33, 6, 29, 44, 42, 21, 31, 22]

Individual 49:
  Route length: 13008
  Contribution to Diversity: 0.0012885140436686982
  Route: [51, 52, 11, 40, 37, 16, 33, 43, 10, 9, 8, 41, 45, 19, 17, 3, 18, 13, 14, 4, 6, 15, 5, 24, 25, 48, 39, 12, 28, 27, 26, 47, 29, 50, 20, 36, 35, 34, 44, 46, 38, 32, 49, 1, 23, 30, 2, 7, 42, 21, 31, 22]

Individual 50:
  Route length: 12981
  Contribution to Diversity: 0.0013208283845216329
  Route: [1, 49, 37, 46, 48, 24, 5, 15, 32, 18, 3, 17, 21, 42, 7, 2, 31, 50, 20, 45, 19, 30, 23, 39, 36, 33, 43, 4, 25, 12, 40, 38, 14, 13, 47, 26, 27, 28, 52, 11, 51, 41, 8, 9, 10, 34, 35, 6, 44, 29, 16, 22]

Individual 51:
  Route length: 13107
  Contribution to Diversity: 0.0009720805283652822
  Route: [1, 49, 15, 42, 7, 2, 30, 21, 45, 19, 41, 8, 9, 10, 43, 33, 51, 11, 12, 28, 50, 20, 23, 48, 38, 37, 40, 39, 29, 5, 24, 25, 4, 6, 14, 27, 26, 47, 13, 52, 46, 32, 44, 34, 35, 17, 3, 18, 31, 16, 36, 22]

Individual 52:
  Route length: 13046
  Contribution to Diversity: 0.0015501811622860018
  Route: [1, 49, 37, 39, 23, 30, 19, 45, 20, 50, 31, 2, 7, 42, 21, 17, 3, 18, 32, 15, 5, 24, 48, 46, 36, 33, 43, 4, 25, 12, 40, 38, 14, 13, 47, 26, 27, 28, 52, 11, 51, 41, 8, 9, 10, 34, 35, 6, 44, 29, 16, 22]

Individual 53:
  Route length: 13152
  Contribution to Diversity: 0.0008424912364244364
  Route: [32, 49, 1, 24, 44, 48, 38, 41, 25, 4, 6, 33, 43, 10, 37, 28, 27, 26, 47, 13, 14, 52, 11, 12, 46, 16, 29, 50, 36, 39, 40, 45, 3, 17, 21, 42, 7, 2, 30, 23, 20, 34, 35, 19, 5, 15, 51, 8, 9, 18, 31, 22]

Individual 54:
  Route length: 12893
  Contribution to Diversity: 0.0005254767414148986
  Route: [39, 19, 41, 8, 9, 10, 47, 13, 14, 52, 11, 51, 33, 43, 30, 2, 7, 42, 21, 5, 24, 35, 36, 49, 1, 44, 34, 37, 38, 48, 40, 6, 15, 3, 28, 27, 26, 12, 25, 4, 20, 50, 29, 16, 46, 45, 32, 23, 17, 18, 31, 22]

Individual 55:
  Route length: 13098
  Contribution to Diversity: 1.8548884928470954e-05
  Route: [45, 23, 20, 50, 1, 49, 32, 38, 48, 10, 29, 37, 15, 6, 43, 25, 12, 28, 27, 26, 47, 13, 14, 52, 34, 35, 36, 39, 40, 46, 16, 4, 33, 51, 11, 24, 5, 9, 8, 41, 19, 44, 30, 2, 7, 42, 21, 17, 3, 18, 31, 22]

Individual 56:
  Route length: 12745
  Contribution to Diversity: 0.0008189386041159707
  Route: [31, 10, 9, 8, 41, 19, 45, 32, 25, 1, 4, 6, 15, 5, 20, 23, 24, 27, 26, 47, 13, 14, 52, 11, 12, 48, 40, 37, 38, 28, 49, 51, 33, 43, 39, 36, 35, 34, 44, 46, 16, 29, 50, 18, 3, 17, 21, 42, 7, 2, 30, 22]

Individual 57:
  Route length: 13181
  Contribution to Diversity: 0.0012487141498720433
  Route: [34, 43, 10, 9, 1, 49, 32, 21, 42, 7, 2, 30, 23, 20, 50, 29, 16, 46, 44, 27, 28, 12, 11, 45, 19, 41, 8, 33, 38, 48, 24, 5, 15, 4, 52, 14, 13, 47, 26, 40, 39, 36, 35, 37, 25, 6, 51, 17, 3, 18, 31, 22]

Individual 58:
  Route length: 13187
  Contribution to Diversity: 0.0019511455536349587
  Route: [1, 49, 32, 6, 33, 43, 10, 44, 40, 39, 36, 35, 19, 45, 24, 25, 4, 48, 38, 41, 9, 8, 51, 15, 5, 34, 17, 21, 30, 2, 7, 42, 37, 26, 27, 28, 13, 47, 14, 52, 11, 12, 46, 16, 29, 50, 20, 23, 3, 18, 31, 22]

Individual 59:
  Route length: 13178
  Contribution to Diversity: 0.0014025445591787644
  Route: [1, 51, 11, 52, 14, 13, 47, 26, 49, 40, 31, 33, 37, 38, 48, 24, 34, 50, 29, 16, 46, 44, 18, 3, 17, 21, 42, 7, 2, 30, 23, 20, 5, 15, 6, 4, 36, 39, 43, 28, 27, 25, 12, 32, 45, 19, 41, 8, 9, 10, 35, 22]

Individual 60:
  Route length: 12833
  Contribution to Diversity: 9.288374249916131e-05
  Route: [1, 42, 7, 2, 9, 10, 8, 41, 19, 5, 24, 17, 3, 35, 34, 44, 46, 16, 29, 50, 20, 36, 39, 45, 37, 38, 48, 40, 49, 30, 23, 32, 31, 21, 6, 4, 25, 28, 12, 43, 33, 51, 11, 52, 14, 13, 47, 26, 27, 15, 18, 22]

Individual 61:
  Route length: 13184
  Contribution to Diversity: 0.0023609815349106
  Route: [25, 35, 36, 39, 9, 10, 43, 48, 37, 40, 49, 14, 52, 11, 51, 33, 12, 13, 47, 28, 27, 26, 42, 7, 2, 30, 23, 20, 34, 38, 5, 24, 4, 50, 29, 16, 46, 6, 15, 21, 1, 44, 32, 45, 19, 41, 8, 3, 17, 18, 31, 22]

Individual 62:
  Route length: 12835
  Contribution to Diversity: 0
  Route: [1, 42, 7, 2, 9, 10, 5, 24, 17, 3, 35, 34, 44, 46, 16, 29, 50, 20, 36, 39, 45, 40, 37, 38, 48, 8, 41, 19, 49, 32, 23, 30, 21, 31, 6, 4, 25, 28, 12, 43, 33, 51, 11, 52, 14, 13, 47, 26, 27, 15, 18, 22]

Individual 63:
  Route length: 12105
  Contribution to Diversity: 0
  Route: [1, 6, 49, 36, 35, 34, 10, 9, 8, 41, 37, 2, 7, 42, 21, 17, 3, 18, 32, 15, 5, 24, 48, 46, 16, 29, 44, 14, 13, 47, 26, 27, 28, 52, 11, 51, 33, 43, 4, 25, 12, 40, 39, 38, 45, 19, 30, 23, 20, 50, 31, 22]

Individual 64:
  Route length: 12953
  Contribution to Diversity: 0
  Route: [1, 6, 42, 7, 2, 37, 41, 8, 9, 10, 34, 35, 36, 49, 17, 21, 3, 18, 32, 15, 5, 24, 48, 46, 16, 29, 44, 14, 13, 47, 26, 27, 28, 52, 11, 51, 33, 43, 4, 25, 12, 40, 39, 38, 45, 19, 30, 23, 20, 50, 31, 22]

Individual 65:
  Route length: 12882
  Contribution to Diversity: 0.0001032029298349002
  Route: [1, 42, 7, 2, 9, 10, 45, 39, 36, 20, 50, 29, 16, 46, 4, 6, 31, 21, 30, 23, 32, 49, 40, 37, 38, 48, 8, 41, 19, 5, 24, 17, 3, 35, 34, 44, 27, 26, 47, 13, 14, 52, 11, 51, 33, 43, 12, 28, 25, 15, 18, 22]

Individual 66:
  Route length: 13185
  Contribution to Diversity: 0
  Route: [45, 31, 18, 3, 47, 15, 5, 24, 48, 38, 37, 40, 39, 36, 17, 1, 46, 49, 34, 35, 44, 52, 11, 51, 33, 43, 10, 9, 8, 41, 19, 32, 14, 13, 26, 27, 28, 12, 25, 4, 6, 21, 42, 7, 2, 30, 50, 20, 23, 16, 29, 22]

Individual 67:
  Route length: 12392
  Contribution to Diversity: 0
  Route: [1, 3, 17, 21, 42, 7, 2, 37, 41, 8, 9, 10, 34, 35, 36, 49, 6, 32, 18, 15, 5, 24, 48, 46, 16, 29, 44, 14, 13, 47, 26, 27, 28, 52, 11, 51, 33, 43, 4, 25, 12, 40, 39, 38, 45, 19, 30, 23, 20, 50, 31, 22]

Individual 68:
  Route length: 12892
  Contribution to Diversity: 0.0034940491806167984
  Route: [1, 23, 20, 42, 7, 2, 30, 21, 49, 32, 43, 6, 33, 51, 11, 52, 14, 13, 47, 28, 27, 26, 4, 37, 44, 38, 34, 25, 9, 10, 45, 19, 41, 8, 3, 17, 46, 16, 50, 29, 35, 36, 39, 40, 24, 5, 18, 31, 15, 12, 48, 22]

Individual 69:
  Route length: 12912
  Contribution to Diversity: 0.0015559905393471851
  Route: [45, 19, 41, 8, 9, 10, 43, 33, 51, 11, 52, 37, 38, 48, 24, 6, 44, 35, 15, 5, 4, 25, 12, 28, 27, 26, 13, 14, 32, 34, 49, 46, 1, 17, 36, 39, 40, 21, 42, 7, 2, 30, 50, 20, 23, 31, 18, 3, 47, 16, 29, 22]

Individual 70:
  Route length: 12645
  Contribution to Diversity: 0.0008162762414434255
  Route: [39, 36, 17, 1, 46, 49, 34, 32, 14, 13, 26, 27, 28, 12, 25, 4, 6, 44, 35, 15, 5, 24, 48, 38, 37, 52, 11, 51, 33, 43, 10, 9, 8, 41, 19, 45, 3, 18, 31, 23, 20, 50, 30, 2, 7, 42, 21, 40, 47, 16, 29, 22]

Individual 71:
  Route length: 13139
  Contribution to Diversity: 0.00043085375794138514
  Route: [1, 49, 32, 42, 30, 44, 46, 16, 2, 45, 19, 41, 40, 39, 36, 35, 34, 29, 50, 20, 23, 7, 51, 11, 52, 14, 13, 47, 26, 27, 28, 12, 43, 10, 9, 8, 33, 24, 5, 15, 6, 37, 38, 48, 4, 25, 21, 17, 3, 18, 31, 22]

Individual 72:
  Route length: 12677
  Contribution to Diversity: 0.0007625936461526095
  Route: [1, 49, 36, 35, 3, 31, 18, 17, 23, 8, 41, 19, 9, 10, 47, 13, 14, 52, 11, 51, 12, 28, 27, 26, 5, 21, 42, 7, 2, 30, 43, 33, 6, 40, 48, 38, 37, 34, 44, 32, 45, 24, 46, 16, 29, 50, 20, 4, 25, 15, 39, 22]

Individual 73:
  Route length: 13002
  Contribution to Diversity: 0
  Route: [9, 10, 43, 33, 51, 11, 52, 14, 13, 35, 36, 39, 40, 37, 3, 18, 24, 5, 15, 6, 4, 48, 38, 25, 1, 27, 28, 12, 46, 44, 34, 8, 41, 19, 45, 32, 49, 23, 30, 2, 7, 42, 21, 17, 16, 29, 50, 20, 26, 47, 31, 22]

Individual 74:
  Route length: 13175
  Contribution to Diversity: 0.001745738243651651
  Route: [45, 31, 18, 3, 47, 15, 5, 24, 48, 38, 37, 40, 39, 34, 49, 46, 1, 17, 36, 6, 4, 25, 12, 28, 27, 26, 13, 14, 32, 19, 41, 8, 9, 10, 43, 33, 51, 11, 52, 44, 35, 21, 42, 7, 2, 30, 50, 20, 23, 16, 29, 22]

Individual 75:
  Route length: 13029
  Contribution to Diversity: 0.0028054245931921074
  Route: [1, 49, 15, 6, 38, 37, 40, 39, 29, 35, 34, 44, 17, 3, 18, 12, 28, 27, 14, 47, 13, 52, 11, 51, 33, 43, 10, 9, 8, 41, 19, 45, 32, 42, 7, 2, 4, 25, 26, 50, 20, 23, 46, 16, 30, 21, 5, 24, 36, 48, 31, 22]

Individual 76:
  Route length: 12739
  Contribution to Diversity: 0.0011142388645142276
  Route: [1, 49, 45, 19, 41, 8, 35, 36, 39, 40, 23, 20, 16, 28, 27, 26, 47, 13, 14, 52, 48, 24, 34, 44, 46, 25, 12, 18, 3, 17, 21, 42, 7, 2, 29, 50, 51, 11, 33, 43, 10, 9, 31, 30, 32, 37, 38, 6, 4, 15, 5, 22]

Individual 77:
  Route length: 12794
  Contribution to Diversity: 0
  Route: [6, 49, 36, 35, 34, 10, 9, 8, 41, 37, 2, 7, 42, 21, 17, 3, 1, 45, 38, 39, 40, 12, 25, 4, 43, 33, 51, 11, 52, 28, 27, 26, 47, 13, 14, 44, 29, 16, 46, 48, 24, 5, 15, 18, 32, 19, 30, 23, 20, 50, 31, 22]

Individual 78:
  Route length: 12913
  Contribution to Diversity: 0.0005949020058366727
  Route: [26, 27, 4, 25, 12, 28, 51, 33, 43, 6, 11, 52, 14, 13, 47, 46, 16, 24, 35, 5, 15, 36, 39, 34, 48, 38, 37, 40, 8, 41, 19, 45, 32, 49, 30, 23, 20, 50, 29, 2, 7, 42, 44, 1, 18, 3, 17, 21, 9, 10, 31, 22]

Individual 79:
  Route length: 13078
  Contribution to Diversity: 0.0007893760991652954
  Route: [9, 10, 43, 33, 51, 11, 52, 14, 13, 35, 36, 39, 40, 37, 3, 18, 24, 5, 15, 46, 12, 28, 27, 1, 25, 38, 48, 4, 6, 47, 26, 20, 50, 29, 16, 17, 21, 42, 7, 2, 30, 23, 49, 32, 45, 19, 41, 8, 34, 44, 31, 22]

Individual 80:
  Route length: 13033
  Contribution to Diversity: 0
  Route: [1, 3, 17, 21, 42, 7, 2, 37, 41, 8, 9, 10, 34, 35, 36, 49, 6, 32, 18, 15, 5, 24, 48, 46, 16, 29, 51, 11, 52, 28, 27, 26, 47, 13, 14, 44, 38, 39, 40, 12, 25, 4, 43, 33, 45, 19, 30, 23, 20, 50, 31, 22]

Individual 81:
  Route length: 12657
  Contribution to Diversity: 0.00030836679006629453
  Route: [1, 3, 35, 34, 44, 46, 16, 29, 50, 20, 36, 39, 45, 10, 9, 31, 42, 7, 2, 15, 6, 4, 25, 28, 12, 43, 33, 51, 11, 52, 14, 13, 47, 26, 27, 5, 24, 17, 21, 19, 41, 8, 48, 38, 37, 40, 49, 30, 23, 32, 18, 22]

Individual 82:
  Route length: 13053
  Contribution to Diversity: 0.0032202645614258785
  Route: [1, 49, 36, 35, 3, 31, 18, 17, 23, 8, 30, 2, 7, 42, 21, 5, 26, 27, 28, 12, 51, 11, 52, 14, 13, 47, 10, 9, 19, 41, 32, 44, 34, 37, 38, 48, 40, 6, 33, 43, 45, 24, 46, 16, 29, 50, 20, 4, 25, 15, 39, 22]

Individual 83:
  Route length: 12990
  Contribution to Diversity: 0.0015153203131372806
  Route: [43, 33, 51, 28, 12, 25, 4, 27, 26, 6, 11, 52, 14, 13, 47, 46, 16, 24, 35, 5, 15, 37, 38, 48, 34, 39, 36, 21, 17, 3, 18, 1, 44, 42, 7, 2, 29, 50, 20, 23, 30, 49, 32, 45, 19, 41, 8, 40, 9, 10, 31, 22]

Individual 84:
  Route length: 12773
  Contribution to Diversity: 0.001349400550708424
  Route: [1, 51, 11, 52, 14, 13, 47, 26, 49, 40, 31, 16, 46, 44, 24, 48, 38, 37, 33, 5, 15, 6, 4, 34, 50, 29, 20, 23, 30, 2, 7, 42, 21, 17, 3, 18, 36, 39, 43, 28, 27, 25, 12, 32, 45, 19, 41, 8, 9, 10, 35, 22]

Individual 85:
  Route length: 13058
  Contribution to Diversity: 0.0011114210534390878
  Route: [1, 49, 36, 35, 34, 44, 46, 32, 45, 19, 41, 8, 9, 10, 5, 24, 48, 40, 37, 31, 16, 29, 50, 18, 3, 33, 51, 11, 52, 14, 13, 47, 26, 27, 28, 43, 39, 2, 30, 23, 7, 42, 21, 17, 38, 20, 15, 6, 4, 25, 12, 22]

Individual 86:
  Route length: 13066
  Contribution to Diversity: 0.00044926839668768537
  Route: [34, 35, 41, 52, 14, 28, 27, 26, 47, 11, 51, 33, 43, 38, 37, 40, 39, 36, 24, 48, 5, 15, 6, 4, 25, 12, 29, 50, 13, 3, 17, 21, 42, 7, 2, 30, 23, 20, 16, 46, 44, 8, 9, 10, 19, 45, 32, 49, 1, 31, 18, 22]

Individual 87:
  Route length: 12694
  Contribution to Diversity: 0
  Route: [1, 6, 49, 36, 35, 34, 10, 9, 8, 41, 37, 2, 7, 42, 21, 17, 3, 18, 5, 15, 32, 29, 16, 46, 48, 24, 44, 14, 13, 47, 26, 27, 28, 52, 11, 51, 33, 43, 4, 25, 12, 40, 39, 38, 45, 19, 30, 23, 20, 50, 31, 22]

Individual 88:
  Route length: 12920
  Contribution to Diversity: 0.0014494818717603053
  Route: [44, 46, 16, 24, 19, 45, 32, 49, 38, 48, 21, 17, 1, 42, 7, 2, 29, 50, 20, 23, 30, 47, 13, 14, 52, 11, 6, 26, 27, 4, 25, 12, 28, 51, 33, 43, 10, 8, 41, 9, 5, 15, 36, 39, 40, 37, 35, 34, 3, 18, 31, 22]

Individual 89:
  Route length: 12861
  Contribution to Diversity: 0.002039715529734032
  Route: [1, 49, 15, 6, 4, 44, 34, 35, 40, 37, 38, 48, 23, 20, 50, 39, 29, 5, 24, 25, 26, 27, 14, 47, 13, 52, 46, 32, 42, 7, 2, 30, 21, 45, 19, 41, 8, 9, 10, 43, 33, 51, 11, 12, 28, 17, 3, 18, 31, 16, 36, 22]

Individual 90:
  Route length: 12952
  Contribution to Diversity: 0.002112450771264207
  Route: [8, 33, 15, 36, 35, 34, 43, 40, 39, 37, 38, 48, 24, 5, 45, 19, 41, 44, 46, 16, 29, 50, 20, 23, 30, 2, 7, 42, 21, 32, 49, 1, 9, 10, 11, 12, 28, 27, 26, 47, 13, 14, 52, 4, 25, 6, 51, 17, 3, 18, 31, 22]

Individual 91:
  Route length: 13147
  Contribution to Diversity: 0.00035506971315335534
  Route: [1, 49, 36, 52, 14, 13, 47, 26, 11, 51, 33, 43, 30, 2, 7, 42, 21, 5, 24, 48, 38, 37, 40, 39, 46, 16, 29, 50, 20, 19, 41, 8, 9, 35, 34, 44, 45, 32, 23, 10, 12, 27, 28, 25, 4, 6, 15, 3, 17, 18, 31, 22]

Individual 92:
  Route length: 12993
  Contribution to Diversity: 0.00018377434525529424
  Route: [1, 20, 23, 30, 2, 7, 42, 35, 46, 16, 49, 39, 36, 29, 50, 38, 48, 24, 41, 8, 9, 10, 19, 45, 32, 34, 44, 5, 15, 6, 4, 13, 14, 47, 27, 26, 40, 37, 11, 52, 25, 12, 28, 51, 33, 43, 21, 17, 3, 18, 31, 22]

Individual 93:
  Route length: 13092
  Contribution to Diversity: 0.0018560968695195967
  Route: [1, 49, 45, 19, 41, 8, 35, 36, 39, 40, 23, 20, 52, 14, 13, 47, 26, 27, 28, 16, 48, 24, 34, 44, 46, 50, 29, 2, 7, 42, 21, 17, 3, 18, 12, 25, 32, 30, 31, 9, 10, 43, 33, 11, 51, 37, 38, 6, 4, 15, 5, 22]

Individual 94:
  Route length: 13154
  Contribution to Diversity: 0.0016794704070601796
  Route: [45, 23, 20, 50, 1, 49, 32, 38, 15, 37, 29, 10, 48, 52, 14, 13, 47, 26, 27, 28, 12, 25, 43, 6, 34, 35, 36, 39, 40, 46, 16, 4, 33, 51, 11, 24, 5, 9, 8, 41, 19, 44, 30, 2, 7, 42, 21, 17, 3, 18, 31, 22]

Individual 95:
  Route length: 13131
  Contribution to Diversity: 0.0007610866177802933
  Route: [1, 20, 23, 30, 2, 7, 42, 40, 26, 27, 47, 14, 13, 4, 6, 15, 5, 44, 34, 32, 45, 19, 10, 9, 8, 41, 24, 48, 38, 50, 29, 36, 39, 49, 16, 46, 35, 37, 11, 52, 25, 12, 28, 51, 33, 43, 21, 17, 3, 18, 31, 22]

Individual 96:
  Route length: 12789
  Contribution to Diversity: 0
  Route: [3, 17, 21, 42, 7, 2, 37, 41, 8, 9, 10, 34, 35, 36, 49, 6, 1, 50, 20, 23, 30, 19, 45, 38, 39, 40, 12, 25, 4, 43, 33, 51, 11, 52, 28, 27, 26, 47, 13, 14, 44, 24, 48, 46, 16, 29, 32, 15, 5, 18, 31, 22]

Individual 97:
  Route length: 13102
  Contribution to Diversity: 0.002666852589683799
  Route: [1, 49, 36, 35, 3, 31, 18, 17, 23, 8, 41, 19, 9, 10, 47, 13, 14, 52, 11, 51, 12, 6, 33, 43, 30, 2, 7, 42, 21, 5, 26, 27, 28, 20, 50, 29, 16, 46, 24, 45, 32, 44, 34, 37, 38, 48, 40, 4, 25, 15, 39, 22]

Individual 98:
  Route length: 12895
  Contribution to Diversity: 0
  Route: [1, 6, 29, 16, 46, 48, 24, 5, 15, 32, 18, 3, 21, 17, 49, 36, 35, 34, 10, 9, 8, 41, 37, 2, 7, 42, 20, 23, 30, 19, 45, 38, 39, 40, 12, 25, 4, 43, 33, 51, 11, 52, 28, 27, 26, 47, 13, 14, 44, 50, 31, 22]

Individual 99:
  Route length: 12948
  Contribution to Diversity: 0.0014047691907865811
  Route: [1, 43, 10, 9, 8, 41, 15, 44, 39, 40, 37, 38, 49, 32, 45, 19, 51, 11, 52, 14, 47, 16, 46, 36, 18, 3, 17, 21, 42, 7, 2, 34, 35, 30, 23, 20, 50, 29, 4, 6, 33, 48, 24, 5, 13, 26, 27, 28, 12, 25, 31, 22]

Total Entropy H: 5.421133620684249
