Individual 0:
  Route length: 8289
  Contribution to Diversity: 0.0010960962547397202
  Route: [1, 49, 32, 45, 6, 4, 25, 12, 28, 27, 26, 47, 13, 14, 52, 11, 51, 33, 43, 10, 9, 8, 41, 19, 34, 35, 36, 39, 40, 37, 38, 48, 24, 5, 15, 44, 46, 16, 29, 50, 20, 23, 30, 2, 7, 42, 21, 17, 3, 18, 31, 22]

Individual 1:
  Route length: 8213
  Contribution to Diversity: 0.0010960962547406083
  Route: [1, 49, 32, 45, 6, 4, 25, 12, 28, 27, 26, 47, 13, 14, 52, 11, 51, 33, 43, 10, 9, 8, 41, 19, 40, 37, 38, 48, 24, 5, 15, 39, 36, 35, 34, 44, 46, 16, 29, 50, 20, 23, 30, 2, 7, 42, 21, 17, 3, 18, 31, 22]

Individual 2:
  Route length: 8270
  Contribution to Diversity: 0.010618664106589293
  Route: [25, 12, 28, 27, 26, 47, 13, 14, 52, 11, 51, 33, 43, 10, 9, 8, 41, 19, 45, 32, 49, 1, 44, 34, 35, 36, 39, 40, 5, 24, 48, 38, 37, 4, 6, 15, 46, 16, 29, 50, 20, 23, 30, 2, 7, 42, 21, 17, 3, 18, 31, 22]

Individual 3:
  Route length: 8175
  Contribution to Diversity: 0.0010060975319081678
  Route: [1, 49, 32, 45, 19, 41, 8, 9, 10, 43, 33, 51, 11, 52, 14, 13, 47, 26, 27, 28, 12, 25, 4, 6, 15, 5, 24, 48, 38, 37, 40, 39, 36, 35, 34, 44, 46, 16, 29, 50, 31, 18, 3, 17, 20, 23, 30, 2, 7, 42, 21, 22]

Individual 4:
  Route length: 8090
  Contribution to Diversity: 0.010886458064999438
  Route: [1, 49, 32, 45, 19, 41, 8, 9, 10, 43, 33, 51, 11, 52, 14, 13, 47, 26, 27, 28, 12, 25, 38, 37, 4, 6, 15, 36, 39, 40, 5, 24, 48, 35, 34, 44, 46, 16, 29, 50, 20, 23, 30, 2, 7, 42, 21, 17, 3, 18, 31, 22]

Individual 5:
  Route length: 8210
  Contribution to Diversity: 0
  Route: [1, 49, 32, 45, 19, 41, 8, 9, 10, 43, 33, 51, 11, 52, 14, 13, 47, 26, 27, 28, 12, 25, 4, 6, 15, 16, 46, 44, 34, 35, 36, 39, 40, 37, 38, 48, 24, 5, 50, 29, 20, 23, 30, 2, 7, 42, 21, 17, 3, 18, 31, 22]

Individual 6:
  Route length: 8243
  Contribution to Diversity: 0.014819012466721126
  Route: [1, 49, 32, 45, 19, 41, 8, 9, 10, 43, 33, 51, 11, 52, 14, 13, 12, 28, 27, 26, 47, 29, 16, 46, 44, 36, 35, 34, 39, 40, 37, 38, 48, 24, 5, 15, 6, 4, 25, 50, 20, 23, 30, 2, 7, 42, 21, 17, 3, 18, 31, 22]

Individual 7:
  Route length: 8250
  Contribution to Diversity: 0.014512715325626147
  Route: [1, 49, 32, 45, 19, 41, 8, 9, 10, 43, 33, 51, 11, 52, 14, 13, 12, 28, 27, 26, 47, 6, 4, 25, 5, 15, 38, 48, 24, 37, 40, 39, 36, 35, 34, 44, 46, 16, 29, 50, 20, 23, 30, 2, 7, 42, 21, 17, 3, 18, 31, 22]

Individual 8:
  Route length: 8241
  Contribution to Diversity: 0.003246264748809402
  Route: [1, 49, 32, 45, 19, 41, 8, 9, 10, 43, 33, 51, 11, 52, 14, 13, 47, 26, 27, 28, 12, 25, 4, 6, 15, 16, 46, 44, 34, 35, 36, 39, 5, 24, 48, 38, 37, 40, 50, 29, 20, 23, 30, 2, 7, 42, 21, 17, 3, 18, 31, 22]

Individual 9:
  Route length: 8291
  Contribution to Diversity: 0.01300674044537331
  Route: [1, 49, 32, 45, 19, 41, 8, 9, 10, 43, 33, 51, 11, 52, 14, 13, 47, 26, 27, 28, 12, 25, 4, 6, 15, 5, 24, 48, 38, 37, 44, 34, 35, 36, 39, 40, 46, 16, 50, 29, 21, 42, 7, 2, 30, 23, 20, 17, 3, 18, 31, 22]

Total Entropy H: 4.1823767070512305
