Individual 0:
  Route length: 13186
  Contribution to Diversity: 0.017272549537141302
  Route: [1, 15, 37, 48, 39, 40, 36, 5, 25, 51, 11, 6, 38, 46, 24, 43, 10, 9, 8, 41, 19, 32, 45, 49, 3, 18, 17, 29, 47, 13, 27, 52, 14, 26, 33, 4, 28, 12, 16, 50, 21, 42, 7, 2, 44, 34, 35, 20, 30, 23, 31, 22]

Individual 1:
  Route length: 13197
  Contribution to Diversity: 0.02449038577055873
  Route: [9, 10, 8, 41, 19, 45, 31, 17, 3, 21, 1, 50, 34, 49, 32, 35, 38, 46, 28, 27, 26, 47, 14, 13, 11, 33, 25, 52, 51, 12, 6, 43, 4, 15, 5, 40, 36, 39, 44, 48, 24, 37, 18, 16, 29, 20, 7, 2, 30, 23, 42, 22]

Individual 2:
  Route length: 13192
  Contribution to Diversity: 0.01927134078070125
  Route: [3, 41, 19, 45, 39, 18, 30, 23, 50, 20, 49, 31, 21, 17, 2, 7, 42, 37, 36, 48, 6, 24, 38, 43, 33, 51, 11, 12, 28, 29, 16, 8, 9, 10, 35, 34, 46, 26, 27, 52, 14, 13, 47, 4, 15, 32, 44, 1, 5, 25, 40, 22]

Individual 3:
  Route length: 13192
  Contribution to Diversity: 0.021577473411648285
  Route: [1, 18, 3, 23, 30, 42, 7, 2, 21, 17, 19, 8, 31, 32, 38, 15, 34, 48, 25, 13, 47, 26, 27, 52, 14, 12, 20, 29, 16, 50, 35, 40, 5, 37, 36, 45, 41, 9, 10, 43, 33, 24, 6, 39, 44, 46, 4, 11, 51, 28, 49, 22]

Individual 4:
  Route length: 13075
  Contribution to Diversity: 0.012908971159752092
  Route: [43, 45, 41, 19, 23, 21, 42, 7, 2, 30, 44, 12, 11, 51, 28, 27, 26, 47, 13, 14, 52, 25, 4, 50, 48, 33, 6, 35, 37, 36, 38, 46, 24, 15, 5, 1, 49, 32, 40, 16, 29, 20, 39, 34, 9, 10, 8, 3, 17, 18, 31, 22]

Individual 5:
  Route length: 13188
  Contribution to Diversity: 0.022501479092038146
  Route: [17, 36, 40, 49, 34, 1, 32, 29, 16, 35, 25, 6, 43, 33, 51, 11, 52, 14, 4, 27, 28, 26, 47, 13, 12, 24, 5, 48, 18, 31, 23, 20, 30, 21, 42, 7, 2, 50, 44, 46, 39, 19, 41, 45, 3, 10, 9, 8, 37, 15, 38, 22]

Individual 6:
  Route length: 13104
  Contribution to Diversity: 0.024903158681878423
  Route: [31, 18, 49, 38, 44, 36, 1, 34, 23, 15, 5, 39, 37, 29, 30, 50, 16, 20, 21, 2, 7, 42, 17, 45, 19, 10, 9, 41, 8, 3, 32, 24, 43, 33, 4, 51, 11, 52, 14, 13, 28, 48, 25, 12, 27, 46, 6, 47, 26, 40, 35, 22]

Individual 7:
  Route length: 13165
  Contribution to Diversity: 0.017572505614774414
  Route: [35, 39, 43, 45, 40, 38, 44, 46, 5, 34, 36, 37, 31, 18, 32, 49, 1, 19, 41, 8, 9, 10, 33, 47, 27, 13, 14, 26, 28, 12, 48, 50, 20, 52, 51, 11, 15, 25, 4, 6, 24, 3, 17, 21, 42, 7, 2, 30, 23, 29, 16, 22]

Individual 8:
  Route length: 12938
  Contribution to Diversity: 0.01785406663332889
  Route: [1, 35, 45, 49, 48, 6, 19, 41, 8, 9, 10, 33, 11, 12, 28, 27, 26, 47, 13, 14, 52, 51, 4, 25, 37, 21, 31, 38, 24, 15, 34, 16, 40, 43, 32, 23, 39, 50, 29, 20, 42, 7, 2, 30, 17, 3, 5, 46, 44, 36, 18, 22]

Individual 9:
  Route length: 13138
  Contribution to Diversity: 0.02319900071599612
  Route: [36, 32, 1, 30, 7, 2, 42, 21, 20, 16, 49, 35, 50, 28, 52, 14, 13, 47, 27, 26, 46, 44, 23, 6, 48, 39, 5, 4, 25, 15, 40, 24, 29, 10, 45, 8, 41, 19, 9, 43, 33, 51, 11, 12, 38, 37, 34, 3, 17, 18, 31, 22]

Individual 10:
  Route length: 13192
  Contribution to Diversity: 0.0166745440851086
  Route: [29, 20, 3, 18, 17, 2, 7, 42, 39, 45, 1, 30, 23, 31, 49, 21, 41, 19, 10, 9, 8, 43, 33, 51, 11, 12, 28, 47, 52, 13, 14, 27, 26, 16, 40, 44, 50, 4, 5, 48, 37, 15, 38, 35, 34, 6, 46, 36, 25, 24, 32, 22]

Individual 11:
  Route length: 13158
  Contribution to Diversity: 0.0220924038531205
  Route: [32, 21, 1, 49, 18, 30, 38, 4, 29, 50, 20, 44, 36, 35, 15, 33, 51, 11, 52, 14, 13, 47, 26, 27, 28, 5, 25, 12, 43, 48, 24, 40, 39, 16, 17, 3, 8, 45, 19, 41, 9, 10, 46, 37, 34, 6, 23, 2, 42, 7, 31, 22]

Individual 12:
  Route length: 13063
  Contribution to Diversity: 0.019356137901710646
  Route: [20, 46, 28, 12, 11, 52, 13, 14, 27, 26, 47, 24, 18, 44, 37, 15, 5, 31, 30, 21, 50, 42, 7, 2, 29, 16, 48, 4, 43, 33, 51, 25, 6, 40, 39, 23, 38, 34, 35, 45, 41, 8, 10, 9, 19, 49, 32, 3, 17, 36, 1, 22]

Individual 13:
  Route length: 13113
  Contribution to Diversity: 0.01458220247882469
  Route: [1, 16, 29, 26, 47, 13, 14, 52, 11, 33, 43, 10, 9, 8, 41, 19, 32, 38, 28, 27, 6, 24, 48, 51, 12, 25, 40, 37, 46, 44, 15, 5, 39, 50, 42, 30, 21, 2, 7, 31, 18, 45, 49, 36, 20, 3, 17, 23, 34, 4, 35, 22]

Individual 14:
  Route length: 13161
  Contribution to Diversity: 0.01867974590458754
  Route: [37, 48, 38, 1, 32, 3, 39, 24, 36, 20, 50, 44, 51, 11, 52, 14, 13, 47, 26, 27, 28, 12, 23, 29, 16, 31, 17, 2, 7, 42, 21, 18, 25, 46, 43, 34, 49, 35, 5, 6, 4, 15, 40, 45, 41, 8, 19, 9, 10, 33, 30, 22]

Individual 15:
  Route length: 12966
  Contribution to Diversity: 0.021250778556806793
  Route: [3, 42, 7, 2, 17, 44, 16, 26, 27, 28, 25, 38, 43, 33, 51, 11, 14, 47, 52, 13, 12, 37, 48, 39, 24, 49, 10, 9, 8, 41, 19, 45, 18, 32, 4, 34, 29, 50, 20, 31, 21, 30, 23, 1, 46, 15, 5, 40, 36, 6, 35, 22]

Individual 16:
  Route length: 13087
  Contribution to Diversity: 0
  Route: [38, 6, 39, 4, 5, 35, 49, 20, 30, 31, 42, 7, 2, 21, 45, 1, 36, 37, 48, 24, 46, 40, 15, 34, 32, 10, 33, 25, 52, 11, 51, 14, 13, 47, 26, 27, 28, 12, 43, 8, 41, 9, 19, 17, 3, 18, 23, 16, 44, 29, 50, 22]

Individual 17:
  Route length: 13111
  Contribution to Diversity: 0.014747581743934646
  Route: [35, 39, 36, 40, 45, 17, 34, 44, 6, 16, 38, 43, 33, 10, 9, 8, 41, 19, 3, 18, 49, 20, 50, 29, 2, 7, 42, 21, 30, 46, 51, 25, 28, 11, 14, 13, 47, 26, 27, 12, 52, 4, 5, 24, 48, 15, 37, 32, 23, 1, 31, 22]

Individual 18:
  Route length: 13175
  Contribution to Diversity: 0.007960985397886589
  Route: [21, 17, 18, 3, 23, 26, 47, 13, 27, 28, 12, 14, 52, 11, 51, 4, 25, 33, 43, 10, 48, 15, 40, 46, 39, 44, 20, 30, 2, 7, 42, 35, 49, 9, 8, 41, 19, 45, 34, 6, 5, 31, 1, 38, 36, 32, 37, 24, 50, 29, 16, 22]

Individual 19:
  Route length: 12864
  Contribution to Diversity: 0
  Route: [38, 6, 39, 4, 5, 35, 32, 34, 15, 40, 46, 24, 48, 37, 36, 1, 45, 21, 2, 7, 42, 31, 30, 20, 49, 41, 8, 43, 12, 28, 27, 26, 47, 13, 14, 51, 11, 52, 25, 33, 10, 9, 19, 17, 3, 18, 23, 16, 44, 29, 50, 22]

Total Entropy H: 5.698195502903265
