Individual 0:
  Route length: 13133
  Contribution to Diversity: 0.0009653468144241728
  Route: [1, 32, 49, 45, 19, 41, 8, 43, 37, 38, 16, 34, 44, 46, 13, 47, 26, 27, 28, 12, 25, 29, 50, 20, 23, 30, 2, 17, 21, 42, 7, 10, 9, 3, 39, 40, 36, 35, 14, 52, 11, 51, 15, 6, 4, 48, 24, 5, 33, 18, 31, 22]

Individual 1:
  Route length: 13193
  Contribution to Diversity: 0.002888520006815831
  Route: [1, 8, 19, 41, 23, 21, 42, 50, 16, 49, 38, 4, 6, 15, 5, 24, 48, 40, 30, 2, 7, 25, 39, 46, 44, 34, 35, 36, 29, 20, 9, 10, 43, 33, 51, 11, 52, 14, 13, 47, 26, 27, 28, 12, 45, 32, 18, 3, 17, 37, 31, 22]

Individual 2:
  Route length: 13164
  Contribution to Diversity: 0.0005762615126041482
  Route: [1, 49, 37, 40, 12, 25, 4, 43, 33, 36, 39, 23, 30, 45, 19, 44, 29, 16, 46, 48, 5, 24, 15, 32, 18, 3, 17, 21, 42, 7, 2, 31, 50, 20, 6, 35, 34, 10, 9, 8, 41, 51, 11, 52, 28, 27, 26, 47, 13, 14, 38, 22]

Individual 3:
  Route length: 13198
  Contribution to Diversity: 0.0009459903004573889
  Route: [1, 49, 45, 19, 8, 41, 36, 35, 39, 40, 23, 20, 52, 14, 13, 47, 28, 27, 26, 29, 2, 7, 42, 21, 17, 3, 18, 12, 25, 46, 44, 34, 24, 48, 16, 50, 51, 11, 33, 43, 10, 9, 31, 30, 32, 37, 38, 4, 6, 15, 5, 22]

Individual 4:
  Route length: 13186
  Contribution to Diversity: 0.0009836503003421981
  Route: [1, 49, 45, 19, 41, 8, 35, 16, 28, 27, 26, 47, 13, 14, 52, 20, 23, 40, 39, 36, 24, 48, 34, 44, 46, 50, 29, 2, 7, 42, 21, 17, 3, 18, 12, 25, 32, 30, 31, 9, 10, 43, 33, 11, 51, 37, 38, 6, 4, 15, 5, 22]

Individual 5:
  Route length: 13179
  Contribution to Diversity: 0.0023216528295737504
  Route: [1, 23, 20, 42, 7, 2, 30, 21, 49, 32, 43, 6, 33, 51, 11, 52, 14, 13, 47, 28, 27, 26, 16, 50, 29, 46, 37, 4, 5, 24, 25, 9, 10, 45, 19, 41, 34, 38, 44, 40, 39, 36, 35, 12, 15, 31, 18, 8, 3, 17, 48, 22]

Individual 6:
  Route length: 13083
  Contribution to Diversity: 0.001346452862938996
  Route: [25, 15, 5, 24, 33, 43, 10, 9, 8, 41, 18, 3, 19, 17, 45, 4, 13, 14, 47, 26, 27, 28, 48, 36, 35, 34, 44, 16, 6, 29, 50, 20, 32, 38, 46, 37, 39, 12, 51, 52, 11, 40, 1, 49, 23, 30, 2, 7, 42, 21, 31, 22]

Individual 7:
  Route length: 13191
  Contribution to Diversity: 0.0017390338968841235
  Route: [40, 42, 7, 2, 30, 23, 20, 1, 41, 8, 9, 10, 19, 45, 32, 16, 46, 35, 34, 6, 5, 15, 43, 33, 51, 28, 12, 25, 52, 11, 37, 47, 27, 26, 14, 13, 4, 24, 48, 38, 50, 29, 36, 39, 49, 44, 21, 17, 3, 18, 31, 22]

Individual 8:
  Route length: 13135
  Contribution to Diversity: 0.0010225182183374315
  Route: [25, 15, 5, 24, 45, 19, 17, 3, 18, 41, 8, 9, 10, 43, 33, 36, 35, 34, 44, 16, 6, 13, 14, 4, 48, 28, 27, 26, 47, 29, 50, 20, 40, 11, 52, 51, 12, 39, 37, 46, 38, 32, 49, 1, 23, 30, 2, 7, 42, 21, 31, 22]

Individual 9:
  Route length: 12938
  Contribution to Diversity: 0.0009001356709150699
  Route: [20, 50, 29, 49, 1, 38, 24, 48, 46, 5, 13, 37, 23, 31, 18, 3, 17, 42, 7, 2, 30, 21, 39, 40, 34, 15, 6, 4, 32, 45, 36, 44, 27, 26, 47, 28, 25, 12, 14, 52, 11, 51, 33, 43, 10, 9, 8, 41, 19, 35, 16, 22]

Individual 10:
  Route length: 13149
  Contribution to Diversity: 0.0022048235883440626
  Route: [44, 46, 16, 29, 39, 40, 1, 49, 35, 36, 4, 33, 34, 20, 50, 47, 52, 14, 13, 8, 41, 19, 45, 43, 10, 9, 15, 6, 25, 37, 38, 32, 5, 51, 11, 12, 28, 27, 26, 48, 24, 23, 30, 42, 7, 2, 21, 17, 3, 18, 31, 22]

Individual 11:
  Route length: 13065
  Contribution to Diversity: 0.000419930498533283
  Route: [18, 3, 41, 8, 10, 9, 15, 39, 40, 38, 45, 19, 30, 23, 20, 50, 1, 44, 29, 16, 46, 48, 24, 12, 25, 4, 43, 33, 51, 28, 52, 11, 14, 13, 47, 26, 27, 49, 31, 6, 17, 21, 42, 2, 7, 35, 34, 32, 36, 37, 5, 22]

Individual 12:
  Route length: 12979
  Contribution to Diversity: 0.001040841084324562
  Route: [3, 1, 20, 46, 15, 6, 4, 25, 16, 29, 34, 44, 36, 50, 23, 30, 2, 7, 42, 31, 9, 10, 45, 39, 28, 12, 43, 33, 51, 11, 52, 14, 13, 47, 26, 27, 5, 24, 17, 21, 19, 41, 8, 48, 49, 40, 37, 38, 35, 32, 18, 22]

Individual 13:
  Route length: 13115
  Contribution to Diversity: 0.0008660569314171696
  Route: [44, 34, 15, 6, 4, 5, 46, 18, 31, 32, 45, 36, 16, 37, 13, 38, 24, 27, 26, 47, 28, 25, 12, 14, 52, 11, 51, 33, 43, 10, 9, 8, 41, 3, 17, 42, 7, 2, 30, 21, 39, 40, 35, 48, 19, 1, 49, 29, 50, 20, 23, 22]

Individual 14:
  Route length: 13117
  Contribution to Diversity: 0.0010072905664717524
  Route: [38, 48, 24, 5, 15, 1, 42, 7, 2, 30, 23, 21, 43, 51, 33, 27, 47, 13, 14, 52, 11, 26, 4, 25, 12, 28, 20, 50, 29, 16, 6, 49, 32, 45, 19, 10, 9, 8, 41, 3, 40, 37, 46, 44, 34, 18, 17, 35, 36, 39, 31, 22]

Individual 15:
  Route length: 13183
  Contribution to Diversity: 0.0017140372703652318
  Route: [20, 23, 30, 19, 45, 41, 8, 9, 10, 43, 33, 38, 14, 13, 47, 26, 27, 28, 12, 25, 6, 4, 34, 37, 29, 50, 15, 24, 5, 36, 39, 35, 1, 32, 18, 3, 17, 21, 42, 7, 2, 44, 48, 52, 11, 51, 16, 46, 49, 31, 40, 22]

Individual 16:
  Route length: 13164
  Contribution to Diversity: 0.0011387882392783766
  Route: [45, 49, 46, 1, 18, 3, 47, 12, 25, 4, 28, 27, 26, 13, 14, 32, 19, 41, 8, 9, 10, 43, 33, 51, 11, 52, 44, 35, 5, 24, 48, 38, 37, 40, 39, 34, 15, 6, 36, 17, 42, 7, 2, 30, 50, 20, 31, 21, 23, 16, 29, 22]

Individual 17:
  Route length: 12871
  Contribution to Diversity: 0.001169750302607575
  Route: [9, 10, 43, 33, 51, 11, 52, 14, 13, 39, 36, 32, 49, 23, 30, 2, 7, 42, 21, 17, 20, 35, 34, 44, 46, 50, 29, 16, 40, 24, 18, 3, 37, 5, 6, 15, 41, 19, 45, 8, 4, 48, 38, 25, 28, 12, 26, 47, 27, 1, 31, 22]

Individual 18:
  Route length: 13173
  Contribution to Diversity: 0.0014710040938386015
  Route: [41, 8, 9, 10, 19, 45, 32, 49, 36, 35, 15, 5, 16, 26, 11, 52, 14, 13, 47, 27, 33, 51, 43, 12, 28, 39, 4, 6, 21, 23, 30, 2, 7, 42, 1, 20, 44, 46, 34, 29, 50, 25, 24, 48, 38, 37, 40, 3, 18, 17, 31, 22]

Individual 19:
  Route length: 12917
  Contribution to Diversity: 0.0024779596437172202
  Route: [1, 49, 36, 44, 3, 45, 43, 33, 6, 40, 10, 9, 19, 41, 32, 31, 18, 17, 23, 8, 30, 2, 7, 42, 21, 35, 47, 13, 14, 52, 11, 51, 12, 28, 27, 26, 5, 34, 39, 16, 29, 50, 20, 37, 38, 48, 15, 25, 4, 46, 24, 22]

Individual 20:
  Route length: 13144
  Contribution to Diversity: 0.0013849719595535603
  Route: [1, 49, 15, 6, 39, 50, 20, 23, 48, 38, 37, 40, 35, 44, 34, 4, 51, 11, 28, 12, 19, 45, 21, 30, 2, 7, 42, 32, 46, 52, 13, 47, 14, 27, 26, 25, 24, 5, 29, 16, 31, 18, 3, 17, 41, 8, 9, 10, 43, 33, 36, 22]

Individual 21:
  Route length: 13087
  Contribution to Diversity: 0.001791512982137533
  Route: [25, 20, 50, 29, 6, 16, 40, 11, 52, 51, 12, 37, 44, 39, 5, 24, 33, 43, 10, 9, 8, 41, 18, 3, 17, 19, 45, 38, 4, 13, 14, 47, 26, 27, 28, 48, 36, 35, 34, 46, 15, 32, 1, 49, 23, 30, 2, 7, 42, 21, 31, 22]

Individual 22:
  Route length: 13116
  Contribution to Diversity: 0.0011454153825134483
  Route: [36, 35, 3, 31, 18, 17, 23, 40, 48, 43, 33, 6, 12, 51, 11, 52, 14, 13, 47, 24, 45, 8, 41, 19, 9, 10, 32, 21, 42, 7, 2, 30, 37, 38, 34, 44, 20, 28, 27, 26, 5, 4, 25, 15, 1, 49, 46, 16, 29, 50, 39, 22]

Individual 23:
  Route length: 13128
  Contribution to Diversity: 0.0012753383073205171
  Route: [6, 45, 19, 30, 23, 1, 50, 20, 18, 3, 17, 21, 42, 2, 7, 37, 41, 8, 9, 10, 34, 35, 39, 40, 46, 16, 29, 5, 12, 31, 49, 36, 38, 28, 27, 26, 47, 13, 14, 52, 11, 51, 33, 43, 4, 25, 32, 15, 48, 24, 44, 22]

Individual 24:
  Route length: 12998
  Contribution to Diversity: 0.001042478450006712
  Route: [1, 49, 5, 24, 15, 25, 12, 40, 37, 18, 39, 36, 32, 31, 2, 7, 42, 21, 17, 3, 23, 30, 45, 33, 43, 4, 19, 10, 9, 8, 41, 50, 20, 29, 16, 46, 48, 44, 34, 35, 6, 51, 11, 52, 28, 27, 26, 47, 13, 14, 38, 22]

Individual 25:
  Route length: 13175
  Contribution to Diversity: 0.0013849653014315066
  Route: [4, 6, 16, 5, 15, 35, 36, 49, 32, 45, 19, 10, 9, 8, 41, 25, 24, 48, 38, 37, 40, 26, 11, 52, 14, 13, 47, 27, 33, 51, 43, 12, 28, 39, 50, 29, 34, 46, 44, 20, 1, 42, 7, 2, 30, 23, 21, 3, 18, 17, 31, 22]

Individual 26:
  Route length: 12914
  Contribution to Diversity: 0.0012735473335263592
  Route: [9, 10, 43, 33, 51, 11, 52, 14, 13, 46, 44, 34, 35, 20, 17, 21, 42, 7, 2, 30, 23, 49, 32, 37, 3, 18, 24, 40, 16, 29, 50, 39, 36, 4, 8, 45, 19, 41, 15, 6, 5, 48, 38, 25, 28, 12, 26, 47, 27, 1, 31, 22]

Individual 27:
  Route length: 13119
  Contribution to Diversity: 0.002102162623341286
  Route: [1, 49, 39, 9, 10, 19, 45, 51, 28, 11, 52, 14, 13, 47, 27, 26, 40, 25, 4, 6, 15, 5, 24, 38, 48, 42, 7, 2, 30, 46, 16, 35, 36, 21, 17, 3, 18, 44, 34, 32, 43, 33, 41, 8, 37, 12, 29, 50, 20, 23, 31, 22]

Individual 28:
  Route length: 13109
  Contribution to Diversity: 0.001663933822717567
  Route: [1, 42, 7, 2, 9, 10, 8, 41, 19, 5, 24, 48, 38, 37, 45, 49, 30, 23, 32, 31, 21, 6, 4, 17, 3, 15, 27, 26, 28, 12, 43, 33, 51, 11, 52, 14, 13, 47, 16, 29, 50, 20, 36, 39, 44, 46, 25, 40, 34, 35, 18, 22]

Individual 29:
  Route length: 13195
  Contribution to Diversity: 0.00122393562816292
  Route: [25, 35, 36, 39, 9, 10, 43, 1, 21, 50, 29, 16, 46, 6, 15, 34, 40, 37, 48, 32, 24, 4, 20, 23, 30, 2, 7, 42, 26, 27, 28, 47, 14, 52, 11, 51, 33, 12, 13, 5, 38, 49, 44, 45, 19, 41, 8, 3, 17, 18, 31, 22]

Individual 30:
  Route length: 12931
  Contribution to Diversity: 0.0018131526828053524
  Route: [1, 42, 7, 2, 9, 10, 8, 41, 19, 5, 24, 17, 3, 15, 27, 26, 28, 12, 47, 13, 14, 52, 11, 51, 33, 43, 6, 4, 25, 46, 35, 23, 32, 31, 21, 34, 44, 16, 29, 50, 20, 36, 39, 45, 37, 38, 48, 40, 49, 30, 18, 22]

Individual 31:
  Route length: 13099
  Contribution to Diversity: 0.0002846413260595426
  Route: [42, 7, 2, 30, 23, 20, 34, 38, 5, 24, 4, 11, 51, 33, 37, 40, 49, 14, 52, 26, 27, 28, 47, 13, 12, 25, 35, 15, 6, 46, 16, 50, 29, 48, 43, 10, 9, 39, 36, 8, 41, 19, 45, 32, 44, 1, 21, 3, 17, 18, 31, 22]

Individual 32:
  Route length: 13182
  Contribution to Diversity: 0.0009577185930220722
  Route: [1, 34, 44, 46, 16, 29, 26, 47, 13, 14, 52, 40, 39, 36, 35, 50, 20, 23, 38, 51, 11, 43, 10, 33, 3, 21, 17, 42, 7, 2, 30, 45, 19, 41, 8, 9, 24, 32, 49, 37, 48, 27, 28, 12, 25, 4, 6, 15, 5, 18, 31, 22]

Individual 33:
  Route length: 13101
  Contribution to Diversity: 0.0018575876423314597
  Route: [1, 49, 17, 18, 31, 3, 35, 36, 5, 41, 8, 23, 26, 47, 13, 14, 52, 11, 51, 12, 28, 43, 10, 9, 19, 45, 32, 44, 34, 37, 6, 33, 27, 16, 46, 24, 21, 42, 7, 2, 30, 29, 50, 20, 48, 40, 38, 25, 4, 15, 39, 22]

Individual 34:
  Route length: 12968
  Contribution to Diversity: 0.0006802880716660908
  Route: [42, 7, 2, 30, 23, 20, 34, 38, 5, 24, 4, 11, 51, 33, 12, 13, 47, 28, 27, 26, 52, 14, 37, 40, 49, 36, 35, 25, 29, 50, 16, 46, 6, 15, 21, 1, 44, 32, 9, 10, 43, 48, 39, 8, 41, 19, 45, 3, 17, 18, 31, 22]

Individual 35:
  Route length: 12855
  Contribution to Diversity: 0.0010061596927464223
  Route: [14, 52, 11, 51, 33, 12, 13, 47, 26, 27, 28, 24, 4, 25, 35, 48, 37, 40, 39, 36, 6, 46, 16, 29, 50, 32, 43, 15, 10, 9, 17, 3, 5, 38, 34, 20, 23, 30, 42, 7, 2, 21, 49, 1, 44, 8, 41, 19, 45, 18, 31, 22]

Individual 36:
  Route length: 13181
  Contribution to Diversity: 0.002919521252341184
  Route: [1, 31, 18, 44, 38, 21, 30, 2, 7, 42, 16, 46, 17, 3, 8, 41, 19, 45, 43, 15, 10, 9, 25, 34, 36, 39, 32, 49, 35, 29, 50, 20, 23, 40, 24, 5, 33, 51, 11, 52, 14, 13, 47, 28, 27, 26, 4, 37, 6, 48, 12, 22]

Individual 37:
  Route length: 13032
  Contribution to Diversity: 0.0004903034120351535
  Route: [1, 5, 38, 37, 34, 24, 46, 26, 27, 28, 12, 51, 11, 52, 14, 13, 47, 21, 42, 7, 2, 30, 48, 16, 29, 49, 23, 17, 18, 31, 3, 35, 36, 8, 45, 43, 33, 6, 40, 10, 9, 19, 41, 32, 44, 50, 20, 4, 25, 15, 39, 22]

Individual 38:
  Route length: 13182
  Contribution to Diversity: 0.0014848419909307964
  Route: [44, 36, 45, 32, 31, 18, 46, 5, 4, 15, 6, 34, 40, 39, 21, 30, 2, 7, 42, 17, 3, 41, 8, 9, 10, 43, 33, 51, 11, 52, 14, 12, 25, 28, 47, 26, 27, 24, 38, 13, 37, 16, 35, 48, 19, 1, 49, 29, 50, 20, 23, 22]

Individual 39:
  Route length: 13155
  Contribution to Diversity: 0.0019215889626726934
  Route: [45, 23, 20, 50, 1, 49, 32, 38, 15, 37, 6, 4, 48, 10, 29, 34, 35, 36, 24, 5, 43, 25, 12, 28, 27, 26, 47, 13, 14, 52, 16, 46, 40, 39, 41, 8, 9, 33, 51, 11, 19, 44, 30, 2, 7, 42, 21, 17, 3, 18, 31, 22]

Individual 40:
  Route length: 13096
  Contribution to Diversity: 0.0013048444963095207
  Route: [31, 49, 27, 26, 47, 13, 14, 11, 52, 28, 51, 33, 43, 4, 25, 12, 40, 18, 3, 17, 21, 42, 2, 7, 44, 41, 8, 9, 10, 34, 35, 32, 15, 39, 6, 1, 50, 20, 23, 30, 36, 37, 24, 48, 46, 16, 29, 5, 38, 45, 19, 22]

Individual 41:
  Route length: 13040
  Contribution to Diversity: 0.0032191899466109675
  Route: [8, 19, 41, 33, 9, 10, 11, 12, 28, 27, 26, 47, 13, 14, 52, 4, 25, 6, 51, 39, 40, 43, 34, 35, 36, 15, 24, 5, 18, 3, 17, 38, 37, 48, 31, 45, 44, 46, 16, 29, 50, 20, 23, 30, 2, 7, 42, 21, 32, 49, 1, 22]

Individual 42:
  Route length: 12829
  Contribution to Diversity: 0.001270717040056546
  Route: [44, 46, 16, 24, 19, 17, 21, 48, 38, 49, 32, 45, 15, 5, 9, 41, 8, 10, 43, 33, 51, 28, 12, 25, 4, 27, 47, 13, 14, 52, 11, 6, 26, 29, 50, 20, 23, 30, 2, 7, 42, 1, 36, 39, 40, 37, 35, 34, 18, 3, 31, 22]

Individual 43:
  Route length: 13137
  Contribution to Diversity: 0.0012202524075481946
  Route: [1, 31, 35, 34, 50, 20, 23, 15, 24, 36, 48, 40, 5, 49, 37, 38, 6, 21, 30, 16, 46, 18, 3, 17, 44, 39, 12, 28, 27, 14, 47, 13, 52, 11, 51, 33, 43, 10, 9, 8, 41, 19, 45, 32, 42, 7, 2, 4, 25, 26, 29, 22]

Individual 44:
  Route length: 13094
  Contribution to Diversity: 0.0008546463400156412
  Route: [16, 32, 45, 19, 10, 9, 8, 41, 1, 20, 23, 30, 2, 7, 42, 40, 49, 39, 50, 29, 36, 35, 37, 11, 52, 25, 12, 28, 51, 33, 43, 15, 5, 6, 34, 26, 27, 47, 14, 13, 4, 24, 48, 38, 46, 44, 21, 17, 3, 18, 31, 22]

Individual 45:
  Route length: 12992
  Contribution to Diversity: 0.001029181107507604
  Route: [32, 42, 7, 2, 30, 21, 45, 19, 41, 8, 9, 10, 43, 33, 51, 11, 12, 28, 49, 18, 31, 16, 37, 38, 48, 40, 35, 34, 44, 1, 3, 17, 46, 52, 13, 47, 14, 27, 26, 4, 6, 15, 25, 5, 24, 20, 50, 39, 29, 23, 36, 22]

Individual 46:
  Route length: 13022
  Contribution to Diversity: 0.002595023154485787
  Route: [1, 30, 2, 21, 42, 7, 16, 46, 24, 40, 6, 49, 43, 33, 4, 25, 15, 34, 44, 3, 35, 36, 37, 38, 48, 5, 26, 27, 28, 12, 51, 11, 52, 14, 13, 47, 29, 50, 20, 45, 8, 23, 17, 18, 31, 32, 41, 19, 9, 10, 39, 22]

Individual 47:
  Route length: 12986
  Contribution to Diversity: 0.0004241751261790938
  Route: [46, 16, 29, 39, 8, 41, 19, 45, 1, 49, 36, 35, 33, 4, 32, 38, 37, 25, 6, 40, 34, 20, 50, 44, 24, 48, 51, 11, 14, 13, 52, 47, 15, 5, 43, 10, 9, 12, 28, 27, 26, 23, 30, 2, 7, 42, 21, 17, 3, 18, 31, 22]

Individual 48:
  Route length: 13172
  Contribution to Diversity: 0.0019305430432918769
  Route: [37, 34, 15, 5, 35, 24, 16, 46, 47, 13, 14, 52, 11, 6, 43, 33, 51, 28, 12, 25, 4, 38, 39, 2, 7, 42, 44, 1, 18, 3, 17, 21, 49, 32, 30, 23, 20, 50, 29, 26, 27, 48, 36, 40, 8, 41, 19, 45, 9, 10, 31, 22]

Individual 49:
  Route length: 13066
  Contribution to Diversity: 0.0014925786530799456
  Route: [35, 48, 38, 37, 15, 39, 50, 20, 32, 1, 6, 33, 43, 30, 2, 7, 42, 21, 23, 17, 18, 31, 3, 44, 34, 49, 36, 24, 45, 8, 41, 19, 9, 10, 47, 13, 14, 52, 11, 51, 12, 25, 4, 40, 46, 16, 29, 28, 27, 26, 5, 22]

Individual 50:
  Route length: 13081
  Contribution to Diversity: 0.00011719177455393748
  Route: [1, 38, 5, 24, 46, 26, 27, 28, 12, 51, 11, 52, 14, 13, 47, 21, 23, 7, 2, 30, 42, 31, 18, 17, 3, 35, 36, 49, 29, 16, 48, 8, 45, 43, 33, 6, 37, 34, 44, 32, 41, 19, 9, 10, 40, 50, 20, 4, 25, 15, 39, 22]

Individual 51:
  Route length: 12695
  Contribution to Diversity: 0.00012396334817399435
  Route: [46, 16, 29, 39, 8, 41, 19, 45, 1, 49, 35, 36, 40, 6, 25, 47, 52, 13, 14, 11, 51, 48, 24, 44, 50, 20, 34, 33, 4, 32, 38, 37, 5, 15, 43, 10, 9, 12, 28, 27, 26, 23, 30, 2, 7, 42, 21, 17, 3, 18, 31, 22]

Individual 52:
  Route length: 13015
  Contribution to Diversity: 0.003465793005424267
  Route: [1, 49, 20, 50, 29, 21, 23, 36, 45, 32, 31, 44, 34, 15, 13, 47, 26, 27, 46, 5, 6, 4, 39, 35, 48, 24, 12, 25, 28, 38, 37, 40, 33, 51, 11, 52, 14, 43, 10, 9, 8, 41, 19, 18, 3, 17, 42, 7, 2, 30, 16, 22]

Individual 53:
  Route length: 13078
  Contribution to Diversity: 0.0008234408309464314
  Route: [18, 31, 49, 1, 3, 4, 34, 44, 35, 50, 20, 23, 29, 28, 12, 25, 46, 16, 43, 51, 11, 52, 14, 13, 47, 26, 27, 48, 21, 42, 7, 2, 30, 17, 15, 6, 38, 37, 24, 5, 40, 39, 36, 32, 33, 10, 41, 19, 45, 8, 9, 22]

Individual 54:
  Route length: 13187
  Contribution to Diversity: 0.0015526833051513478
  Route: [1, 48, 38, 41, 9, 8, 40, 44, 36, 35, 19, 45, 33, 43, 10, 39, 6, 4, 25, 24, 28, 27, 26, 37, 42, 7, 2, 30, 21, 17, 49, 32, 34, 5, 15, 51, 13, 47, 14, 52, 11, 12, 46, 16, 29, 50, 20, 23, 3, 18, 31, 22]

Individual 55:
  Route length: 13170
  Contribution to Diversity: 2.0459624111346386e-05
  Route: [7, 42, 21, 17, 44, 34, 35, 36, 49, 1, 38, 15, 2, 30, 23, 20, 46, 32, 45, 19, 41, 8, 9, 10, 5, 24, 48, 40, 37, 16, 31, 3, 18, 50, 29, 33, 51, 11, 52, 14, 13, 47, 26, 27, 28, 43, 39, 6, 4, 25, 12, 22]

Individual 56:
  Route length: 12706
  Contribution to Diversity: 0.0009383793680610708
  Route: [1, 51, 11, 52, 26, 47, 13, 14, 27, 28, 31, 3, 18, 50, 29, 16, 12, 25, 17, 21, 42, 7, 2, 30, 23, 20, 5, 15, 6, 4, 36, 39, 43, 33, 46, 44, 10, 9, 8, 41, 19, 45, 32, 34, 49, 37, 38, 40, 24, 48, 35, 22]

Individual 57:
  Route length: 13031
  Contribution to Diversity: 0.0027802521009308023
  Route: [38, 48, 14, 52, 11, 51, 33, 4, 25, 12, 13, 47, 26, 27, 28, 35, 24, 37, 16, 46, 44, 20, 23, 30, 2, 7, 42, 21, 17, 32, 41, 49, 1, 18, 8, 9, 10, 43, 40, 39, 36, 45, 50, 29, 31, 3, 19, 34, 5, 15, 6, 22]

Individual 58:
  Route length: 13092
  Contribution to Diversity: 0.0010609116089375092
  Route: [1, 3, 41, 8, 39, 45, 10, 9, 31, 42, 7, 2, 30, 23, 6, 4, 25, 28, 12, 43, 33, 51, 11, 52, 14, 13, 47, 26, 27, 5, 24, 17, 21, 19, 15, 46, 20, 36, 44, 34, 35, 38, 48, 49, 40, 37, 50, 29, 16, 32, 18, 22]

Individual 59:
  Route length: 13167
  Contribution to Diversity: 0.003597254065176969
  Route: [32, 49, 1, 24, 6, 33, 43, 10, 37, 28, 27, 26, 47, 13, 14, 52, 11, 12, 46, 16, 29, 50, 20, 39, 40, 45, 3, 17, 21, 42, 7, 2, 30, 23, 35, 36, 34, 48, 44, 25, 4, 41, 38, 9, 8, 51, 15, 5, 19, 18, 31, 22]

Individual 60:
  Route length: 13103
  Contribution to Diversity: 0.0019049867350720007
  Route: [32, 19, 41, 8, 9, 10, 43, 33, 51, 11, 52, 44, 35, 45, 14, 13, 26, 27, 28, 4, 25, 47, 12, 3, 18, 1, 46, 49, 34, 39, 40, 37, 38, 48, 24, 5, 15, 6, 36, 17, 42, 7, 2, 30, 50, 20, 31, 21, 23, 16, 29, 22]

Individual 61:
  Route length: 13039
  Contribution to Diversity: 0.0012128026008095816
  Route: [23, 48, 15, 32, 34, 10, 9, 8, 41, 35, 7, 2, 42, 30, 19, 45, 6, 18, 3, 17, 21, 20, 50, 5, 12, 25, 4, 43, 33, 51, 11, 52, 14, 13, 47, 26, 27, 28, 38, 39, 24, 1, 31, 49, 36, 37, 29, 16, 46, 40, 44, 22]

Individual 62:
  Route length: 13154
  Contribution to Diversity: 0
  Route: [1, 17, 36, 39, 37, 48, 34, 32, 14, 13, 26, 27, 28, 12, 25, 4, 6, 44, 35, 15, 5, 24, 38, 18, 3, 45, 19, 41, 8, 9, 10, 43, 33, 51, 11, 52, 46, 49, 31, 23, 20, 42, 7, 2, 30, 50, 21, 40, 47, 16, 29, 22]

Individual 63:
  Route length: 13167
  Contribution to Diversity: 0.0010067390250014796
  Route: [44, 20, 50, 4, 13, 14, 52, 47, 33, 34, 8, 41, 19, 45, 1, 40, 39, 29, 16, 46, 48, 38, 37, 36, 35, 9, 10, 43, 25, 6, 24, 5, 15, 51, 11, 12, 28, 27, 26, 32, 49, 30, 23, 2, 7, 42, 21, 17, 3, 18, 31, 22]

Individual 64:
  Route length: 13168
  Contribution to Diversity: 0.00016975133254781838
  Route: [1, 38, 5, 24, 46, 26, 27, 28, 12, 51, 11, 52, 14, 13, 47, 21, 23, 7, 2, 30, 42, 31, 18, 17, 3, 35, 36, 49, 29, 16, 48, 8, 45, 37, 6, 33, 43, 40, 10, 9, 19, 41, 32, 44, 34, 50, 20, 4, 25, 15, 39, 22]

Individual 65:
  Route length: 13119
  Contribution to Diversity: 0.0012938176637042886
  Route: [1, 39, 16, 46, 15, 44, 35, 34, 50, 29, 14, 52, 11, 51, 13, 47, 26, 25, 12, 10, 9, 8, 41, 19, 45, 32, 49, 20, 23, 18, 31, 40, 48, 38, 5, 33, 37, 24, 43, 4, 6, 28, 27, 30, 2, 7, 42, 21, 17, 3, 36, 22]

Individual 66:
  Route length: 13041
  Contribution to Diversity: 0.0019206215488729583
  Route: [23, 48, 15, 32, 34, 10, 9, 8, 41, 35, 7, 2, 42, 30, 19, 45, 6, 18, 3, 17, 21, 20, 50, 5, 12, 25, 37, 36, 49, 31, 1, 24, 39, 38, 28, 27, 26, 47, 13, 14, 52, 11, 51, 33, 43, 4, 40, 46, 16, 29, 44, 22]

Individual 67:
  Route length: 13140
  Contribution to Diversity: 0
  Route: [1, 36, 17, 3, 45, 6, 4, 25, 12, 28, 27, 26, 13, 14, 32, 34, 49, 46, 52, 11, 51, 33, 43, 10, 9, 8, 41, 19, 35, 44, 15, 5, 24, 38, 48, 37, 39, 18, 31, 23, 20, 42, 7, 2, 30, 50, 21, 40, 47, 16, 29, 22]

Individual 68:
  Route length: 12836
  Contribution to Diversity: 0.0005615045007640873
  Route: [1, 49, 5, 24, 15, 32, 36, 39, 18, 44, 48, 46, 16, 29, 20, 50, 41, 8, 9, 10, 19, 31, 2, 7, 42, 21, 17, 3, 23, 30, 45, 33, 43, 4, 25, 12, 40, 37, 35, 34, 6, 51, 11, 52, 28, 27, 26, 47, 13, 14, 38, 22]

Individual 69:
  Route length: 13171
  Contribution to Diversity: 0.00025909445657479324
  Route: [23, 20, 44, 24, 43, 4, 6, 15, 51, 11, 52, 14, 13, 47, 48, 40, 31, 18, 33, 5, 41, 8, 9, 10, 12, 27, 28, 26, 25, 39, 16, 46, 38, 35, 34, 29, 50, 1, 45, 19, 32, 49, 37, 36, 3, 17, 21, 42, 7, 2, 30, 22]

Individual 70:
  Route length: 12877
  Contribution to Diversity: 0.0005906823412811235
  Route: [1, 3, 25, 4, 6, 15, 46, 20, 29, 16, 49, 48, 8, 41, 19, 21, 17, 30, 2, 7, 42, 31, 9, 10, 45, 39, 28, 12, 43, 33, 51, 11, 52, 14, 13, 47, 26, 27, 5, 24, 32, 35, 38, 37, 40, 34, 44, 36, 50, 23, 18, 22]

Individual 71:
  Route length: 12746
  Contribution to Diversity: 0
  Route: [32, 49, 1, 50, 29, 37, 35, 36, 43, 6, 38, 48, 52, 14, 13, 47, 26, 27, 28, 12, 25, 11, 51, 33, 4, 5, 24, 39, 46, 16, 3, 17, 21, 42, 7, 2, 30, 15, 40, 34, 10, 44, 20, 23, 45, 19, 41, 8, 9, 18, 31, 22]

Individual 72:
  Route length: 13085
  Contribution to Diversity: 0.0005059503822355538
  Route: [1, 49, 15, 44, 39, 43, 33, 51, 11, 52, 13, 47, 14, 27, 28, 12, 18, 3, 17, 10, 9, 8, 41, 19, 45, 32, 42, 2, 7, 37, 21, 30, 16, 46, 23, 20, 50, 34, 35, 29, 26, 25, 4, 38, 6, 24, 36, 48, 40, 5, 31, 22]

Individual 73:
  Route length: 12727
  Contribution to Diversity: 0
  Route: [1, 49, 32, 36, 35, 25, 4, 16, 48, 38, 19, 41, 8, 9, 10, 45, 18, 3, 17, 24, 47, 26, 27, 28, 12, 51, 11, 13, 14, 52, 29, 44, 7, 2, 30, 23, 34, 5, 15, 37, 40, 39, 6, 33, 43, 46, 50, 20, 42, 21, 31, 22]

Individual 74:
  Route length: 13149
  Contribution to Diversity: 0.0006253123479433853
  Route: [1, 49, 32, 36, 35, 25, 4, 16, 48, 38, 19, 41, 8, 9, 10, 45, 18, 3, 43, 33, 6, 39, 40, 37, 15, 5, 34, 23, 30, 2, 7, 44, 29, 52, 14, 13, 11, 51, 12, 28, 27, 26, 47, 24, 17, 21, 42, 20, 50, 46, 31, 22]

Individual 75:
  Route length: 13137
  Contribution to Diversity: 0
  Route: [1, 50, 29, 43, 4, 6, 15, 51, 11, 52, 14, 13, 47, 48, 40, 31, 18, 33, 5, 41, 8, 9, 10, 12, 27, 28, 26, 25, 39, 16, 38, 46, 35, 34, 36, 3, 17, 21, 42, 7, 2, 30, 23, 20, 44, 24, 37, 49, 32, 19, 45, 22]

Individual 76:
  Route length: 12990
  Contribution to Diversity: 0.0013551040677723947
  Route: [1, 49, 15, 44, 39, 43, 33, 51, 11, 52, 13, 47, 14, 27, 28, 12, 4, 38, 6, 24, 7, 2, 42, 32, 45, 19, 41, 8, 9, 10, 17, 3, 18, 5, 40, 36, 48, 37, 21, 30, 16, 46, 23, 20, 50, 34, 35, 29, 26, 25, 31, 22]

Individual 77:
  Route length: 13031
  Contribution to Diversity: 0.00185185426436707
  Route: [35, 36, 29, 50, 20, 3, 17, 19, 45, 4, 13, 14, 47, 26, 27, 28, 48, 31, 21, 42, 7, 2, 30, 23, 49, 1, 40, 11, 52, 51, 12, 37, 39, 44, 16, 6, 25, 15, 5, 24, 33, 43, 10, 9, 8, 41, 18, 34, 46, 38, 32, 22]

Individual 78:
  Route length: 12921
  Contribution to Diversity: 0.0009360449748143651
  Route: [34, 38, 1, 23, 20, 30, 2, 7, 42, 21, 49, 32, 43, 6, 33, 51, 11, 52, 14, 13, 47, 28, 27, 26, 16, 50, 25, 48, 39, 40, 44, 29, 35, 46, 37, 4, 12, 15, 31, 18, 24, 5, 36, 17, 3, 8, 41, 19, 45, 10, 9, 22]

Individual 79:
  Route length: 13032
  Contribution to Diversity: 0.0009734133700245451
  Route: [18, 3, 41, 8, 10, 9, 15, 39, 40, 38, 45, 19, 30, 23, 20, 50, 1, 44, 29, 16, 46, 48, 24, 12, 25, 4, 43, 33, 51, 28, 52, 11, 14, 13, 47, 26, 27, 49, 35, 7, 2, 42, 21, 17, 6, 31, 32, 34, 36, 37, 5, 22]

Individual 80:
  Route length: 13191
  Contribution to Diversity: 0.0013512470909171626
  Route: [42, 7, 2, 30, 23, 20, 34, 38, 5, 24, 4, 11, 51, 33, 12, 13, 47, 28, 27, 26, 52, 14, 50, 29, 25, 35, 32, 45, 19, 41, 8, 3, 17, 18, 49, 40, 37, 48, 43, 10, 9, 39, 36, 46, 6, 15, 21, 1, 44, 16, 31, 22]

Individual 81:
  Route length: 13064
  Contribution to Diversity: 0
  Route: [32, 40, 15, 30, 2, 7, 42, 21, 17, 3, 16, 46, 39, 24, 5, 4, 33, 51, 11, 25, 12, 28, 27, 26, 47, 13, 14, 52, 48, 38, 6, 43, 36, 35, 37, 29, 50, 1, 49, 31, 18, 9, 8, 41, 19, 45, 23, 20, 44, 10, 34, 22]

Individual 82:
  Route length: 12997
  Contribution to Diversity: 0
  Route: [34, 32, 14, 13, 26, 27, 28, 12, 25, 4, 6, 44, 35, 15, 5, 24, 38, 48, 37, 39, 36, 17, 1, 40, 21, 50, 30, 2, 7, 42, 20, 23, 31, 18, 3, 45, 19, 41, 8, 9, 10, 43, 33, 51, 11, 52, 46, 49, 47, 16, 29, 22]

Individual 83:
  Route length: 12541
  Contribution to Diversity: 0
  Route: [1, 17, 2, 7, 42, 20, 23, 31, 18, 3, 45, 19, 41, 8, 9, 10, 43, 33, 51, 11, 52, 46, 49, 34, 32, 14, 13, 26, 27, 28, 12, 25, 4, 6, 44, 35, 15, 5, 24, 38, 48, 37, 39, 36, 16, 47, 40, 21, 50, 30, 29, 22]

Individual 84:
  Route length: 13025
  Contribution to Diversity: 0.0015026022091895186
  Route: [32, 43, 15, 48, 35, 25, 14, 52, 11, 51, 33, 12, 13, 47, 28, 27, 26, 3, 17, 9, 10, 46, 16, 29, 50, 4, 24, 5, 37, 6, 36, 39, 40, 38, 34, 20, 23, 30, 42, 7, 2, 21, 49, 1, 44, 8, 41, 19, 45, 18, 31, 22]

Individual 85:
  Route length: 12916
  Contribution to Diversity: 0.0017022171338751946
  Route: [32, 36, 35, 29, 44, 20, 23, 1, 46, 17, 3, 8, 41, 19, 45, 10, 9, 25, 34, 38, 50, 16, 26, 27, 28, 47, 13, 14, 52, 11, 51, 33, 6, 43, 37, 4, 5, 24, 40, 39, 48, 12, 15, 31, 18, 30, 2, 7, 42, 21, 49, 22]

Individual 86:
  Route length: 13143
  Contribution to Diversity: 0.0018673976346974541
  Route: [1, 36, 35, 39, 40, 44, 29, 30, 23, 20, 50, 2, 7, 42, 21, 17, 32, 49, 10, 43, 33, 6, 4, 25, 11, 52, 14, 47, 13, 28, 27, 26, 37, 3, 45, 19, 41, 9, 8, 12, 34, 38, 48, 51, 16, 46, 15, 5, 24, 18, 31, 22]

Individual 87:
  Route length: 12886
  Contribution to Diversity: 0.0003446538676596944
  Route: [18, 31, 49, 1, 3, 4, 24, 37, 38, 6, 15, 17, 30, 2, 7, 42, 21, 48, 27, 26, 47, 13, 14, 52, 11, 51, 43, 16, 46, 25, 12, 28, 29, 23, 20, 50, 35, 44, 34, 32, 36, 39, 40, 5, 33, 10, 41, 19, 45, 8, 9, 22]

Individual 88:
  Route length: 13134
  Contribution to Diversity: 0
  Route: [1, 50, 29, 43, 4, 6, 15, 51, 11, 52, 14, 13, 28, 27, 12, 10, 9, 8, 41, 5, 33, 18, 31, 40, 48, 47, 26, 25, 39, 16, 38, 46, 35, 34, 36, 3, 17, 21, 42, 7, 2, 30, 23, 20, 44, 24, 37, 49, 32, 19, 45, 22]

Individual 89:
  Route length: 13035
  Contribution to Diversity: 0.0013172127462475203
  Route: [36, 39, 34, 2, 7, 42, 18, 1, 44, 46, 16, 24, 35, 5, 15, 47, 13, 14, 52, 11, 6, 43, 33, 51, 28, 12, 25, 4, 27, 26, 29, 50, 20, 23, 30, 32, 49, 3, 17, 21, 38, 37, 48, 40, 8, 41, 19, 45, 9, 10, 31, 22]

Individual 90:
  Route length: 12880
  Contribution to Diversity: 0.002105077037912295
  Route: [1, 5, 38, 37, 34, 24, 46, 26, 27, 28, 12, 51, 11, 52, 14, 13, 47, 21, 42, 7, 2, 3, 31, 18, 17, 23, 49, 29, 16, 48, 30, 20, 50, 44, 32, 41, 19, 9, 10, 40, 6, 33, 43, 45, 8, 36, 35, 4, 25, 15, 39, 22]

Individual 91:
  Route length: 13196
  Contribution to Diversity: 0.0008477921995631021
  Route: [46, 32, 42, 7, 2, 30, 21, 45, 19, 41, 8, 9, 10, 43, 33, 51, 11, 12, 28, 49, 1, 44, 34, 5, 24, 20, 50, 39, 29, 23, 37, 40, 35, 38, 48, 25, 26, 27, 14, 47, 13, 52, 4, 6, 15, 17, 3, 18, 31, 16, 36, 22]

Individual 92:
  Route length: 12891
  Contribution to Diversity: 0.0007133441735334145
  Route: [1, 3, 25, 4, 6, 15, 46, 20, 29, 16, 49, 48, 37, 38, 35, 32, 24, 5, 27, 26, 47, 13, 14, 52, 11, 51, 33, 43, 12, 28, 39, 45, 10, 9, 31, 42, 7, 2, 30, 17, 21, 19, 41, 8, 36, 44, 34, 40, 50, 23, 18, 22]

Individual 93:
  Route length: 12892
  Contribution to Diversity: 0
  Route: [32, 35, 37, 29, 50, 1, 49, 36, 43, 6, 38, 48, 52, 14, 13, 47, 26, 27, 28, 12, 25, 11, 51, 33, 4, 5, 24, 39, 46, 16, 3, 17, 21, 42, 7, 2, 30, 15, 40, 34, 10, 44, 20, 23, 45, 19, 41, 8, 9, 18, 31, 22]

Individual 94:
  Route length: 13030
  Contribution to Diversity: 0
  Route: [32, 35, 1, 50, 29, 37, 49, 36, 43, 6, 38, 48, 52, 14, 13, 47, 26, 27, 28, 12, 25, 11, 51, 33, 4, 5, 24, 39, 46, 16, 3, 17, 21, 42, 7, 2, 30, 15, 40, 34, 10, 44, 20, 23, 45, 19, 41, 8, 9, 18, 31, 22]

Individual 95:
  Route length: 13090
  Contribution to Diversity: 0.0004817621757000623
  Route: [44, 15, 49, 1, 23, 20, 50, 34, 35, 29, 26, 25, 4, 38, 6, 24, 7, 2, 42, 32, 45, 19, 41, 8, 9, 10, 17, 3, 18, 12, 28, 27, 14, 47, 13, 52, 11, 51, 33, 43, 39, 46, 16, 30, 21, 37, 48, 36, 40, 5, 31, 22]

Individual 96:
  Route length: 13160
  Contribution to Diversity: 0.0004124309924264935
  Route: [1, 50, 29, 34, 35, 46, 12, 27, 28, 26, 25, 39, 43, 4, 6, 15, 51, 11, 52, 14, 13, 47, 48, 40, 31, 18, 33, 5, 41, 10, 9, 8, 38, 16, 24, 44, 20, 23, 30, 2, 7, 42, 21, 17, 3, 36, 37, 49, 32, 19, 45, 22]

Individual 97:
  Route length: 13093
  Contribution to Diversity: 0.001248403178474966
  Route: [34, 40, 39, 25, 48, 1, 23, 20, 30, 2, 7, 42, 21, 49, 32, 43, 6, 33, 51, 11, 52, 14, 13, 47, 28, 27, 26, 16, 50, 38, 12, 4, 37, 46, 35, 29, 44, 15, 31, 18, 24, 5, 36, 17, 3, 8, 41, 19, 45, 10, 9, 22]

Individual 98:
  Route length: 12846
  Contribution to Diversity: 0.0016402698842510333
  Route: [44, 24, 48, 33, 43, 10, 9, 19, 8, 41, 34, 13, 14, 52, 51, 11, 16, 29, 50, 20, 23, 30, 47, 26, 27, 28, 12, 4, 25, 6, 15, 32, 49, 1, 38, 37, 40, 39, 5, 2, 7, 42, 21, 17, 45, 35, 36, 46, 3, 18, 31, 22]

Individual 99:
  Route length: 13115
  Contribution to Diversity: 0
  Route: [32, 35, 37, 29, 50, 1, 49, 36, 43, 6, 38, 48, 52, 14, 13, 47, 26, 27, 28, 12, 33, 51, 11, 25, 40, 15, 30, 2, 7, 42, 21, 17, 3, 16, 46, 39, 24, 5, 4, 34, 10, 44, 20, 23, 45, 19, 41, 8, 9, 18, 31, 22]

Total Entropy H: 5.743359944791603
