Individual 0:
  Route length: 9404
  Contribution to Diversity: 0.005760303337078554
  Route: [1, 49, 41, 8, 9, 10, 45, 19, 37, 40, 39, 36, 38, 48, 24, 5, 15, 6, 4, 25, 12, 28, 27, 26, 47, 13, 14, 52, 11, 51, 33, 43, 18, 3, 17, 21, 42, 7, 2, 32, 35, 34, 44, 46, 16, 29, 50, 30, 23, 20, 31, 22]

Individual 1:
  Route length: 9377
  Contribution to Diversity: 0.0029306537117559373
  Route: [32, 45, 19, 41, 49, 1, 31, 18, 3, 17, 21, 42, 7, 2, 30, 23, 20, 50, 29, 16, 51, 11, 52, 14, 13, 47, 26, 27, 28, 12, 25, 48, 24, 5, 15, 6, 4, 8, 9, 10, 33, 43, 46, 44, 38, 37, 40, 39, 36, 35, 34, 22]

Individual 2:
  Route length: 9270
  Contribution to Diversity: 0.006499773743508186
  Route: [19, 41, 8, 9, 10, 43, 33, 51, 11, 52, 14, 13, 27, 28, 12, 25, 4, 6, 15, 5, 45, 32, 49, 1, 46, 16, 29, 50, 20, 23, 44, 34, 35, 36, 39, 40, 37, 38, 48, 24, 26, 47, 30, 2, 7, 42, 21, 17, 3, 18, 31, 22]

Individual 3:
  Route length: 9396
  Contribution to Diversity: 0.0033914028134178764
  Route: [1, 20, 50, 29, 16, 51, 11, 52, 14, 13, 47, 26, 27, 28, 12, 25, 4, 6, 15, 5, 38, 48, 24, 34, 35, 36, 39, 40, 37, 23, 30, 42, 7, 2, 21, 17, 49, 32, 45, 19, 41, 8, 9, 10, 33, 43, 46, 44, 3, 18, 31, 22]

Individual 4:
  Route length: 9335
  Contribution to Diversity: 0.006354788531994338
  Route: [1, 49, 32, 45, 19, 43, 33, 5, 24, 35, 34, 48, 38, 37, 40, 39, 36, 15, 6, 4, 41, 8, 9, 10, 51, 11, 52, 14, 13, 47, 26, 27, 28, 12, 25, 46, 44, 16, 29, 50, 20, 23, 30, 2, 7, 42, 21, 17, 3, 18, 31, 22]

Individual 5:
  Route length: 9319
  Contribution to Diversity: 0.0021258533564747495
  Route: [1, 49, 41, 19, 45, 32, 34, 35, 40, 39, 36, 44, 46, 38, 37, 24, 5, 15, 6, 4, 8, 9, 10, 33, 43, 48, 25, 26, 27, 28, 12, 51, 11, 52, 14, 13, 47, 16, 29, 50, 20, 23, 30, 2, 7, 42, 21, 17, 3, 18, 31, 22]

Individual 6:
  Route length: 9413
  Contribution to Diversity: 0.009366019471601206
  Route: [1, 49, 32, 44, 24, 34, 46, 16, 29, 50, 20, 23, 30, 2, 7, 42, 21, 17, 45, 19, 41, 38, 48, 39, 40, 18, 3, 8, 9, 10, 43, 33, 51, 11, 52, 14, 13, 47, 26, 27, 28, 12, 25, 4, 6, 15, 5, 37, 35, 36, 31, 22]

Individual 7:
  Route length: 9309
  Contribution to Diversity: 0.00554967589896993
  Route: [1, 49, 32, 45, 19, 41, 8, 9, 10, 43, 33, 51, 11, 52, 14, 13, 47, 26, 27, 28, 12, 25, 16, 29, 50, 20, 23, 30, 2, 7, 42, 21, 17, 48, 24, 5, 46, 37, 38, 35, 36, 39, 40, 34, 6, 15, 4, 44, 18, 31, 3, 22]

Individual 8:
  Route length: 9418
  Contribution to Diversity: 0.005060323233397668
  Route: [1, 49, 32, 45, 19, 43, 33, 46, 44, 34, 35, 6, 5, 15, 4, 25, 12, 28, 27, 26, 47, 13, 14, 52, 11, 51, 10, 9, 8, 41, 24, 48, 38, 36, 39, 40, 37, 16, 29, 50, 20, 23, 30, 2, 7, 42, 21, 17, 3, 18, 31, 22]

Individual 9:
  Route length: 9244
  Contribution to Diversity: 0.0029638861339664757
  Route: [1, 17, 21, 42, 7, 2, 30, 23, 20, 50, 29, 16, 25, 12, 28, 27, 26, 47, 13, 14, 52, 11, 51, 33, 43, 10, 9, 8, 41, 19, 45, 32, 49, 36, 39, 37, 38, 46, 5, 24, 48, 35, 40, 34, 44, 4, 15, 6, 18, 31, 3, 22]

Individual 10:
  Route length: 9389
  Contribution to Diversity: 0.011791674254403084
  Route: [1, 49, 10, 9, 8, 41, 19, 32, 45, 40, 37, 38, 39, 36, 35, 23, 20, 31, 30, 2, 7, 42, 21, 17, 3, 18, 43, 33, 51, 11, 52, 14, 13, 47, 26, 27, 28, 12, 25, 4, 6, 15, 5, 24, 48, 34, 44, 46, 16, 29, 50, 22]

Individual 11:
  Route length: 9328
  Contribution to Diversity: 0.005658638798125004
  Route: [1, 17, 21, 42, 7, 2, 30, 23, 20, 50, 29, 16, 24, 5, 46, 38, 37, 39, 36, 49, 32, 45, 19, 41, 8, 9, 10, 43, 33, 51, 11, 52, 14, 13, 47, 26, 27, 28, 12, 25, 48, 35, 40, 34, 44, 4, 15, 6, 18, 31, 3, 22]

Individual 12:
  Route length: 9384
  Contribution to Diversity: 0.012484534504906719
  Route: [1, 34, 35, 36, 39, 40, 37, 6, 4, 25, 12, 28, 27, 26, 47, 13, 14, 52, 11, 51, 16, 29, 50, 20, 23, 30, 42, 7, 2, 21, 17, 49, 38, 43, 33, 10, 9, 8, 41, 19, 45, 32, 48, 24, 5, 15, 46, 44, 3, 18, 31, 22]

Individual 13:
  Route length: 9376
  Contribution to Diversity: 0.00768270007637728
  Route: [1, 49, 41, 19, 45, 32, 34, 35, 40, 39, 36, 44, 46, 38, 24, 37, 5, 15, 6, 4, 8, 9, 10, 33, 43, 48, 25, 26, 27, 28, 12, 51, 11, 52, 14, 13, 47, 16, 29, 50, 20, 23, 30, 2, 7, 42, 21, 17, 3, 18, 31, 22]

Individual 14:
  Route length: 9396
  Contribution to Diversity: 0.00036122916173120245
  Route: [1, 49, 32, 17, 42, 7, 2, 30, 21, 44, 34, 46, 16, 29, 20, 50, 23, 31, 45, 19, 41, 8, 9, 10, 43, 33, 51, 11, 52, 14, 13, 47, 26, 27, 28, 12, 25, 4, 6, 15, 5, 24, 48, 38, 37, 18, 40, 39, 36, 35, 3, 22]

Individual 15:
  Route length: 9287
  Contribution to Diversity: 0.0023304498114748995
  Route: [1, 18, 37, 38, 48, 24, 5, 15, 6, 4, 25, 12, 28, 27, 26, 47, 13, 14, 52, 11, 51, 33, 43, 10, 9, 8, 41, 19, 45, 31, 23, 50, 20, 29, 16, 46, 34, 44, 21, 30, 2, 7, 42, 17, 32, 49, 35, 36, 39, 40, 3, 22]

Individual 16:
  Route length: 9397
  Contribution to Diversity: 0.009544946589973513
  Route: [1, 18, 37, 38, 48, 6, 15, 5, 24, 4, 25, 12, 28, 27, 26, 47, 13, 14, 52, 11, 51, 33, 43, 10, 9, 8, 41, 19, 45, 31, 23, 50, 20, 29, 16, 46, 34, 44, 21, 30, 2, 7, 42, 17, 32, 49, 35, 36, 39, 40, 3, 22]

Individual 17:
  Route length: 9394
  Contribution to Diversity: 0
  Route: [1, 49, 32, 45, 19, 41, 8, 9, 10, 43, 33, 51, 11, 52, 14, 13, 47, 26, 27, 28, 16, 29, 50, 20, 35, 36, 39, 40, 18, 3, 17, 21, 42, 7, 2, 30, 23, 31, 12, 25, 4, 6, 15, 5, 38, 48, 24, 37, 34, 44, 46, 22]

Individual 18:
  Route length: 9393
  Contribution to Diversity: 0.004900909181990265
  Route: [1, 49, 32, 44, 34, 24, 5, 15, 6, 39, 40, 18, 3, 8, 9, 10, 43, 33, 51, 11, 52, 14, 13, 47, 26, 27, 28, 12, 25, 4, 41, 19, 45, 17, 21, 42, 7, 2, 30, 23, 20, 50, 29, 16, 46, 37, 48, 38, 36, 35, 31, 22]

Individual 19:
  Route length: 9311
  Contribution to Diversity: 0
  Route: [31, 23, 30, 2, 7, 42, 21, 17, 3, 18, 40, 39, 36, 35, 20, 50, 29, 16, 28, 27, 26, 47, 13, 14, 52, 11, 51, 33, 43, 10, 9, 8, 41, 19, 45, 32, 49, 1, 24, 48, 38, 5, 15, 6, 4, 25, 12, 37, 34, 44, 46, 22]

Total Entropy H: 4.617790338967462
