Individual 0:
  Route length: 7542
  Contribution to Diversity: 0
  Route: [1, 49, 32, 45, 19, 41, 8, 9, 10, 43, 33, 51, 11, 52, 14, 13, 47, 26, 27, 28, 12, 25, 4, 6, 15, 5, 24, 48, 38, 37, 40, 39, 36, 35, 34, 44, 46, 16, 29, 50, 20, 23, 30, 2, 7, 42, 21, 17, 3, 18, 31, 22]

Individual 1:
  Route length: 7542
  Contribution to Diversity: 0
  Route: [1, 49, 32, 45, 19, 41, 8, 9, 10, 43, 33, 51, 11, 52, 14, 13, 47, 26, 27, 28, 12, 25, 4, 6, 15, 5, 24, 48, 38, 37, 40, 39, 36, 35, 34, 44, 46, 16, 29, 50, 20, 23, 30, 2, 7, 42, 21, 17, 3, 18, 31, 22]

Individual 2:
  Route length: 7542
  Contribution to Diversity: 0
  Route: [1, 49, 32, 45, 19, 41, 8, 9, 10, 43, 33, 51, 11, 52, 14, 13, 47, 26, 27, 28, 12, 25, 4, 6, 15, 5, 24, 48, 38, 37, 40, 39, 36, 35, 34, 44, 46, 16, 29, 50, 20, 23, 30, 2, 7, 42, 21, 17, 3, 18, 31, 22]

Individual 3:
  Route length: 7684
  Contribution to Diversity: 0.005412920843403057
  Route: [1, 49, 32, 45, 19, 41, 8, 9, 10, 43, 33, 51, 11, 52, 14, 13, 47, 26, 27, 28, 12, 25, 4, 6, 15, 5, 24, 48, 40, 37, 38, 36, 39, 35, 34, 44, 46, 16, 29, 50, 20, 23, 30, 2, 7, 42, 21, 17, 3, 18, 31, 22]

Individual 4:
  Route length: 7614
  Contribution to Diversity: 0.008107294323282943
  Route: [1, 49, 32, 45, 19, 41, 8, 9, 10, 43, 33, 51, 11, 52, 14, 13, 47, 26, 27, 28, 12, 25, 4, 6, 15, 5, 24, 48, 38, 40, 37, 36, 39, 35, 34, 44, 46, 16, 29, 50, 20, 23, 30, 2, 7, 42, 21, 17, 3, 18, 31, 22]

Individual 5:
  Route length: 7664
  Contribution to Diversity: 0.0072529726540322415
  Route: [1, 49, 32, 45, 19, 41, 8, 9, 10, 43, 33, 51, 11, 52, 14, 13, 47, 26, 27, 28, 12, 25, 4, 6, 15, 37, 38, 48, 24, 5, 40, 39, 36, 35, 34, 44, 46, 16, 29, 50, 20, 23, 30, 2, 7, 42, 21, 17, 3, 18, 31, 22]

Individual 6:
  Route length: 7622
  Contribution to Diversity: 0.001666778746249875
  Route: [1, 49, 32, 45, 19, 41, 8, 9, 10, 43, 33, 51, 11, 52, 14, 13, 47, 26, 27, 28, 12, 25, 4, 6, 15, 5, 24, 48, 38, 37, 40, 36, 39, 35, 34, 44, 46, 16, 29, 50, 20, 23, 30, 2, 7, 42, 21, 17, 3, 18, 31, 22]

Individual 7:
  Route length: 7676
  Contribution to Diversity: 0.0072529726540322415
  Route: [1, 49, 32, 45, 19, 41, 8, 9, 10, 43, 33, 51, 11, 52, 14, 13, 47, 26, 28, 27, 12, 25, 4, 6, 15, 5, 24, 48, 38, 37, 40, 39, 36, 35, 34, 44, 46, 16, 29, 50, 20, 23, 30, 2, 7, 42, 21, 17, 3, 18, 31, 22]

Individual 8:
  Route length: 7691
  Contribution to Diversity: 0.009799437012028456
  Route: [1, 49, 32, 45, 19, 41, 8, 9, 10, 43, 33, 51, 11, 52, 14, 13, 47, 26, 27, 28, 12, 25, 4, 6, 15, 5, 24, 48, 38, 36, 39, 40, 37, 34, 35, 44, 46, 16, 29, 50, 20, 23, 30, 2, 7, 42, 21, 17, 3, 18, 31, 22]

Individual 9:
  Route length: 7678
  Contribution to Diversity: 0.0072529726540322415
  Route: [18, 3, 17, 21, 42, 7, 2, 30, 23, 20, 50, 29, 16, 46, 44, 34, 35, 36, 39, 40, 37, 38, 48, 24, 5, 15, 6, 4, 25, 12, 28, 27, 26, 47, 13, 14, 52, 11, 51, 33, 43, 10, 9, 8, 41, 19, 45, 32, 49, 1, 31, 22]

Total Entropy H: 4.046233332508006
