Individual 0:
  Route length: 8290
  Contribution to Diversity: 0.006680683777017471
  Route: [1, 49, 35, 36, 39, 38, 37, 40, 48, 24, 5, 15, 6, 4, 25, 12, 28, 27, 26, 47, 13, 14, 52, 11, 51, 33, 43, 10, 9, 8, 41, 19, 3, 17, 21, 42, 7, 2, 30, 23, 20, 50, 29, 16, 34, 44, 46, 32, 45, 31, 18, 22]

Individual 1:
  Route length: 8282
  Contribution to Diversity: 0.003113906738986927
  Route: [17, 21, 42, 7, 2, 30, 23, 20, 50, 29, 16, 46, 44, 34, 35, 40, 39, 36, 48, 6, 15, 5, 38, 37, 24, 4, 25, 12, 28, 27, 26, 47, 13, 14, 52, 11, 51, 33, 43, 10, 9, 8, 41, 19, 45, 32, 49, 1, 18, 3, 31, 22]

Individual 2:
  Route length: 8294
  Contribution to Diversity: 0.004530696247408095
  Route: [1, 49, 34, 32, 45, 19, 41, 8, 9, 10, 43, 33, 51, 11, 52, 14, 13, 47, 26, 27, 28, 12, 25, 4, 6, 15, 5, 24, 48, 38, 37, 40, 39, 36, 35, 44, 46, 16, 23, 20, 50, 29, 31, 30, 2, 7, 42, 21, 17, 3, 18, 22]

Individual 3:
  Route length: 8296
  Contribution to Diversity: 0.0010938125602999449
  Route: [1, 49, 32, 45, 19, 41, 8, 9, 10, 43, 33, 51, 11, 52, 14, 13, 47, 26, 27, 28, 12, 25, 4, 48, 38, 5, 15, 6, 40, 37, 35, 34, 44, 24, 39, 36, 46, 16, 29, 50, 20, 23, 30, 2, 7, 42, 21, 17, 31, 3, 18, 22]

Individual 4:
  Route length: 8288
  Contribution to Diversity: 0.006225543309477999
  Route: [1, 49, 32, 45, 19, 41, 8, 9, 10, 43, 33, 51, 11, 52, 14, 13, 47, 26, 27, 28, 12, 25, 4, 6, 15, 5, 40, 39, 35, 36, 34, 37, 44, 24, 48, 38, 46, 16, 29, 23, 20, 50, 42, 2, 7, 30, 21, 17, 3, 18, 31, 22]

Individual 5:
  Route length: 8286
  Contribution to Diversity: 0.012041716164065797
  Route: [1, 23, 36, 39, 37, 35, 34, 40, 38, 15, 5, 24, 48, 25, 4, 6, 12, 28, 27, 26, 47, 13, 14, 52, 11, 51, 33, 43, 10, 9, 8, 41, 19, 45, 32, 49, 44, 46, 16, 29, 50, 20, 30, 2, 7, 42, 21, 17, 3, 18, 31, 22]

Individual 6:
  Route length: 8237
  Contribution to Diversity: 0.004255641085406658
  Route: [1, 49, 32, 45, 19, 41, 8, 9, 10, 43, 33, 51, 11, 52, 14, 13, 47, 26, 27, 28, 12, 25, 4, 5, 6, 15, 48, 24, 38, 37, 40, 39, 36, 34, 35, 50, 20, 23, 30, 29, 16, 46, 44, 2, 7, 42, 21, 17, 3, 18, 31, 22]

Individual 7:
  Route length: 8166
  Contribution to Diversity: 0.007819056789039713
  Route: [1, 49, 32, 45, 19, 41, 8, 9, 10, 43, 33, 51, 11, 52, 13, 14, 47, 26, 27, 28, 12, 25, 4, 6, 15, 5, 24, 48, 38, 37, 34, 39, 40, 36, 35, 31, 50, 20, 23, 44, 46, 16, 29, 30, 2, 7, 42, 21, 17, 3, 18, 22]

Individual 8:
  Route length: 8236
  Contribution to Diversity: 0.011414398917260371
  Route: [1, 49, 32, 45, 41, 19, 8, 9, 10, 43, 33, 51, 11, 52, 14, 13, 47, 26, 27, 28, 12, 25, 4, 38, 48, 24, 15, 6, 37, 34, 35, 36, 39, 40, 5, 44, 46, 16, 29, 30, 50, 20, 23, 21, 42, 2, 7, 17, 3, 18, 31, 22]

Individual 9:
  Route length: 8235
  Contribution to Diversity: 0.005062035015027
  Route: [45, 19, 41, 8, 9, 10, 43, 33, 51, 11, 52, 14, 13, 47, 26, 27, 28, 12, 25, 4, 6, 15, 5, 24, 48, 37, 38, 35, 39, 40, 34, 36, 32, 31, 3, 18, 17, 21, 42, 7, 2, 30, 23, 20, 50, 29, 16, 46, 44, 49, 1, 22]

Individual 10:
  Route length: 8193
  Contribution to Diversity: 0
  Route: [44, 36, 35, 34, 39, 24, 40, 37, 38, 48, 46, 5, 15, 6, 4, 25, 12, 28, 27, 26, 47, 13, 14, 52, 11, 51, 33, 43, 10, 9, 8, 41, 19, 45, 32, 49, 1, 23, 20, 50, 29, 16, 30, 2, 7, 42, 21, 17, 3, 18, 31, 22]

Individual 11:
  Route length: 8196
  Contribution to Diversity: 0.007528314539363201
  Route: [1, 49, 36, 35, 40, 39, 46, 24, 48, 38, 5, 15, 6, 4, 25, 12, 28, 27, 26, 47, 13, 14, 52, 11, 51, 33, 43, 10, 9, 8, 41, 19, 45, 32, 37, 34, 44, 16, 29, 50, 20, 23, 30, 2, 7, 42, 21, 3, 17, 31, 18, 22]

Individual 12:
  Route length: 8280
  Contribution to Diversity: 0.002724318198654707
  Route: [17, 45, 19, 41, 8, 9, 10, 43, 33, 51, 11, 52, 14, 13, 47, 26, 27, 28, 12, 25, 4, 6, 37, 40, 15, 5, 24, 48, 38, 39, 36, 35, 34, 44, 46, 16, 29, 50, 20, 23, 30, 2, 7, 42, 21, 31, 18, 3, 1, 49, 32, 22]

Individual 13:
  Route length: 8273
  Contribution to Diversity: 0.006202002554795527
  Route: [1, 49, 32, 45, 19, 41, 8, 9, 10, 43, 33, 51, 11, 52, 14, 13, 47, 26, 27, 28, 12, 25, 4, 38, 48, 24, 15, 35, 40, 39, 37, 6, 5, 36, 34, 44, 46, 16, 29, 23, 20, 50, 30, 7, 2, 42, 21, 17, 3, 18, 31, 22]

Individual 14:
  Route length: 8232
  Contribution to Diversity: 0.005824474516320954
  Route: [1, 49, 32, 45, 19, 41, 8, 9, 10, 43, 33, 51, 11, 52, 14, 13, 47, 26, 27, 28, 12, 25, 4, 38, 48, 24, 15, 6, 37, 34, 35, 5, 40, 39, 36, 46, 44, 16, 29, 23, 20, 50, 30, 42, 2, 7, 21, 17, 3, 18, 31, 22]

Individual 15:
  Route length: 8220
  Contribution to Diversity: 0.00010910663138741228
  Route: [44, 36, 35, 34, 39, 24, 40, 37, 38, 48, 46, 5, 15, 6, 4, 25, 12, 28, 27, 26, 47, 13, 14, 52, 11, 51, 33, 43, 10, 9, 8, 41, 19, 45, 32, 49, 1, 23, 20, 50, 29, 16, 30, 42, 7, 2, 21, 17, 3, 18, 31, 22]

Individual 16:
  Route length: 8249
  Contribution to Diversity: 0.005998253243260088
  Route: [32, 49, 44, 46, 16, 29, 50, 20, 23, 30, 2, 7, 42, 21, 31, 3, 18, 17, 45, 19, 41, 8, 9, 10, 43, 33, 51, 11, 52, 14, 13, 47, 26, 27, 28, 12, 25, 4, 6, 15, 5, 48, 24, 40, 39, 35, 38, 37, 34, 36, 1, 22]

Individual 17:
  Route length: 8281
  Contribution to Diversity: 0.008337908366740976
  Route: [1, 18, 3, 31, 17, 21, 42, 7, 2, 30, 23, 20, 50, 29, 16, 44, 24, 37, 39, 36, 35, 46, 34, 40, 48, 38, 5, 15, 6, 4, 25, 12, 28, 27, 26, 47, 13, 14, 52, 11, 51, 33, 43, 10, 9, 8, 41, 19, 45, 32, 49, 22]

Individual 18:
  Route length: 8238
  Contribution to Diversity: 0.008197846342021364
  Route: [1, 49, 37, 48, 38, 6, 15, 5, 24, 43, 4, 25, 12, 28, 27, 26, 47, 13, 14, 52, 11, 51, 33, 10, 9, 8, 41, 19, 45, 32, 40, 39, 34, 35, 36, 44, 46, 16, 29, 50, 20, 23, 30, 2, 7, 42, 21, 17, 3, 18, 31, 22]

Individual 19:
  Route length: 8206
  Contribution to Diversity: 0
  Route: [44, 36, 34, 35, 39, 24, 40, 37, 38, 48, 46, 5, 15, 6, 4, 25, 12, 28, 27, 26, 47, 13, 14, 52, 11, 51, 33, 43, 10, 9, 8, 41, 19, 45, 32, 49, 1, 23, 20, 50, 29, 16, 30, 2, 7, 42, 21, 17, 3, 18, 31, 22]

Total Entropy H: 4.546348301231819
