Individual 0:
  Route length: 7895
  Contribution to Diversity: 0.00028614031671203577
  Route: [1, 23, 20, 50, 29, 16, 46, 44, 34, 35, 36, 39, 40, 37, 38, 48, 24, 5, 15, 6, 4, 25, 12, 28, 27, 26, 47, 13, 14, 52, 11, 51, 33, 43, 10, 9, 8, 41, 19, 45, 32, 49, 18, 3, 17, 21, 42, 7, 2, 30, 31, 22]

Individual 1:
  Route length: 7873
  Contribution to Diversity: 0.00013458254274478776
  Route: [39, 40, 37, 38, 48, 24, 5, 15, 6, 4, 25, 12, 28, 27, 26, 47, 13, 14, 52, 11, 51, 33, 43, 10, 9, 8, 41, 19, 45, 32, 49, 1, 44, 34, 35, 36, 46, 16, 29, 50, 20, 23, 30, 2, 7, 42, 21, 17, 3, 18, 31, 22]

Individual 2:
  Route length: 7889
  Contribution to Diversity: 0.0011398972338252378
  Route: [1, 49, 32, 45, 19, 41, 8, 9, 10, 43, 33, 51, 11, 52, 14, 13, 27, 26, 47, 28, 12, 25, 4, 5, 15, 6, 44, 34, 35, 36, 39, 40, 37, 38, 48, 24, 46, 16, 29, 50, 20, 23, 30, 2, 7, 42, 21, 17, 3, 18, 31, 22]

Individual 3:
  Route length: 7804
  Contribution to Diversity: 0.0001661538823292119
  Route: [1, 49, 32, 45, 19, 41, 8, 9, 10, 43, 33, 51, 11, 52, 14, 13, 47, 26, 27, 28, 12, 25, 6, 4, 37, 5, 24, 48, 15, 38, 40, 39, 36, 35, 34, 44, 46, 16, 29, 50, 20, 23, 30, 2, 7, 42, 21, 17, 3, 18, 31, 22]

Individual 4:
  Route length: 7911
  Contribution to Diversity: 0.0005912163638432943
  Route: [1, 49, 32, 45, 41, 19, 10, 9, 8, 43, 33, 51, 11, 52, 14, 13, 47, 26, 27, 28, 12, 25, 4, 6, 15, 5, 24, 48, 38, 37, 40, 39, 36, 35, 34, 44, 46, 16, 29, 50, 20, 23, 30, 2, 7, 42, 21, 17, 3, 18, 31, 22]

Individual 5:
  Route length: 7794
  Contribution to Diversity: 0.0009654787648942786
  Route: [1, 49, 32, 45, 19, 41, 8, 9, 10, 43, 33, 51, 11, 52, 14, 13, 47, 26, 27, 28, 12, 25, 4, 6, 15, 48, 24, 5, 37, 38, 40, 39, 36, 35, 34, 44, 46, 16, 29, 50, 20, 23, 30, 2, 7, 42, 21, 3, 17, 18, 31, 22]

Individual 6:
  Route length: 7852
  Contribution to Diversity: 0.0005900301880918946
  Route: [35, 39, 36, 1, 49, 32, 45, 19, 41, 8, 9, 10, 43, 33, 51, 11, 52, 14, 13, 47, 26, 27, 28, 12, 25, 4, 6, 15, 5, 24, 48, 38, 37, 40, 34, 44, 46, 16, 29, 50, 20, 23, 30, 2, 7, 42, 21, 17, 3, 18, 31, 22]

Individual 7:
  Route length: 7913
  Contribution to Diversity: 5.5266887253324626e-05
  Route: [32, 49, 1, 21, 42, 7, 2, 30, 23, 20, 50, 29, 16, 46, 44, 34, 35, 36, 39, 40, 37, 38, 48, 24, 5, 15, 6, 4, 25, 12, 28, 27, 26, 47, 13, 14, 52, 11, 51, 33, 43, 10, 9, 8, 41, 19, 45, 17, 3, 18, 31, 22]

Individual 8:
  Route length: 7866
  Contribution to Diversity: 0.00014971689294629442
  Route: [1, 49, 32, 45, 19, 41, 8, 9, 10, 43, 33, 51, 11, 52, 14, 13, 47, 26, 27, 28, 12, 4, 25, 40, 37, 38, 48, 24, 5, 15, 6, 39, 36, 35, 34, 44, 46, 16, 29, 50, 20, 23, 30, 2, 7, 42, 21, 17, 3, 18, 31, 22]

Individual 9:
  Route length: 7800
  Contribution to Diversity: 0.0005755143766181803
  Route: [1, 49, 32, 45, 19, 41, 8, 9, 10, 43, 33, 12, 28, 27, 26, 47, 14, 13, 52, 11, 51, 25, 4, 6, 15, 5, 24, 48, 38, 37, 40, 39, 36, 35, 34, 44, 46, 16, 29, 50, 20, 23, 30, 2, 7, 42, 21, 17, 3, 18, 31, 22]

Individual 10:
  Route length: 7810
  Contribution to Diversity: 0.00030970135962871126
  Route: [1, 49, 32, 45, 19, 41, 8, 9, 10, 43, 33, 51, 11, 52, 14, 13, 47, 26, 27, 28, 12, 25, 4, 6, 15, 40, 38, 37, 24, 48, 5, 34, 35, 36, 39, 44, 46, 16, 29, 50, 20, 23, 30, 2, 7, 42, 21, 17, 3, 18, 31, 22]

Individual 11:
  Route length: 7893
  Contribution to Diversity: 0.0020014535123946686
  Route: [49, 1, 18, 3, 17, 21, 42, 7, 2, 30, 23, 20, 50, 29, 16, 46, 44, 39, 36, 35, 34, 37, 40, 38, 48, 24, 5, 15, 6, 4, 25, 12, 28, 27, 26, 47, 13, 14, 52, 11, 51, 33, 43, 10, 9, 8, 41, 19, 45, 32, 31, 22]

Individual 12:
  Route length: 7770
  Contribution to Diversity: 0.00022019123755168124
  Route: [1, 49, 32, 45, 19, 41, 8, 9, 10, 43, 33, 51, 11, 52, 14, 13, 47, 26, 27, 28, 12, 25, 5, 24, 15, 6, 4, 38, 48, 37, 40, 39, 36, 35, 34, 44, 46, 16, 29, 50, 20, 23, 30, 2, 7, 42, 21, 17, 3, 18, 31, 22]

Individual 13:
  Route length: 7816
  Contribution to Diversity: 0
  Route: [1, 49, 32, 45, 19, 41, 8, 9, 10, 43, 33, 51, 11, 52, 14, 13, 47, 26, 27, 28, 12, 25, 4, 24, 5, 15, 6, 44, 34, 35, 36, 39, 40, 37, 38, 48, 46, 16, 29, 50, 20, 23, 30, 2, 7, 42, 21, 17, 3, 18, 31, 22]

Individual 14:
  Route length: 7899
  Contribution to Diversity: 0
  Route: [1, 35, 36, 39, 40, 37, 38, 48, 24, 5, 15, 6, 4, 25, 12, 28, 27, 26, 47, 13, 14, 52, 11, 51, 33, 43, 10, 9, 8, 41, 19, 45, 32, 49, 46, 44, 34, 16, 29, 50, 20, 23, 30, 2, 7, 42, 21, 17, 3, 18, 31, 22]

Individual 15:
  Route length: 7840
  Contribution to Diversity: 0
  Route: [1, 49, 32, 45, 19, 41, 8, 9, 10, 43, 33, 51, 11, 52, 14, 13, 47, 26, 27, 28, 12, 25, 4, 6, 15, 35, 36, 39, 40, 37, 38, 48, 24, 5, 34, 44, 46, 16, 29, 50, 20, 23, 30, 2, 7, 42, 21, 17, 3, 18, 31, 22]

Individual 16:
  Route length: 7617
  Contribution to Diversity: 0
  Route: [1, 49, 32, 45, 19, 41, 8, 9, 10, 43, 33, 51, 11, 52, 14, 13, 47, 26, 27, 28, 12, 25, 6, 4, 15, 5, 24, 48, 38, 37, 40, 39, 36, 35, 34, 44, 46, 16, 29, 50, 20, 23, 30, 2, 7, 42, 21, 17, 3, 18, 31, 22]

Individual 17:
  Route length: 7852
  Contribution to Diversity: 0
  Route: [23, 20, 50, 29, 16, 46, 44, 34, 35, 36, 39, 40, 37, 38, 48, 24, 5, 15, 6, 4, 25, 12, 28, 27, 26, 47, 13, 14, 52, 11, 51, 33, 43, 10, 9, 8, 41, 19, 45, 32, 49, 1, 30, 2, 7, 42, 21, 17, 3, 18, 31, 22]

Individual 18:
  Route length: 7895
  Contribution to Diversity: 0
  Route: [1, 49, 32, 45, 19, 41, 8, 9, 10, 43, 33, 51, 11, 52, 14, 13, 47, 26, 27, 28, 12, 25, 4, 6, 15, 5, 24, 48, 38, 37, 36, 35, 34, 46, 44, 40, 39, 16, 29, 50, 20, 23, 30, 2, 7, 42, 21, 17, 3, 18, 31, 22]

Individual 19:
  Route length: 7756
  Contribution to Diversity: 0
  Route: [1, 49, 32, 45, 19, 41, 8, 9, 10, 43, 33, 51, 11, 52, 14, 13, 47, 26, 27, 28, 12, 25, 6, 4, 37, 38, 48, 24, 5, 15, 40, 39, 36, 35, 34, 44, 46, 16, 29, 50, 20, 23, 30, 2, 7, 42, 21, 17, 3, 18, 31, 22]

Individual 20:
  Route length: 7903
  Contribution to Diversity: 0
  Route: [1, 49, 32, 45, 19, 41, 8, 9, 10, 43, 33, 51, 11, 52, 14, 13, 47, 26, 27, 28, 12, 25, 4, 6, 15, 35, 36, 39, 40, 37, 38, 48, 24, 5, 46, 44, 34, 16, 29, 50, 20, 23, 30, 2, 7, 42, 21, 17, 3, 18, 31, 22]

Individual 21:
  Route length: 7695
  Contribution to Diversity: 0
  Route: [1, 49, 32, 45, 19, 41, 8, 9, 10, 43, 33, 51, 11, 52, 14, 13, 47, 26, 27, 28, 12, 25, 4, 6, 15, 5, 24, 48, 38, 39, 36, 37, 40, 35, 34, 44, 46, 16, 29, 50, 20, 23, 30, 2, 7, 42, 21, 17, 3, 18, 31, 22]

Individual 22:
  Route length: 7860
  Contribution to Diversity: 0.00032441392028470517
  Route: [1, 49, 32, 45, 19, 41, 8, 9, 10, 43, 33, 51, 11, 52, 14, 13, 47, 26, 27, 28, 12, 25, 4, 6, 15, 5, 24, 36, 39, 40, 37, 38, 48, 35, 34, 44, 46, 16, 29, 20, 50, 23, 30, 2, 7, 42, 21, 17, 3, 18, 31, 22]

Individual 23:
  Route length: 7811
  Contribution to Diversity: 0.0004365745179484293
  Route: [1, 49, 32, 45, 19, 41, 8, 9, 10, 43, 33, 51, 11, 52, 14, 13, 27, 26, 47, 28, 12, 25, 48, 24, 5, 15, 6, 4, 37, 38, 40, 39, 36, 35, 34, 44, 46, 16, 29, 50, 20, 23, 30, 2, 7, 42, 21, 17, 3, 18, 31, 22]

Individual 24:
  Route length: 7851
  Contribution to Diversity: 0.00046447508984748254
  Route: [1, 49, 32, 45, 19, 41, 8, 9, 10, 43, 33, 51, 11, 52, 14, 13, 47, 26, 27, 28, 12, 25, 4, 6, 37, 38, 48, 24, 5, 15, 39, 40, 36, 35, 34, 44, 46, 16, 29, 50, 20, 23, 30, 21, 42, 7, 2, 17, 3, 18, 31, 22]

Individual 25:
  Route length: 7799
  Contribution to Diversity: 0.0006748243913632379
  Route: [1, 49, 32, 45, 19, 41, 8, 9, 10, 43, 33, 51, 11, 52, 14, 13, 47, 26, 27, 28, 12, 25, 4, 6, 15, 5, 48, 24, 37, 38, 40, 39, 36, 35, 34, 46, 44, 50, 29, 16, 20, 23, 30, 2, 7, 42, 21, 17, 3, 18, 31, 22]

Individual 26:
  Route length: 7904
  Contribution to Diversity: 0
  Route: [1, 49, 32, 45, 19, 41, 8, 9, 10, 43, 33, 51, 11, 52, 14, 13, 47, 26, 27, 28, 12, 25, 4, 15, 6, 36, 39, 40, 37, 38, 48, 24, 5, 35, 34, 44, 46, 16, 29, 50, 20, 23, 30, 2, 7, 42, 21, 17, 3, 18, 31, 22]

Individual 27:
  Route length: 7739
  Contribution to Diversity: 0
  Route: [1, 49, 32, 45, 19, 41, 8, 9, 10, 43, 33, 51, 11, 52, 14, 13, 47, 26, 27, 28, 12, 25, 6, 4, 15, 37, 38, 48, 24, 5, 40, 39, 36, 35, 34, 44, 46, 16, 29, 50, 20, 23, 30, 2, 7, 42, 21, 17, 3, 18, 31, 22]

Individual 28:
  Route length: 7793
  Contribution to Diversity: 0.0002580624128052378
  Route: [1, 49, 32, 45, 19, 41, 8, 9, 10, 43, 33, 51, 11, 52, 14, 13, 47, 26, 27, 28, 12, 25, 4, 15, 6, 38, 37, 40, 39, 36, 35, 34, 44, 24, 5, 48, 46, 16, 29, 50, 20, 23, 30, 2, 7, 42, 21, 17, 3, 18, 31, 22]

Individual 29:
  Route length: 7904
  Contribution to Diversity: 0
  Route: [1, 49, 32, 45, 19, 41, 8, 9, 10, 43, 33, 51, 11, 52, 14, 13, 47, 26, 27, 28, 12, 25, 4, 6, 37, 38, 48, 24, 5, 15, 46, 44, 34, 35, 36, 39, 40, 16, 29, 50, 20, 23, 30, 2, 7, 42, 21, 17, 3, 18, 31, 22]

Individual 30:
  Route length: 7805
  Contribution to Diversity: 0
  Route: [1, 49, 32, 45, 19, 41, 8, 9, 10, 43, 33, 51, 11, 52, 14, 13, 47, 26, 27, 28, 12, 25, 4, 6, 48, 24, 5, 15, 36, 39, 40, 37, 38, 35, 34, 44, 46, 16, 29, 50, 20, 23, 30, 2, 7, 42, 21, 17, 3, 18, 31, 22]

Individual 31:
  Route length: 7895
  Contribution to Diversity: 0
  Route: [1, 49, 32, 34, 35, 36, 39, 40, 37, 38, 48, 24, 5, 15, 6, 4, 25, 12, 28, 27, 26, 47, 13, 14, 52, 11, 51, 33, 43, 10, 9, 8, 41, 19, 45, 18, 3, 17, 21, 42, 7, 2, 30, 23, 20, 50, 29, 16, 46, 44, 31, 22]

Individual 32:
  Route length: 7867
  Contribution to Diversity: 0.0003243713820424432
  Route: [1, 49, 32, 45, 19, 41, 8, 9, 10, 43, 33, 51, 11, 52, 14, 13, 47, 26, 27, 28, 12, 25, 4, 5, 15, 6, 38, 48, 24, 37, 40, 39, 36, 35, 34, 44, 46, 16, 29, 50, 20, 31, 18, 3, 17, 21, 42, 7, 2, 30, 23, 22]

Individual 33:
  Route length: 7614
  Contribution to Diversity: 0
  Route: [1, 32, 49, 45, 19, 41, 8, 9, 10, 43, 33, 51, 11, 52, 14, 13, 47, 26, 27, 28, 12, 25, 4, 6, 15, 5, 24, 48, 38, 37, 40, 39, 36, 35, 34, 44, 46, 16, 29, 50, 20, 23, 30, 2, 7, 42, 21, 17, 3, 18, 31, 22]

Individual 34:
  Route length: 7739
  Contribution to Diversity: 0
  Route: [1, 49, 32, 45, 19, 41, 8, 9, 10, 43, 33, 51, 11, 52, 14, 13, 47, 26, 27, 28, 12, 25, 6, 4, 15, 5, 24, 48, 38, 34, 35, 36, 39, 40, 37, 44, 46, 16, 29, 50, 20, 23, 30, 2, 7, 42, 21, 17, 3, 18, 31, 22]

Individual 35:
  Route length: 7896
  Contribution to Diversity: 0.0007149778583350752
  Route: [1, 49, 32, 45, 19, 41, 8, 9, 10, 43, 33, 51, 11, 52, 14, 13, 47, 26, 27, 28, 12, 25, 4, 6, 15, 5, 24, 38, 48, 39, 40, 37, 36, 35, 34, 44, 46, 16, 29, 50, 20, 31, 18, 3, 17, 21, 42, 7, 2, 30, 23, 22]

Individual 36:
  Route length: 7731
  Contribution to Diversity: 0.0004157252823322466
  Route: [1, 49, 32, 45, 19, 41, 8, 9, 10, 43, 33, 51, 11, 52, 14, 13, 47, 26, 27, 28, 12, 25, 4, 6, 15, 5, 38, 37, 40, 24, 48, 36, 39, 35, 34, 44, 46, 16, 29, 50, 20, 23, 30, 2, 7, 42, 21, 17, 3, 18, 31, 22]

Individual 37:
  Route length: 7837
  Contribution to Diversity: 0.0005110543311683813
  Route: [1, 49, 32, 45, 19, 41, 8, 9, 10, 43, 33, 51, 11, 52, 14, 13, 47, 26, 27, 28, 12, 25, 4, 6, 15, 5, 24, 48, 38, 37, 46, 40, 39, 36, 35, 34, 44, 50, 29, 16, 20, 23, 30, 2, 7, 42, 21, 17, 3, 18, 31, 22]

Individual 38:
  Route length: 7895
  Contribution to Diversity: 0.0009316524076385946
  Route: [1, 44, 15, 6, 4, 25, 12, 28, 27, 26, 47, 13, 14, 52, 11, 51, 33, 43, 10, 9, 8, 41, 19, 45, 32, 49, 36, 35, 34, 39, 40, 37, 38, 48, 24, 5, 46, 16, 29, 50, 20, 23, 30, 2, 7, 42, 21, 17, 3, 18, 31, 22]

Individual 39:
  Route length: 7861
  Contribution to Diversity: 0
  Route: [1, 49, 32, 45, 19, 41, 8, 9, 10, 43, 33, 51, 11, 52, 14, 13, 47, 26, 27, 28, 12, 25, 4, 40, 37, 38, 48, 24, 5, 15, 6, 35, 36, 39, 34, 44, 46, 16, 29, 50, 20, 23, 30, 2, 7, 42, 21, 17, 3, 18, 31, 22]

Individual 40:
  Route length: 7756
  Contribution to Diversity: 0.00023995929390263626
  Route: [1, 49, 32, 45, 19, 41, 8, 9, 10, 43, 33, 51, 11, 52, 14, 13, 47, 26, 27, 28, 12, 4, 6, 5, 15, 25, 24, 48, 38, 37, 40, 39, 36, 35, 34, 44, 46, 16, 29, 50, 20, 23, 30, 2, 7, 42, 21, 17, 3, 18, 31, 22]

Individual 41:
  Route length: 7885
  Contribution to Diversity: 0.0003132237918883618
  Route: [1, 49, 32, 45, 19, 41, 8, 9, 10, 43, 33, 51, 11, 52, 14, 13, 47, 26, 27, 28, 12, 25, 4, 6, 5, 15, 36, 39, 40, 37, 38, 48, 24, 34, 35, 46, 44, 16, 29, 50, 20, 23, 30, 2, 7, 42, 21, 17, 3, 18, 31, 22]

Individual 42:
  Route length: 7854
  Contribution to Diversity: 0
  Route: [1, 49, 32, 45, 19, 41, 8, 9, 10, 43, 33, 51, 11, 52, 14, 13, 26, 47, 27, 28, 12, 25, 4, 6, 15, 5, 24, 34, 35, 36, 39, 40, 37, 38, 48, 44, 46, 16, 29, 50, 20, 23, 30, 2, 7, 42, 21, 17, 3, 18, 31, 22]

Individual 43:
  Route length: 7750
  Contribution to Diversity: 0
  Route: [1, 49, 32, 45, 19, 41, 8, 9, 10, 43, 33, 51, 11, 52, 14, 13, 47, 26, 27, 28, 12, 25, 6, 4, 5, 15, 24, 48, 38, 37, 40, 34, 35, 36, 39, 44, 46, 16, 29, 50, 20, 23, 30, 2, 7, 42, 21, 17, 3, 18, 31, 22]

Individual 44:
  Route length: 7797
  Contribution to Diversity: 0
  Route: [1, 49, 32, 45, 19, 41, 8, 9, 10, 43, 33, 51, 11, 52, 14, 13, 47, 26, 27, 28, 12, 25, 4, 6, 15, 5, 24, 48, 37, 38, 44, 40, 39, 36, 35, 34, 46, 16, 29, 50, 20, 23, 30, 2, 7, 42, 21, 17, 3, 18, 31, 22]

Individual 45:
  Route length: 7755
  Contribution to Diversity: 0.0005404204102079646
  Route: [1, 49, 32, 45, 19, 41, 8, 9, 10, 43, 33, 51, 11, 52, 14, 13, 47, 26, 27, 28, 12, 25, 6, 4, 5, 15, 24, 48, 37, 38, 40, 34, 35, 36, 39, 44, 46, 16, 29, 50, 20, 23, 30, 2, 7, 42, 21, 17, 3, 18, 31, 22]

Individual 46:
  Route length: 7799
  Contribution to Diversity: 0.0005233840249250221
  Route: [1, 49, 32, 45, 19, 41, 8, 10, 9, 43, 33, 51, 11, 52, 14, 13, 47, 26, 27, 28, 12, 25, 4, 6, 38, 48, 24, 5, 15, 39, 40, 37, 36, 35, 34, 44, 46, 16, 29, 50, 20, 23, 30, 2, 7, 42, 21, 17, 3, 18, 31, 22]

Individual 47:
  Route length: 7860
  Contribution to Diversity: 0
  Route: [1, 49, 32, 45, 19, 41, 8, 9, 10, 43, 33, 51, 11, 52, 14, 13, 47, 26, 27, 28, 12, 25, 4, 48, 24, 5, 15, 6, 35, 36, 39, 40, 37, 38, 34, 44, 46, 16, 29, 50, 20, 23, 30, 2, 7, 42, 21, 17, 3, 18, 31, 22]

Individual 48:
  Route length: 7837
  Contribution to Diversity: 0.0013105916379823057
  Route: [1, 35, 36, 38, 37, 40, 39, 24, 48, 5, 15, 6, 4, 25, 12, 28, 27, 26, 47, 13, 14, 52, 11, 51, 33, 43, 10, 9, 8, 41, 19, 45, 32, 49, 34, 44, 46, 16, 29, 50, 20, 23, 30, 2, 7, 42, 21, 17, 3, 18, 31, 22]

Individual 49:
  Route length: 7912
  Contribution to Diversity: 0.0007573362399027062
  Route: [1, 32, 49, 45, 19, 41, 8, 9, 10, 43, 33, 51, 11, 52, 14, 13, 47, 26, 27, 28, 12, 48, 24, 5, 15, 6, 4, 25, 37, 38, 40, 39, 36, 35, 34, 44, 46, 16, 29, 50, 20, 23, 30, 2, 7, 42, 21, 17, 3, 18, 31, 22]

Individual 50:
  Route length: 7828
  Contribution to Diversity: 0
  Route: [1, 32, 49, 45, 19, 41, 8, 9, 10, 43, 33, 51, 11, 52, 14, 13, 47, 26, 27, 28, 12, 25, 6, 4, 37, 38, 48, 24, 5, 15, 40, 39, 36, 35, 34, 44, 46, 16, 29, 50, 20, 23, 30, 2, 7, 42, 21, 17, 3, 18, 31, 22]

Individual 51:
  Route length: 7829
  Contribution to Diversity: 0.000685988858118769
  Route: [1, 49, 32, 45, 19, 41, 8, 9, 10, 43, 33, 51, 11, 52, 14, 13, 47, 26, 27, 28, 12, 25, 4, 48, 24, 5, 15, 6, 40, 39, 36, 34, 35, 38, 37, 44, 46, 16, 29, 50, 20, 23, 30, 2, 7, 42, 21, 17, 3, 18, 31, 22]

Individual 52:
  Route length: 7855
  Contribution to Diversity: 0.00014207986606695755
  Route: [1, 49, 32, 45, 19, 41, 8, 9, 10, 43, 33, 51, 11, 52, 14, 13, 47, 26, 27, 28, 12, 25, 6, 4, 15, 5, 37, 38, 48, 24, 35, 36, 39, 40, 34, 44, 46, 16, 29, 50, 20, 23, 30, 2, 7, 42, 21, 17, 3, 18, 31, 22]

Individual 53:
  Route length: 7830
  Contribution to Diversity: 0
  Route: [1, 32, 49, 45, 19, 41, 8, 9, 10, 43, 33, 51, 11, 52, 14, 13, 47, 26, 27, 28, 12, 25, 4, 6, 15, 5, 24, 48, 38, 37, 40, 39, 36, 35, 46, 44, 34, 16, 29, 50, 20, 23, 30, 2, 7, 42, 21, 17, 3, 18, 31, 22]

Individual 54:
  Route length: 7816
  Contribution to Diversity: 0.0003786435616772721
  Route: [49, 1, 31, 18, 3, 17, 21, 42, 7, 2, 30, 23, 20, 50, 29, 16, 46, 40, 39, 36, 35, 34, 44, 37, 38, 48, 24, 5, 15, 6, 4, 25, 12, 28, 27, 26, 47, 13, 14, 52, 11, 51, 33, 43, 10, 9, 8, 41, 19, 45, 32, 22]

Individual 55:
  Route length: 7888
  Contribution to Diversity: 0.0006633387496641774
  Route: [1, 49, 32, 34, 35, 36, 39, 40, 37, 38, 48, 24, 5, 15, 6, 4, 25, 12, 28, 27, 26, 47, 13, 14, 52, 11, 51, 33, 43, 9, 10, 8, 41, 19, 45, 44, 46, 16, 29, 50, 20, 23, 30, 2, 7, 42, 21, 17, 3, 18, 31, 22]

Individual 56:
  Route length: 7842
  Contribution to Diversity: 0
  Route: [1, 49, 32, 45, 19, 41, 8, 9, 10, 43, 33, 51, 11, 52, 14, 13, 47, 26, 27, 28, 12, 25, 4, 38, 48, 24, 5, 15, 6, 37, 44, 34, 35, 36, 39, 40, 46, 16, 29, 50, 20, 23, 30, 2, 7, 42, 21, 17, 3, 18, 31, 22]

Individual 57:
  Route length: 7542
  Contribution to Diversity: 0
  Route: [1, 49, 32, 45, 19, 41, 8, 9, 10, 43, 33, 51, 11, 52, 14, 13, 47, 26, 27, 28, 12, 25, 4, 6, 15, 5, 24, 48, 38, 37, 40, 39, 36, 35, 34, 44, 46, 16, 29, 50, 20, 23, 30, 2, 7, 42, 21, 17, 3, 18, 31, 22]

Individual 58:
  Route length: 7813
  Contribution to Diversity: 0
  Route: [1, 49, 32, 45, 19, 41, 8, 9, 10, 43, 33, 51, 11, 52, 14, 13, 47, 26, 27, 28, 12, 25, 4, 6, 15, 5, 40, 37, 36, 39, 38, 48, 24, 34, 35, 44, 46, 16, 29, 50, 20, 23, 30, 2, 7, 42, 21, 17, 3, 18, 31, 22]

Individual 59:
  Route length: 7885
  Contribution to Diversity: 0
  Route: [1, 49, 32, 45, 19, 41, 8, 9, 10, 43, 33, 51, 11, 52, 14, 13, 47, 26, 27, 28, 12, 25, 4, 6, 15, 5, 24, 48, 35, 36, 39, 38, 37, 40, 46, 44, 34, 16, 29, 50, 20, 23, 30, 2, 7, 42, 21, 17, 3, 18, 31, 22]

Individual 60:
  Route length: 7767
  Contribution to Diversity: 0
  Route: [1, 49, 32, 45, 19, 41, 8, 9, 10, 43, 33, 51, 11, 52, 14, 13, 47, 26, 27, 28, 12, 25, 4, 6, 15, 5, 39, 40, 37, 38, 48, 24, 34, 35, 36, 44, 46, 16, 29, 50, 20, 23, 30, 2, 7, 42, 21, 17, 3, 18, 31, 22]

Individual 61:
  Route length: 7839
  Contribution to Diversity: 0.001015982370634383
  Route: [32, 49, 1, 3, 17, 21, 42, 7, 2, 30, 23, 20, 50, 29, 16, 46, 44, 34, 36, 35, 39, 40, 37, 38, 48, 24, 5, 15, 6, 4, 25, 12, 28, 27, 26, 47, 13, 14, 52, 11, 51, 33, 43, 10, 9, 8, 41, 19, 45, 18, 31, 22]

Individual 62:
  Route length: 7657
  Contribution to Diversity: 0
  Route: [1, 32, 49, 45, 19, 41, 8, 9, 10, 43, 33, 51, 11, 52, 14, 13, 47, 26, 27, 28, 12, 25, 4, 6, 48, 24, 5, 15, 38, 37, 40, 39, 36, 35, 34, 44, 46, 16, 29, 50, 20, 23, 30, 2, 7, 42, 21, 17, 3, 18, 31, 22]

Individual 63:
  Route length: 7846
  Contribution to Diversity: 0.0009431435412201594
  Route: [1, 49, 32, 45, 19, 41, 8, 9, 10, 43, 33, 51, 11, 52, 14, 13, 47, 26, 27, 28, 12, 25, 4, 6, 15, 5, 38, 37, 40, 39, 36, 24, 48, 35, 34, 44, 46, 16, 29, 20, 50, 23, 30, 2, 7, 42, 21, 17, 3, 18, 31, 22]

Individual 64:
  Route length: 7883
  Contribution to Diversity: 0
  Route: [1, 49, 32, 45, 19, 41, 8, 9, 10, 43, 33, 51, 11, 52, 14, 13, 47, 26, 27, 28, 12, 25, 6, 4, 34, 35, 36, 39, 40, 15, 5, 24, 48, 38, 37, 44, 46, 16, 29, 50, 20, 23, 30, 2, 7, 42, 21, 17, 3, 18, 31, 22]

Individual 65:
  Route length: 7846
  Contribution to Diversity: 0.0008021458511304758
  Route: [1, 49, 32, 45, 19, 41, 8, 9, 10, 43, 33, 51, 11, 52, 14, 13, 47, 26, 27, 28, 12, 25, 6, 4, 15, 38, 37, 35, 36, 39, 40, 5, 24, 48, 34, 44, 46, 16, 29, 50, 20, 23, 30, 2, 7, 42, 21, 17, 3, 18, 31, 22]

Individual 66:
  Route length: 7792
  Contribution to Diversity: 0
  Route: [49, 1, 35, 36, 39, 40, 37, 38, 48, 24, 5, 15, 6, 4, 25, 12, 28, 27, 26, 47, 13, 14, 52, 11, 51, 33, 43, 10, 9, 8, 41, 19, 45, 32, 34, 44, 46, 16, 29, 50, 20, 23, 30, 2, 7, 42, 21, 17, 3, 18, 31, 22]

Individual 67:
  Route length: 7816
  Contribution to Diversity: 0.00021987636625731
  Route: [1, 49, 32, 45, 19, 41, 8, 9, 10, 43, 33, 51, 11, 52, 14, 13, 47, 26, 27, 28, 12, 25, 4, 6, 15, 5, 36, 39, 38, 48, 24, 40, 37, 35, 34, 44, 46, 16, 29, 50, 20, 23, 30, 2, 7, 42, 21, 17, 3, 18, 31, 22]

Individual 68:
  Route length: 7886
  Contribution to Diversity: 0.00034676832302160676
  Route: [1, 49, 32, 45, 19, 41, 8, 9, 10, 43, 33, 51, 11, 52, 14, 13, 47, 26, 27, 28, 12, 4, 25, 15, 6, 5, 24, 48, 35, 36, 39, 40, 37, 38, 34, 44, 46, 16, 29, 50, 20, 23, 30, 2, 7, 42, 21, 17, 3, 18, 31, 22]

Individual 69:
  Route length: 7868
  Contribution to Diversity: 0.0008516148161819004
  Route: [1, 49, 32, 45, 19, 41, 8, 9, 10, 43, 33, 51, 11, 52, 14, 13, 47, 26, 27, 28, 12, 25, 48, 24, 15, 5, 4, 6, 40, 37, 38, 34, 35, 36, 39, 44, 46, 16, 29, 50, 20, 23, 30, 2, 7, 42, 21, 17, 3, 18, 31, 22]

Individual 70:
  Route length: 7901
  Contribution to Diversity: 0
  Route: [1, 49, 32, 45, 19, 17, 21, 42, 7, 2, 30, 23, 20, 50, 29, 16, 46, 44, 34, 35, 36, 39, 40, 37, 38, 48, 24, 5, 15, 6, 4, 25, 12, 28, 27, 26, 47, 13, 14, 52, 11, 51, 33, 43, 10, 9, 8, 41, 3, 18, 31, 22]

Individual 71:
  Route length: 7883
  Contribution to Diversity: 0.00046206715332886006
  Route: [23, 20, 50, 29, 16, 46, 44, 34, 35, 36, 39, 40, 37, 38, 24, 48, 15, 5, 6, 4, 25, 12, 28, 27, 26, 47, 13, 14, 52, 11, 51, 33, 43, 10, 9, 8, 41, 19, 45, 32, 49, 1, 30, 2, 7, 42, 21, 17, 3, 18, 31, 22]

Individual 72:
  Route length: 7918
  Contribution to Diversity: 0.001274899746230851
  Route: [1, 32, 49, 45, 19, 41, 8, 9, 10, 43, 33, 51, 11, 52, 14, 13, 47, 26, 27, 28, 12, 25, 4, 6, 15, 5, 24, 48, 38, 37, 39, 40, 44, 46, 35, 36, 34, 16, 29, 50, 20, 23, 30, 2, 7, 42, 21, 17, 3, 18, 31, 22]

Individual 73:
  Route length: 7907
  Contribution to Diversity: 0.0012354522758055708
  Route: [1, 49, 32, 45, 19, 41, 8, 9, 10, 43, 33, 51, 11, 52, 14, 13, 47, 26, 27, 28, 12, 25, 4, 6, 15, 5, 40, 37, 36, 39, 38, 48, 24, 34, 35, 44, 46, 16, 29, 50, 20, 23, 30, 21, 42, 7, 2, 17, 3, 18, 31, 22]

Individual 74:
  Route length: 7912
  Contribution to Diversity: 0
  Route: [1, 49, 32, 45, 19, 41, 8, 9, 10, 43, 33, 51, 11, 52, 14, 13, 47, 26, 27, 28, 12, 25, 6, 4, 40, 39, 36, 35, 34, 24, 5, 15, 48, 38, 37, 44, 46, 16, 29, 50, 20, 23, 30, 2, 7, 42, 21, 17, 3, 18, 31, 22]

Individual 75:
  Route length: 7911
  Contribution to Diversity: 0.001723512166441843
  Route: [49, 1, 31, 18, 3, 17, 21, 42, 7, 2, 30, 23, 20, 50, 29, 16, 44, 34, 35, 36, 39, 40, 46, 5, 24, 48, 38, 37, 15, 6, 4, 25, 12, 28, 27, 26, 47, 13, 14, 52, 11, 51, 33, 43, 10, 9, 8, 41, 19, 45, 32, 22]

Individual 76:
  Route length: 7823
  Contribution to Diversity: 0
  Route: [1, 49, 32, 45, 19, 41, 8, 9, 10, 43, 33, 51, 11, 52, 14, 13, 47, 26, 27, 28, 12, 25, 4, 6, 15, 37, 38, 48, 24, 5, 36, 39, 40, 35, 34, 44, 46, 16, 29, 50, 20, 23, 30, 2, 7, 42, 21, 17, 3, 18, 31, 22]

Individual 77:
  Route length: 7893
  Contribution to Diversity: 0.0017211871463214123
  Route: [1, 49, 32, 45, 19, 41, 8, 9, 10, 43, 33, 51, 11, 52, 14, 13, 47, 26, 27, 28, 12, 25, 4, 6, 15, 5, 24, 37, 38, 48, 39, 40, 36, 35, 34, 46, 44, 29, 16, 50, 20, 23, 30, 2, 7, 42, 21, 17, 3, 18, 31, 22]

Individual 78:
  Route length: 7908
  Contribution to Diversity: 0.0015024275408421772
  Route: [1, 49, 32, 45, 19, 41, 8, 9, 10, 43, 33, 51, 11, 52, 14, 13, 47, 26, 27, 28, 12, 25, 4, 6, 37, 38, 48, 24, 5, 15, 39, 40, 36, 35, 34, 46, 44, 16, 29, 50, 20, 23, 30, 21, 42, 7, 2, 17, 3, 18, 31, 22]

Individual 79:
  Route length: 7918
  Contribution to Diversity: 0.000915507111582059
  Route: [1, 49, 32, 45, 19, 41, 8, 9, 10, 43, 33, 51, 11, 52, 14, 13, 47, 26, 27, 28, 12, 25, 4, 40, 37, 24, 48, 38, 15, 5, 6, 34, 35, 36, 39, 44, 46, 16, 29, 50, 20, 23, 30, 2, 7, 42, 21, 17, 3, 18, 31, 22]

Individual 80:
  Route length: 7848
  Contribution to Diversity: 0.001995942810026463
  Route: [1, 49, 32, 45, 19, 41, 8, 9, 10, 43, 33, 12, 28, 27, 26, 47, 14, 13, 52, 11, 51, 25, 4, 6, 5, 15, 38, 48, 24, 37, 40, 39, 36, 35, 34, 44, 46, 16, 29, 50, 20, 23, 30, 2, 7, 42, 21, 17, 3, 18, 31, 22]

Individual 81:
  Route length: 7889
  Contribution to Diversity: 0.0016696373000684162
  Route: [1, 49, 32, 45, 19, 41, 8, 9, 10, 43, 33, 51, 11, 52, 14, 13, 26, 47, 27, 28, 12, 25, 4, 15, 6, 38, 37, 40, 39, 36, 35, 34, 44, 24, 5, 48, 46, 16, 29, 50, 20, 23, 30, 2, 7, 42, 21, 17, 3, 18, 31, 22]

Individual 82:
  Route length: 7817
  Contribution to Diversity: 0
  Route: [1, 49, 32, 45, 19, 41, 8, 9, 10, 43, 33, 51, 11, 52, 14, 13, 47, 26, 27, 28, 12, 25, 4, 6, 15, 24, 5, 40, 39, 36, 37, 38, 48, 35, 34, 44, 46, 16, 29, 50, 20, 23, 30, 2, 7, 42, 21, 17, 3, 18, 31, 22]

Individual 83:
  Route length: 7898
  Contribution to Diversity: 0.000714181971798844
  Route: [1, 49, 31, 18, 3, 17, 21, 42, 7, 2, 30, 23, 20, 50, 29, 16, 46, 44, 34, 35, 36, 40, 39, 15, 5, 24, 48, 38, 37, 6, 4, 25, 12, 28, 27, 26, 47, 13, 14, 52, 11, 51, 33, 43, 10, 9, 8, 41, 19, 45, 32, 22]

Individual 84:
  Route length: 7793
  Contribution to Diversity: 0.0010150509894852888
  Route: [1, 32, 39, 40, 37, 38, 15, 5, 24, 48, 6, 4, 25, 12, 28, 27, 26, 47, 13, 14, 52, 11, 51, 33, 43, 10, 9, 8, 41, 19, 45, 49, 36, 35, 34, 44, 46, 16, 29, 50, 20, 23, 30, 2, 7, 42, 21, 17, 3, 18, 31, 22]

Individual 85:
  Route length: 7764
  Contribution to Diversity: 0
  Route: [1, 49, 32, 45, 19, 41, 8, 9, 10, 43, 33, 51, 11, 52, 14, 13, 47, 26, 27, 28, 12, 25, 4, 6, 15, 5, 39, 40, 37, 24, 48, 38, 34, 35, 36, 44, 46, 16, 29, 50, 20, 23, 30, 2, 7, 42, 21, 17, 3, 18, 31, 22]

Individual 86:
  Route length: 7885
  Contribution to Diversity: 0
  Route: [1, 49, 32, 45, 19, 41, 8, 9, 10, 43, 33, 51, 11, 52, 14, 13, 47, 26, 27, 28, 12, 25, 6, 4, 15, 24, 5, 34, 35, 36, 39, 40, 37, 38, 48, 44, 46, 16, 29, 50, 20, 23, 30, 2, 7, 42, 21, 17, 3, 18, 31, 22]

Individual 87:
  Route length: 7911
  Contribution to Diversity: 0.0010786762169647801
  Route: [1, 49, 32, 45, 19, 41, 8, 9, 10, 43, 33, 51, 11, 52, 14, 13, 26, 47, 27, 28, 12, 25, 4, 6, 15, 5, 37, 40, 39, 36, 35, 34, 24, 38, 48, 44, 46, 16, 29, 50, 20, 23, 30, 2, 7, 42, 21, 17, 3, 18, 31, 22]

Individual 88:
  Route length: 7802
  Contribution to Diversity: 1.8574225762790775e-05
  Route: [1, 49, 32, 45, 19, 41, 8, 9, 10, 43, 33, 51, 11, 52, 14, 13, 47, 26, 27, 28, 12, 25, 4, 6, 15, 5, 24, 48, 37, 38, 44, 35, 36, 39, 40, 34, 46, 16, 29, 50, 20, 23, 30, 2, 7, 42, 21, 17, 3, 18, 31, 22]

Individual 89:
  Route length: 7691
  Contribution to Diversity: 0
  Route: [1, 49, 32, 45, 19, 41, 8, 9, 10, 43, 33, 51, 11, 52, 14, 13, 47, 26, 27, 28, 12, 25, 4, 6, 38, 15, 48, 24, 5, 37, 40, 39, 36, 35, 34, 44, 46, 16, 29, 50, 20, 23, 30, 2, 7, 42, 21, 17, 3, 18, 31, 22]

Individual 90:
  Route length: 7876
  Contribution to Diversity: 0.0006460326224173585
  Route: [1, 49, 32, 45, 19, 41, 8, 9, 10, 43, 33, 51, 11, 52, 14, 13, 47, 26, 27, 28, 12, 25, 4, 6, 48, 24, 5, 15, 37, 38, 44, 35, 36, 39, 40, 34, 46, 16, 29, 50, 20, 23, 30, 2, 7, 42, 21, 17, 3, 18, 31, 22]

Individual 91:
  Route length: 7815
  Contribution to Diversity: 0.0012621017094254228
  Route: [1, 49, 32, 45, 19, 41, 8, 9, 10, 43, 33, 51, 11, 52, 14, 13, 47, 26, 27, 28, 12, 25, 4, 6, 15, 40, 38, 5, 48, 24, 37, 44, 39, 36, 35, 34, 46, 16, 29, 50, 20, 23, 30, 2, 7, 42, 21, 17, 3, 18, 31, 22]

Individual 92:
  Route length: 7890
  Contribution to Diversity: 0.001380880892014602
  Route: [1, 49, 32, 45, 19, 41, 8, 9, 10, 43, 33, 51, 11, 52, 14, 13, 27, 26, 47, 28, 12, 25, 15, 5, 24, 48, 37, 4, 6, 38, 40, 39, 36, 35, 34, 44, 46, 16, 29, 50, 20, 23, 30, 2, 7, 42, 21, 17, 3, 18, 31, 22]

Individual 93:
  Route length: 7881
  Contribution to Diversity: 0.0002996657843690187
  Route: [1, 49, 32, 45, 19, 41, 8, 9, 10, 43, 33, 51, 11, 52, 14, 13, 47, 26, 27, 28, 12, 25, 4, 6, 15, 5, 24, 48, 38, 37, 40, 39, 36, 35, 34, 44, 46, 16, 29, 50, 20, 23, 21, 42, 7, 2, 30, 31, 18, 3, 17, 22]

Individual 94:
  Route length: 7858
  Contribution to Diversity: 0.00011167002161638351
  Route: [1, 35, 36, 49, 32, 45, 19, 41, 8, 9, 10, 43, 33, 51, 11, 52, 14, 13, 47, 26, 27, 28, 12, 25, 4, 6, 15, 5, 24, 48, 38, 37, 40, 39, 46, 44, 34, 16, 29, 50, 20, 23, 30, 2, 7, 42, 21, 17, 3, 18, 31, 22]

Individual 95:
  Route length: 7919
  Contribution to Diversity: 0.00018717202913798303
  Route: [44, 34, 35, 36, 39, 40, 37, 38, 48, 24, 5, 15, 4, 6, 25, 12, 28, 27, 26, 47, 13, 14, 52, 11, 51, 33, 43, 10, 9, 8, 41, 19, 45, 32, 49, 1, 46, 16, 29, 50, 20, 23, 30, 2, 7, 42, 21, 17, 3, 18, 31, 22]

Individual 96:
  Route length: 7866
  Contribution to Diversity: 0.0013091296078293624
  Route: [1, 44, 39, 34, 35, 36, 49, 32, 45, 19, 41, 8, 9, 10, 43, 33, 51, 11, 52, 14, 13, 47, 26, 27, 28, 12, 25, 4, 6, 15, 24, 48, 38, 37, 40, 5, 46, 16, 29, 50, 20, 23, 30, 2, 7, 42, 21, 17, 3, 18, 31, 22]

Individual 97:
  Route length: 7875
  Contribution to Diversity: 0.0004115948140022141
  Route: [1, 38, 48, 24, 5, 15, 6, 4, 25, 12, 28, 27, 26, 47, 13, 14, 52, 11, 51, 33, 43, 10, 9, 8, 41, 19, 45, 32, 49, 34, 35, 36, 39, 37, 40, 44, 46, 16, 29, 50, 20, 23, 30, 2, 7, 42, 21, 17, 3, 18, 31, 22]

Individual 98:
  Route length: 7866
  Contribution to Diversity: 0.00234836146554418
  Route: [1, 32, 49, 45, 19, 41, 8, 9, 10, 43, 33, 51, 11, 52, 14, 13, 47, 26, 27, 28, 12, 25, 4, 6, 15, 5, 24, 48, 40, 39, 37, 38, 46, 44, 35, 36, 34, 16, 29, 50, 20, 23, 30, 2, 7, 42, 21, 17, 3, 18, 31, 22]

Individual 99:
  Route length: 7834
  Contribution to Diversity: 0.0007023285731548867
  Route: [1, 49, 32, 45, 19, 41, 8, 9, 10, 43, 33, 51, 11, 52, 14, 13, 47, 26, 27, 28, 12, 25, 4, 6, 15, 5, 40, 37, 36, 39, 35, 34, 24, 48, 38, 46, 44, 16, 29, 50, 20, 23, 30, 2, 7, 42, 21, 17, 3, 18, 31, 22]

Total Entropy H: 4.312362937163674
