Individual 0:
  Route length: 15056
  Contribution to Diversity: 0.05725662145122268
  Route: [32, 31, 20, 5, 6, 33, 43, 45, 19, 36, 49, 4, 7, 2, 21, 42, 35, 37, 46, 15, 9, 10, 40, 25, 12, 13, 14, 52, 27, 11, 51, 47, 28, 26, 24, 16, 30, 29, 50, 23, 1, 44, 38, 48, 41, 8, 17, 3, 18, 39, 34, 22]

Individual 1:
  Route length: 14953
  Contribution to Diversity: 0.056372169172203
  Route: [29, 30, 2, 7, 42, 20, 31, 18, 3, 41, 45, 44, 50, 24, 38, 8, 40, 34, 35, 15, 9, 33, 4, 37, 48, 43, 10, 17, 19, 16, 49, 39, 32, 46, 25, 21, 23, 36, 6, 51, 12, 11, 52, 13, 14, 27, 28, 26, 47, 5, 1, 22]

Individual 2:
  Route length: 15054
  Contribution to Diversity: 0.050017588279581915
  Route: [44, 16, 46, 29, 3, 17, 45, 32, 48, 24, 35, 42, 7, 2, 30, 49, 1, 39, 4, 20, 50, 37, 40, 38, 15, 5, 8, 33, 27, 28, 14, 11, 52, 13, 47, 26, 12, 51, 25, 34, 36, 6, 43, 41, 10, 21, 18, 19, 9, 23, 31, 22]

Individual 3:
  Route length: 15055
  Contribution to Diversity: 0.04793987312031156
  Route: [44, 16, 14, 52, 11, 51, 13, 27, 41, 32, 36, 18, 7, 42, 2, 30, 49, 34, 37, 39, 40, 5, 15, 48, 24, 46, 28, 26, 47, 19, 3, 9, 10, 33, 43, 35, 38, 6, 25, 4, 12, 29, 21, 31, 1, 8, 17, 45, 20, 50, 23, 22]

Individual 4:
  Route length: 15002
  Contribution to Diversity: 0.05537424691556314
  Route: [31, 45, 10, 9, 6, 4, 40, 43, 47, 14, 52, 11, 33, 8, 41, 48, 25, 32, 34, 36, 50, 20, 16, 37, 21, 7, 2, 42, 29, 30, 17, 19, 15, 5, 12, 51, 27, 28, 26, 13, 23, 18, 3, 1, 44, 24, 49, 35, 46, 39, 38, 22]

Individual 5:
  Route length: 15037
  Contribution to Diversity: 0.04893373133853007
  Route: [40, 3, 49, 1, 18, 20, 52, 14, 13, 27, 28, 51, 33, 11, 6, 46, 29, 30, 50, 36, 34, 43, 8, 17, 15, 48, 5, 39, 35, 24, 4, 25, 12, 26, 47, 37, 38, 44, 16, 23, 2, 7, 42, 21, 31, 45, 10, 32, 41, 9, 19, 22]

Individual 6:
  Route length: 14896
  Contribution to Diversity: 0.05685009118604434
  Route: [24, 37, 34, 40, 32, 45, 8, 41, 9, 10, 19, 36, 39, 5, 48, 38, 6, 4, 43, 12, 21, 31, 1, 49, 35, 15, 25, 51, 18, 2, 29, 16, 23, 3, 46, 44, 33, 11, 52, 13, 14, 27, 28, 47, 26, 20, 30, 7, 42, 17, 50, 22]

Individual 7:
  Route length: 14687
  Contribution to Diversity: 0.0472375246113641
  Route: [21, 17, 30, 16, 39, 45, 18, 32, 2, 7, 42, 3, 19, 36, 15, 48, 5, 40, 34, 49, 9, 10, 33, 4, 37, 20, 23, 31, 24, 38, 8, 41, 43, 6, 26, 13, 27, 28, 12, 11, 51, 52, 14, 25, 47, 29, 50, 44, 1, 35, 46, 22]

Individual 8:
  Route length: 14711
  Contribution to Diversity: 0.04600982258684727
  Route: [1, 37, 4, 25, 28, 47, 26, 52, 14, 13, 27, 12, 35, 5, 42, 7, 2, 20, 49, 44, 51, 11, 33, 43, 9, 15, 6, 8, 19, 17, 18, 16, 30, 29, 45, 38, 24, 32, 3, 41, 10, 40, 46, 48, 39, 36, 34, 50, 23, 21, 31, 22]

Individual 9:
  Route length: 14891
  Contribution to Diversity: 0.07894739305086329
  Route: [29, 42, 7, 2, 3, 45, 8, 19, 40, 28, 12, 26, 14, 52, 13, 47, 27, 11, 51, 15, 4, 37, 25, 24, 48, 44, 31, 41, 33, 38, 35, 23, 21, 30, 18, 17, 36, 39, 34, 16, 20, 1, 10, 9, 43, 50, 49, 32, 6, 5, 46, 22]

Total Entropy H: 5.613672137900665
