Individual 0:
  Route length: 22265
  Contribution to Diversity: 0.07890145487151834
  Route: [32, 4, 27, 7, 45, 31, 18, 21, 17, 2, 29, 37, 39, 49, 42, 23, 48, 24, 6, 8, 47, 13, 40, 36, 34, 38, 46, 15, 41, 3, 25, 20, 1, 9, 19, 10, 33, 44, 12, 51, 50, 5, 30, 52, 11, 28, 14, 26, 16, 43, 35, 22]

Individual 1:
  Route length: 22590
  Contribution to Diversity: 0.06173032113056376
  Route: [9, 43, 32, 3, 49, 17, 8, 30, 16, 52, 12, 28, 27, 44, 14, 50, 1, 6, 15, 51, 48, 33, 36, 26, 34, 35, 23, 20, 47, 13, 11, 38, 46, 2, 18, 41, 19, 45, 21, 4, 25, 29, 42, 7, 5, 39, 40, 10, 37, 24, 31, 22]

Individual 2:
  Route length: 22526
  Contribution to Diversity: 0.09023394392422635
  Route: [20, 24, 38, 48, 27, 26, 47, 5, 52, 13, 35, 45, 43, 31, 23, 50, 40, 37, 14, 39, 8, 16, 15, 46, 12, 25, 34, 3, 7, 42, 29, 4, 36, 44, 11, 28, 1, 49, 9, 6, 10, 33, 19, 41, 51, 18, 32, 2, 30, 17, 21, 22]

Individual 3:
  Route length: 21728
  Contribution to Diversity: 0.07185906840569789
  Route: [32, 29, 48, 40, 38, 43, 6, 36, 39, 9, 45, 23, 2, 49, 3, 27, 13, 11, 51, 21, 4, 25, 5, 8, 35, 12, 14, 52, 33, 37, 34, 47, 28, 44, 46, 1, 16, 15, 19, 10, 31, 18, 30, 26, 24, 41, 42, 17, 7, 20, 50, 22]

Individual 4:
  Route length: 21677
  Contribution to Diversity: 0.061730321130565535
  Route: [32, 2, 23, 38, 33, 12, 52, 13, 51, 34, 45, 49, 26, 4, 15, 6, 44, 16, 24, 37, 19, 35, 30, 1, 50, 20, 7, 42, 21, 25, 5, 43, 28, 27, 17, 36, 39, 48, 29, 47, 3, 31, 8, 46, 40, 18, 41, 9, 10, 14, 11, 22]

Individual 5:
  Route length: 22280
  Contribution to Diversity: 0.05725811477360576
  Route: [33, 29, 6, 5, 52, 20, 40, 38, 43, 10, 1, 36, 39, 9, 31, 32, 2, 7, 42, 21, 30, 3, 19, 50, 4, 35, 49, 37, 51, 34, 45, 15, 25, 48, 24, 26, 47, 27, 13, 44, 16, 46, 23, 17, 8, 41, 11, 18, 12, 14, 28, 22]

Individual 6:
  Route length: 22603
  Contribution to Diversity: 0.06877270759638598
  Route: [9, 10, 43, 36, 4, 6, 39, 32, 31, 13, 28, 26, 12, 17, 21, 40, 14, 27, 18, 24, 51, 16, 47, 52, 11, 35, 23, 19, 30, 50, 46, 45, 44, 38, 48, 33, 1, 20, 34, 29, 2, 37, 3, 42, 7, 25, 15, 41, 8, 5, 49, 22]

Individual 7:
  Route length: 22153
  Contribution to Diversity: 0.05949421795208476
  Route: [24, 34, 47, 12, 27, 28, 46, 16, 42, 7, 2, 36, 31, 1, 3, 49, 32, 19, 43, 35, 9, 10, 8, 48, 41, 21, 4, 17, 29, 33, 26, 20, 40, 14, 44, 52, 11, 13, 51, 25, 39, 30, 50, 5, 23, 15, 6, 45, 18, 37, 38, 22]

Individual 8:
  Route length: 21988
  Contribution to Diversity: 0.07357899088372655
  Route: [48, 20, 9, 7, 42, 19, 45, 36, 34, 38, 3, 16, 50, 14, 27, 21, 41, 10, 8, 33, 2, 40, 35, 11, 28, 26, 13, 51, 46, 24, 39, 15, 12, 47, 52, 37, 1, 44, 18, 32, 43, 25, 29, 5, 6, 4, 31, 49, 17, 30, 23, 22]

Individual 9:
  Route length: 22384
  Contribution to Diversity: 0.05245183148626431
  Route: [34, 51, 12, 44, 3, 16, 46, 6, 15, 4, 26, 47, 13, 5, 48, 41, 39, 35, 36, 10, 52, 14, 23, 19, 11, 33, 37, 18, 40, 30, 17, 8, 43, 38, 49, 24, 21, 27, 28, 29, 25, 50, 31, 1, 9, 42, 7, 2, 45, 32, 20, 22]

Total Entropy H: 5.855138884355673
