Individual 0:
  Route length: 22038
  Contribution to Diversity: 0.07214504161611757
  Route: [40, 15, 44, 31, 50, 6, 21, 49, 39, 37, 9, 18, 23, 16, 47, 3, 10, 45, 5, 32, 1, 30, 2, 41, 7, 17, 46, 36, 27, 11, 43, 35, 4, 12, 48, 42, 38, 24, 25, 20, 29, 51, 28, 52, 14, 13, 26, 33, 34, 19, 8, 22]

Individual 1:
  Route length: 22540
  Contribution to Diversity: 0.06174850038257507
  Route: [3, 4, 2, 29, 20, 17, 45, 43, 7, 23, 19, 21, 42, 9, 8, 18, 40, 15, 28, 52, 13, 25, 51, 37, 16, 27, 47, 11, 33, 12, 36, 34, 14, 26, 5, 41, 44, 48, 50, 1, 39, 32, 30, 46, 38, 49, 10, 35, 24, 6, 31, 22]

Individual 2:
  Route length: 22495
  Contribution to Diversity: 0.08583782721832911
  Route: [8, 50, 1, 18, 2, 31, 42, 16, 29, 46, 39, 35, 38, 51, 28, 27, 48, 44, 34, 7, 19, 33, 36, 49, 37, 40, 10, 21, 41, 9, 26, 5, 45, 12, 13, 14, 47, 6, 11, 52, 25, 15, 23, 32, 24, 4, 20, 17, 43, 3, 30, 22]

Individual 3:
  Route length: 22500
  Contribution to Diversity: 0.08471977562908872
  Route: [10, 33, 11, 14, 30, 38, 35, 19, 27, 52, 13, 47, 20, 42, 7, 29, 44, 12, 23, 2, 16, 40, 45, 34, 49, 43, 6, 37, 51, 4, 39, 50, 48, 46, 25, 17, 36, 26, 24, 21, 18, 31, 32, 9, 41, 15, 28, 3, 8, 5, 1, 22]

Individual 4:
  Route length: 22378
  Contribution to Diversity: 0.07879544075250866
  Route: [1, 50, 3, 33, 48, 16, 14, 28, 47, 42, 2, 29, 23, 52, 13, 26, 27, 39, 24, 46, 44, 20, 30, 41, 19, 6, 31, 9, 15, 49, 18, 51, 5, 45, 38, 40, 43, 7, 21, 4, 11, 25, 34, 32, 8, 10, 36, 35, 12, 37, 17, 22]

Individual 5:
  Route length: 22605
  Contribution to Diversity: 0.07879544075250777
  Route: [9, 2, 30, 51, 4, 32, 50, 44, 48, 38, 13, 14, 27, 11, 41, 10, 45, 8, 24, 25, 20, 31, 1, 3, 47, 52, 12, 26, 18, 19, 40, 28, 37, 35, 42, 49, 6, 7, 17, 21, 34, 46, 15, 36, 5, 16, 23, 29, 33, 43, 39, 22]

Individual 6:
  Route length: 22329
  Contribution to Diversity: 0.061022436122768475
  Route: [30, 2, 17, 19, 3, 15, 36, 13, 11, 14, 6, 48, 12, 26, 7, 29, 31, 4, 33, 1, 38, 46, 52, 51, 5, 45, 41, 8, 43, 10, 18, 39, 27, 47, 25, 24, 40, 9, 44, 20, 42, 50, 21, 35, 32, 37, 23, 49, 34, 16, 28, 22]

Individual 7:
  Route length: 22335
  Contribution to Diversity: 0.08583782721832911
  Route: [48, 31, 21, 2, 8, 41, 45, 37, 1, 4, 33, 39, 16, 30, 17, 3, 34, 40, 46, 49, 29, 38, 12, 10, 42, 7, 43, 24, 20, 50, 47, 32, 19, 9, 51, 23, 18, 15, 26, 44, 5, 6, 52, 14, 13, 28, 27, 36, 35, 25, 11, 22]

Individual 8:
  Route length: 22132
  Contribution to Diversity: 0.06951695110820744
  Route: [28, 13, 27, 39, 32, 40, 35, 38, 33, 14, 52, 8, 41, 31, 36, 48, 37, 34, 25, 51, 10, 1, 19, 18, 45, 21, 50, 9, 16, 26, 24, 43, 20, 47, 11, 29, 23, 42, 30, 17, 2, 7, 6, 15, 5, 4, 46, 44, 49, 12, 3, 22]

Individual 9:
  Route length: 21896
  Contribution to Diversity: 0.07359717013573785
  Route: [30, 45, 19, 12, 34, 15, 23, 33, 40, 39, 48, 50, 20, 14, 28, 13, 16, 11, 6, 24, 37, 21, 32, 7, 17, 10, 43, 4, 29, 31, 1, 2, 42, 18, 3, 46, 25, 51, 26, 52, 47, 38, 5, 41, 9, 8, 27, 49, 36, 44, 35, 22]

Total Entropy H: 5.946133996563849
