Individual 0:
  Route length: 15073
  Contribution to Diversity: 0.034287173038492824
  Route: [49, 29, 14, 11, 52, 13, 47, 26, 28, 27, 33, 50, 16, 44, 5, 37, 15, 46, 6, 43, 31, 36, 34, 1, 32, 41, 35, 39, 24, 48, 19, 9, 8, 18, 21, 30, 2, 7, 42, 23, 20, 3, 17, 45, 38, 40, 51, 12, 25, 4, 10, 22]

Individual 1:
  Route length: 14991
  Contribution to Diversity: 0.06701892398157216
  Route: [32, 5, 51, 11, 52, 14, 13, 27, 12, 25, 49, 23, 3, 41, 10, 44, 4, 36, 34, 39, 37, 40, 43, 33, 26, 47, 28, 24, 8, 9, 17, 19, 45, 48, 46, 2, 7, 42, 50, 20, 18, 29, 16, 30, 1, 15, 6, 38, 35, 21, 31, 22]

Individual 2:
  Route length: 15079
  Contribution to Diversity: 0.06902142784983223
  Route: [37, 44, 29, 50, 46, 28, 26, 47, 51, 11, 27, 52, 14, 13, 12, 25, 43, 8, 35, 1, 49, 3, 18, 4, 5, 39, 34, 48, 40, 10, 9, 32, 31, 16, 20, 30, 17, 23, 7, 2, 21, 42, 38, 36, 24, 6, 15, 45, 19, 41, 33, 22]

Individual 3:
  Route length: 15084
  Contribution to Diversity: 0.06015864128582482
  Route: [37, 1, 24, 13, 14, 16, 44, 46, 36, 32, 34, 43, 33, 4, 25, 50, 29, 47, 52, 11, 51, 6, 38, 35, 48, 15, 5, 40, 27, 26, 12, 28, 39, 18, 45, 49, 30, 2, 42, 7, 21, 17, 41, 31, 8, 9, 10, 19, 3, 23, 20, 22]

Individual 4:
  Route length: 14665
  Contribution to Diversity: 0.01908434851760976
  Route: [49, 15, 33, 50, 16, 44, 29, 31, 18, 8, 9, 43, 6, 46, 25, 14, 11, 52, 13, 47, 26, 28, 27, 12, 51, 41, 32, 35, 34, 37, 19, 1, 36, 39, 21, 30, 2, 7, 42, 23, 20, 3, 17, 45, 38, 40, 24, 48, 5, 4, 10, 22]

Individual 5:
  Route length: 14892
  Contribution to Diversity: 0.08104172247574137
  Route: [31, 23, 38, 4, 43, 15, 36, 32, 48, 16, 34, 49, 19, 45, 35, 5, 41, 17, 21, 7, 2, 42, 29, 30, 1, 20, 25, 24, 40, 39, 50, 3, 18, 9, 10, 8, 37, 44, 6, 51, 27, 47, 14, 52, 11, 12, 28, 26, 13, 33, 46, 22]

Individual 6:
  Route length: 15041
  Contribution to Diversity: 0.03812331385848022
  Route: [39, 34, 16, 23, 42, 7, 2, 50, 29, 47, 14, 52, 11, 51, 37, 26, 13, 4, 33, 10, 9, 43, 27, 28, 12, 20, 32, 31, 24, 6, 40, 19, 41, 8, 45, 3, 49, 46, 25, 5, 48, 15, 35, 1, 44, 36, 21, 17, 30, 18, 38, 22]

Individual 7:
  Route length: 14735
  Contribution to Diversity: 0.047009816173350316
  Route: [39, 50, 33, 51, 43, 26, 28, 27, 13, 11, 52, 14, 47, 29, 36, 40, 16, 20, 3, 18, 17, 6, 34, 30, 23, 2, 7, 42, 21, 31, 45, 10, 41, 9, 8, 1, 49, 24, 4, 25, 12, 46, 5, 19, 44, 37, 38, 48, 15, 35, 32, 22]

Individual 8:
  Route length: 14832
  Contribution to Diversity: 0.05438221553112932
  Route: [39, 36, 34, 35, 49, 20, 32, 45, 12, 27, 28, 47, 5, 15, 40, 48, 37, 46, 16, 44, 31, 23, 29, 26, 51, 14, 13, 52, 11, 33, 43, 3, 50, 2, 24, 25, 4, 6, 38, 18, 21, 17, 42, 7, 30, 19, 10, 9, 41, 8, 1, 22]

Individual 9:
  Route length: 15060
  Contribution to Diversity: 0.07176323283143837
  Route: [48, 44, 16, 1, 3, 31, 50, 29, 21, 42, 7, 2, 20, 23, 30, 39, 37, 6, 34, 46, 24, 35, 33, 25, 5, 27, 13, 52, 12, 4, 51, 11, 14, 26, 47, 28, 15, 40, 38, 18, 32, 17, 8, 45, 10, 19, 41, 43, 9, 36, 49, 22]

Total Entropy H: 5.612322313834989
