Individual 0:
  Route length: 8291
  Contribution to Diversity: 0.00010654853693203847
  Route: [1, 49, 32, 9, 8, 41, 19, 45, 43, 10, 33, 51, 11, 52, 14, 13, 47, 26, 27, 28, 12, 25, 4, 6, 15, 5, 24, 48, 38, 37, 40, 39, 36, 35, 34, 44, 46, 16, 29, 50, 20, 23, 30, 2, 7, 42, 21, 17, 3, 18, 31, 22]

Individual 1:
  Route length: 8077
  Contribution to Diversity: 0.001755653005099056
  Route: [1, 49, 35, 36, 39, 40, 37, 38, 46, 32, 45, 19, 41, 8, 9, 10, 43, 33, 51, 11, 52, 14, 13, 47, 26, 27, 28, 12, 25, 4, 6, 15, 5, 24, 48, 44, 34, 16, 29, 50, 20, 23, 30, 2, 7, 42, 21, 17, 3, 18, 31, 22]

Individual 2:
  Route length: 8286
  Contribution to Diversity: 0.0018105044008214222
  Route: [1, 49, 37, 38, 6, 15, 5, 24, 48, 33, 51, 11, 52, 14, 13, 47, 26, 27, 28, 12, 25, 4, 43, 10, 9, 8, 41, 19, 45, 32, 40, 39, 36, 35, 34, 44, 46, 16, 29, 50, 20, 23, 30, 2, 7, 42, 21, 17, 3, 18, 31, 22]

Individual 3:
  Route length: 8217
  Contribution to Diversity: 0.004088268187905975
  Route: [1, 49, 32, 45, 19, 41, 8, 9, 10, 43, 33, 51, 11, 52, 14, 13, 47, 26, 27, 28, 12, 25, 4, 6, 15, 5, 40, 39, 36, 35, 34, 37, 38, 48, 24, 50, 20, 23, 29, 16, 46, 44, 30, 2, 7, 42, 21, 17, 3, 18, 31, 22]

Individual 4:
  Route length: 8243
  Contribution to Diversity: 0.00023737534988566011
  Route: [1, 49, 32, 45, 19, 41, 8, 9, 10, 43, 33, 4, 25, 12, 28, 27, 26, 47, 13, 14, 52, 11, 51, 44, 34, 35, 36, 39, 40, 37, 38, 48, 24, 5, 15, 6, 46, 16, 29, 50, 20, 23, 30, 2, 7, 42, 21, 17, 3, 18, 31, 22]

Individual 5:
  Route length: 8212
  Contribution to Diversity: 0.00011781571155378145
  Route: [1, 49, 32, 45, 6, 4, 25, 12, 28, 27, 26, 47, 13, 14, 52, 11, 51, 33, 43, 10, 9, 8, 41, 19, 5, 15, 24, 48, 38, 37, 40, 39, 36, 35, 34, 44, 46, 16, 29, 50, 20, 23, 30, 2, 7, 42, 21, 17, 3, 18, 31, 22]

Individual 6:
  Route length: 8204
  Contribution to Diversity: 0.00046903864727898537
  Route: [1, 49, 32, 45, 19, 41, 8, 9, 10, 43, 33, 51, 26, 47, 13, 14, 52, 11, 12, 28, 27, 25, 4, 6, 15, 5, 24, 48, 38, 37, 40, 39, 36, 35, 34, 44, 46, 16, 29, 50, 20, 23, 30, 2, 7, 42, 21, 17, 3, 18, 31, 22]

Individual 7:
  Route length: 8292
  Contribution to Diversity: 0.005659904495072254
  Route: [1, 49, 37, 48, 24, 5, 15, 6, 38, 33, 51, 11, 52, 14, 13, 47, 26, 27, 28, 12, 25, 4, 43, 10, 9, 8, 41, 19, 45, 32, 40, 39, 36, 35, 34, 44, 46, 16, 29, 50, 20, 23, 30, 2, 7, 42, 21, 17, 3, 18, 31, 22]

Individual 8:
  Route length: 8225
  Contribution to Diversity: 0.0013153454525944852
  Route: [1, 49, 35, 36, 39, 40, 37, 38, 48, 24, 5, 15, 6, 4, 25, 12, 28, 27, 26, 47, 13, 14, 52, 11, 51, 33, 43, 10, 9, 8, 41, 19, 3, 17, 21, 42, 7, 2, 30, 23, 20, 50, 29, 16, 34, 44, 46, 32, 45, 31, 18, 22]

Individual 9:
  Route length: 8285
  Contribution to Diversity: 0.0038704496760040286
  Route: [1, 49, 32, 45, 19, 41, 8, 9, 10, 43, 33, 51, 11, 52, 14, 13, 47, 26, 27, 28, 12, 25, 4, 6, 40, 39, 36, 35, 34, 37, 38, 48, 24, 5, 15, 18, 3, 17, 21, 42, 7, 2, 30, 44, 46, 16, 29, 50, 20, 23, 31, 22]

Individual 10:
  Route length: 8290
  Contribution to Diversity: 0.007547713338529327
  Route: [1, 49, 35, 36, 39, 38, 37, 40, 48, 24, 5, 15, 6, 4, 25, 12, 28, 27, 26, 47, 13, 14, 52, 11, 51, 33, 43, 10, 9, 8, 41, 19, 3, 17, 21, 42, 7, 2, 30, 23, 20, 50, 29, 16, 34, 44, 46, 32, 45, 31, 18, 22]

Individual 11:
  Route length: 8129
  Contribution to Diversity: 0
  Route: [17, 45, 19, 41, 8, 9, 10, 43, 33, 51, 11, 52, 14, 13, 47, 26, 27, 28, 12, 25, 4, 6, 15, 5, 24, 48, 38, 37, 40, 39, 36, 35, 34, 44, 46, 16, 29, 50, 20, 23, 30, 2, 7, 42, 21, 31, 3, 18, 1, 49, 32, 22]

Individual 12:
  Route length: 8268
  Contribution to Diversity: 0.007133959222255903
  Route: [1, 49, 34, 35, 36, 39, 40, 37, 38, 48, 24, 5, 15, 6, 4, 25, 12, 28, 27, 26, 47, 13, 14, 52, 11, 51, 33, 43, 10, 9, 8, 41, 19, 45, 32, 29, 16, 46, 44, 50, 20, 23, 18, 3, 17, 21, 42, 7, 2, 30, 31, 22]

Individual 13:
  Route length: 7996
  Contribution to Diversity: 0
  Route: [17, 21, 42, 7, 2, 30, 23, 20, 50, 29, 16, 46, 44, 34, 35, 36, 39, 40, 37, 24, 48, 38, 5, 15, 6, 4, 25, 12, 28, 27, 26, 47, 13, 14, 52, 11, 51, 33, 43, 10, 9, 8, 41, 19, 45, 32, 49, 1, 18, 3, 31, 22]

Individual 14:
  Route length: 8258
  Contribution to Diversity: 0.0038685957398909565
  Route: [1, 49, 32, 31, 18, 3, 17, 21, 42, 7, 2, 30, 23, 20, 50, 29, 16, 46, 44, 34, 35, 36, 39, 40, 37, 38, 48, 24, 5, 15, 6, 4, 25, 12, 13, 47, 26, 27, 28, 14, 52, 11, 51, 33, 43, 10, 9, 8, 41, 19, 45, 22]

Individual 15:
  Route length: 8278
  Contribution to Diversity: 0.005139825472237902
  Route: [17, 45, 19, 41, 8, 9, 10, 43, 33, 51, 11, 52, 14, 13, 47, 26, 27, 28, 12, 25, 4, 6, 15, 40, 37, 38, 48, 24, 5, 39, 36, 35, 34, 44, 46, 16, 29, 50, 20, 23, 30, 2, 7, 42, 21, 31, 3, 18, 1, 49, 32, 22]

Individual 16:
  Route length: 8053
  Contribution to Diversity: 0.004267400194715165
  Route: [1, 23, 40, 39, 36, 35, 34, 37, 38, 48, 24, 5, 15, 6, 4, 25, 12, 28, 27, 26, 47, 13, 14, 52, 11, 51, 33, 43, 10, 9, 8, 41, 19, 45, 32, 49, 44, 46, 16, 29, 50, 20, 30, 2, 7, 42, 21, 17, 3, 18, 31, 22]

Individual 17:
  Route length: 8283
  Contribution to Diversity: 0.007458579897339668
  Route: [17, 45, 19, 41, 8, 9, 10, 43, 33, 51, 11, 52, 14, 13, 47, 26, 27, 28, 12, 25, 4, 6, 15, 5, 24, 48, 38, 37, 40, 39, 36, 34, 35, 1, 18, 3, 31, 21, 42, 7, 2, 30, 23, 20, 50, 29, 16, 46, 44, 49, 32, 22]

Individual 18:
  Route length: 8257
  Contribution to Diversity: 0.006999346620197855
  Route: [17, 21, 42, 7, 2, 30, 23, 20, 50, 29, 16, 46, 39, 36, 35, 34, 44, 24, 37, 40, 48, 38, 5, 15, 6, 4, 25, 12, 28, 27, 26, 47, 13, 14, 52, 11, 51, 33, 43, 10, 9, 8, 41, 19, 45, 32, 49, 1, 18, 3, 31, 22]

Individual 19:
  Route length: 8262
  Contribution to Diversity: 0.003812336459671606
  Route: [1, 49, 32, 45, 19, 41, 8, 9, 10, 43, 33, 51, 11, 52, 14, 13, 47, 26, 27, 28, 12, 25, 4, 6, 15, 5, 24, 48, 38, 37, 40, 39, 36, 23, 20, 50, 29, 16, 46, 44, 34, 35, 30, 2, 7, 42, 17, 21, 3, 18, 31, 22]

Total Entropy H: 4.285921677903223
