Individual 0:
  Route length: 8290
  Contribution to Diversity: 0.0007956675791689349
  Route: [49, 1, 50, 29, 16, 36, 35, 34, 44, 46, 48, 38, 37, 40, 39, 24, 5, 15, 6, 4, 25, 12, 28, 27, 26, 47, 13, 14, 52, 11, 51, 33, 43, 10, 9, 8, 41, 19, 45, 32, 20, 23, 30, 2, 7, 42, 21, 17, 3, 18, 31, 22]

Individual 1:
  Route length: 8250
  Contribution to Diversity: 0.0005102599473811864
  Route: [39, 40, 5, 24, 48, 38, 37, 4, 6, 15, 25, 12, 28, 27, 26, 47, 13, 14, 52, 11, 51, 33, 43, 10, 9, 8, 41, 19, 45, 32, 49, 1, 31, 18, 3, 17, 21, 42, 7, 2, 30, 23, 20, 50, 29, 16, 46, 34, 44, 36, 35, 22]

Individual 2:
  Route length: 8193
  Contribution to Diversity: 0.0005536471719942426
  Route: [1, 20, 50, 29, 16, 46, 39, 36, 35, 34, 44, 38, 37, 40, 48, 24, 5, 15, 6, 4, 25, 12, 28, 27, 26, 47, 13, 14, 52, 11, 51, 33, 43, 10, 9, 8, 41, 19, 45, 32, 49, 3, 17, 21, 42, 7, 2, 30, 23, 18, 31, 22]

Individual 3:
  Route length: 8284
  Contribution to Diversity: 0.0003731809638116701
  Route: [1, 49, 39, 24, 48, 38, 37, 40, 43, 33, 51, 11, 52, 14, 13, 47, 26, 27, 28, 12, 25, 4, 6, 15, 5, 10, 9, 8, 41, 19, 45, 32, 34, 35, 36, 44, 46, 16, 29, 50, 20, 23, 30, 2, 7, 42, 21, 17, 3, 18, 31, 22]

Individual 4:
  Route length: 8226
  Contribution to Diversity: 0.00021631381002951144
  Route: [39, 40, 37, 38, 48, 24, 5, 15, 6, 4, 25, 12, 28, 27, 26, 47, 13, 14, 52, 11, 51, 33, 43, 10, 9, 8, 41, 19, 45, 32, 49, 1, 31, 18, 3, 17, 21, 42, 7, 2, 30, 23, 20, 44, 46, 16, 29, 50, 36, 35, 34, 22]

Individual 5:
  Route length: 8231
  Contribution to Diversity: 0.0003470438611046234
  Route: [1, 38, 48, 24, 5, 15, 6, 4, 25, 12, 28, 27, 26, 47, 13, 14, 52, 11, 51, 33, 43, 10, 9, 8, 41, 19, 45, 32, 39, 36, 35, 49, 31, 18, 3, 17, 21, 42, 7, 2, 30, 23, 20, 50, 29, 16, 46, 44, 34, 40, 37, 22]

Individual 6:
  Route length: 8280
  Contribution to Diversity: 0.0005548213699562154
  Route: [1, 46, 44, 34, 40, 37, 38, 48, 24, 5, 15, 6, 4, 25, 12, 28, 27, 26, 47, 13, 14, 52, 11, 51, 33, 43, 10, 9, 8, 41, 19, 45, 32, 39, 36, 35, 49, 18, 3, 17, 21, 42, 7, 2, 30, 23, 20, 50, 29, 16, 31, 22]

Individual 7:
  Route length: 8289
  Contribution to Diversity: 0.0011081196335949173
  Route: [1, 49, 38, 37, 40, 39, 15, 6, 4, 25, 12, 28, 27, 26, 47, 13, 14, 52, 11, 51, 33, 43, 10, 9, 8, 41, 19, 45, 32, 36, 46, 5, 24, 48, 35, 34, 44, 29, 16, 50, 20, 23, 30, 2, 7, 42, 21, 17, 3, 18, 31, 22]

Individual 8:
  Route length: 8253
  Contribution to Diversity: 0.00013343390728959292
  Route: [1, 25, 12, 28, 27, 26, 47, 13, 14, 52, 11, 51, 33, 43, 10, 9, 8, 41, 19, 45, 32, 49, 37, 38, 48, 24, 5, 15, 4, 6, 44, 34, 35, 36, 39, 40, 46, 16, 29, 50, 20, 23, 30, 2, 7, 42, 21, 17, 3, 18, 31, 22]

Individual 9:
  Route length: 8282
  Contribution to Diversity: 0.0012723556445752848
  Route: [21, 42, 7, 2, 30, 23, 20, 50, 29, 16, 34, 44, 46, 49, 32, 45, 19, 41, 8, 9, 10, 43, 33, 51, 11, 52, 14, 13, 47, 26, 27, 28, 12, 25, 4, 6, 15, 5, 24, 48, 38, 37, 40, 39, 35, 36, 1, 3, 17, 18, 31, 22]

Individual 10:
  Route length: 8285
  Contribution to Diversity: 0.001062526008681175
  Route: [1, 49, 32, 45, 19, 41, 8, 9, 10, 43, 33, 51, 11, 52, 14, 13, 47, 26, 27, 28, 12, 6, 4, 25, 15, 48, 38, 37, 40, 5, 24, 46, 16, 29, 44, 34, 35, 36, 39, 50, 20, 23, 30, 2, 7, 42, 21, 17, 3, 18, 31, 22]

Individual 11:
  Route length: 8276
  Contribution to Diversity: 0.002020565734599522
  Route: [1, 49, 40, 48, 24, 5, 38, 32, 45, 19, 41, 8, 9, 10, 43, 33, 51, 11, 52, 14, 13, 47, 26, 27, 28, 12, 25, 46, 44, 34, 35, 36, 39, 15, 6, 4, 37, 16, 29, 50, 20, 23, 30, 2, 7, 42, 21, 17, 3, 18, 31, 22]

Individual 12:
  Route length: 8245
  Contribution to Diversity: 0.0005413017810180776
  Route: [35, 38, 48, 24, 34, 44, 5, 15, 6, 4, 25, 12, 28, 27, 26, 47, 13, 14, 52, 11, 51, 33, 43, 10, 9, 8, 41, 19, 45, 1, 49, 32, 36, 39, 40, 37, 46, 16, 29, 50, 20, 23, 30, 2, 7, 42, 21, 17, 3, 18, 31, 22]

Individual 13:
  Route length: 8152
  Contribution to Diversity: 0.0005904539016956534
  Route: [39, 40, 6, 4, 25, 12, 28, 27, 26, 47, 13, 14, 52, 11, 51, 33, 43, 10, 9, 8, 41, 19, 45, 32, 49, 1, 31, 18, 3, 17, 21, 42, 7, 2, 30, 23, 20, 50, 29, 16, 46, 44, 37, 24, 5, 15, 48, 38, 34, 35, 36, 22]

Individual 14:
  Route length: 8279
  Contribution to Diversity: 0.0003218919280998378
  Route: [21, 42, 7, 2, 30, 23, 20, 50, 29, 16, 34, 44, 46, 36, 35, 38, 37, 40, 39, 48, 24, 5, 15, 6, 4, 25, 12, 28, 27, 26, 47, 13, 14, 52, 11, 51, 33, 43, 10, 9, 8, 41, 19, 45, 32, 49, 1, 3, 17, 18, 31, 22]

Individual 15:
  Route length: 8212
  Contribution to Diversity: 0.00025040304209422715
  Route: [1, 49, 35, 36, 39, 32, 45, 19, 41, 8, 9, 10, 43, 33, 51, 11, 52, 14, 13, 47, 26, 27, 28, 12, 25, 4, 6, 15, 5, 24, 48, 38, 37, 34, 40, 44, 46, 16, 29, 50, 23, 20, 42, 7, 2, 30, 21, 17, 3, 18, 31, 22]

Individual 16:
  Route length: 8262
  Contribution to Diversity: 0.0002781346101343729
  Route: [1, 49, 24, 5, 15, 6, 4, 25, 12, 28, 27, 26, 47, 13, 14, 52, 11, 51, 33, 43, 10, 9, 8, 41, 19, 45, 32, 44, 34, 37, 40, 39, 36, 35, 38, 48, 46, 16, 29, 50, 20, 23, 31, 18, 3, 17, 21, 42, 7, 2, 30, 22]

Individual 17:
  Route length: 8238
  Contribution to Diversity: 0.0007755914963425425
  Route: [1, 49, 32, 45, 19, 41, 8, 9, 10, 43, 33, 51, 11, 52, 14, 13, 47, 26, 27, 28, 12, 25, 4, 6, 15, 5, 40, 38, 48, 24, 39, 37, 35, 34, 44, 46, 36, 16, 29, 20, 50, 31, 18, 3, 17, 21, 42, 7, 2, 30, 23, 22]

Individual 18:
  Route length: 8206
  Contribution to Diversity: 0.0002015313155938614
  Route: [1, 45, 32, 34, 49, 19, 41, 8, 9, 10, 43, 33, 51, 11, 52, 14, 13, 27, 26, 47, 28, 12, 25, 4, 6, 15, 5, 24, 48, 38, 37, 40, 39, 36, 35, 44, 46, 16, 29, 50, 20, 23, 30, 2, 7, 42, 21, 17, 3, 18, 31, 22]

Individual 19:
  Route length: 8213
  Contribution to Diversity: 0.0008404873500076349
  Route: [1, 49, 35, 36, 24, 5, 15, 6, 4, 25, 12, 28, 27, 26, 47, 13, 14, 52, 11, 51, 33, 43, 10, 9, 8, 41, 19, 45, 32, 34, 40, 37, 48, 38, 39, 44, 46, 16, 29, 50, 20, 23, 30, 2, 7, 42, 21, 17, 31, 18, 3, 22]

Individual 20:
  Route length: 8151
  Contribution to Diversity: 0
  Route: [1, 49, 32, 45, 19, 41, 8, 9, 10, 43, 33, 51, 11, 52, 14, 13, 47, 26, 27, 28, 12, 25, 4, 6, 15, 5, 24, 48, 38, 37, 40, 39, 36, 35, 34, 50, 20, 31, 18, 3, 17, 21, 42, 7, 2, 30, 23, 29, 16, 44, 46, 22]

Individual 21:
  Route length: 8213
  Contribution to Diversity: 0
  Route: [1, 49, 32, 45, 19, 41, 8, 9, 10, 43, 33, 51, 11, 52, 14, 13, 47, 26, 27, 28, 12, 25, 4, 6, 35, 34, 38, 37, 40, 39, 36, 15, 5, 44, 48, 24, 46, 16, 29, 50, 20, 23, 30, 2, 7, 42, 21, 17, 3, 18, 31, 22]

Individual 22:
  Route length: 8078
  Contribution to Diversity: 0.0002825478039394369
  Route: [1, 49, 32, 45, 19, 41, 8, 9, 10, 43, 33, 51, 11, 52, 14, 13, 47, 26, 27, 28, 12, 25, 4, 6, 15, 5, 36, 39, 48, 24, 44, 38, 40, 37, 34, 35, 46, 16, 29, 50, 20, 23, 30, 2, 7, 42, 21, 17, 3, 18, 31, 22]

Individual 23:
  Route length: 8137
  Contribution to Diversity: 0
  Route: [1, 49, 23, 30, 2, 7, 42, 21, 17, 3, 18, 31, 20, 50, 46, 16, 29, 44, 34, 35, 36, 39, 40, 37, 38, 48, 24, 5, 15, 6, 4, 25, 12, 28, 27, 26, 47, 13, 14, 52, 11, 51, 33, 43, 10, 9, 8, 41, 19, 45, 32, 22]

Individual 24:
  Route length: 8279
  Contribution to Diversity: 0.0009401482795787786
  Route: [1, 35, 36, 39, 40, 38, 4, 25, 12, 28, 27, 26, 47, 13, 14, 52, 11, 51, 33, 43, 10, 9, 8, 41, 19, 45, 37, 6, 15, 5, 24, 48, 34, 49, 32, 46, 44, 16, 29, 50, 20, 23, 30, 2, 7, 42, 21, 17, 3, 18, 31, 22]

Individual 25:
  Route length: 8176
  Contribution to Diversity: 0
  Route: [35, 36, 39, 40, 37, 34, 44, 1, 49, 32, 45, 19, 41, 8, 9, 10, 43, 33, 51, 11, 52, 14, 13, 47, 26, 27, 28, 12, 25, 4, 38, 48, 24, 5, 15, 6, 46, 16, 29, 50, 20, 31, 18, 3, 17, 21, 42, 7, 2, 30, 23, 22]

Individual 26:
  Route length: 8264
  Contribution to Diversity: 0
  Route: [1, 49, 38, 48, 24, 5, 15, 6, 4, 25, 12, 28, 27, 26, 47, 13, 14, 52, 11, 51, 33, 43, 10, 9, 8, 41, 19, 45, 32, 35, 36, 39, 40, 37, 34, 20, 50, 29, 16, 46, 44, 31, 18, 3, 17, 21, 42, 7, 2, 30, 23, 22]

Individual 27:
  Route length: 8236
  Contribution to Diversity: 0.001387105843596359
  Route: [1, 44, 32, 45, 19, 41, 8, 9, 10, 43, 33, 51, 11, 52, 14, 13, 47, 26, 27, 28, 12, 25, 4, 6, 15, 5, 24, 49, 36, 35, 34, 39, 40, 37, 38, 48, 46, 16, 29, 50, 20, 23, 31, 18, 3, 17, 21, 42, 7, 2, 30, 22]

Individual 28:
  Route length: 8189
  Contribution to Diversity: 0
  Route: [1, 49, 32, 35, 36, 46, 44, 48, 24, 5, 15, 6, 4, 25, 12, 28, 27, 26, 47, 13, 14, 52, 11, 51, 33, 43, 10, 9, 8, 41, 19, 45, 37, 40, 39, 38, 34, 16, 29, 50, 20, 23, 30, 2, 7, 42, 21, 17, 3, 18, 31, 22]

Individual 29:
  Route length: 8290
  Contribution to Diversity: 0.0009614863823186326
  Route: [1, 49, 32, 45, 19, 41, 8, 9, 10, 43, 33, 51, 11, 52, 14, 13, 47, 26, 27, 28, 12, 25, 4, 38, 40, 39, 44, 46, 16, 35, 36, 37, 6, 15, 5, 24, 48, 34, 29, 50, 20, 23, 30, 2, 7, 42, 21, 17, 3, 18, 31, 22]

Individual 30:
  Route length: 8242
  Contribution to Diversity: 0.0007525814741207171
  Route: [1, 49, 34, 32, 45, 31, 18, 3, 17, 21, 42, 7, 2, 30, 23, 20, 50, 29, 16, 46, 44, 35, 36, 39, 40, 37, 38, 48, 24, 5, 15, 6, 4, 25, 12, 28, 47, 26, 27, 13, 14, 52, 11, 51, 33, 43, 10, 9, 8, 41, 19, 22]

Individual 31:
  Route length: 8232
  Contribution to Diversity: 0.00043091448104437546
  Route: [1, 35, 36, 46, 44, 37, 6, 15, 5, 24, 48, 34, 49, 32, 45, 19, 41, 8, 9, 10, 43, 33, 51, 11, 52, 14, 13, 47, 26, 27, 28, 12, 25, 4, 38, 40, 39, 16, 29, 50, 20, 23, 30, 2, 7, 42, 21, 17, 3, 18, 31, 22]

Individual 32:
  Route length: 8191
  Contribution to Diversity: 0.0003610466816450497
  Route: [1, 49, 35, 36, 39, 38, 48, 24, 5, 15, 6, 4, 25, 51, 11, 52, 14, 13, 47, 26, 27, 28, 12, 43, 33, 10, 9, 8, 41, 19, 45, 32, 37, 40, 34, 44, 46, 16, 29, 50, 20, 23, 30, 2, 7, 42, 21, 17, 3, 18, 31, 22]

Individual 33:
  Route length: 8174
  Contribution to Diversity: 0.0001236934694510694
  Route: [1, 49, 35, 36, 24, 5, 15, 6, 4, 39, 32, 45, 19, 41, 8, 9, 10, 43, 33, 51, 11, 52, 14, 13, 47, 26, 27, 28, 12, 25, 38, 48, 37, 40, 34, 44, 46, 16, 29, 50, 20, 23, 30, 2, 7, 42, 21, 17, 3, 18, 31, 22]

Individual 34:
  Route length: 8288
  Contribution to Diversity: 0
  Route: [1, 49, 32, 44, 48, 24, 5, 15, 6, 4, 25, 12, 28, 27, 26, 47, 13, 14, 52, 11, 51, 33, 43, 10, 9, 8, 41, 19, 45, 46, 36, 35, 39, 40, 37, 38, 34, 16, 29, 50, 20, 23, 30, 2, 7, 42, 21, 17, 3, 18, 31, 22]

Individual 35:
  Route length: 8228
  Contribution to Diversity: 0.0009888528187280698
  Route: [1, 49, 35, 34, 40, 37, 32, 45, 19, 41, 8, 9, 10, 33, 43, 12, 28, 27, 26, 47, 13, 14, 52, 11, 51, 25, 4, 6, 15, 5, 24, 48, 38, 39, 36, 44, 46, 16, 29, 50, 20, 23, 30, 2, 7, 42, 21, 17, 3, 18, 31, 22]

Individual 36:
  Route length: 8130
  Contribution to Diversity: 0
  Route: [1, 49, 32, 45, 19, 41, 8, 9, 10, 43, 33, 51, 11, 52, 14, 13, 47, 26, 27, 28, 12, 25, 4, 6, 36, 39, 40, 37, 38, 48, 5, 15, 35, 34, 44, 46, 24, 16, 29, 50, 20, 23, 30, 2, 7, 42, 21, 17, 3, 18, 31, 22]

Individual 37:
  Route length: 8244
  Contribution to Diversity: 0.0009273658329496115
  Route: [39, 40, 38, 48, 24, 5, 37, 4, 6, 15, 25, 12, 28, 27, 26, 47, 13, 14, 52, 11, 51, 33, 43, 10, 9, 8, 41, 19, 45, 32, 49, 1, 31, 18, 3, 17, 21, 42, 7, 2, 30, 23, 20, 50, 29, 16, 46, 34, 44, 36, 35, 22]

Individual 38:
  Route length: 8183
  Contribution to Diversity: 0
  Route: [1, 49, 32, 45, 19, 41, 8, 9, 10, 43, 33, 51, 11, 52, 14, 13, 47, 26, 27, 28, 12, 25, 4, 6, 15, 5, 24, 48, 38, 37, 40, 39, 36, 46, 16, 29, 44, 34, 35, 50, 20, 31, 18, 3, 17, 21, 42, 7, 2, 30, 23, 22]

Individual 39:
  Route length: 8278
  Contribution to Diversity: 0.0016734432093219453
  Route: [1, 49, 32, 45, 19, 41, 8, 9, 10, 43, 33, 51, 11, 52, 14, 13, 47, 26, 27, 28, 12, 25, 4, 6, 15, 5, 38, 48, 24, 39, 40, 37, 36, 35, 34, 44, 16, 29, 23, 30, 7, 2, 42, 21, 17, 3, 18, 31, 20, 50, 46, 22]

Individual 40:
  Route length: 8253
  Contribution to Diversity: 0
  Route: [1, 49, 32, 45, 19, 41, 8, 9, 10, 43, 33, 51, 11, 52, 14, 13, 47, 26, 27, 28, 12, 25, 4, 6, 15, 35, 36, 46, 44, 48, 24, 5, 34, 38, 37, 40, 39, 16, 29, 50, 20, 23, 30, 2, 7, 42, 21, 17, 3, 18, 31, 22]

Individual 41:
  Route length: 8224
  Contribution to Diversity: 0.002665857045028197
  Route: [39, 40, 6, 4, 25, 12, 28, 27, 26, 47, 13, 14, 52, 11, 51, 33, 43, 10, 9, 8, 41, 19, 45, 49, 32, 1, 31, 18, 3, 17, 21, 42, 7, 2, 30, 23, 20, 50, 29, 16, 46, 44, 37, 24, 5, 15, 48, 38, 34, 35, 36, 22]

Individual 42:
  Route length: 7949
  Contribution to Diversity: 0
  Route: [1, 49, 35, 36, 24, 38, 39, 32, 45, 19, 41, 8, 9, 10, 43, 33, 51, 11, 52, 14, 13, 47, 26, 27, 28, 12, 25, 4, 6, 15, 5, 48, 37, 40, 34, 44, 46, 16, 29, 50, 20, 23, 30, 2, 7, 42, 21, 17, 3, 18, 31, 22]

Individual 43:
  Route length: 8276
  Contribution to Diversity: 0.0008608992747998201
  Route: [1, 49, 32, 35, 36, 46, 44, 24, 48, 6, 15, 5, 4, 25, 12, 28, 27, 26, 47, 13, 14, 52, 11, 51, 33, 43, 10, 9, 8, 41, 19, 45, 37, 40, 39, 38, 34, 16, 29, 50, 20, 23, 30, 2, 7, 42, 21, 17, 3, 18, 31, 22]

Individual 44:
  Route length: 8229
  Contribution to Diversity: 0.0009341080205418351
  Route: [1, 49, 38, 32, 45, 19, 41, 8, 9, 10, 43, 33, 51, 11, 52, 14, 13, 47, 26, 27, 28, 12, 25, 15, 5, 24, 48, 6, 4, 37, 40, 39, 36, 35, 34, 44, 46, 16, 29, 23, 20, 50, 30, 2, 7, 42, 21, 17, 3, 18, 31, 22]

Individual 45:
  Route length: 8062
  Contribution to Diversity: 0.0012288677577307894
  Route: [1, 49, 39, 38, 24, 36, 35, 37, 48, 5, 15, 6, 4, 25, 12, 28, 27, 26, 47, 13, 14, 52, 11, 51, 33, 43, 10, 9, 8, 41, 19, 45, 32, 40, 34, 44, 46, 16, 29, 50, 20, 23, 30, 2, 7, 42, 21, 17, 3, 18, 31, 22]

Individual 46:
  Route length: 8241
  Contribution to Diversity: 0
  Route: [1, 49, 32, 45, 19, 41, 8, 9, 10, 43, 33, 51, 11, 52, 14, 13, 47, 26, 27, 28, 12, 25, 4, 6, 15, 5, 38, 48, 24, 39, 40, 37, 36, 35, 34, 44, 16, 29, 50, 20, 31, 18, 3, 17, 21, 42, 7, 2, 30, 23, 46, 22]

Individual 47:
  Route length: 8208
  Contribution to Diversity: 5.2357748411502314e-05
  Route: [35, 36, 39, 40, 37, 34, 6, 15, 5, 24, 48, 38, 4, 25, 12, 28, 27, 26, 47, 13, 14, 52, 11, 51, 33, 43, 10, 9, 8, 41, 19, 45, 32, 49, 1, 23, 44, 46, 16, 29, 50, 20, 30, 2, 7, 42, 21, 17, 3, 18, 31, 22]

Individual 48:
  Route length: 7949
  Contribution to Diversity: 0
  Route: [1, 49, 32, 3, 18, 31, 21, 17, 42, 7, 2, 30, 23, 20, 50, 29, 16, 46, 44, 34, 35, 36, 37, 40, 39, 24, 48, 38, 5, 15, 6, 4, 25, 12, 28, 27, 26, 47, 13, 14, 52, 11, 51, 33, 43, 10, 9, 8, 41, 19, 45, 22]

Individual 49:
  Route length: 8195
  Contribution to Diversity: 0
  Route: [1, 49, 32, 45, 19, 41, 8, 9, 10, 43, 33, 51, 11, 52, 14, 13, 47, 26, 27, 28, 12, 25, 4, 6, 15, 5, 24, 48, 38, 40, 37, 35, 36, 39, 34, 44, 16, 29, 23, 30, 2, 7, 42, 21, 17, 3, 18, 31, 20, 50, 46, 22]

Individual 50:
  Route length: 8114
  Contribution to Diversity: 0.0014330966396887135
  Route: [1, 49, 32, 45, 19, 41, 8, 9, 10, 43, 33, 51, 11, 52, 14, 13, 47, 26, 27, 28, 12, 25, 4, 6, 5, 15, 48, 24, 39, 37, 40, 38, 46, 44, 34, 35, 36, 16, 29, 20, 50, 31, 18, 3, 17, 21, 42, 7, 2, 30, 23, 22]

Individual 51:
  Route length: 8214
  Contribution to Diversity: 0
  Route: [1, 49, 32, 45, 19, 41, 8, 9, 10, 43, 33, 51, 11, 52, 14, 13, 47, 26, 27, 28, 12, 25, 4, 6, 15, 5, 24, 50, 29, 16, 46, 44, 34, 35, 36, 39, 40, 37, 38, 48, 20, 23, 30, 2, 7, 42, 21, 17, 3, 18, 31, 22]

Individual 52:
  Route length: 8222
  Contribution to Diversity: 7.915447411832588e-05
  Route: [1, 49, 32, 45, 19, 41, 8, 9, 10, 43, 33, 51, 11, 52, 14, 13, 47, 26, 27, 28, 12, 25, 15, 5, 24, 48, 38, 37, 40, 39, 6, 4, 35, 36, 34, 44, 46, 16, 29, 20, 50, 31, 18, 3, 17, 21, 42, 7, 2, 30, 23, 22]

Individual 53:
  Route length: 8209
  Contribution to Diversity: 0.00024118302834086336
  Route: [1, 39, 40, 37, 36, 35, 34, 44, 46, 16, 29, 50, 20, 23, 30, 2, 7, 42, 17, 21, 31, 18, 3, 32, 49, 5, 38, 48, 24, 15, 6, 4, 25, 12, 28, 27, 26, 47, 13, 14, 52, 11, 51, 33, 43, 10, 9, 8, 41, 19, 45, 22]

Individual 54:
  Route length: 8123
  Contribution to Diversity: 9.95568119321888e-06
  Route: [1, 49, 32, 45, 19, 41, 8, 9, 10, 43, 33, 51, 11, 52, 14, 13, 47, 26, 27, 28, 12, 25, 4, 6, 38, 48, 24, 5, 15, 39, 40, 37, 36, 35, 34, 44, 46, 16, 29, 50, 20, 30, 23, 2, 7, 42, 17, 21, 31, 18, 3, 22]

Individual 55:
  Route length: 8290
  Contribution to Diversity: 0.0005235872664783869
  Route: [1, 49, 32, 45, 19, 41, 8, 9, 10, 43, 33, 51, 11, 52, 14, 13, 47, 26, 27, 28, 12, 25, 4, 6, 24, 48, 38, 5, 15, 39, 40, 37, 36, 35, 34, 44, 16, 29, 23, 30, 2, 7, 42, 21, 17, 3, 18, 31, 20, 50, 46, 22]

Individual 56:
  Route length: 8235
  Contribution to Diversity: 0.0002700999586249253
  Route: [1, 49, 32, 45, 19, 41, 8, 9, 10, 43, 33, 51, 11, 52, 14, 13, 47, 26, 27, 28, 12, 25, 4, 6, 15, 5, 38, 48, 40, 37, 39, 36, 46, 44, 34, 35, 24, 16, 29, 50, 20, 23, 42, 7, 2, 30, 21, 17, 3, 18, 31, 22]

Individual 57:
  Route length: 7963
  Contribution to Diversity: 0
  Route: [1, 49, 32, 45, 19, 41, 8, 9, 10, 43, 33, 51, 11, 52, 14, 13, 47, 26, 27, 28, 12, 25, 4, 6, 15, 5, 24, 48, 38, 37, 40, 44, 34, 35, 36, 39, 46, 16, 29, 50, 20, 23, 21, 42, 7, 2, 30, 17, 3, 18, 31, 22]

Individual 58:
  Route length: 7889
  Contribution to Diversity: 0
  Route: [1, 35, 36, 39, 40, 38, 4, 25, 12, 28, 27, 26, 47, 13, 14, 52, 11, 51, 33, 43, 10, 9, 8, 41, 19, 45, 32, 49, 34, 37, 6, 15, 5, 24, 48, 46, 44, 16, 29, 50, 20, 23, 30, 2, 7, 42, 21, 17, 3, 18, 31, 22]

Individual 59:
  Route length: 8277
  Contribution to Diversity: 5.2554412997452005e-05
  Route: [1, 49, 32, 3, 18, 31, 21, 17, 42, 7, 2, 30, 23, 20, 50, 29, 16, 46, 44, 34, 35, 36, 39, 40, 37, 38, 48, 24, 5, 15, 6, 4, 25, 12, 28, 27, 26, 47, 13, 14, 52, 11, 51, 33, 43, 8, 9, 10, 45, 19, 41, 22]

Individual 60:
  Route length: 8291
  Contribution to Diversity: 0.0024807236651511744
  Route: [1, 49, 35, 36, 39, 32, 45, 19, 41, 8, 9, 10, 43, 33, 51, 11, 52, 14, 13, 47, 26, 27, 28, 12, 25, 4, 6, 24, 5, 15, 38, 48, 37, 34, 40, 44, 46, 16, 29, 50, 23, 20, 42, 7, 2, 30, 21, 17, 3, 18, 31, 22]

Individual 61:
  Route length: 8143
  Contribution to Diversity: 0.0011302499786234321
  Route: [1, 35, 36, 39, 34, 49, 32, 45, 19, 41, 8, 9, 10, 43, 33, 51, 11, 52, 14, 13, 47, 26, 27, 28, 12, 25, 4, 38, 40, 46, 44, 37, 6, 15, 5, 24, 48, 16, 29, 50, 20, 23, 30, 2, 7, 42, 21, 17, 3, 18, 31, 22]

Individual 62:
  Route length: 8221
  Contribution to Diversity: 0.0012337654940024478
  Route: [1, 49, 34, 35, 36, 45, 32, 3, 17, 21, 42, 7, 2, 30, 23, 20, 50, 29, 16, 46, 44, 39, 40, 37, 38, 48, 24, 5, 15, 4, 6, 25, 12, 28, 27, 26, 47, 13, 14, 52, 11, 51, 33, 43, 10, 9, 8, 41, 19, 18, 31, 22]

Individual 63:
  Route length: 8118
  Contribution to Diversity: 0.00049179310525993
  Route: [1, 49, 32, 45, 19, 41, 8, 9, 10, 43, 33, 51, 11, 52, 14, 13, 47, 27, 26, 28, 12, 25, 4, 6, 15, 5, 24, 48, 38, 37, 40, 44, 34, 35, 36, 39, 46, 16, 29, 50, 20, 23, 21, 42, 7, 2, 30, 17, 3, 18, 31, 22]

Individual 64:
  Route length: 8187
  Contribution to Diversity: 0
  Route: [39, 40, 37, 38, 48, 24, 5, 15, 6, 4, 25, 12, 28, 27, 26, 47, 13, 14, 52, 11, 51, 33, 43, 10, 9, 8, 41, 19, 45, 32, 49, 1, 36, 35, 34, 44, 46, 16, 29, 50, 20, 30, 23, 2, 7, 42, 17, 21, 31, 18, 3, 22]

Individual 65:
  Route length: 7961
  Contribution to Diversity: 0
  Route: [1, 49, 32, 3, 18, 31, 21, 17, 42, 7, 2, 30, 23, 20, 50, 29, 16, 46, 35, 44, 34, 36, 39, 40, 37, 38, 48, 24, 5, 15, 6, 4, 25, 12, 28, 27, 26, 47, 13, 14, 52, 11, 51, 33, 43, 10, 9, 8, 41, 19, 45, 22]

Individual 66:
  Route length: 8252
  Contribution to Diversity: 0
  Route: [1, 49, 32, 3, 18, 44, 46, 16, 29, 50, 20, 23, 30, 2, 7, 42, 17, 21, 31, 34, 35, 36, 39, 40, 37, 38, 48, 24, 5, 15, 6, 4, 25, 12, 28, 27, 26, 47, 13, 14, 52, 11, 51, 33, 43, 10, 9, 8, 41, 19, 45, 22]

Individual 67:
  Route length: 8145
  Contribution to Diversity: 0
  Route: [1, 49, 32, 3, 18, 31, 21, 17, 42, 7, 2, 30, 23, 20, 50, 29, 16, 46, 44, 34, 35, 36, 40, 39, 4, 6, 15, 5, 24, 48, 38, 37, 25, 12, 28, 27, 26, 47, 13, 14, 52, 11, 51, 33, 43, 10, 9, 8, 41, 19, 45, 22]

Individual 68:
  Route length: 8279
  Contribution to Diversity: 0.0010233987706769199
  Route: [1, 49, 32, 45, 19, 41, 8, 9, 10, 43, 33, 51, 11, 52, 14, 13, 47, 26, 27, 28, 12, 25, 4, 6, 15, 37, 38, 48, 24, 5, 46, 44, 34, 35, 36, 39, 40, 16, 29, 50, 20, 30, 23, 2, 7, 42, 17, 21, 31, 18, 3, 22]

Individual 69:
  Route length: 8018
  Contribution to Diversity: 0
  Route: [1, 49, 32, 45, 19, 41, 8, 9, 10, 43, 33, 51, 11, 52, 14, 13, 47, 26, 27, 28, 12, 25, 4, 6, 15, 5, 48, 38, 37, 40, 39, 36, 24, 35, 34, 44, 46, 16, 29, 50, 20, 23, 42, 7, 2, 30, 21, 17, 3, 18, 31, 22]

Individual 70:
  Route length: 8267
  Contribution to Diversity: 0
  Route: [1, 49, 32, 35, 40, 37, 45, 19, 41, 8, 9, 10, 43, 33, 51, 11, 52, 14, 13, 47, 26, 27, 28, 12, 25, 4, 6, 15, 5, 24, 48, 44, 46, 36, 39, 38, 34, 16, 29, 50, 20, 23, 30, 2, 7, 42, 21, 17, 3, 18, 31, 22]

Individual 71:
  Route length: 8246
  Contribution to Diversity: 0.00043628663616424035
  Route: [1, 49, 32, 41, 19, 45, 8, 9, 10, 43, 33, 51, 11, 52, 14, 13, 47, 26, 27, 28, 12, 25, 4, 6, 15, 5, 24, 48, 38, 37, 40, 44, 34, 35, 36, 39, 46, 16, 29, 50, 20, 23, 21, 42, 7, 2, 30, 17, 3, 18, 31, 22]

Individual 72:
  Route length: 8070
  Contribution to Diversity: 0
  Route: [1, 49, 32, 3, 18, 31, 21, 17, 42, 7, 2, 30, 23, 20, 50, 29, 16, 46, 44, 35, 34, 37, 36, 40, 39, 24, 48, 38, 5, 15, 6, 4, 25, 12, 28, 27, 26, 47, 13, 14, 52, 11, 51, 33, 43, 10, 9, 8, 41, 19, 45, 22]

Individual 73:
  Route length: 8182
  Contribution to Diversity: 0.0007473267206030698
  Route: [1, 49, 38, 39, 40, 37, 46, 36, 32, 45, 19, 41, 8, 9, 10, 43, 33, 51, 11, 52, 14, 13, 47, 26, 27, 28, 12, 25, 4, 6, 15, 5, 24, 48, 35, 34, 44, 29, 16, 50, 20, 23, 30, 2, 7, 42, 21, 17, 3, 18, 31, 22]

Individual 74:
  Route length: 8254
  Contribution to Diversity: 0.0006857578366510353
  Route: [1, 49, 32, 3, 18, 31, 21, 17, 42, 7, 2, 30, 23, 20, 50, 29, 16, 46, 44, 35, 34, 24, 39, 40, 36, 37, 5, 38, 48, 15, 6, 4, 25, 12, 28, 27, 26, 47, 13, 14, 52, 11, 51, 33, 43, 10, 9, 8, 41, 19, 45, 22]

Individual 75:
  Route length: 8131
  Contribution to Diversity: 0
  Route: [1, 49, 32, 45, 19, 41, 8, 9, 10, 43, 33, 51, 11, 52, 14, 13, 47, 26, 27, 28, 12, 25, 15, 5, 24, 48, 38, 4, 6, 39, 40, 37, 36, 35, 34, 44, 46, 16, 29, 20, 50, 31, 18, 3, 17, 21, 42, 7, 2, 30, 23, 22]

Individual 76:
  Route length: 8218
  Contribution to Diversity: 0.0007091300653883081
  Route: [1, 44, 34, 35, 36, 37, 40, 39, 38, 5, 49, 32, 3, 18, 31, 21, 17, 42, 7, 2, 30, 23, 20, 50, 29, 16, 46, 48, 24, 15, 6, 4, 25, 12, 28, 27, 26, 47, 13, 14, 52, 11, 51, 33, 43, 10, 9, 8, 41, 19, 45, 22]

Individual 77:
  Route length: 8279
  Contribution to Diversity: 0.00045800036821841417
  Route: [1, 49, 32, 3, 18, 31, 21, 17, 42, 7, 2, 30, 23, 20, 50, 29, 16, 46, 35, 44, 34, 36, 39, 40, 37, 38, 48, 24, 5, 15, 6, 4, 25, 12, 28, 27, 26, 47, 52, 14, 13, 11, 51, 33, 43, 10, 9, 8, 41, 19, 45, 22]

Individual 78:
  Route length: 8279
  Contribution to Diversity: 0.0024129171694822205
  Route: [35, 36, 39, 40, 37, 34, 6, 15, 5, 24, 38, 48, 25, 4, 12, 28, 27, 26, 47, 13, 14, 52, 11, 51, 33, 43, 10, 9, 8, 41, 19, 45, 32, 49, 1, 23, 44, 46, 16, 29, 50, 20, 30, 2, 7, 42, 21, 17, 3, 18, 31, 22]

Individual 79:
  Route length: 8084
  Contribution to Diversity: 0
  Route: [1, 49, 32, 3, 18, 31, 21, 17, 42, 7, 2, 30, 23, 20, 50, 29, 16, 46, 44, 35, 37, 34, 36, 40, 39, 24, 48, 38, 5, 15, 6, 4, 25, 12, 28, 27, 26, 47, 13, 14, 52, 11, 51, 33, 43, 10, 9, 8, 41, 19, 45, 22]

Individual 80:
  Route length: 8240
  Contribution to Diversity: 0
  Route: [1, 49, 32, 3, 18, 31, 21, 17, 42, 7, 2, 30, 23, 20, 50, 29, 16, 46, 35, 44, 34, 5, 24, 48, 38, 37, 40, 39, 36, 15, 6, 4, 25, 12, 28, 27, 26, 47, 13, 14, 52, 11, 51, 33, 43, 10, 9, 8, 41, 19, 45, 22]

Individual 81:
  Route length: 8296
  Contribution to Diversity: 0
  Route: [1, 49, 32, 45, 19, 41, 8, 9, 10, 43, 33, 51, 11, 52, 14, 13, 47, 26, 27, 28, 12, 25, 4, 6, 15, 5, 38, 48, 39, 40, 37, 36, 46, 44, 34, 35, 24, 16, 29, 50, 20, 23, 42, 7, 2, 30, 21, 17, 3, 18, 31, 22]

Individual 82:
  Route length: 8128
  Contribution to Diversity: 0
  Route: [1, 49, 32, 3, 18, 31, 21, 17, 42, 7, 2, 30, 23, 20, 50, 29, 16, 46, 39, 36, 34, 44, 35, 24, 48, 38, 37, 40, 5, 15, 6, 4, 25, 12, 28, 27, 26, 47, 13, 14, 52, 11, 51, 33, 43, 10, 9, 8, 41, 19, 45, 22]

Individual 83:
  Route length: 8151
  Contribution to Diversity: 0.0008283792732264317
  Route: [1, 49, 32, 3, 18, 31, 21, 17, 42, 7, 2, 30, 23, 20, 50, 29, 16, 46, 44, 37, 35, 40, 36, 34, 39, 24, 48, 38, 5, 15, 6, 4, 25, 12, 28, 27, 26, 47, 13, 14, 52, 11, 51, 33, 43, 10, 9, 8, 41, 19, 45, 22]

Individual 84:
  Route length: 8237
  Contribution to Diversity: 0.0003382461414069837
  Route: [1, 49, 32, 45, 19, 41, 8, 9, 10, 43, 33, 51, 11, 52, 14, 13, 47, 26, 27, 28, 12, 25, 4, 6, 15, 5, 24, 48, 44, 50, 29, 16, 34, 38, 37, 40, 39, 35, 36, 46, 20, 23, 30, 2, 7, 42, 21, 17, 3, 18, 31, 22]

Individual 85:
  Route length: 8276
  Contribution to Diversity: 0.0020867687551975322
  Route: [1, 49, 44, 46, 16, 29, 50, 20, 23, 30, 42, 7, 2, 17, 21, 31, 18, 3, 32, 19, 41, 8, 9, 10, 43, 33, 51, 11, 52, 14, 13, 47, 26, 27, 28, 12, 25, 4, 6, 15, 5, 24, 48, 38, 37, 40, 39, 36, 35, 34, 45, 22]

Individual 86:
  Route length: 8186
  Contribution to Diversity: 0
  Route: [1, 49, 32, 45, 19, 41, 8, 9, 10, 43, 33, 51, 11, 52, 14, 13, 47, 26, 27, 28, 12, 25, 4, 6, 36, 39, 40, 37, 15, 5, 48, 38, 46, 44, 34, 35, 24, 16, 29, 50, 20, 23, 30, 2, 7, 42, 21, 17, 3, 18, 31, 22]

Individual 87:
  Route length: 8280
  Contribution to Diversity: 0.0016340783772452738
  Route: [40, 37, 24, 5, 15, 6, 35, 36, 39, 48, 38, 4, 25, 12, 28, 27, 26, 47, 13, 14, 52, 11, 51, 33, 43, 10, 9, 8, 41, 19, 45, 32, 49, 1, 34, 44, 46, 16, 29, 20, 50, 23, 30, 2, 7, 42, 21, 17, 3, 18, 31, 22]

Individual 88:
  Route length: 8074
  Contribution to Diversity: 0.0007542657838213174
  Route: [1, 35, 36, 39, 40, 38, 46, 48, 24, 5, 15, 6, 37, 34, 49, 32, 45, 19, 41, 8, 9, 10, 43, 33, 51, 11, 52, 14, 13, 47, 26, 27, 28, 12, 25, 4, 44, 16, 29, 50, 20, 23, 30, 2, 7, 42, 21, 17, 3, 18, 31, 22]

Individual 89:
  Route length: 8077
  Contribution to Diversity: 0
  Route: [1, 25, 12, 28, 27, 26, 47, 13, 14, 52, 11, 51, 33, 43, 10, 9, 8, 41, 19, 45, 32, 49, 37, 6, 4, 15, 5, 24, 48, 38, 40, 39, 36, 35, 34, 44, 46, 16, 29, 50, 20, 23, 30, 2, 7, 42, 21, 17, 3, 18, 31, 22]

Individual 90:
  Route length: 8215
  Contribution to Diversity: 0.0003167853404990595
  Route: [1, 49, 32, 3, 18, 31, 21, 17, 42, 7, 2, 30, 23, 20, 50, 29, 16, 46, 44, 35, 37, 36, 34, 24, 39, 40, 48, 38, 5, 15, 6, 4, 25, 12, 28, 27, 26, 47, 13, 14, 52, 11, 51, 33, 43, 10, 9, 8, 41, 19, 45, 22]

Individual 91:
  Route length: 8230
  Contribution to Diversity: 0.0003534384952850189
  Route: [1, 49, 32, 45, 19, 41, 8, 9, 10, 43, 33, 51, 11, 52, 14, 13, 47, 26, 27, 28, 12, 25, 15, 5, 24, 48, 38, 37, 40, 39, 6, 4, 34, 36, 35, 44, 46, 16, 29, 20, 50, 31, 18, 3, 17, 21, 42, 7, 2, 30, 23, 22]

Individual 92:
  Route length: 8120
  Contribution to Diversity: 0
  Route: [1, 49, 32, 3, 18, 31, 21, 17, 42, 7, 2, 30, 23, 20, 50, 29, 16, 46, 39, 36, 34, 44, 35, 38, 48, 24, 37, 40, 5, 15, 6, 4, 25, 12, 28, 27, 26, 47, 13, 14, 52, 11, 51, 33, 43, 10, 9, 8, 41, 19, 45, 22]

Individual 93:
  Route length: 8229
  Contribution to Diversity: 5.452222957913477e-05
  Route: [1, 49, 3, 17, 30, 2, 7, 42, 21, 23, 20, 50, 29, 16, 46, 39, 36, 35, 34, 44, 40, 37, 38, 48, 24, 5, 15, 6, 4, 25, 12, 28, 27, 26, 47, 13, 14, 52, 11, 51, 33, 43, 10, 9, 8, 41, 19, 45, 32, 18, 31, 22]

Individual 94:
  Route length: 8268
  Contribution to Diversity: 0.00039806727732649705
  Route: [1, 49, 36, 39, 46, 16, 29, 50, 20, 23, 30, 2, 7, 42, 17, 21, 31, 18, 3, 32, 34, 44, 35, 38, 48, 24, 37, 40, 5, 15, 6, 4, 25, 12, 28, 27, 26, 47, 13, 14, 52, 11, 51, 33, 43, 10, 9, 8, 41, 19, 45, 22]

Individual 95:
  Route length: 8187
  Contribution to Diversity: 0
  Route: [1, 49, 36, 35, 32, 45, 19, 41, 8, 9, 10, 43, 33, 51, 11, 52, 14, 13, 47, 26, 27, 28, 12, 25, 4, 6, 15, 5, 24, 48, 38, 39, 40, 37, 34, 20, 50, 29, 16, 46, 44, 31, 18, 3, 17, 21, 42, 7, 2, 30, 23, 22]

Individual 96:
  Route length: 8183
  Contribution to Diversity: 0.0005327720223862187
  Route: [1, 23, 30, 2, 7, 42, 21, 17, 3, 49, 32, 45, 19, 41, 8, 9, 10, 43, 33, 51, 11, 52, 14, 13, 47, 26, 27, 28, 12, 25, 4, 6, 15, 5, 24, 48, 40, 37, 38, 44, 34, 35, 36, 39, 46, 16, 29, 50, 20, 31, 18, 22]

Individual 97:
  Route length: 8276
  Contribution to Diversity: 0.002126996412305182
  Route: [1, 49, 32, 45, 19, 41, 8, 9, 10, 43, 4, 5, 6, 15, 33, 51, 11, 52, 14, 13, 47, 26, 27, 28, 12, 25, 24, 48, 38, 37, 40, 39, 35, 36, 46, 44, 34, 16, 29, 50, 20, 23, 30, 2, 7, 42, 21, 17, 3, 18, 31, 22]

Individual 98:
  Route length: 8294
  Contribution to Diversity: 0.0015069122519468792
  Route: [1, 45, 32, 34, 49, 19, 41, 8, 9, 10, 43, 33, 51, 11, 52, 14, 13, 27, 26, 47, 28, 12, 25, 4, 6, 15, 5, 24, 48, 37, 38, 39, 40, 36, 35, 44, 46, 16, 29, 50, 20, 23, 30, 2, 7, 42, 21, 17, 3, 18, 31, 22]

Individual 99:
  Route length: 8096
  Contribution to Diversity: 0.0002679060520964782
  Route: [1, 49, 32, 3, 18, 31, 21, 17, 42, 7, 2, 30, 23, 20, 50, 29, 16, 46, 35, 44, 34, 36, 39, 40, 37, 5, 24, 48, 38, 6, 15, 4, 25, 12, 28, 27, 26, 47, 13, 14, 52, 11, 51, 33, 43, 10, 9, 8, 41, 19, 45, 22]

Total Entropy H: 4.508318654626786
