Individual 0:
  Route length: 22530
  Contribution to Diversity: 0.0808992205802248
  Route: [18, 44, 23, 20, 48, 15, 31, 38, 49, 30, 47, 13, 51, 6, 52, 28, 42, 7, 2, 27, 29, 36, 34, 26, 14, 46, 21, 35, 16, 41, 39, 3, 40, 17, 32, 45, 50, 8, 19, 9, 25, 24, 4, 37, 10, 12, 11, 33, 5, 43, 1, 22]

Individual 1:
  Route length: 22133
  Contribution to Diversity: 0.06793249923782252
  Route: [2, 30, 31, 24, 15, 33, 10, 45, 21, 23, 48, 4, 52, 26, 14, 40, 32, 20, 25, 11, 1, 5, 47, 28, 12, 35, 38, 29, 18, 43, 37, 46, 19, 6, 39, 49, 17, 36, 16, 3, 7, 42, 27, 13, 51, 44, 50, 41, 9, 8, 34, 22]

Individual 2:
  Route length: 22510
  Contribution to Diversity: 0.0768190015526935
  Route: [19, 32, 10, 39, 48, 47, 8, 9, 43, 20, 40, 44, 33, 16, 6, 31, 21, 26, 36, 17, 18, 5, 25, 51, 13, 14, 45, 28, 46, 38, 24, 42, 7, 2, 29, 23, 41, 30, 50, 35, 1, 3, 15, 49, 4, 37, 12, 27, 52, 11, 34, 22]

Individual 3:
  Route length: 22604
  Contribution to Diversity: 0.08050723325079367
  Route: [50, 37, 24, 25, 33, 28, 11, 13, 40, 17, 43, 41, 51, 49, 10, 52, 12, 35, 21, 36, 3, 19, 45, 9, 39, 16, 30, 23, 20, 5, 46, 26, 29, 42, 7, 8, 18, 27, 14, 47, 15, 6, 34, 1, 48, 44, 2, 31, 32, 4, 38, 22]

Individual 4:
  Route length: 22514
  Contribution to Diversity: 0.061224189702379306
  Route: [40, 44, 23, 30, 34, 29, 51, 25, 52, 20, 3, 9, 10, 33, 32, 31, 38, 2, 7, 42, 6, 24, 46, 28, 36, 1, 5, 26, 16, 48, 15, 45, 18, 43, 37, 47, 27, 13, 11, 41, 17, 50, 19, 8, 21, 4, 35, 39, 12, 14, 49, 22]

Individual 5:
  Route length: 22543
  Contribution to Diversity: 0.07721098888212552
  Route: [49, 27, 28, 24, 35, 37, 19, 41, 46, 5, 17, 15, 38, 30, 42, 7, 8, 9, 12, 40, 45, 6, 10, 1, 18, 32, 29, 44, 16, 31, 47, 21, 52, 13, 51, 11, 14, 26, 48, 36, 25, 20, 50, 4, 3, 2, 39, 34, 43, 33, 23, 22]

Individual 6:
  Route length: 21942
  Contribution to Diversity: 0.07642701422326326
  Route: [48, 24, 21, 16, 14, 39, 44, 9, 3, 30, 49, 36, 15, 6, 4, 20, 18, 38, 25, 11, 28, 27, 26, 47, 51, 5, 52, 13, 1, 8, 10, 19, 33, 40, 29, 45, 12, 23, 34, 46, 32, 31, 2, 17, 42, 7, 41, 35, 37, 43, 50, 22]

Individual 7:
  Route length: 22332
  Contribution to Diversity: 0.06663234387850903
  Route: [34, 24, 50, 44, 8, 36, 38, 15, 6, 4, 37, 1, 21, 17, 25, 27, 47, 41, 51, 33, 52, 11, 46, 19, 43, 28, 49, 23, 20, 45, 3, 30, 32, 29, 48, 5, 12, 40, 7, 2, 18, 42, 31, 35, 39, 16, 9, 10, 13, 26, 14, 22]

Individual 8:
  Route length: 22602
  Contribution to Diversity: 0.07183061449527983
  Route: [31, 4, 6, 15, 32, 10, 8, 41, 48, 44, 52, 11, 14, 40, 51, 28, 47, 13, 26, 12, 43, 42, 37, 33, 27, 39, 35, 49, 50, 30, 2, 17, 9, 20, 24, 38, 46, 7, 18, 34, 21, 1, 25, 3, 16, 45, 36, 29, 19, 5, 23, 22]

Individual 9:
  Route length: 22109
  Contribution to Diversity: 0.08552340009749049
  Route: [16, 12, 41, 42, 30, 40, 33, 44, 46, 48, 34, 21, 23, 2, 29, 35, 20, 47, 27, 13, 11, 51, 50, 39, 3, 9, 8, 28, 6, 43, 24, 26, 49, 7, 38, 1, 36, 32, 18, 31, 17, 19, 10, 4, 14, 52, 15, 25, 5, 45, 37, 22]

Total Entropy H: 5.922304333706763
