Individual 0:
  Route length: 22553
  Contribution to Diversity: 0.02700423783103112
  Route: [33, 15, 13, 14, 29, 4, 25, 51, 11, 52, 7, 2, 30, 6, 3, 18, 31, 24, 44, 38, 48, 43, 36, 49, 45, 5, 34, 35, 12, 20, 17, 41, 1, 46, 19, 28, 27, 42, 50, 23, 32, 16, 10, 21, 26, 47, 8, 9, 37, 40, 39, 22]

Individual 1:
  Route length: 22624
  Contribution to Diversity: 0.034070764031927325
  Route: [6, 13, 47, 26, 9, 45, 43, 33, 51, 11, 15, 24, 10, 19, 18, 39, 31, 41, 2, 32, 44, 4, 21, 42, 52, 23, 34, 36, 38, 37, 40, 25, 12, 30, 7, 50, 14, 16, 29, 35, 5, 27, 28, 48, 1, 49, 17, 3, 8, 46, 20, 22]

Individual 2:
  Route length: 22508
  Contribution to Diversity: 0.03668107332273429
  Route: [25, 16, 48, 45, 35, 10, 19, 20, 49, 1, 38, 43, 36, 50, 31, 34, 3, 17, 21, 44, 24, 6, 47, 33, 42, 7, 23, 26, 39, 27, 52, 5, 11, 51, 12, 13, 32, 30, 2, 18, 41, 8, 9, 29, 46, 4, 40, 37, 15, 14, 28, 22]

Individual 3:
  Route length: 22580
  Contribution to Diversity: 0.023275737173318767
  Route: [50, 49, 32, 40, 48, 26, 27, 51, 43, 10, 20, 7, 9, 4, 14, 13, 38, 23, 16, 46, 24, 42, 33, 12, 52, 11, 30, 47, 45, 19, 3, 5, 39, 28, 6, 29, 44, 41, 8, 36, 15, 25, 1, 2, 17, 31, 18, 37, 34, 35, 21, 22]

Individual 4:
  Route length: 22389
  Contribution to Diversity: 0.034930020197902145
  Route: [50, 9, 4, 46, 49, 36, 2, 1, 15, 23, 16, 52, 14, 51, 31, 17, 30, 43, 39, 35, 34, 38, 10, 44, 5, 24, 37, 40, 45, 8, 41, 32, 18, 25, 12, 7, 29, 48, 13, 47, 26, 28, 11, 33, 3, 19, 20, 27, 6, 21, 42, 22]

Individual 5:
  Route length: 22427
  Contribution to Diversity: 0.018386452948832677
  Route: [50, 29, 38, 13, 14, 46, 20, 39, 40, 21, 17, 3, 18, 30, 23, 11, 52, 34, 35, 1, 4, 9, 42, 27, 36, 8, 41, 19, 31, 37, 26, 16, 12, 28, 44, 2, 7, 10, 51, 43, 24, 48, 45, 32, 49, 47, 25, 33, 6, 15, 5, 22]

Individual 6:
  Route length: 22317
  Contribution to Diversity: 0.0340261676418141
  Route: [23, 4, 30, 3, 27, 12, 37, 25, 47, 13, 15, 31, 19, 45, 48, 35, 20, 34, 44, 43, 49, 8, 41, 7, 38, 28, 33, 51, 11, 9, 36, 2, 18, 29, 50, 42, 21, 17, 26, 14, 52, 24, 6, 5, 10, 32, 16, 46, 40, 39, 1, 22]

Individual 7:
  Route length: 22329
  Contribution to Diversity: 0.035059056715457615
  Route: [1, 36, 16, 24, 13, 43, 49, 12, 26, 50, 44, 45, 32, 37, 48, 5, 8, 34, 38, 23, 15, 46, 35, 28, 14, 11, 51, 33, 19, 52, 6, 30, 2, 7, 29, 40, 39, 25, 4, 18, 31, 20, 47, 3, 17, 21, 42, 9, 10, 41, 27, 22]

Individual 8:
  Route length: 21342
  Contribution to Diversity: 0.039482373523434866
  Route: [1, 49, 33, 12, 7, 30, 20, 41, 31, 19, 32, 3, 17, 21, 2, 50, 43, 39, 5, 14, 26, 47, 27, 28, 34, 51, 37, 40, 52, 15, 38, 23, 42, 36, 46, 24, 48, 25, 11, 13, 9, 10, 16, 29, 44, 35, 6, 8, 4, 45, 18, 22]

Individual 9:
  Route length: 22608
  Contribution to Diversity: 0.03275389176803589
  Route: [47, 13, 4, 15, 32, 33, 11, 51, 30, 2, 8, 38, 12, 25, 24, 34, 35, 39, 18, 3, 41, 45, 29, 50, 7, 42, 21, 46, 14, 6, 27, 26, 1, 16, 52, 9, 36, 19, 20, 23, 28, 49, 37, 40, 48, 31, 17, 10, 43, 5, 44, 22]

Individual 10:
  Route length: 22123
  Contribution to Diversity: 0.0350435953061945
  Route: [1, 52, 28, 27, 44, 46, 5, 16, 43, 13, 14, 24, 48, 4, 12, 40, 6, 15, 47, 7, 2, 23, 21, 10, 39, 29, 42, 30, 36, 49, 11, 26, 37, 38, 33, 20, 50, 45, 41, 17, 18, 51, 19, 31, 8, 9, 3, 32, 34, 35, 25, 22]

Individual 11:
  Route length: 22181
  Contribution to Diversity: 0.013749910876598825
  Route: [26, 44, 38, 33, 50, 41, 19, 2, 10, 9, 8, 45, 31, 18, 3, 17, 21, 42, 7, 24, 47, 13, 16, 32, 15, 12, 28, 46, 5, 23, 49, 20, 36, 51, 1, 37, 40, 4, 6, 14, 27, 30, 48, 35, 25, 11, 52, 34, 29, 39, 43, 22]

Individual 12:
  Route length: 22602
  Contribution to Diversity: 0
  Route: [1, 40, 26, 47, 51, 15, 36, 44, 12, 30, 2, 29, 33, 48, 28, 14, 50, 38, 6, 7, 42, 13, 37, 23, 18, 20, 3, 39, 16, 46, 27, 52, 11, 49, 45, 17, 21, 24, 32, 25, 8, 5, 19, 41, 9, 43, 10, 4, 35, 34, 31, 22]

Individual 13:
  Route length: 22496
  Contribution to Diversity: 0.03516028450047415
  Route: [16, 37, 9, 41, 30, 45, 36, 51, 11, 52, 27, 26, 23, 33, 25, 13, 14, 20, 50, 19, 35, 5, 48, 42, 43, 49, 32, 1, 40, 7, 2, 47, 12, 46, 38, 8, 21, 3, 28, 39, 29, 44, 17, 31, 18, 24, 6, 4, 34, 15, 10, 22]

Individual 14:
  Route length: 22594
  Contribution to Diversity: 0.024484995749750382
  Route: [17, 49, 15, 24, 9, 41, 8, 42, 4, 34, 46, 5, 48, 47, 26, 23, 30, 2, 38, 6, 10, 11, 52, 14, 39, 40, 28, 12, 37, 45, 19, 25, 43, 51, 33, 7, 32, 16, 13, 50, 36, 20, 21, 1, 27, 44, 29, 35, 3, 18, 31, 22]

Individual 15:
  Route length: 21792
  Contribution to Diversity: 0.01689321118216469
  Route: [26, 2, 7, 32, 1, 19, 41, 24, 10, 9, 8, 36, 51, 6, 14, 27, 30, 47, 13, 18, 3, 17, 21, 42, 15, 46, 37, 48, 35, 16, 11, 52, 34, 31, 45, 44, 38, 12, 4, 43, 33, 28, 50, 29, 39, 25, 5, 23, 40, 49, 20, 22]

Individual 16:
  Route length: 22294
  Contribution to Diversity: 0.03289882372826192
  Route: [29, 42, 32, 10, 33, 40, 15, 6, 9, 16, 8, 41, 17, 21, 19, 13, 14, 26, 51, 25, 30, 36, 50, 7, 2, 23, 43, 12, 52, 4, 48, 49, 11, 31, 18, 3, 1, 24, 39, 47, 45, 38, 35, 34, 5, 27, 28, 44, 46, 37, 20, 22]

Individual 17:
  Route length: 22575
  Contribution to Diversity: 0
  Route: [51, 29, 5, 46, 50, 33, 40, 39, 20, 9, 19, 4, 36, 45, 18, 32, 49, 48, 47, 26, 27, 7, 31, 41, 8, 17, 21, 25, 15, 11, 52, 14, 13, 38, 42, 44, 24, 35, 43, 10, 16, 6, 2, 3, 37, 34, 28, 12, 1, 23, 30, 22]

Individual 18:
  Route length: 22316
  Contribution to Diversity: 0
  Route: [1, 40, 26, 47, 51, 15, 36, 44, 12, 30, 2, 29, 33, 48, 28, 14, 50, 38, 6, 7, 42, 13, 37, 49, 11, 52, 27, 46, 16, 39, 3, 20, 18, 23, 25, 32, 24, 21, 17, 45, 8, 5, 19, 41, 9, 43, 10, 4, 35, 34, 31, 22]

Individual 19:
  Route length: 22338
  Contribution to Diversity: 0
  Route: [51, 21, 25, 15, 11, 52, 14, 13, 38, 42, 44, 24, 35, 43, 10, 19, 4, 36, 45, 18, 32, 49, 48, 47, 26, 27, 9, 20, 39, 40, 33, 50, 46, 5, 29, 6, 16, 7, 31, 41, 8, 17, 2, 3, 37, 34, 28, 12, 1, 23, 30, 22]

Total Entropy H: 6.1559690462027365
