Individual 0:
  Route length: 13128
  Contribution to Diversity: 0.056802364255162274
  Route: [23, 3, 17, 21, 42, 7, 2, 15, 43, 10, 8, 9, 11, 51, 12, 25, 48, 33, 27, 28, 26, 52, 14, 13, 47, 16, 20, 38, 36, 49, 37, 39, 6, 4, 5, 24, 35, 40, 50, 30, 29, 46, 44, 34, 1, 19, 41, 45, 32, 18, 31, 22]

Individual 1:
  Route length: 13179
  Contribution to Diversity: 0.07240124014389604
  Route: [18, 1, 40, 23, 32, 19, 8, 17, 2, 7, 42, 30, 29, 16, 48, 24, 15, 39, 9, 10, 31, 21, 20, 50, 44, 49, 5, 6, 38, 25, 46, 47, 26, 28, 27, 11, 52, 14, 13, 12, 51, 33, 45, 43, 3, 41, 37, 36, 34, 4, 35, 22]

Individual 2:
  Route length: 12817
  Contribution to Diversity: 0.04744841882377404
  Route: [50, 16, 29, 23, 30, 2, 31, 42, 7, 21, 17, 3, 20, 1, 44, 15, 46, 37, 35, 38, 6, 5, 48, 49, 45, 40, 34, 36, 4, 25, 24, 39, 32, 13, 14, 52, 11, 12, 28, 27, 26, 47, 51, 33, 43, 10, 19, 8, 41, 9, 18, 22]

Individual 3:
  Route length: 13137
  Contribution to Diversity: 0.06054850635231368
  Route: [49, 35, 10, 25, 43, 33, 15, 6, 5, 44, 48, 37, 32, 31, 16, 30, 23, 20, 38, 40, 24, 46, 39, 34, 4, 12, 28, 27, 13, 14, 52, 11, 51, 26, 47, 29, 50, 17, 19, 45, 1, 36, 42, 2, 7, 21, 18, 41, 8, 9, 3, 22]

Individual 4:
  Route length: 13165
  Contribution to Diversity: 0.048886004407645345
  Route: [1, 4, 24, 34, 36, 15, 40, 3, 23, 30, 2, 7, 42, 21, 17, 32, 31, 29, 35, 25, 5, 46, 51, 11, 52, 14, 13, 28, 12, 27, 26, 47, 50, 20, 19, 49, 41, 8, 9, 10, 38, 16, 44, 37, 39, 6, 48, 43, 33, 45, 18, 22]

Individual 5:
  Route length: 13016
  Contribution to Diversity: 0.035489037049205585
  Route: [48, 38, 24, 25, 40, 17, 7, 2, 21, 42, 3, 31, 32, 39, 36, 50, 29, 20, 1, 45, 41, 8, 9, 10, 15, 28, 27, 12, 43, 33, 51, 11, 52, 14, 13, 47, 26, 30, 18, 23, 16, 46, 44, 35, 49, 34, 37, 5, 6, 4, 19, 22]

Individual 6:
  Route length: 13143
  Contribution to Diversity: 0.047767952818406734
  Route: [17, 48, 38, 15, 6, 40, 43, 33, 10, 9, 8, 41, 19, 45, 21, 50, 13, 26, 27, 28, 51, 12, 24, 5, 36, 4, 47, 14, 52, 11, 16, 35, 39, 44, 25, 46, 29, 30, 2, 42, 7, 20, 23, 31, 3, 18, 37, 34, 49, 1, 32, 22]

Individual 7:
  Route length: 13116
  Contribution to Diversity: 0.03761548979240992
  Route: [50, 38, 37, 5, 40, 19, 41, 3, 20, 23, 30, 2, 7, 42, 21, 17, 29, 48, 6, 32, 31, 18, 43, 10, 9, 8, 45, 16, 39, 36, 44, 15, 33, 51, 11, 28, 27, 26, 47, 13, 52, 14, 12, 25, 4, 1, 46, 35, 34, 49, 24, 22]

Individual 8:
  Route length: 12655
  Contribution to Diversity: 0.05834018296311694
  Route: [16, 50, 44, 26, 47, 14, 52, 11, 33, 43, 51, 12, 28, 13, 27, 45, 19, 3, 17, 7, 2, 42, 29, 21, 30, 18, 20, 23, 49, 40, 6, 4, 15, 38, 24, 46, 25, 39, 35, 36, 5, 37, 1, 31, 41, 8, 9, 10, 48, 34, 32, 22]

Individual 9:
  Route length: 13025
  Contribution to Diversity: 0.04662594098222517
  Route: [17, 42, 7, 2, 30, 35, 29, 50, 25, 12, 28, 26, 27, 47, 16, 1, 23, 39, 36, 6, 38, 4, 5, 24, 15, 48, 40, 9, 45, 19, 41, 3, 18, 31, 21, 46, 14, 13, 52, 11, 51, 33, 43, 10, 8, 49, 34, 44, 32, 37, 20, 22]

Total Entropy H: 5.496379958398431
