Individual 0:
  Route length: 8290
  Contribution to Diversity: 0.0005626545945141004
  Route: [49, 1, 50, 29, 16, 36, 35, 34, 44, 46, 48, 38, 37, 40, 39, 24, 5, 15, 6, 4, 25, 12, 28, 27, 26, 47, 13, 14, 52, 11, 51, 33, 43, 10, 9, 8, 41, 19, 45, 32, 20, 23, 30, 2, 7, 42, 21, 17, 3, 18, 31, 22]

Individual 1:
  Route length: 8250
  Contribution to Diversity: 0.0004211717739712739
  Route: [39, 40, 5, 24, 48, 38, 37, 4, 6, 15, 25, 12, 28, 27, 26, 47, 13, 14, 52, 11, 51, 33, 43, 10, 9, 8, 41, 19, 45, 32, 49, 1, 31, 18, 3, 17, 21, 42, 7, 2, 30, 23, 20, 50, 29, 16, 46, 34, 44, 36, 35, 22]

Individual 2:
  Route length: 8193
  Contribution to Diversity: 0.0005387814685917647
  Route: [1, 20, 50, 29, 16, 46, 39, 36, 35, 34, 44, 38, 37, 40, 48, 24, 5, 15, 6, 4, 25, 12, 28, 27, 26, 47, 13, 14, 52, 11, 51, 33, 43, 10, 9, 8, 41, 19, 45, 32, 49, 3, 17, 21, 42, 7, 2, 30, 23, 18, 31, 22]

Individual 3:
  Route length: 8284
  Contribution to Diversity: 0.00017593255797176965
  Route: [1, 49, 39, 24, 48, 38, 37, 40, 43, 33, 51, 11, 52, 14, 13, 47, 26, 27, 28, 12, 25, 4, 6, 15, 5, 10, 9, 8, 41, 19, 45, 32, 34, 35, 36, 44, 46, 16, 29, 50, 20, 23, 30, 2, 7, 42, 21, 17, 3, 18, 31, 22]

Individual 4:
  Route length: 8231
  Contribution to Diversity: 0.00013647617495404774
  Route: [1, 38, 48, 24, 5, 15, 6, 4, 25, 12, 28, 27, 26, 47, 13, 14, 52, 11, 51, 33, 43, 10, 9, 8, 41, 19, 45, 32, 39, 36, 35, 49, 31, 18, 3, 17, 21, 42, 7, 2, 30, 23, 20, 50, 29, 16, 46, 44, 34, 40, 37, 22]

Individual 5:
  Route length: 8280
  Contribution to Diversity: 0.0006288306992843218
  Route: [1, 46, 44, 34, 40, 37, 38, 48, 24, 5, 15, 6, 4, 25, 12, 28, 27, 26, 47, 13, 14, 52, 11, 51, 33, 43, 10, 9, 8, 41, 19, 45, 32, 39, 36, 35, 49, 18, 3, 17, 21, 42, 7, 2, 30, 23, 20, 50, 29, 16, 31, 22]

Individual 6:
  Route length: 8289
  Contribution to Diversity: 0.0012189845006540523
  Route: [1, 49, 38, 37, 40, 39, 15, 6, 4, 25, 12, 28, 27, 26, 47, 13, 14, 52, 11, 51, 33, 43, 10, 9, 8, 41, 19, 45, 32, 36, 46, 5, 24, 48, 35, 34, 44, 29, 16, 50, 20, 23, 30, 2, 7, 42, 21, 17, 3, 18, 31, 22]

Individual 7:
  Route length: 8282
  Contribution to Diversity: 0.0010458254781777754
  Route: [21, 42, 7, 2, 30, 23, 20, 50, 29, 16, 34, 44, 46, 49, 32, 45, 19, 41, 8, 9, 10, 43, 33, 51, 11, 52, 14, 13, 47, 26, 27, 28, 12, 25, 4, 6, 15, 5, 24, 48, 38, 37, 40, 39, 35, 36, 1, 3, 17, 18, 31, 22]

Individual 8:
  Route length: 8285
  Contribution to Diversity: 0.0003661357294477696
  Route: [1, 49, 32, 45, 19, 41, 8, 9, 10, 43, 33, 51, 11, 52, 14, 13, 47, 26, 27, 28, 12, 6, 4, 25, 15, 48, 38, 37, 40, 5, 24, 46, 16, 29, 44, 34, 35, 36, 39, 50, 20, 23, 30, 2, 7, 42, 21, 17, 3, 18, 31, 22]

Individual 9:
  Route length: 8276
  Contribution to Diversity: 0.0019384808219404803
  Route: [1, 49, 40, 48, 24, 5, 38, 32, 45, 19, 41, 8, 9, 10, 43, 33, 51, 11, 52, 14, 13, 47, 26, 27, 28, 12, 25, 46, 44, 34, 35, 36, 39, 15, 6, 4, 37, 16, 29, 50, 20, 23, 30, 2, 7, 42, 21, 17, 3, 18, 31, 22]

Individual 10:
  Route length: 8245
  Contribution to Diversity: 0.0008690815601068991
  Route: [35, 38, 48, 24, 34, 44, 5, 15, 6, 4, 25, 12, 28, 27, 26, 47, 13, 14, 52, 11, 51, 33, 43, 10, 9, 8, 41, 19, 45, 1, 49, 32, 36, 39, 40, 37, 46, 16, 29, 50, 20, 23, 30, 2, 7, 42, 21, 17, 3, 18, 31, 22]

Individual 11:
  Route length: 8152
  Contribution to Diversity: 0.00039422683645540246
  Route: [39, 40, 6, 4, 25, 12, 28, 27, 26, 47, 13, 14, 52, 11, 51, 33, 43, 10, 9, 8, 41, 19, 45, 32, 49, 1, 31, 18, 3, 17, 21, 42, 7, 2, 30, 23, 20, 50, 29, 16, 46, 44, 37, 24, 5, 15, 48, 38, 34, 35, 36, 22]

Individual 12:
  Route length: 8212
  Contribution to Diversity: 0.00024765838513918226
  Route: [1, 49, 35, 36, 39, 32, 45, 19, 41, 8, 9, 10, 43, 33, 51, 11, 52, 14, 13, 47, 26, 27, 28, 12, 25, 4, 6, 15, 5, 24, 48, 38, 37, 34, 40, 44, 46, 16, 29, 50, 23, 20, 42, 7, 2, 30, 21, 17, 3, 18, 31, 22]

Individual 13:
  Route length: 8262
  Contribution to Diversity: 0.00013330089758234465
  Route: [1, 49, 24, 5, 15, 6, 4, 25, 12, 28, 27, 26, 47, 13, 14, 52, 11, 51, 33, 43, 10, 9, 8, 41, 19, 45, 32, 44, 34, 37, 40, 39, 36, 35, 38, 48, 46, 16, 29, 50, 20, 23, 31, 18, 3, 17, 21, 42, 7, 2, 30, 22]

Individual 14:
  Route length: 8238
  Contribution to Diversity: 0.0005096084831999192
  Route: [1, 49, 32, 45, 19, 41, 8, 9, 10, 43, 33, 51, 11, 52, 14, 13, 47, 26, 27, 28, 12, 25, 4, 6, 15, 5, 40, 38, 48, 24, 39, 37, 35, 34, 44, 46, 36, 16, 29, 20, 50, 31, 18, 3, 17, 21, 42, 7, 2, 30, 23, 22]

Individual 15:
  Route length: 8213
  Contribution to Diversity: 0.0008879643647770052
  Route: [1, 49, 35, 36, 24, 5, 15, 6, 4, 25, 12, 28, 27, 26, 47, 13, 14, 52, 11, 51, 33, 43, 10, 9, 8, 41, 19, 45, 32, 34, 40, 37, 48, 38, 39, 44, 46, 16, 29, 50, 20, 23, 30, 2, 7, 42, 21, 17, 31, 18, 3, 22]

Individual 16:
  Route length: 8279
  Contribution to Diversity: 0.0004324371655739512
  Route: [1, 35, 36, 39, 40, 38, 4, 25, 12, 28, 27, 26, 47, 13, 14, 52, 11, 51, 33, 43, 10, 9, 8, 41, 19, 45, 37, 6, 15, 5, 24, 48, 34, 49, 32, 46, 44, 16, 29, 50, 20, 23, 30, 2, 7, 42, 21, 17, 3, 18, 31, 22]

Individual 17:
  Route length: 8236
  Contribution to Diversity: 0.0010184042129823823
  Route: [1, 44, 32, 45, 19, 41, 8, 9, 10, 43, 33, 51, 11, 52, 14, 13, 47, 26, 27, 28, 12, 25, 4, 6, 15, 5, 24, 49, 36, 35, 34, 39, 40, 37, 38, 48, 46, 16, 29, 50, 20, 23, 31, 18, 3, 17, 21, 42, 7, 2, 30, 22]

Individual 18:
  Route length: 8290
  Contribution to Diversity: 0.0005352966653351388
  Route: [1, 49, 32, 45, 19, 41, 8, 9, 10, 43, 33, 51, 11, 52, 14, 13, 47, 26, 27, 28, 12, 25, 4, 38, 40, 39, 44, 46, 16, 35, 36, 37, 6, 15, 5, 24, 48, 34, 29, 50, 20, 23, 30, 2, 7, 42, 21, 17, 3, 18, 31, 22]

Individual 19:
  Route length: 8242
  Contribution to Diversity: 0.0007438309309364399
  Route: [1, 49, 34, 32, 45, 31, 18, 3, 17, 21, 42, 7, 2, 30, 23, 20, 50, 29, 16, 46, 44, 35, 36, 39, 40, 37, 38, 48, 24, 5, 15, 6, 4, 25, 12, 28, 47, 26, 27, 13, 14, 52, 11, 51, 33, 43, 10, 9, 8, 41, 19, 22]

Individual 20:
  Route length: 8232
  Contribution to Diversity: 0.00017659693864580106
  Route: [1, 35, 36, 46, 44, 37, 6, 15, 5, 24, 48, 34, 49, 32, 45, 19, 41, 8, 9, 10, 43, 33, 51, 11, 52, 14, 13, 47, 26, 27, 28, 12, 25, 4, 38, 40, 39, 16, 29, 50, 20, 23, 30, 2, 7, 42, 21, 17, 3, 18, 31, 22]

Individual 21:
  Route length: 8191
  Contribution to Diversity: 0.0003630485502048586
  Route: [1, 49, 35, 36, 39, 38, 48, 24, 5, 15, 6, 4, 25, 51, 11, 52, 14, 13, 47, 26, 27, 28, 12, 43, 33, 10, 9, 8, 41, 19, 45, 32, 37, 40, 34, 44, 46, 16, 29, 50, 20, 23, 30, 2, 7, 42, 21, 17, 3, 18, 31, 22]

Individual 22:
  Route length: 8228
  Contribution to Diversity: 0.0009733426894635855
  Route: [1, 49, 35, 34, 40, 37, 32, 45, 19, 41, 8, 9, 10, 33, 43, 12, 28, 27, 26, 47, 13, 14, 52, 11, 51, 25, 4, 6, 15, 5, 24, 48, 38, 39, 36, 44, 46, 16, 29, 50, 20, 23, 30, 2, 7, 42, 21, 17, 3, 18, 31, 22]

Individual 23:
  Route length: 8244
  Contribution to Diversity: 0.0006672617870879805
  Route: [39, 40, 38, 48, 24, 5, 37, 4, 6, 15, 25, 12, 28, 27, 26, 47, 13, 14, 52, 11, 51, 33, 43, 10, 9, 8, 41, 19, 45, 32, 49, 1, 31, 18, 3, 17, 21, 42, 7, 2, 30, 23, 20, 50, 29, 16, 46, 34, 44, 36, 35, 22]

Individual 24:
  Route length: 8278
  Contribution to Diversity: 0.001089842607428615
  Route: [1, 49, 32, 45, 19, 41, 8, 9, 10, 43, 33, 51, 11, 52, 14, 13, 47, 26, 27, 28, 12, 25, 4, 6, 15, 5, 38, 48, 24, 39, 40, 37, 36, 35, 34, 44, 16, 29, 23, 30, 7, 2, 42, 21, 17, 3, 18, 31, 20, 50, 46, 22]

Individual 25:
  Route length: 8224
  Contribution to Diversity: 0.0018003339227838921
  Route: [39, 40, 6, 4, 25, 12, 28, 27, 26, 47, 13, 14, 52, 11, 51, 33, 43, 10, 9, 8, 41, 19, 45, 49, 32, 1, 31, 18, 3, 17, 21, 42, 7, 2, 30, 23, 20, 50, 29, 16, 46, 44, 37, 24, 5, 15, 48, 38, 34, 35, 36, 22]

Individual 26:
  Route length: 8276
  Contribution to Diversity: 0.0008497632034396574
  Route: [1, 49, 32, 35, 36, 46, 44, 24, 48, 6, 15, 5, 4, 25, 12, 28, 27, 26, 47, 13, 14, 52, 11, 51, 33, 43, 10, 9, 8, 41, 19, 45, 37, 40, 39, 38, 34, 16, 29, 50, 20, 23, 30, 2, 7, 42, 21, 17, 3, 18, 31, 22]

Individual 27:
  Route length: 8229
  Contribution to Diversity: 0.0008821286450517718
  Route: [1, 49, 38, 32, 45, 19, 41, 8, 9, 10, 43, 33, 51, 11, 52, 14, 13, 47, 26, 27, 28, 12, 25, 15, 5, 24, 48, 6, 4, 37, 40, 39, 36, 35, 34, 44, 46, 16, 29, 23, 20, 50, 30, 2, 7, 42, 21, 17, 3, 18, 31, 22]

Individual 28:
  Route length: 8062
  Contribution to Diversity: 0.0010689512075785501
  Route: [1, 49, 39, 38, 24, 36, 35, 37, 48, 5, 15, 6, 4, 25, 12, 28, 27, 26, 47, 13, 14, 52, 11, 51, 33, 43, 10, 9, 8, 41, 19, 45, 32, 40, 34, 44, 46, 16, 29, 50, 20, 23, 30, 2, 7, 42, 21, 17, 3, 18, 31, 22]

Individual 29:
  Route length: 8114
  Contribution to Diversity: 0.0009569440124552742
  Route: [1, 49, 32, 45, 19, 41, 8, 9, 10, 43, 33, 51, 11, 52, 14, 13, 47, 26, 27, 28, 12, 25, 4, 6, 5, 15, 48, 24, 39, 37, 40, 38, 46, 44, 34, 35, 36, 16, 29, 20, 50, 31, 18, 3, 17, 21, 42, 7, 2, 30, 23, 22]

Individual 30:
  Route length: 8290
  Contribution to Diversity: 0.0005936673480251287
  Route: [1, 49, 32, 45, 19, 41, 8, 9, 10, 43, 33, 51, 11, 52, 14, 13, 47, 26, 27, 28, 12, 25, 4, 6, 24, 48, 38, 5, 15, 39, 40, 37, 36, 35, 34, 44, 16, 29, 23, 30, 2, 7, 42, 21, 17, 3, 18, 31, 20, 50, 46, 22]

Individual 31:
  Route length: 8277
  Contribution to Diversity: 0
  Route: [1, 49, 32, 3, 18, 31, 21, 17, 42, 7, 2, 30, 23, 20, 50, 29, 16, 46, 44, 34, 35, 36, 39, 40, 37, 38, 48, 24, 5, 15, 6, 4, 25, 12, 28, 27, 26, 47, 13, 14, 52, 11, 51, 33, 43, 8, 9, 10, 45, 19, 41, 22]

Individual 32:
  Route length: 8291
  Contribution to Diversity: 0.00254286378979085
  Route: [1, 49, 35, 36, 39, 32, 45, 19, 41, 8, 9, 10, 43, 33, 51, 11, 52, 14, 13, 47, 26, 27, 28, 12, 25, 4, 6, 24, 5, 15, 38, 48, 37, 34, 40, 44, 46, 16, 29, 50, 23, 20, 42, 7, 2, 30, 21, 17, 3, 18, 31, 22]

Individual 33:
  Route length: 8143
  Contribution to Diversity: 7.683481110642987e-05
  Route: [1, 35, 36, 39, 34, 49, 32, 45, 19, 41, 8, 9, 10, 43, 33, 51, 11, 52, 14, 13, 47, 26, 27, 28, 12, 25, 4, 38, 40, 46, 44, 37, 6, 15, 5, 24, 48, 16, 29, 50, 20, 23, 30, 2, 7, 42, 21, 17, 3, 18, 31, 22]

Individual 34:
  Route length: 8221
  Contribution to Diversity: 0.0009364103348845632
  Route: [1, 49, 34, 35, 36, 45, 32, 3, 17, 21, 42, 7, 2, 30, 23, 20, 50, 29, 16, 46, 44, 39, 40, 37, 38, 48, 24, 5, 15, 4, 6, 25, 12, 28, 27, 26, 47, 13, 14, 52, 11, 51, 33, 43, 10, 9, 8, 41, 19, 18, 31, 22]

Individual 35:
  Route length: 8118
  Contribution to Diversity: 0.00038236908067368347
  Route: [1, 49, 32, 45, 19, 41, 8, 9, 10, 43, 33, 51, 11, 52, 14, 13, 47, 27, 26, 28, 12, 25, 4, 6, 15, 5, 24, 48, 38, 37, 40, 44, 34, 35, 36, 39, 46, 16, 29, 50, 20, 23, 21, 42, 7, 2, 30, 17, 3, 18, 31, 22]

Individual 36:
  Route length: 8187
  Contribution to Diversity: 0
  Route: [39, 40, 37, 38, 48, 24, 5, 15, 6, 4, 25, 12, 28, 27, 26, 47, 13, 14, 52, 11, 51, 33, 43, 10, 9, 8, 41, 19, 45, 32, 49, 1, 36, 35, 34, 44, 46, 16, 29, 50, 20, 30, 23, 2, 7, 42, 17, 21, 31, 18, 3, 22]

Individual 37:
  Route length: 7961
  Contribution to Diversity: 0
  Route: [1, 49, 32, 3, 18, 31, 21, 17, 42, 7, 2, 30, 23, 20, 50, 29, 16, 46, 35, 44, 34, 36, 39, 40, 37, 38, 48, 24, 5, 15, 6, 4, 25, 12, 28, 27, 26, 47, 13, 14, 52, 11, 51, 33, 43, 10, 9, 8, 41, 19, 45, 22]

Individual 38:
  Route length: 8252
  Contribution to Diversity: 0
  Route: [1, 49, 32, 3, 18, 44, 46, 16, 29, 50, 20, 23, 30, 2, 7, 42, 17, 21, 31, 34, 35, 36, 39, 40, 37, 38, 48, 24, 5, 15, 6, 4, 25, 12, 28, 27, 26, 47, 13, 14, 52, 11, 51, 33, 43, 10, 9, 8, 41, 19, 45, 22]

Individual 39:
  Route length: 8145
  Contribution to Diversity: 0
  Route: [1, 49, 32, 3, 18, 31, 21, 17, 42, 7, 2, 30, 23, 20, 50, 29, 16, 46, 44, 34, 35, 36, 40, 39, 4, 6, 15, 5, 24, 48, 38, 37, 25, 12, 28, 27, 26, 47, 13, 14, 52, 11, 51, 33, 43, 10, 9, 8, 41, 19, 45, 22]

Individual 40:
  Route length: 8279
  Contribution to Diversity: 0.000986844874105941
  Route: [1, 49, 32, 45, 19, 41, 8, 9, 10, 43, 33, 51, 11, 52, 14, 13, 47, 26, 27, 28, 12, 25, 4, 6, 15, 37, 38, 48, 24, 5, 46, 44, 34, 35, 36, 39, 40, 16, 29, 50, 20, 30, 23, 2, 7, 42, 17, 21, 31, 18, 3, 22]

Individual 41:
  Route length: 8018
  Contribution to Diversity: 0
  Route: [1, 49, 32, 45, 19, 41, 8, 9, 10, 43, 33, 51, 11, 52, 14, 13, 47, 26, 27, 28, 12, 25, 4, 6, 15, 5, 48, 38, 37, 40, 39, 36, 24, 35, 34, 44, 46, 16, 29, 50, 20, 23, 42, 7, 2, 30, 21, 17, 3, 18, 31, 22]

Individual 42:
  Route length: 8267
  Contribution to Diversity: 0.00012762070405791803
  Route: [1, 49, 32, 35, 40, 37, 45, 19, 41, 8, 9, 10, 43, 33, 51, 11, 52, 14, 13, 47, 26, 27, 28, 12, 25, 4, 6, 15, 5, 24, 48, 44, 46, 36, 39, 38, 34, 16, 29, 50, 20, 23, 30, 2, 7, 42, 21, 17, 3, 18, 31, 22]

Individual 43:
  Route length: 8246
  Contribution to Diversity: 0.00030805861696237
  Route: [1, 49, 32, 41, 19, 45, 8, 9, 10, 43, 33, 51, 11, 52, 14, 13, 47, 26, 27, 28, 12, 25, 4, 6, 15, 5, 24, 48, 38, 37, 40, 44, 34, 35, 36, 39, 46, 16, 29, 50, 20, 23, 21, 42, 7, 2, 30, 17, 3, 18, 31, 22]

Individual 44:
  Route length: 8070
  Contribution to Diversity: 0
  Route: [1, 49, 32, 3, 18, 31, 21, 17, 42, 7, 2, 30, 23, 20, 50, 29, 16, 46, 44, 35, 34, 37, 36, 40, 39, 24, 48, 38, 5, 15, 6, 4, 25, 12, 28, 27, 26, 47, 13, 14, 52, 11, 51, 33, 43, 10, 9, 8, 41, 19, 45, 22]

Individual 45:
  Route length: 8182
  Contribution to Diversity: 0.0007938313010100728
  Route: [1, 49, 38, 39, 40, 37, 46, 36, 32, 45, 19, 41, 8, 9, 10, 43, 33, 51, 11, 52, 14, 13, 47, 26, 27, 28, 12, 25, 4, 6, 15, 5, 24, 48, 35, 34, 44, 29, 16, 50, 20, 23, 30, 2, 7, 42, 21, 17, 3, 18, 31, 22]

Individual 46:
  Route length: 8254
  Contribution to Diversity: 0
  Route: [1, 49, 32, 3, 18, 31, 21, 17, 42, 7, 2, 30, 23, 20, 50, 29, 16, 46, 44, 35, 34, 24, 39, 40, 36, 37, 5, 38, 48, 15, 6, 4, 25, 12, 28, 27, 26, 47, 13, 14, 52, 11, 51, 33, 43, 10, 9, 8, 41, 19, 45, 22]

Individual 47:
  Route length: 8131
  Contribution to Diversity: 0
  Route: [1, 49, 32, 45, 19, 41, 8, 9, 10, 43, 33, 51, 11, 52, 14, 13, 47, 26, 27, 28, 12, 25, 15, 5, 24, 48, 38, 4, 6, 39, 40, 37, 36, 35, 34, 44, 46, 16, 29, 20, 50, 31, 18, 3, 17, 21, 42, 7, 2, 30, 23, 22]

Individual 48:
  Route length: 8218
  Contribution to Diversity: 0.00029615974866725736
  Route: [1, 44, 34, 35, 36, 37, 40, 39, 38, 5, 49, 32, 3, 18, 31, 21, 17, 42, 7, 2, 30, 23, 20, 50, 29, 16, 46, 48, 24, 15, 6, 4, 25, 12, 28, 27, 26, 47, 13, 14, 52, 11, 51, 33, 43, 10, 9, 8, 41, 19, 45, 22]

Individual 49:
  Route length: 8279
  Contribution to Diversity: 4.0524460424684605e-05
  Route: [1, 49, 32, 3, 18, 31, 21, 17, 42, 7, 2, 30, 23, 20, 50, 29, 16, 46, 35, 44, 34, 36, 39, 40, 37, 38, 48, 24, 5, 15, 6, 4, 25, 12, 28, 27, 26, 47, 52, 14, 13, 11, 51, 33, 43, 10, 9, 8, 41, 19, 45, 22]

Individual 50:
  Route length: 8279
  Contribution to Diversity: 0.0027412894609790683
  Route: [35, 36, 39, 40, 37, 34, 6, 15, 5, 24, 38, 48, 25, 4, 12, 28, 27, 26, 47, 13, 14, 52, 11, 51, 33, 43, 10, 9, 8, 41, 19, 45, 32, 49, 1, 23, 44, 46, 16, 29, 50, 20, 30, 2, 7, 42, 21, 17, 3, 18, 31, 22]

Individual 51:
  Route length: 8084
  Contribution to Diversity: 0
  Route: [1, 49, 32, 3, 18, 31, 21, 17, 42, 7, 2, 30, 23, 20, 50, 29, 16, 46, 44, 35, 37, 34, 36, 40, 39, 24, 48, 38, 5, 15, 6, 4, 25, 12, 28, 27, 26, 47, 13, 14, 52, 11, 51, 33, 43, 10, 9, 8, 41, 19, 45, 22]

Individual 52:
  Route length: 8240
  Contribution to Diversity: 0
  Route: [1, 49, 32, 3, 18, 31, 21, 17, 42, 7, 2, 30, 23, 20, 50, 29, 16, 46, 35, 44, 34, 5, 24, 48, 38, 37, 40, 39, 36, 15, 6, 4, 25, 12, 28, 27, 26, 47, 13, 14, 52, 11, 51, 33, 43, 10, 9, 8, 41, 19, 45, 22]

Individual 53:
  Route length: 8296
  Contribution to Diversity: 0
  Route: [1, 49, 32, 45, 19, 41, 8, 9, 10, 43, 33, 51, 11, 52, 14, 13, 47, 26, 27, 28, 12, 25, 4, 6, 15, 5, 38, 48, 39, 40, 37, 36, 46, 44, 34, 35, 24, 16, 29, 50, 20, 23, 42, 7, 2, 30, 21, 17, 3, 18, 31, 22]

Individual 54:
  Route length: 8128
  Contribution to Diversity: 0
  Route: [1, 49, 32, 3, 18, 31, 21, 17, 42, 7, 2, 30, 23, 20, 50, 29, 16, 46, 39, 36, 34, 44, 35, 24, 48, 38, 37, 40, 5, 15, 6, 4, 25, 12, 28, 27, 26, 47, 13, 14, 52, 11, 51, 33, 43, 10, 9, 8, 41, 19, 45, 22]

Individual 55:
  Route length: 8151
  Contribution to Diversity: 0
  Route: [1, 49, 32, 3, 18, 31, 21, 17, 42, 7, 2, 30, 23, 20, 50, 29, 16, 46, 44, 37, 35, 40, 36, 34, 39, 24, 48, 38, 5, 15, 6, 4, 25, 12, 28, 27, 26, 47, 13, 14, 52, 11, 51, 33, 43, 10, 9, 8, 41, 19, 45, 22]

Individual 56:
  Route length: 8237
  Contribution to Diversity: 0.0005176235189363609
  Route: [1, 49, 32, 45, 19, 41, 8, 9, 10, 43, 33, 51, 11, 52, 14, 13, 47, 26, 27, 28, 12, 25, 4, 6, 15, 5, 24, 48, 44, 50, 29, 16, 34, 38, 37, 40, 39, 35, 36, 46, 20, 23, 30, 2, 7, 42, 21, 17, 3, 18, 31, 22]

Individual 57:
  Route length: 8276
  Contribution to Diversity: 0.0015399464222500825
  Route: [1, 49, 44, 46, 16, 29, 50, 20, 23, 30, 42, 7, 2, 17, 21, 31, 18, 3, 32, 19, 41, 8, 9, 10, 43, 33, 51, 11, 52, 14, 13, 47, 26, 27, 28, 12, 25, 4, 6, 15, 5, 24, 48, 38, 37, 40, 39, 36, 35, 34, 45, 22]

Individual 58:
  Route length: 8186
  Contribution to Diversity: 0
  Route: [1, 49, 32, 45, 19, 41, 8, 9, 10, 43, 33, 51, 11, 52, 14, 13, 47, 26, 27, 28, 12, 25, 4, 6, 36, 39, 40, 37, 15, 5, 48, 38, 46, 44, 34, 35, 24, 16, 29, 50, 20, 23, 30, 2, 7, 42, 21, 17, 3, 18, 31, 22]

Individual 59:
  Route length: 8280
  Contribution to Diversity: 0.0015828715185719489
  Route: [40, 37, 24, 5, 15, 6, 35, 36, 39, 48, 38, 4, 25, 12, 28, 27, 26, 47, 13, 14, 52, 11, 51, 33, 43, 10, 9, 8, 41, 19, 45, 32, 49, 1, 34, 44, 46, 16, 29, 20, 50, 23, 30, 2, 7, 42, 21, 17, 3, 18, 31, 22]

Individual 60:
  Route length: 8074
  Contribution to Diversity: 0
  Route: [1, 35, 36, 39, 40, 38, 46, 48, 24, 5, 15, 6, 37, 34, 49, 32, 45, 19, 41, 8, 9, 10, 43, 33, 51, 11, 52, 14, 13, 47, 26, 27, 28, 12, 25, 4, 44, 16, 29, 50, 20, 23, 30, 2, 7, 42, 21, 17, 3, 18, 31, 22]

Individual 61:
  Route length: 8077
  Contribution to Diversity: 0
  Route: [1, 25, 12, 28, 27, 26, 47, 13, 14, 52, 11, 51, 33, 43, 10, 9, 8, 41, 19, 45, 32, 49, 37, 6, 4, 15, 5, 24, 48, 38, 40, 39, 36, 35, 34, 44, 46, 16, 29, 50, 20, 23, 30, 2, 7, 42, 21, 17, 3, 18, 31, 22]

Individual 62:
  Route length: 8215
  Contribution to Diversity: 0
  Route: [1, 49, 32, 3, 18, 31, 21, 17, 42, 7, 2, 30, 23, 20, 50, 29, 16, 46, 44, 35, 37, 36, 34, 24, 39, 40, 48, 38, 5, 15, 6, 4, 25, 12, 28, 27, 26, 47, 13, 14, 52, 11, 51, 33, 43, 10, 9, 8, 41, 19, 45, 22]

Individual 63:
  Route length: 8230
  Contribution to Diversity: 0.0003573693029101932
  Route: [1, 49, 32, 45, 19, 41, 8, 9, 10, 43, 33, 51, 11, 52, 14, 13, 47, 26, 27, 28, 12, 25, 15, 5, 24, 48, 38, 37, 40, 39, 6, 4, 34, 36, 35, 44, 46, 16, 29, 20, 50, 31, 18, 3, 17, 21, 42, 7, 2, 30, 23, 22]

Individual 64:
  Route length: 8120
  Contribution to Diversity: 0
  Route: [1, 49, 32, 3, 18, 31, 21, 17, 42, 7, 2, 30, 23, 20, 50, 29, 16, 46, 39, 36, 34, 44, 35, 38, 48, 24, 37, 40, 5, 15, 6, 4, 25, 12, 28, 27, 26, 47, 13, 14, 52, 11, 51, 33, 43, 10, 9, 8, 41, 19, 45, 22]

Individual 65:
  Route length: 8229
  Contribution to Diversity: 0
  Route: [1, 49, 3, 17, 30, 2, 7, 42, 21, 23, 20, 50, 29, 16, 46, 39, 36, 35, 34, 44, 40, 37, 38, 48, 24, 5, 15, 6, 4, 25, 12, 28, 27, 26, 47, 13, 14, 52, 11, 51, 33, 43, 10, 9, 8, 41, 19, 45, 32, 18, 31, 22]

Individual 66:
  Route length: 8268
  Contribution to Diversity: 0
  Route: [1, 49, 36, 39, 46, 16, 29, 50, 20, 23, 30, 2, 7, 42, 17, 21, 31, 18, 3, 32, 34, 44, 35, 38, 48, 24, 37, 40, 5, 15, 6, 4, 25, 12, 28, 27, 26, 47, 13, 14, 52, 11, 51, 33, 43, 10, 9, 8, 41, 19, 45, 22]

Individual 67:
  Route length: 8187
  Contribution to Diversity: 0.00020661295535795432
  Route: [1, 49, 36, 35, 32, 45, 19, 41, 8, 9, 10, 43, 33, 51, 11, 52, 14, 13, 47, 26, 27, 28, 12, 25, 4, 6, 15, 5, 24, 48, 38, 39, 40, 37, 34, 20, 50, 29, 16, 46, 44, 31, 18, 3, 17, 21, 42, 7, 2, 30, 23, 22]

Individual 68:
  Route length: 8183
  Contribution to Diversity: 0.0006640431381415013
  Route: [1, 23, 30, 2, 7, 42, 21, 17, 3, 49, 32, 45, 19, 41, 8, 9, 10, 43, 33, 51, 11, 52, 14, 13, 47, 26, 27, 28, 12, 25, 4, 6, 15, 5, 24, 48, 40, 37, 38, 44, 34, 35, 36, 39, 46, 16, 29, 50, 20, 31, 18, 22]

Individual 69:
  Route length: 8276
  Contribution to Diversity: 0.0014656653152673726
  Route: [1, 49, 32, 45, 19, 41, 8, 9, 10, 43, 4, 5, 6, 15, 33, 51, 11, 52, 14, 13, 47, 26, 27, 28, 12, 25, 24, 48, 38, 37, 40, 39, 35, 36, 46, 44, 34, 16, 29, 50, 20, 23, 30, 2, 7, 42, 21, 17, 3, 18, 31, 22]

Individual 70:
  Route length: 8294
  Contribution to Diversity: 0.0018355565467187418
  Route: [1, 45, 32, 34, 49, 19, 41, 8, 9, 10, 43, 33, 51, 11, 52, 14, 13, 27, 26, 47, 28, 12, 25, 4, 6, 15, 5, 24, 48, 37, 38, 39, 40, 36, 35, 44, 46, 16, 29, 50, 20, 23, 30, 2, 7, 42, 21, 17, 3, 18, 31, 22]

Individual 71:
  Route length: 8096
  Contribution to Diversity: 0
  Route: [1, 49, 32, 3, 18, 31, 21, 17, 42, 7, 2, 30, 23, 20, 50, 29, 16, 46, 35, 44, 34, 36, 39, 40, 37, 5, 24, 48, 38, 6, 15, 4, 25, 12, 28, 27, 26, 47, 13, 14, 52, 11, 51, 33, 43, 10, 9, 8, 41, 19, 45, 22]

Individual 72:
  Route length: 8233
  Contribution to Diversity: 0.0012747206909802244
  Route: [1, 49, 32, 3, 18, 31, 21, 17, 42, 7, 2, 30, 23, 20, 50, 29, 16, 46, 35, 44, 34, 36, 39, 40, 37, 5, 24, 15, 6, 38, 48, 25, 4, 12, 28, 27, 26, 47, 13, 14, 52, 11, 51, 33, 43, 10, 9, 8, 41, 19, 45, 22]

Individual 73:
  Route length: 8289
  Contribution to Diversity: 0.0007628034060180866
  Route: [1, 49, 32, 45, 19, 41, 8, 9, 10, 43, 33, 51, 11, 52, 14, 13, 47, 26, 27, 28, 12, 25, 4, 6, 36, 39, 34, 35, 15, 5, 48, 38, 37, 40, 46, 44, 24, 16, 29, 50, 20, 23, 30, 2, 7, 42, 21, 17, 3, 18, 31, 22]

Individual 74:
  Route length: 8146
  Contribution to Diversity: 0.000498665616201599
  Route: [1, 49, 32, 3, 18, 31, 21, 17, 42, 7, 2, 30, 23, 20, 50, 29, 16, 46, 44, 34, 35, 36, 40, 39, 4, 6, 15, 5, 24, 48, 38, 37, 25, 12, 28, 27, 26, 47, 14, 13, 52, 11, 51, 33, 43, 10, 9, 8, 41, 19, 45, 22]

Individual 75:
  Route length: 8176
  Contribution to Diversity: 0
  Route: [1, 49, 32, 45, 19, 41, 8, 9, 10, 43, 33, 51, 11, 52, 14, 13, 47, 26, 27, 28, 12, 25, 4, 6, 15, 5, 24, 48, 38, 40, 37, 35, 36, 39, 46, 50, 20, 31, 18, 3, 17, 21, 42, 7, 2, 30, 23, 29, 16, 44, 34, 22]

Individual 76:
  Route length: 8079
  Contribution to Diversity: 0
  Route: [1, 35, 36, 39, 40, 38, 4, 25, 37, 34, 49, 32, 45, 19, 41, 8, 9, 10, 43, 33, 51, 11, 52, 14, 13, 47, 26, 27, 28, 12, 6, 15, 5, 24, 48, 46, 44, 16, 29, 50, 20, 23, 30, 2, 7, 42, 21, 17, 3, 18, 31, 22]

Individual 77:
  Route length: 8206
  Contribution to Diversity: 0.0005640371368995645
  Route: [1, 49, 32, 45, 19, 41, 8, 9, 10, 43, 33, 51, 11, 52, 14, 13, 47, 26, 27, 28, 12, 25, 4, 6, 15, 5, 24, 48, 38, 37, 40, 39, 36, 46, 16, 29, 44, 34, 35, 50, 20, 31, 18, 3, 17, 21, 42, 2, 7, 30, 23, 22]

Individual 78:
  Route length: 8083
  Contribution to Diversity: 0
  Route: [1, 49, 32, 3, 18, 31, 21, 17, 42, 7, 2, 30, 23, 20, 50, 29, 16, 46, 44, 34, 35, 36, 38, 48, 24, 39, 40, 37, 6, 15, 5, 4, 25, 12, 28, 27, 26, 47, 13, 14, 52, 11, 51, 33, 43, 10, 9, 8, 41, 19, 45, 22]

Individual 79:
  Route length: 8262
  Contribution to Diversity: 0
  Route: [1, 38, 48, 24, 5, 15, 6, 4, 25, 12, 28, 27, 26, 47, 13, 14, 52, 11, 51, 33, 43, 10, 9, 8, 41, 19, 45, 32, 49, 37, 40, 44, 34, 35, 36, 39, 46, 16, 29, 50, 20, 23, 21, 42, 7, 2, 30, 17, 3, 18, 31, 22]

Individual 80:
  Route length: 8192
  Contribution to Diversity: 0
  Route: [1, 49, 32, 3, 18, 31, 2, 7, 42, 17, 21, 30, 23, 20, 50, 29, 16, 46, 44, 34, 35, 36, 37, 40, 39, 24, 48, 38, 5, 15, 6, 4, 25, 12, 28, 27, 26, 47, 13, 14, 52, 11, 51, 33, 43, 10, 9, 8, 41, 19, 45, 22]

Individual 81:
  Route length: 8290
  Contribution to Diversity: 0.0012712140425117369
  Route: [1, 44, 34, 40, 37, 36, 35, 5, 38, 39, 49, 32, 3, 18, 31, 21, 17, 42, 7, 2, 30, 23, 20, 50, 29, 16, 46, 48, 24, 15, 6, 4, 25, 12, 28, 27, 26, 47, 13, 14, 52, 11, 51, 33, 43, 10, 9, 8, 41, 19, 45, 22]

Individual 82:
  Route length: 8165
  Contribution to Diversity: 0.0003149170645926347
  Route: [1, 49, 32, 45, 19, 41, 8, 9, 10, 43, 33, 51, 11, 52, 14, 13, 47, 26, 27, 28, 12, 25, 4, 6, 15, 5, 24, 48, 38, 40, 37, 35, 36, 34, 39, 46, 50, 20, 31, 18, 3, 17, 21, 42, 7, 2, 30, 23, 29, 16, 44, 22]

Individual 83:
  Route length: 8265
  Contribution to Diversity: 0.0008438701392856629
  Route: [1, 32, 49, 44, 48, 24, 5, 15, 6, 4, 25, 12, 28, 27, 26, 47, 13, 14, 52, 11, 51, 33, 43, 10, 9, 8, 41, 19, 45, 46, 36, 35, 39, 40, 37, 38, 34, 16, 29, 50, 20, 23, 30, 2, 7, 42, 21, 17, 3, 18, 31, 22]

Individual 84:
  Route length: 8187
  Contribution to Diversity: 0
  Route: [1, 49, 32, 3, 18, 31, 21, 17, 42, 7, 2, 30, 23, 20, 50, 29, 16, 46, 44, 34, 35, 36, 40, 37, 6, 15, 5, 38, 48, 24, 39, 4, 25, 12, 28, 27, 26, 47, 13, 14, 52, 11, 51, 33, 43, 10, 9, 8, 41, 19, 45, 22]

Individual 85:
  Route length: 8211
  Contribution to Diversity: 0.0006736239832365598
  Route: [1, 49, 32, 45, 19, 41, 8, 9, 10, 43, 33, 51, 11, 52, 14, 13, 47, 26, 27, 28, 12, 25, 4, 6, 36, 39, 44, 46, 38, 48, 5, 15, 37, 40, 24, 35, 34, 16, 29, 50, 20, 23, 30, 2, 7, 42, 21, 17, 3, 18, 31, 22]

Individual 86:
  Route length: 8254
  Contribution to Diversity: 7.268661620063455e-05
  Route: [1, 49, 32, 45, 19, 41, 8, 9, 10, 43, 33, 51, 11, 52, 14, 13, 47, 26, 27, 28, 12, 6, 4, 25, 15, 24, 5, 40, 37, 38, 48, 46, 16, 29, 44, 34, 35, 36, 39, 50, 20, 23, 30, 2, 7, 42, 21, 17, 3, 18, 31, 22]

Individual 87:
  Route length: 8140
  Contribution to Diversity: 0
  Route: [1, 49, 32, 3, 18, 31, 21, 17, 42, 7, 2, 30, 23, 20, 50, 29, 16, 46, 44, 34, 35, 36, 40, 39, 4, 6, 15, 5, 37, 38, 48, 24, 25, 12, 28, 27, 26, 47, 13, 14, 52, 11, 51, 33, 43, 10, 9, 8, 41, 19, 45, 22]

Individual 88:
  Route length: 8267
  Contribution to Diversity: 0.001564901905229732
  Route: [1, 49, 32, 45, 19, 41, 8, 9, 10, 43, 33, 51, 11, 52, 14, 13, 26, 47, 28, 27, 12, 25, 4, 6, 15, 5, 48, 38, 37, 40, 39, 36, 24, 35, 34, 44, 46, 16, 29, 50, 20, 23, 42, 7, 2, 30, 21, 17, 3, 18, 31, 22]

Individual 89:
  Route length: 8035
  Contribution to Diversity: 1.8446932349647227e-05
  Route: [1, 35, 32, 45, 19, 41, 8, 9, 10, 43, 33, 51, 11, 52, 14, 13, 47, 26, 27, 28, 12, 25, 4, 38, 40, 39, 36, 49, 34, 37, 6, 15, 5, 24, 48, 46, 44, 16, 29, 50, 20, 23, 30, 2, 7, 42, 21, 17, 3, 18, 31, 22]

Individual 90:
  Route length: 8173
  Contribution to Diversity: 0.000602816031227249
  Route: [1, 35, 36, 39, 40, 38, 4, 25, 12, 28, 27, 26, 47, 13, 14, 52, 11, 51, 33, 43, 10, 9, 8, 41, 19, 45, 32, 49, 34, 37, 6, 15, 5, 24, 48, 46, 44, 16, 29, 50, 20, 18, 3, 17, 21, 42, 7, 2, 30, 23, 31, 22]

Individual 91:
  Route length: 8160
  Contribution to Diversity: 0
  Route: [1, 49, 32, 45, 19, 41, 8, 9, 10, 43, 33, 51, 11, 52, 14, 13, 47, 26, 27, 28, 12, 25, 4, 6, 15, 5, 38, 48, 24, 46, 50, 20, 31, 18, 3, 17, 21, 42, 7, 2, 30, 23, 29, 16, 44, 34, 35, 36, 37, 40, 39, 22]

Individual 92:
  Route length: 8207
  Contribution to Diversity: 0
  Route: [1, 35, 36, 39, 40, 38, 46, 48, 24, 5, 15, 6, 37, 44, 4, 25, 12, 28, 27, 26, 47, 13, 14, 52, 11, 51, 33, 43, 10, 9, 8, 41, 19, 45, 32, 49, 34, 16, 29, 50, 20, 23, 30, 2, 7, 42, 21, 17, 3, 18, 31, 22]

Individual 93:
  Route length: 8071
  Contribution to Diversity: 0
  Route: [1, 32, 45, 19, 41, 8, 9, 10, 43, 33, 51, 11, 52, 14, 13, 47, 26, 27, 28, 12, 25, 37, 49, 6, 4, 15, 5, 24, 48, 38, 40, 39, 36, 35, 34, 44, 46, 16, 29, 50, 20, 23, 30, 2, 7, 42, 21, 17, 3, 18, 31, 22]

Individual 94:
  Route length: 8150
  Contribution to Diversity: 0.00018238750900057
  Route: [1, 35, 36, 39, 34, 49, 32, 45, 19, 41, 8, 9, 10, 43, 33, 51, 11, 52, 14, 13, 47, 26, 27, 28, 12, 25, 4, 38, 37, 44, 46, 40, 6, 15, 5, 24, 48, 16, 29, 50, 20, 23, 30, 2, 7, 42, 21, 17, 3, 18, 31, 22]

Individual 95:
  Route length: 8259
  Contribution to Diversity: 0.0010746451709078286
  Route: [21, 42, 7, 2, 30, 23, 20, 50, 29, 16, 34, 46, 44, 35, 36, 38, 37, 40, 39, 48, 24, 5, 15, 6, 4, 25, 12, 28, 27, 26, 47, 13, 14, 52, 11, 51, 33, 43, 10, 9, 8, 41, 19, 45, 32, 49, 1, 3, 17, 18, 31, 22]

Individual 96:
  Route length: 8178
  Contribution to Diversity: 0
  Route: [1, 49, 32, 45, 19, 41, 8, 9, 10, 43, 33, 51, 11, 52, 14, 13, 47, 26, 27, 28, 12, 25, 24, 36, 39, 40, 37, 38, 48, 5, 15, 6, 4, 35, 34, 44, 46, 16, 29, 50, 20, 23, 42, 7, 2, 30, 21, 17, 3, 18, 31, 22]

Individual 97:
  Route length: 8280
  Contribution to Diversity: 0.0021003553569043376
  Route: [44, 46, 38, 40, 37, 39, 24, 48, 15, 5, 6, 4, 25, 12, 28, 27, 26, 47, 13, 14, 52, 11, 51, 33, 43, 10, 9, 8, 41, 19, 45, 32, 49, 1, 36, 35, 34, 16, 29, 20, 50, 31, 18, 3, 17, 21, 42, 7, 2, 30, 23, 22]

Individual 98:
  Route length: 8225
  Contribution to Diversity: 0.0011758836332127487
  Route: [1, 49, 45, 19, 41, 8, 9, 10, 43, 33, 51, 11, 52, 14, 13, 47, 26, 27, 28, 12, 25, 4, 6, 15, 5, 38, 48, 40, 39, 24, 34, 36, 37, 35, 44, 46, 16, 29, 50, 20, 23, 30, 2, 7, 42, 17, 21, 31, 18, 3, 32, 22]

Individual 99:
  Route length: 8270
  Contribution to Diversity: 0.0006234094822419323
  Route: [1, 49, 32, 3, 18, 31, 21, 17, 42, 7, 2, 30, 23, 20, 50, 29, 16, 46, 44, 39, 40, 36, 34, 37, 35, 6, 15, 5, 38, 48, 24, 4, 25, 12, 28, 27, 26, 47, 13, 14, 52, 11, 51, 33, 43, 10, 9, 8, 41, 19, 45, 22]

Total Entropy H: 4.532878024391414
