Individual 0:
  Route length: 13043
  Contribution to Diversity: 0.05719119990428645
  Route: [40, 32, 4, 37, 38, 15, 6, 35, 50, 46, 18, 21, 42, 23, 34, 48, 24, 5, 44, 47, 26, 13, 14, 52, 11, 51, 27, 28, 12, 25, 16, 29, 45, 19, 39, 43, 33, 10, 9, 8, 41, 3, 17, 36, 49, 1, 30, 2, 7, 20, 31, 22]

Individual 1:
  Route length: 13168
  Contribution to Diversity: 0.050076115607589955
  Route: [21, 48, 46, 40, 4, 16, 29, 30, 39, 35, 1, 32, 19, 41, 49, 45, 50, 20, 34, 36, 23, 31, 18, 42, 7, 2, 47, 26, 13, 14, 52, 11, 27, 28, 12, 25, 33, 51, 15, 5, 24, 6, 37, 38, 44, 43, 10, 9, 8, 17, 3, 22]

Individual 2:
  Route length: 13100
  Contribution to Diversity: 0.062451444958528946
  Route: [48, 15, 25, 47, 43, 33, 51, 11, 52, 14, 13, 38, 35, 19, 3, 17, 21, 7, 42, 31, 2, 30, 29, 16, 46, 36, 39, 34, 44, 37, 6, 24, 5, 26, 27, 28, 12, 4, 49, 1, 40, 50, 20, 23, 41, 8, 9, 10, 45, 32, 18, 22]

Individual 3:
  Route length: 12910
  Contribution to Diversity: 0.05528892916010708
  Route: [1, 49, 23, 30, 2, 7, 42, 21, 17, 31, 45, 18, 32, 35, 44, 39, 6, 12, 28, 13, 14, 52, 11, 51, 33, 25, 16, 50, 20, 36, 8, 9, 10, 3, 43, 29, 46, 37, 5, 15, 24, 47, 26, 27, 4, 38, 34, 48, 40, 41, 19, 22]

Individual 4:
  Route length: 13030
  Contribution to Diversity: 0.04528461975207243
  Route: [32, 39, 35, 8, 9, 10, 40, 37, 1, 49, 18, 17, 3, 15, 6, 4, 25, 12, 26, 47, 13, 14, 52, 11, 51, 33, 43, 46, 27, 28, 5, 48, 24, 50, 19, 41, 45, 38, 44, 34, 36, 31, 29, 16, 7, 2, 30, 23, 20, 42, 21, 22]

Individual 5:
  Route length: 12979
  Contribution to Diversity: 0.07070188173642311
  Route: [32, 49, 21, 3, 17, 7, 42, 29, 30, 2, 18, 31, 25, 37, 38, 44, 34, 16, 50, 46, 20, 23, 15, 6, 48, 28, 12, 51, 4, 26, 47, 14, 52, 11, 13, 27, 43, 33, 10, 9, 8, 41, 19, 45, 1, 35, 39, 40, 5, 36, 24, 22]

Individual 6:
  Route length: 12987
  Contribution to Diversity: 0
  Route: [17, 42, 7, 2, 21, 1, 3, 8, 43, 33, 51, 11, 52, 14, 13, 18, 40, 48, 16, 4, 6, 38, 47, 26, 27, 28, 12, 25, 46, 36, 35, 24, 5, 15, 45, 19, 10, 9, 41, 34, 37, 32, 39, 31, 49, 29, 50, 30, 23, 20, 44, 22]

Individual 7:
  Route length: 13016
  Contribution to Diversity: 0
  Route: [17, 42, 7, 2, 21, 1, 3, 8, 36, 46, 25, 12, 28, 27, 26, 47, 38, 6, 4, 16, 48, 40, 18, 13, 14, 52, 11, 51, 33, 43, 41, 9, 10, 19, 45, 15, 5, 24, 35, 34, 37, 32, 39, 31, 49, 29, 50, 30, 23, 20, 44, 22]

Individual 8:
  Route length: 13164
  Contribution to Diversity: 0.05089859344913883
  Route: [1, 6, 15, 35, 24, 5, 4, 16, 52, 14, 13, 47, 26, 27, 28, 51, 33, 25, 12, 11, 9, 8, 10, 43, 49, 19, 41, 44, 46, 20, 50, 29, 34, 48, 37, 36, 38, 40, 39, 3, 23, 30, 2, 7, 42, 21, 17, 45, 32, 18, 31, 22]

Individual 9:
  Route length: 13045
  Contribution to Diversity: 0.05462508383384712
  Route: [39, 40, 43, 19, 41, 3, 17, 21, 42, 7, 2, 30, 23, 29, 15, 1, 49, 32, 37, 38, 5, 25, 4, 48, 24, 20, 50, 16, 44, 35, 36, 45, 31, 18, 8, 9, 10, 12, 28, 33, 51, 11, 6, 46, 14, 52, 13, 47, 26, 27, 34, 22]

Total Entropy H: 5.301308310341503
