Individual 0:
  Route length: 9370
  Contribution to Diversity: 0.001449933992913266
  Route: [20, 50, 34, 35, 36, 39, 6, 15, 5, 24, 48, 38, 37, 44, 25, 4, 12, 28, 27, 26, 47, 13, 14, 52, 11, 51, 33, 43, 10, 9, 8, 41, 19, 45, 32, 49, 1, 46, 16, 29, 40, 42, 7, 2, 30, 23, 21, 17, 3, 18, 31, 22]

Individual 1:
  Route length: 9307
  Contribution to Diversity: 0.0002855651826321193
  Route: [1, 49, 32, 45, 19, 41, 8, 9, 10, 43, 33, 25, 12, 28, 27, 26, 47, 13, 14, 52, 11, 51, 48, 24, 37, 38, 4, 6, 15, 5, 35, 36, 44, 34, 46, 16, 29, 50, 20, 39, 40, 30, 23, 2, 7, 42, 21, 17, 3, 18, 31, 22]

Individual 2:
  Route length: 9293
  Contribution to Diversity: 0.0008548528300602598
  Route: [1, 49, 32, 45, 19, 41, 8, 9, 33, 10, 43, 5, 4, 25, 51, 11, 52, 14, 13, 47, 26, 27, 28, 12, 15, 6, 24, 48, 38, 37, 40, 39, 35, 34, 44, 46, 16, 29, 50, 20, 23, 3, 17, 21, 42, 7, 2, 30, 36, 18, 31, 22]

Individual 3:
  Route length: 9413
  Contribution to Diversity: 0.001679671373512548
  Route: [1, 49, 23, 19, 18, 30, 7, 2, 42, 21, 17, 3, 32, 41, 8, 45, 9, 10, 43, 33, 51, 11, 52, 14, 13, 47, 26, 27, 28, 12, 25, 4, 6, 15, 5, 24, 38, 48, 46, 44, 34, 35, 36, 39, 40, 37, 16, 29, 50, 20, 31, 22]

Individual 4:
  Route length: 9408
  Contribution to Diversity: 0.0004841406206264054
  Route: [1, 49, 32, 45, 8, 41, 19, 9, 10, 43, 28, 27, 26, 47, 13, 52, 14, 11, 51, 33, 48, 24, 5, 15, 6, 4, 25, 12, 46, 44, 38, 34, 35, 36, 39, 40, 37, 16, 29, 50, 20, 23, 30, 2, 7, 42, 21, 17, 3, 18, 31, 22]

Individual 5:
  Route length: 9414
  Contribution to Diversity: 0
  Route: [1, 49, 32, 44, 34, 35, 36, 39, 40, 37, 16, 29, 50, 20, 46, 5, 24, 38, 48, 15, 6, 4, 25, 12, 28, 27, 26, 47, 13, 14, 52, 11, 51, 33, 43, 10, 9, 45, 8, 41, 3, 17, 21, 42, 7, 2, 30, 19, 23, 18, 31, 22]

Individual 6:
  Route length: 9368
  Contribution to Diversity: 0.0022555850132661703
  Route: [5, 24, 1, 44, 34, 36, 15, 6, 4, 33, 43, 10, 9, 8, 41, 19, 45, 49, 32, 39, 37, 40, 51, 11, 52, 14, 13, 47, 26, 27, 28, 12, 25, 35, 38, 48, 46, 16, 29, 50, 20, 23, 30, 2, 7, 42, 21, 17, 3, 18, 31, 22]

Individual 7:
  Route length: 9383
  Contribution to Diversity: 0.0002641091763457837
  Route: [45, 32, 1, 18, 49, 23, 20, 50, 29, 16, 46, 44, 34, 35, 36, 39, 38, 37, 40, 12, 25, 4, 6, 15, 5, 24, 48, 28, 27, 26, 47, 13, 14, 52, 11, 51, 33, 43, 10, 9, 8, 41, 19, 31, 3, 17, 21, 42, 2, 7, 30, 22]

Individual 8:
  Route length: 9278
  Contribution to Diversity: 0.00026694733598198184
  Route: [32, 49, 1, 21, 17, 42, 7, 2, 30, 23, 20, 50, 29, 16, 27, 26, 47, 13, 14, 52, 11, 51, 28, 12, 25, 4, 6, 15, 5, 24, 38, 48, 46, 44, 34, 35, 36, 39, 40, 37, 19, 41, 33, 43, 10, 9, 8, 45, 3, 18, 31, 22]

Individual 9:
  Route length: 9414
  Contribution to Diversity: 0.001142318317670643
  Route: [1, 49, 32, 45, 19, 41, 8, 9, 10, 15, 33, 51, 11, 52, 14, 13, 47, 26, 27, 28, 12, 25, 4, 37, 40, 24, 48, 5, 6, 43, 29, 16, 46, 44, 34, 35, 36, 39, 38, 50, 20, 23, 30, 2, 7, 42, 21, 3, 17, 18, 31, 22]

Individual 10:
  Route length: 9391
  Contribution to Diversity: 0.0004960833851690438
  Route: [1, 49, 32, 45, 19, 41, 8, 9, 10, 43, 33, 51, 11, 52, 14, 13, 27, 47, 26, 38, 6, 15, 48, 24, 5, 20, 25, 12, 28, 4, 40, 37, 39, 36, 35, 34, 44, 46, 16, 29, 50, 23, 30, 2, 7, 42, 21, 17, 3, 18, 31, 22]

Individual 11:
  Route length: 9339
  Contribution to Diversity: 0.00038156025686753026
  Route: [45, 32, 49, 34, 44, 46, 16, 29, 50, 20, 23, 30, 7, 2, 42, 21, 17, 3, 18, 1, 10, 43, 15, 6, 35, 36, 40, 39, 38, 37, 48, 24, 5, 4, 25, 12, 28, 27, 26, 47, 13, 14, 52, 11, 51, 33, 9, 8, 41, 19, 31, 22]

Individual 12:
  Route length: 9167
  Contribution to Diversity: 0.0016172836821750636
  Route: [45, 32, 1, 18, 49, 23, 20, 50, 29, 16, 46, 44, 34, 35, 36, 39, 38, 37, 40, 48, 24, 5, 15, 6, 4, 25, 12, 52, 14, 13, 47, 26, 27, 28, 11, 51, 33, 43, 10, 9, 8, 41, 19, 31, 3, 17, 21, 42, 2, 7, 30, 22]

Individual 13:
  Route length: 9401
  Contribution to Diversity: 0.0009111437947320056
  Route: [1, 49, 32, 45, 19, 41, 8, 9, 33, 10, 43, 4, 5, 35, 34, 44, 46, 16, 29, 50, 20, 23, 39, 40, 37, 38, 48, 24, 6, 15, 12, 28, 27, 26, 47, 13, 14, 52, 11, 51, 25, 36, 30, 2, 7, 42, 21, 17, 3, 18, 31, 22]

Individual 14:
  Route length: 9365
  Contribution to Diversity: 0.000798854182930242
  Route: [1, 49, 32, 45, 19, 41, 8, 9, 10, 43, 25, 4, 6, 15, 5, 40, 39, 37, 48, 24, 38, 47, 13, 14, 52, 11, 51, 33, 12, 28, 27, 26, 46, 16, 29, 44, 34, 35, 36, 3, 17, 21, 42, 7, 2, 30, 50, 20, 23, 18, 31, 22]

Individual 15:
  Route length: 9399
  Contribution to Diversity: 0.0003001846527777019
  Route: [1, 49, 32, 45, 19, 41, 8, 9, 10, 43, 33, 51, 11, 52, 14, 13, 27, 26, 47, 15, 6, 4, 28, 12, 25, 20, 5, 24, 40, 34, 48, 38, 37, 39, 36, 35, 44, 46, 16, 29, 50, 23, 30, 2, 7, 42, 21, 17, 3, 18, 31, 22]

Individual 16:
  Route length: 9366
  Contribution to Diversity: 0.00032609070680855723
  Route: [1, 49, 19, 45, 15, 6, 4, 25, 12, 28, 27, 26, 47, 13, 14, 52, 11, 51, 40, 37, 38, 48, 24, 5, 39, 36, 35, 34, 44, 46, 16, 29, 50, 20, 23, 30, 2, 7, 42, 21, 32, 43, 33, 10, 9, 8, 41, 31, 3, 17, 18, 22]

Individual 17:
  Route length: 9320
  Contribution to Diversity: 0.000579071048069757
  Route: [1, 49, 32, 17, 21, 42, 7, 2, 30, 29, 50, 20, 23, 16, 27, 26, 47, 13, 14, 52, 11, 51, 28, 12, 25, 4, 6, 15, 5, 24, 38, 48, 46, 44, 34, 35, 36, 39, 40, 37, 43, 33, 41, 19, 10, 9, 8, 45, 3, 18, 31, 22]

Individual 18:
  Route length: 9298
  Contribution to Diversity: 0.0009775330205590294
  Route: [18, 31, 32, 46, 51, 11, 52, 14, 13, 47, 26, 27, 28, 12, 25, 4, 6, 15, 5, 1, 49, 44, 43, 33, 9, 10, 8, 41, 19, 45, 3, 17, 2, 7, 42, 21, 30, 23, 20, 50, 29, 16, 24, 48, 38, 37, 40, 39, 36, 35, 34, 22]

Individual 19:
  Route length: 9405
  Contribution to Diversity: 0.0009870103010758413
  Route: [1, 49, 32, 45, 19, 41, 8, 9, 10, 43, 33, 51, 11, 52, 14, 28, 27, 26, 47, 13, 4, 39, 48, 38, 37, 24, 5, 15, 6, 12, 25, 44, 34, 35, 36, 40, 46, 16, 50, 29, 23, 20, 30, 2, 7, 42, 21, 17, 3, 18, 31, 22]

Individual 20:
  Route length: 9404
  Contribution to Diversity: 0.0005453542108018183
  Route: [41, 8, 45, 32, 49, 1, 15, 6, 24, 5, 40, 37, 35, 36, 39, 34, 38, 44, 48, 46, 4, 25, 12, 28, 27, 26, 47, 13, 14, 52, 11, 51, 33, 43, 10, 9, 19, 23, 20, 50, 29, 16, 30, 2, 7, 42, 21, 17, 3, 18, 31, 22]

Individual 21:
  Route length: 9288
  Contribution to Diversity: 0.001022794349223588
  Route: [39, 36, 35, 34, 44, 46, 43, 33, 51, 11, 52, 14, 13, 47, 26, 27, 28, 12, 25, 4, 6, 15, 5, 37, 38, 48, 24, 20, 23, 30, 1, 49, 32, 45, 19, 41, 8, 9, 10, 40, 16, 29, 50, 21, 42, 7, 2, 17, 3, 18, 31, 22]

Individual 22:
  Route length: 9349
  Contribution to Diversity: 0.0007546034319014794
  Route: [1, 49, 32, 45, 8, 41, 3, 17, 21, 42, 7, 2, 30, 23, 20, 50, 29, 16, 37, 40, 39, 36, 35, 34, 38, 44, 46, 48, 24, 15, 5, 12, 28, 27, 25, 4, 6, 26, 47, 13, 14, 52, 11, 51, 33, 43, 10, 9, 19, 18, 31, 22]

Individual 23:
  Route length: 9387
  Contribution to Diversity: 0.0005951183795254167
  Route: [1, 37, 23, 20, 50, 30, 2, 7, 42, 21, 17, 45, 19, 41, 8, 32, 49, 35, 36, 40, 39, 38, 48, 24, 6, 15, 5, 34, 44, 46, 16, 29, 4, 25, 12, 28, 27, 26, 47, 13, 14, 52, 11, 51, 33, 43, 10, 9, 3, 18, 31, 22]

Individual 24:
  Route length: 9403
  Contribution to Diversity: 0.0019612417135332905
  Route: [1, 49, 32, 45, 25, 12, 28, 27, 26, 47, 13, 14, 52, 11, 51, 33, 43, 10, 9, 8, 41, 19, 36, 39, 40, 37, 6, 15, 5, 24, 48, 38, 4, 35, 44, 34, 23, 20, 30, 46, 16, 29, 50, 21, 42, 2, 7, 17, 3, 18, 31, 22]

Individual 25:
  Route length: 9226
  Contribution to Diversity: 0.0009754188472763659
  Route: [44, 46, 16, 1, 31, 19, 41, 8, 9, 10, 45, 37, 38, 48, 24, 5, 15, 6, 4, 25, 12, 28, 27, 26, 47, 13, 14, 52, 11, 51, 33, 43, 40, 39, 36, 35, 34, 32, 49, 18, 20, 50, 29, 23, 30, 7, 2, 42, 21, 17, 3, 22]

Individual 26:
  Route length: 9421
  Contribution to Diversity: 0.0010266085183614493
  Route: [1, 49, 34, 44, 46, 16, 37, 40, 32, 35, 36, 24, 45, 19, 41, 8, 9, 10, 43, 33, 51, 11, 52, 14, 13, 47, 26, 27, 28, 12, 38, 48, 39, 15, 5, 6, 4, 25, 30, 23, 20, 50, 29, 2, 7, 42, 21, 17, 3, 18, 31, 22]

Individual 27:
  Route length: 9418
  Contribution to Diversity: 0.0009992889833760898
  Route: [41, 8, 45, 32, 49, 5, 24, 38, 6, 15, 1, 31, 18, 3, 17, 21, 42, 7, 2, 30, 23, 20, 50, 29, 16, 37, 40, 39, 44, 46, 48, 35, 34, 36, 4, 25, 12, 28, 27, 26, 47, 13, 14, 52, 11, 51, 33, 43, 10, 9, 19, 22]

Individual 28:
  Route length: 9403
  Contribution to Diversity: 0.0005603551029240705
  Route: [1, 49, 32, 45, 19, 41, 8, 9, 10, 43, 33, 51, 11, 52, 14, 13, 27, 47, 26, 38, 6, 15, 48, 4, 28, 12, 25, 20, 5, 24, 40, 37, 39, 36, 35, 34, 44, 46, 16, 29, 50, 23, 30, 2, 7, 42, 21, 17, 3, 18, 31, 22]

Individual 29:
  Route length: 9250
  Contribution to Diversity: 0.0006425090765009855
  Route: [45, 19, 41, 8, 9, 10, 43, 33, 51, 11, 52, 14, 13, 47, 26, 27, 28, 12, 25, 4, 5, 15, 38, 48, 24, 34, 44, 46, 20, 50, 29, 16, 37, 39, 36, 35, 32, 40, 6, 49, 1, 31, 18, 23, 30, 2, 7, 42, 3, 17, 21, 22]

Individual 30:
  Route length: 9288
  Contribution to Diversity: 0.0023402111099652956
  Route: [1, 5, 24, 31, 18, 3, 17, 21, 42, 7, 2, 30, 23, 20, 50, 29, 16, 46, 48, 38, 35, 36, 40, 37, 39, 32, 49, 44, 34, 4, 25, 12, 51, 11, 52, 13, 14, 47, 26, 27, 28, 6, 15, 33, 43, 10, 9, 8, 41, 19, 45, 22]

Individual 31:
  Route length: 9398
  Contribution to Diversity: 0.0007497578560675677
  Route: [45, 32, 49, 34, 44, 46, 16, 29, 50, 20, 23, 30, 7, 2, 42, 21, 17, 3, 18, 1, 10, 43, 15, 6, 37, 38, 39, 40, 36, 35, 5, 24, 48, 4, 25, 12, 28, 27, 26, 47, 13, 14, 52, 11, 51, 33, 9, 8, 41, 19, 31, 22]

Individual 32:
  Route length: 9350
  Contribution to Diversity: 0.0005980410084136523
  Route: [1, 49, 45, 19, 41, 8, 9, 10, 43, 33, 51, 11, 52, 14, 13, 47, 26, 27, 28, 12, 25, 4, 24, 48, 38, 15, 5, 34, 44, 46, 20, 50, 29, 16, 37, 39, 36, 35, 32, 40, 6, 31, 18, 23, 30, 2, 7, 42, 3, 17, 21, 22]

Individual 33:
  Route length: 9330
  Contribution to Diversity: 0.00028340606029342297
  Route: [18, 31, 32, 6, 4, 25, 12, 28, 27, 26, 47, 13, 14, 52, 11, 51, 33, 43, 10, 9, 8, 41, 19, 45, 3, 17, 21, 42, 7, 2, 30, 23, 20, 50, 29, 15, 5, 1, 49, 39, 34, 35, 44, 36, 37, 46, 40, 24, 48, 38, 16, 22]

Individual 34:
  Route length: 9400
  Contribution to Diversity: 0.0023705350392626556
  Route: [41, 8, 45, 1, 44, 38, 24, 15, 6, 4, 25, 12, 28, 27, 26, 47, 13, 14, 52, 11, 51, 33, 43, 10, 9, 19, 5, 32, 49, 40, 39, 36, 34, 35, 48, 46, 37, 16, 29, 50, 20, 23, 30, 2, 7, 42, 21, 17, 3, 18, 31, 22]

Individual 35:
  Route length: 9403
  Contribution to Diversity: 0.002655137278654074
  Route: [1, 49, 35, 34, 38, 44, 46, 6, 15, 32, 16, 20, 50, 29, 48, 24, 5, 4, 25, 12, 28, 27, 26, 47, 13, 14, 52, 11, 51, 33, 43, 10, 9, 19, 41, 8, 45, 36, 39, 40, 37, 18, 3, 17, 21, 42, 7, 2, 30, 23, 31, 22]

Individual 36:
  Route length: 9395
  Contribution to Diversity: 0.001628175002860388
  Route: [20, 50, 29, 16, 37, 39, 36, 49, 6, 40, 32, 35, 1, 34, 44, 46, 5, 15, 38, 48, 24, 4, 25, 12, 28, 27, 26, 47, 13, 14, 52, 11, 51, 33, 43, 10, 9, 8, 41, 19, 45, 21, 17, 3, 42, 7, 2, 30, 23, 18, 31, 22]

Individual 37:
  Route length: 9304
  Contribution to Diversity: 0.000191232652579032
  Route: [1, 16, 29, 50, 20, 23, 30, 2, 7, 42, 17, 3, 46, 44, 34, 5, 15, 38, 37, 49, 6, 40, 32, 35, 36, 39, 48, 24, 4, 25, 12, 28, 27, 26, 47, 13, 14, 52, 11, 51, 33, 43, 10, 9, 8, 41, 19, 45, 21, 31, 18, 22]

Individual 38:
  Route length: 9327
  Contribution to Diversity: 0.0006848848424461096
  Route: [1, 16, 29, 50, 20, 23, 30, 2, 7, 42, 17, 3, 46, 44, 34, 5, 15, 39, 36, 32, 35, 40, 6, 49, 37, 38, 48, 24, 4, 25, 12, 28, 27, 26, 47, 13, 14, 52, 11, 51, 33, 43, 10, 9, 8, 41, 19, 45, 21, 31, 18, 22]

Individual 39:
  Route length: 9288
  Contribution to Diversity: 0.0013595504304584338
  Route: [18, 31, 32, 6, 4, 25, 12, 28, 27, 26, 47, 13, 14, 52, 11, 51, 33, 43, 10, 9, 8, 41, 19, 45, 3, 17, 21, 42, 7, 2, 30, 23, 20, 50, 29, 34, 39, 49, 1, 5, 15, 46, 37, 36, 44, 35, 40, 24, 48, 38, 16, 22]

Individual 40:
  Route length: 9327
  Contribution to Diversity: 0
  Route: [19, 45, 32, 49, 1, 31, 18, 3, 17, 21, 42, 7, 2, 30, 23, 20, 50, 29, 16, 46, 44, 34, 35, 36, 6, 51, 11, 52, 14, 13, 47, 26, 27, 28, 12, 33, 43, 37, 38, 40, 39, 5, 24, 48, 15, 25, 4, 10, 9, 8, 41, 22]

Individual 41:
  Route length: 9376
  Contribution to Diversity: 0.0010245738467231646
  Route: [32, 49, 1, 37, 48, 38, 24, 5, 15, 25, 4, 6, 51, 11, 52, 14, 13, 47, 26, 27, 28, 12, 33, 43, 10, 9, 8, 41, 19, 45, 40, 39, 36, 35, 34, 44, 46, 16, 29, 17, 2, 7, 42, 21, 31, 50, 20, 23, 30, 18, 3, 22]

Individual 42:
  Route length: 9305
  Contribution to Diversity: 0
  Route: [18, 31, 32, 46, 5, 1, 49, 44, 16, 29, 50, 15, 6, 4, 25, 12, 28, 27, 26, 47, 13, 14, 52, 11, 51, 33, 43, 10, 9, 8, 41, 19, 45, 3, 17, 21, 42, 7, 2, 30, 20, 23, 40, 39, 24, 48, 37, 38, 36, 35, 34, 22]

Individual 43:
  Route length: 9318
  Contribution to Diversity: 0
  Route: [38, 37, 43, 33, 12, 28, 27, 26, 47, 13, 14, 52, 11, 51, 6, 36, 35, 34, 44, 46, 16, 29, 50, 20, 23, 30, 2, 7, 42, 21, 17, 3, 18, 31, 1, 49, 32, 45, 19, 41, 8, 9, 10, 48, 24, 5, 15, 25, 4, 39, 40, 22]

Individual 44:
  Route length: 9416
  Contribution to Diversity: 0.001890591549250864
  Route: [18, 31, 32, 46, 44, 49, 1, 20, 23, 30, 2, 7, 42, 21, 17, 3, 45, 19, 41, 8, 9, 10, 43, 33, 51, 11, 52, 14, 13, 47, 26, 27, 28, 12, 24, 25, 29, 50, 16, 5, 15, 6, 4, 37, 38, 48, 35, 36, 39, 40, 34, 22]

Individual 45:
  Route length: 9233
  Contribution to Diversity: 0.0010644095969798428
  Route: [44, 46, 16, 1, 31, 19, 41, 8, 9, 10, 45, 37, 38, 48, 24, 5, 15, 6, 4, 25, 12, 28, 27, 26, 47, 13, 14, 52, 11, 51, 33, 43, 40, 39, 36, 35, 34, 32, 49, 18, 50, 20, 23, 29, 30, 7, 2, 42, 21, 17, 3, 22]

Individual 46:
  Route length: 9361
  Contribution to Diversity: 0.0014173615107093696
  Route: [32, 49, 1, 37, 40, 39, 36, 35, 34, 48, 24, 15, 25, 12, 28, 27, 26, 47, 13, 14, 52, 11, 51, 33, 43, 6, 38, 4, 17, 21, 42, 7, 2, 30, 23, 20, 50, 29, 16, 46, 44, 5, 45, 19, 41, 8, 9, 10, 3, 18, 31, 22]

Individual 47:
  Route length: 9089
  Contribution to Diversity: 0
  Route: [17, 3, 45, 19, 41, 8, 9, 10, 43, 33, 51, 11, 52, 14, 13, 47, 26, 27, 28, 12, 25, 4, 6, 32, 31, 18, 21, 42, 7, 2, 30, 23, 20, 50, 29, 44, 46, 37, 40, 39, 49, 1, 5, 15, 24, 48, 38, 34, 35, 36, 16, 22]

Individual 48:
  Route length: 9301
  Contribution to Diversity: 0
  Route: [18, 31, 32, 46, 44, 49, 1, 25, 37, 38, 48, 24, 16, 29, 50, 20, 23, 30, 2, 7, 42, 21, 17, 3, 45, 19, 41, 8, 9, 10, 43, 5, 15, 6, 4, 12, 28, 27, 26, 47, 13, 14, 52, 11, 51, 33, 40, 39, 36, 35, 34, 22]

Individual 49:
  Route length: 9403
  Contribution to Diversity: 0.0009109284912929283
  Route: [49, 1, 4, 25, 23, 20, 37, 40, 46, 44, 34, 35, 36, 39, 38, 48, 24, 5, 15, 6, 12, 28, 27, 26, 47, 13, 14, 52, 11, 51, 33, 43, 10, 9, 8, 41, 45, 19, 32, 29, 16, 50, 30, 2, 7, 42, 21, 17, 3, 18, 31, 22]

Individual 50:
  Route length: 9412
  Contribution to Diversity: 0.0002730981847021141
  Route: [1, 49, 32, 44, 34, 25, 12, 28, 27, 26, 47, 13, 14, 52, 11, 51, 33, 43, 10, 9, 8, 41, 19, 36, 39, 40, 37, 38, 48, 24, 5, 15, 6, 4, 35, 45, 50, 29, 16, 46, 30, 20, 23, 7, 2, 42, 21, 17, 3, 18, 31, 22]

Individual 51:
  Route length: 9272
  Contribution to Diversity: 0
  Route: [1, 49, 34, 44, 51, 11, 52, 14, 13, 47, 26, 27, 28, 12, 25, 4, 6, 15, 5, 39, 32, 45, 19, 41, 8, 9, 10, 43, 33, 38, 16, 46, 36, 35, 48, 24, 37, 40, 23, 20, 50, 29, 30, 2, 7, 42, 21, 17, 3, 18, 31, 22]

Individual 52:
  Route length: 9369
  Contribution to Diversity: 0
  Route: [4, 25, 15, 48, 24, 5, 38, 40, 39, 46, 44, 34, 35, 36, 6, 51, 11, 52, 14, 13, 47, 26, 27, 28, 12, 33, 43, 37, 16, 29, 50, 20, 23, 30, 2, 7, 42, 21, 17, 3, 18, 31, 1, 49, 32, 45, 19, 41, 8, 9, 10, 22]

Individual 53:
  Route length: 9412
  Contribution to Diversity: 0.0009341517285665901
  Route: [1, 20, 50, 29, 16, 46, 44, 34, 31, 32, 39, 37, 40, 51, 11, 52, 14, 13, 47, 26, 27, 28, 12, 25, 4, 6, 15, 33, 43, 10, 9, 8, 41, 19, 45, 49, 36, 35, 38, 48, 5, 24, 18, 3, 17, 21, 42, 7, 2, 30, 23, 22]

Individual 54:
  Route length: 9242
  Contribution to Diversity: 0
  Route: [23, 30, 2, 7, 42, 21, 17, 3, 45, 19, 41, 8, 9, 10, 43, 33, 51, 11, 52, 14, 13, 47, 26, 27, 28, 12, 25, 4, 46, 36, 40, 37, 38, 48, 24, 5, 15, 6, 1, 49, 39, 20, 50, 29, 44, 16, 18, 31, 32, 35, 34, 22]

Individual 55:
  Route length: 9387
  Contribution to Diversity: 8.29470171419544e-05
  Route: [41, 8, 45, 32, 49, 1, 15, 6, 24, 5, 40, 37, 35, 36, 39, 38, 34, 48, 44, 46, 4, 25, 12, 28, 27, 26, 47, 13, 14, 52, 11, 51, 33, 43, 10, 9, 19, 23, 20, 50, 29, 16, 30, 2, 7, 42, 21, 17, 3, 18, 31, 22]

Individual 56:
  Route length: 9103
  Contribution to Diversity: 0
  Route: [1, 40, 37, 44, 39, 32, 45, 19, 41, 8, 9, 10, 43, 33, 24, 48, 5, 15, 6, 4, 25, 12, 28, 27, 26, 47, 13, 14, 52, 11, 51, 38, 16, 46, 36, 35, 34, 49, 31, 18, 3, 17, 21, 42, 7, 2, 30, 29, 50, 20, 23, 22]

Individual 57:
  Route length: 9084
  Contribution to Diversity: 0
  Route: [1, 49, 32, 15, 5, 24, 38, 48, 46, 34, 44, 35, 37, 40, 39, 36, 6, 4, 25, 12, 28, 27, 26, 47, 13, 14, 52, 11, 51, 43, 33, 10, 9, 45, 8, 41, 19, 23, 20, 50, 29, 16, 30, 2, 7, 42, 21, 17, 3, 18, 31, 22]

Individual 58:
  Route length: 9216
  Contribution to Diversity: 0.0006029254460973021
  Route: [18, 31, 32, 46, 5, 40, 23, 20, 30, 2, 7, 42, 21, 17, 3, 45, 19, 41, 8, 9, 10, 43, 33, 51, 11, 52, 14, 13, 47, 26, 27, 28, 12, 25, 4, 6, 15, 50, 29, 16, 44, 49, 1, 35, 36, 38, 37, 48, 24, 39, 34, 22]

Individual 59:
  Route length: 9411
  Contribution to Diversity: 0.0012345886503517534
  Route: [1, 49, 32, 39, 6, 4, 13, 14, 52, 11, 51, 47, 26, 27, 28, 12, 25, 46, 44, 34, 36, 35, 38, 5, 45, 19, 41, 8, 9, 10, 43, 33, 15, 24, 48, 37, 40, 16, 29, 50, 20, 23, 30, 2, 7, 42, 21, 17, 3, 18, 31, 22]

Individual 60:
  Route length: 9412
  Contribution to Diversity: 0
  Route: [1, 39, 24, 48, 38, 37, 49, 33, 43, 10, 9, 8, 41, 19, 45, 32, 23, 40, 5, 15, 6, 4, 25, 12, 28, 27, 26, 47, 13, 14, 52, 11, 51, 44, 34, 35, 36, 46, 16, 20, 50, 29, 30, 2, 7, 42, 21, 17, 3, 18, 31, 22]

Individual 61:
  Route length: 9401
  Contribution to Diversity: 2.6117295216288028e-05
  Route: [1, 40, 37, 34, 44, 48, 24, 36, 35, 46, 16, 38, 5, 15, 6, 4, 25, 12, 28, 27, 26, 47, 13, 14, 52, 11, 51, 39, 32, 45, 19, 41, 8, 9, 10, 43, 33, 49, 31, 18, 3, 17, 21, 42, 7, 2, 30, 29, 50, 20, 23, 22]

Individual 62:
  Route length: 9075
  Contribution to Diversity: 0.00029671880068526946
  Route: [1, 49, 32, 44, 34, 25, 12, 28, 27, 26, 47, 13, 14, 52, 11, 51, 33, 43, 10, 9, 8, 41, 19, 36, 45, 35, 4, 6, 15, 5, 24, 48, 38, 37, 40, 39, 46, 16, 29, 50, 30, 20, 23, 7, 2, 42, 21, 17, 3, 18, 31, 22]

Individual 63:
  Route length: 9306
  Contribution to Diversity: 0.0003795626498410698
  Route: [1, 16, 29, 50, 20, 23, 30, 2, 7, 42, 17, 3, 46, 44, 34, 5, 15, 38, 37, 39, 36, 35, 32, 40, 6, 49, 48, 24, 4, 25, 12, 28, 27, 26, 47, 13, 14, 52, 11, 51, 33, 43, 10, 9, 8, 41, 19, 45, 21, 31, 18, 22]

Individual 64:
  Route length: 9035
  Contribution to Diversity: 0
  Route: [36, 35, 34, 44, 46, 16, 29, 50, 20, 23, 30, 2, 7, 42, 21, 17, 3, 18, 31, 1, 49, 32, 45, 19, 41, 8, 10, 9, 15, 5, 24, 48, 25, 4, 12, 28, 27, 26, 47, 13, 14, 52, 11, 51, 6, 33, 43, 37, 38, 40, 39, 22]

Individual 65:
  Route length: 9345
  Contribution to Diversity: 0.00201972250786131
  Route: [46, 34, 35, 36, 1, 49, 32, 45, 19, 41, 8, 9, 33, 10, 43, 5, 4, 25, 51, 11, 52, 14, 13, 47, 26, 27, 28, 12, 15, 6, 24, 48, 38, 37, 40, 39, 23, 20, 50, 29, 16, 44, 30, 2, 7, 42, 21, 17, 3, 18, 31, 22]

Individual 66:
  Route length: 9343
  Contribution to Diversity: 0.0012366341606755427
  Route: [23, 30, 2, 7, 42, 21, 17, 3, 45, 19, 41, 8, 9, 10, 43, 33, 51, 11, 52, 14, 13, 47, 26, 27, 28, 12, 25, 24, 48, 38, 37, 40, 36, 46, 4, 15, 5, 6, 1, 49, 39, 20, 50, 29, 44, 16, 18, 31, 32, 35, 34, 22]

Individual 67:
  Route length: 9374
  Contribution to Diversity: 0.0020289514302840317
  Route: [1, 49, 32, 45, 19, 41, 8, 9, 10, 43, 33, 51, 11, 52, 14, 13, 47, 26, 27, 28, 12, 4, 34, 44, 46, 15, 5, 6, 38, 37, 25, 24, 35, 48, 16, 29, 50, 20, 36, 39, 40, 30, 23, 2, 7, 42, 21, 17, 3, 18, 31, 22]

Individual 68:
  Route length: 9141
  Contribution to Diversity: 0.0011109938796654006
  Route: [1, 49, 32, 45, 19, 41, 8, 9, 10, 15, 33, 51, 11, 52, 14, 13, 47, 26, 27, 28, 12, 25, 4, 46, 16, 29, 24, 48, 5, 6, 43, 37, 40, 38, 39, 36, 35, 34, 44, 50, 20, 23, 30, 2, 7, 42, 21, 3, 17, 18, 31, 22]

Individual 69:
  Route length: 9275
  Contribution to Diversity: 0
  Route: [1, 40, 37, 24, 48, 44, 34, 36, 35, 46, 16, 38, 5, 15, 6, 4, 25, 12, 28, 27, 26, 47, 13, 14, 52, 11, 51, 39, 32, 45, 19, 41, 8, 9, 10, 43, 33, 49, 31, 18, 3, 17, 21, 42, 7, 2, 30, 29, 50, 20, 23, 22]

Individual 70:
  Route length: 9340
  Contribution to Diversity: 0.0007565116472774136
  Route: [1, 49, 19, 45, 40, 51, 11, 52, 14, 13, 47, 26, 27, 28, 12, 25, 4, 6, 15, 38, 37, 48, 24, 5, 39, 36, 35, 34, 44, 46, 16, 29, 50, 20, 23, 30, 2, 7, 42, 21, 32, 43, 33, 10, 9, 8, 41, 31, 3, 17, 18, 22]

Individual 71:
  Route length: 9275
  Contribution to Diversity: 0.0008625232109622516
  Route: [49, 1, 4, 25, 32, 19, 45, 41, 8, 9, 10, 43, 33, 51, 11, 52, 14, 13, 47, 26, 27, 28, 12, 6, 15, 5, 24, 48, 38, 39, 36, 35, 34, 44, 46, 40, 37, 20, 23, 31, 18, 3, 17, 21, 42, 7, 2, 30, 50, 16, 29, 22]

Individual 72:
  Route length: 9390
  Contribution to Diversity: 0.001996922413341373
  Route: [49, 34, 35, 36, 39, 38, 48, 24, 5, 15, 6, 12, 28, 27, 26, 47, 13, 14, 52, 11, 51, 33, 43, 10, 9, 8, 41, 45, 19, 32, 25, 4, 1, 44, 46, 40, 37, 20, 23, 31, 18, 3, 17, 21, 42, 7, 2, 30, 50, 16, 29, 22]

Individual 73:
  Route length: 9386
  Contribution to Diversity: 0.0006030907077763104
  Route: [1, 49, 32, 45, 19, 41, 8, 10, 9, 43, 33, 12, 28, 27, 26, 47, 13, 14, 52, 11, 51, 6, 4, 25, 15, 5, 24, 48, 38, 37, 40, 29, 16, 46, 44, 34, 35, 36, 39, 17, 2, 7, 42, 21, 31, 50, 20, 23, 30, 18, 3, 22]

Individual 74:
  Route length: 9371
  Contribution to Diversity: 0
  Route: [4, 25, 15, 5, 24, 48, 37, 43, 33, 12, 28, 27, 26, 47, 13, 14, 52, 11, 51, 6, 36, 35, 34, 44, 46, 39, 40, 38, 16, 29, 50, 20, 23, 30, 2, 7, 42, 21, 17, 3, 18, 31, 1, 49, 32, 45, 19, 41, 8, 9, 10, 22]

Individual 75:
  Route length: 9337
  Contribution to Diversity: 0
  Route: [1, 49, 39, 32, 45, 19, 41, 8, 9, 10, 43, 33, 40, 37, 24, 25, 12, 28, 27, 26, 47, 13, 14, 52, 11, 51, 44, 34, 35, 36, 46, 16, 38, 48, 5, 15, 6, 4, 23, 20, 50, 29, 30, 2, 7, 42, 21, 17, 3, 18, 31, 22]

Individual 76:
  Route length: 9395
  Contribution to Diversity: 0.0004865045300590509
  Route: [1, 40, 35, 36, 24, 48, 44, 34, 37, 16, 46, 38, 5, 15, 6, 4, 25, 12, 28, 27, 26, 47, 13, 14, 52, 11, 51, 39, 32, 45, 19, 41, 8, 9, 10, 43, 33, 49, 31, 18, 3, 17, 21, 42, 7, 2, 30, 29, 50, 20, 23, 22]

Individual 77:
  Route length: 9330
  Contribution to Diversity: 0
  Route: [36, 35, 34, 44, 46, 16, 29, 50, 20, 23, 30, 2, 7, 42, 21, 17, 3, 18, 31, 1, 49, 32, 45, 19, 41, 8, 10, 9, 15, 5, 24, 48, 25, 4, 28, 12, 51, 11, 52, 14, 13, 47, 26, 27, 6, 33, 43, 37, 38, 40, 39, 22]

Individual 78:
  Route length: 9265
  Contribution to Diversity: 0
  Route: [1, 37, 23, 20, 50, 30, 2, 7, 42, 21, 17, 45, 19, 41, 8, 32, 49, 35, 36, 39, 40, 24, 48, 38, 29, 16, 46, 44, 34, 5, 15, 6, 4, 25, 12, 28, 27, 26, 47, 13, 14, 52, 11, 51, 33, 43, 10, 9, 3, 18, 31, 22]

Individual 79:
  Route length: 9041
  Contribution to Diversity: 0
  Route: [17, 3, 45, 19, 41, 8, 9, 10, 43, 33, 51, 11, 52, 14, 13, 47, 26, 27, 28, 12, 25, 4, 6, 32, 31, 18, 21, 42, 7, 2, 30, 23, 20, 50, 29, 44, 34, 38, 48, 24, 15, 5, 1, 49, 39, 40, 37, 46, 16, 36, 35, 22]

Individual 80:
  Route length: 9391
  Contribution to Diversity: 0.0009946508465104031
  Route: [17, 3, 45, 8, 41, 19, 10, 9, 43, 33, 51, 11, 52, 14, 13, 47, 26, 27, 28, 12, 25, 4, 6, 32, 31, 18, 21, 42, 7, 2, 30, 23, 20, 50, 29, 44, 46, 37, 40, 39, 49, 1, 5, 15, 24, 48, 38, 34, 35, 36, 16, 22]

Individual 81:
  Route length: 9229
  Contribution to Diversity: 0
  Route: [4, 25, 15, 48, 37, 38, 40, 39, 5, 24, 43, 33, 12, 28, 27, 26, 47, 13, 14, 52, 11, 51, 6, 36, 35, 34, 44, 46, 16, 29, 50, 20, 23, 30, 2, 7, 42, 21, 17, 3, 18, 31, 1, 49, 32, 45, 19, 41, 8, 9, 10, 22]

Individual 82:
  Route length: 9373
  Contribution to Diversity: 0
  Route: [4, 48, 15, 25, 24, 5, 39, 40, 38, 37, 43, 33, 12, 28, 27, 26, 47, 13, 14, 52, 11, 51, 6, 36, 35, 34, 44, 46, 16, 29, 50, 20, 23, 30, 2, 7, 42, 21, 17, 3, 18, 31, 1, 49, 32, 45, 19, 41, 8, 9, 10, 22]

Individual 83:
  Route length: 9339
  Contribution to Diversity: 0.0011418121634685363
  Route: [1, 16, 29, 50, 20, 23, 30, 2, 7, 42, 17, 3, 46, 6, 49, 37, 38, 15, 5, 34, 44, 39, 36, 35, 32, 40, 48, 24, 4, 25, 12, 28, 27, 26, 47, 13, 14, 52, 11, 51, 33, 43, 10, 9, 8, 41, 19, 45, 21, 31, 18, 22]

Individual 84:
  Route length: 8951
  Contribution to Diversity: 0
  Route: [36, 35, 34, 44, 46, 16, 29, 50, 20, 23, 30, 2, 7, 42, 21, 17, 3, 18, 31, 1, 49, 32, 45, 19, 41, 8, 9, 10, 48, 24, 5, 15, 4, 25, 37, 43, 33, 12, 28, 27, 26, 47, 13, 14, 52, 11, 51, 6, 38, 40, 39, 22]

Individual 85:
  Route length: 9109
  Contribution to Diversity: 0
  Route: [1, 49, 37, 40, 39, 15, 48, 5, 24, 36, 35, 6, 4, 25, 12, 28, 27, 46, 44, 34, 38, 32, 45, 19, 41, 8, 9, 10, 43, 33, 51, 11, 52, 14, 13, 47, 26, 16, 29, 50, 20, 23, 30, 2, 7, 42, 21, 17, 3, 18, 31, 22]

Individual 86:
  Route length: 9318
  Contribution to Diversity: 0.0017935043710437526
  Route: [44, 46, 16, 1, 31, 19, 41, 8, 9, 10, 45, 37, 39, 40, 43, 33, 51, 11, 52, 14, 13, 47, 26, 27, 28, 12, 25, 4, 6, 15, 5, 24, 48, 38, 36, 35, 34, 32, 49, 18, 50, 20, 23, 29, 30, 7, 2, 42, 21, 17, 3, 22]

Individual 87:
  Route length: 9397
  Contribution to Diversity: 0
  Route: [4, 48, 15, 25, 24, 5, 39, 6, 51, 11, 52, 14, 13, 47, 26, 27, 28, 12, 33, 43, 37, 38, 40, 35, 36, 34, 44, 46, 16, 29, 50, 20, 23, 30, 2, 7, 42, 21, 17, 3, 18, 31, 1, 49, 32, 45, 19, 41, 8, 9, 10, 22]

Individual 88:
  Route length: 8976
  Contribution to Diversity: 0.00026050620982864814
  Route: [1, 49, 35, 36, 39, 40, 37, 38, 32, 45, 19, 41, 8, 9, 10, 43, 33, 51, 11, 52, 14, 13, 47, 26, 27, 28, 12, 25, 4, 6, 5, 15, 24, 48, 34, 44, 46, 16, 18, 31, 21, 17, 3, 29, 42, 7, 2, 30, 23, 20, 50, 22]

Individual 89:
  Route length: 9226
  Contribution to Diversity: 0.0015267494020223538
  Route: [1, 49, 44, 35, 15, 5, 24, 48, 38, 37, 40, 6, 4, 25, 12, 33, 51, 11, 52, 14, 13, 47, 26, 27, 28, 46, 32, 18, 31, 16, 29, 50, 20, 23, 30, 2, 7, 42, 21, 17, 3, 45, 19, 41, 8, 9, 10, 43, 39, 36, 34, 22]

Individual 90:
  Route length: 9214
  Contribution to Diversity: 0.0013704816750053084
  Route: [1, 49, 32, 5, 15, 40, 37, 35, 44, 34, 46, 48, 38, 24, 39, 36, 6, 4, 25, 12, 28, 27, 26, 47, 13, 14, 52, 11, 51, 43, 33, 10, 9, 45, 8, 41, 19, 23, 20, 50, 29, 16, 30, 2, 7, 42, 21, 17, 3, 18, 31, 22]

Individual 91:
  Route length: 9346
  Contribution to Diversity: 0.0005988666911758145
  Route: [18, 31, 32, 6, 4, 25, 12, 28, 27, 26, 47, 13, 14, 52, 11, 51, 33, 43, 10, 9, 8, 41, 19, 45, 3, 17, 21, 42, 7, 2, 30, 23, 20, 50, 29, 15, 5, 49, 1, 39, 40, 46, 37, 36, 44, 35, 34, 38, 48, 24, 16, 22]

Individual 92:
  Route length: 9309
  Contribution to Diversity: 0.0004125633381697469
  Route: [45, 32, 1, 18, 49, 23, 31, 19, 41, 8, 9, 10, 43, 33, 51, 11, 52, 14, 13, 47, 26, 27, 28, 48, 24, 5, 15, 6, 4, 25, 12, 40, 37, 38, 39, 36, 35, 34, 44, 46, 16, 29, 50, 20, 30, 7, 2, 42, 21, 17, 3, 22]

Individual 93:
  Route length: 9103
  Contribution to Diversity: 0
  Route: [1, 40, 37, 36, 46, 16, 38, 51, 11, 52, 14, 13, 47, 26, 27, 28, 12, 25, 4, 6, 15, 5, 48, 24, 33, 43, 10, 9, 8, 41, 19, 45, 32, 39, 44, 34, 35, 49, 31, 18, 3, 17, 21, 42, 7, 2, 30, 29, 50, 20, 23, 22]

Individual 94:
  Route length: 9332
  Contribution to Diversity: 0.000364772719082751
  Route: [36, 32, 49, 1, 31, 18, 3, 17, 21, 42, 7, 2, 30, 23, 20, 50, 29, 16, 46, 44, 34, 35, 37, 25, 4, 15, 5, 24, 48, 10, 9, 8, 41, 19, 45, 43, 33, 6, 51, 11, 52, 14, 13, 47, 26, 27, 28, 12, 38, 40, 39, 22]

Individual 95:
  Route length: 9416
  Contribution to Diversity: 0.0010788062930249254
  Route: [1, 49, 32, 45, 19, 41, 8, 9, 10, 43, 33, 51, 11, 52, 14, 13, 47, 26, 27, 28, 12, 4, 34, 44, 46, 38, 37, 25, 24, 5, 15, 16, 29, 50, 20, 6, 48, 35, 36, 39, 40, 30, 23, 2, 7, 42, 21, 17, 3, 18, 31, 22]

Individual 96:
  Route length: 9304
  Contribution to Diversity: 0.0006842050492492646
  Route: [36, 35, 34, 1, 31, 18, 3, 17, 21, 42, 7, 2, 30, 23, 20, 50, 29, 16, 46, 44, 37, 43, 33, 6, 51, 11, 52, 14, 13, 47, 26, 27, 28, 12, 4, 25, 48, 24, 5, 15, 9, 10, 8, 41, 19, 45, 32, 49, 38, 40, 39, 22]

Individual 97:
  Route length: 9347
  Contribution to Diversity: 0.0009182402903302744
  Route: [45, 32, 49, 18, 1, 31, 19, 41, 8, 37, 35, 34, 40, 39, 36, 9, 10, 43, 33, 51, 11, 52, 14, 13, 47, 26, 27, 28, 12, 25, 4, 6, 15, 5, 24, 38, 48, 46, 44, 16, 29, 50, 20, 23, 30, 7, 2, 42, 21, 17, 3, 22]

Individual 98:
  Route length: 9344
  Contribution to Diversity: 0.0010120150957559915
  Route: [18, 31, 32, 46, 5, 40, 23, 20, 30, 2, 7, 42, 21, 17, 3, 45, 19, 41, 8, 9, 10, 43, 33, 51, 11, 52, 14, 13, 47, 26, 27, 28, 12, 25, 4, 6, 15, 50, 29, 16, 1, 49, 44, 24, 48, 37, 38, 36, 35, 39, 34, 22]

Individual 99:
  Route length: 9407
  Contribution to Diversity: 0
  Route: [18, 31, 32, 46, 5, 1, 49, 44, 16, 29, 50, 15, 6, 39, 40, 23, 20, 30, 2, 7, 42, 21, 17, 3, 45, 19, 41, 8, 9, 10, 43, 33, 51, 11, 52, 14, 13, 47, 26, 27, 28, 12, 25, 4, 24, 48, 37, 38, 36, 35, 34, 22]

Total Entropy H: 4.911081296817595
