Individual 0:
  Route length: 13100
  Contribution to Diversity: 0.0008192640307838062
  Route: [1, 45, 41, 8, 4, 25, 12, 28, 26, 20, 50, 35, 24, 34, 47, 13, 14, 52, 11, 51, 33, 43, 10, 9, 29, 2, 7, 42, 21, 17, 3, 18, 31, 49, 32, 19, 38, 27, 39, 36, 48, 37, 40, 5, 15, 6, 16, 46, 44, 30, 23, 22]

Individual 1:
  Route length: 13099
  Contribution to Diversity: 0.0009651581451883828
  Route: [1, 5, 24, 48, 38, 37, 40, 15, 46, 44, 52, 14, 13, 47, 26, 27, 28, 12, 7, 50, 29, 16, 49, 19, 41, 8, 9, 10, 35, 34, 23, 20, 42, 2, 30, 21, 17, 36, 39, 32, 45, 6, 4, 25, 11, 51, 33, 43, 3, 18, 31, 22]

Individual 2:
  Route length: 13068
  Contribution to Diversity: 0.00046681215634691853
  Route: [37, 46, 44, 12, 38, 18, 31, 43, 10, 9, 8, 41, 19, 3, 33, 28, 27, 26, 47, 13, 14, 52, 11, 51, 48, 24, 5, 15, 25, 40, 34, 6, 4, 35, 36, 39, 17, 21, 42, 7, 2, 23, 30, 45, 50, 1, 49, 32, 20, 29, 16, 22]

Individual 3:
  Route length: 13194
  Contribution to Diversity: 0.0008322956915991497
  Route: [1, 32, 35, 34, 44, 46, 16, 29, 50, 20, 23, 30, 2, 7, 42, 21, 17, 3, 10, 9, 37, 26, 47, 48, 5, 24, 27, 28, 43, 19, 40, 39, 36, 38, 45, 49, 41, 8, 33, 11, 52, 14, 13, 51, 15, 12, 25, 4, 6, 18, 31, 22]

Individual 4:
  Route length: 13129
  Contribution to Diversity: 0.0006402688740090312
  Route: [49, 32, 45, 19, 41, 8, 9, 10, 18, 3, 17, 30, 47, 26, 27, 5, 44, 34, 4, 6, 25, 12, 20, 50, 2, 7, 42, 21, 40, 39, 36, 15, 46, 43, 37, 38, 23, 29, 16, 33, 51, 11, 52, 14, 13, 28, 48, 24, 35, 1, 31, 22]

Individual 5:
  Route length: 13191
  Contribution to Diversity: 0.0010216405752547786
  Route: [37, 40, 26, 47, 13, 28, 12, 25, 4, 6, 27, 35, 49, 48, 34, 44, 46, 16, 38, 24, 5, 43, 33, 51, 11, 14, 52, 30, 2, 7, 42, 21, 17, 3, 1, 23, 20, 15, 39, 36, 10, 9, 8, 41, 19, 45, 32, 50, 29, 18, 31, 22]

Individual 6:
  Route length: 13184
  Contribution to Diversity: 0.0007265045229223333
  Route: [49, 36, 39, 3, 17, 21, 23, 1, 45, 40, 19, 41, 8, 9, 10, 43, 33, 51, 11, 52, 14, 13, 26, 47, 27, 37, 38, 48, 24, 5, 15, 20, 28, 30, 32, 42, 2, 7, 12, 25, 4, 6, 34, 44, 46, 16, 29, 50, 31, 18, 35, 22]

Individual 7:
  Route length: 13119
  Contribution to Diversity: 0.00035456884361018126
  Route: [43, 10, 9, 8, 32, 37, 19, 41, 31, 18, 20, 23, 30, 2, 7, 42, 21, 17, 3, 1, 50, 29, 16, 46, 44, 38, 48, 24, 26, 47, 13, 14, 52, 11, 49, 33, 51, 4, 25, 12, 15, 5, 6, 27, 28, 34, 35, 36, 40, 39, 45, 22]

Individual 8:
  Route length: 12916
  Contribution to Diversity: 0.00034341264666259974
  Route: [10, 9, 8, 41, 19, 31, 18, 38, 48, 11, 33, 51, 43, 40, 37, 50, 29, 16, 44, 46, 36, 15, 5, 24, 21, 42, 7, 2, 30, 23, 20, 35, 17, 3, 1, 39, 34, 52, 14, 13, 47, 26, 27, 28, 12, 25, 4, 6, 32, 49, 45, 22]

Individual 9:
  Route length: 13074
  Contribution to Diversity: 0.0011495235095360101
  Route: [1, 25, 10, 45, 42, 2, 7, 46, 16, 29, 50, 20, 23, 30, 39, 36, 32, 49, 8, 9, 15, 4, 38, 48, 24, 5, 44, 43, 33, 51, 11, 52, 14, 13, 47, 26, 27, 28, 12, 35, 34, 6, 19, 41, 37, 40, 17, 21, 3, 18, 31, 22]

Individual 10:
  Route length: 13105
  Contribution to Diversity: 0.0006088593426074596
  Route: [1, 49, 47, 26, 27, 28, 12, 25, 4, 6, 48, 13, 33, 10, 43, 5, 17, 3, 18, 9, 8, 41, 19, 45, 32, 35, 36, 39, 40, 37, 38, 15, 24, 52, 51, 11, 14, 34, 44, 46, 16, 29, 50, 20, 23, 30, 2, 7, 42, 21, 31, 22]

Individual 11:
  Route length: 13165
  Contribution to Diversity: 0.0009854675665073032
  Route: [4, 25, 33, 43, 10, 8, 18, 1, 49, 32, 45, 19, 16, 46, 44, 35, 34, 26, 27, 28, 12, 11, 52, 14, 51, 13, 47, 23, 20, 50, 29, 31, 48, 38, 37, 40, 39, 36, 30, 2, 7, 42, 21, 17, 3, 9, 41, 24, 5, 15, 6, 22]

Individual 12:
  Route length: 13091
  Contribution to Diversity: 0.0013569725816493516
  Route: [33, 37, 40, 50, 29, 16, 47, 13, 26, 14, 52, 11, 51, 12, 28, 27, 46, 48, 38, 35, 34, 6, 17, 3, 19, 45, 32, 49, 1, 31, 18, 21, 36, 39, 44, 10, 9, 8, 41, 43, 15, 23, 30, 2, 7, 42, 20, 25, 4, 5, 24, 22]

Individual 13:
  Route length: 13114
  Contribution to Diversity: 0.0006939231922267197
  Route: [38, 5, 24, 48, 27, 28, 12, 16, 4, 6, 37, 46, 49, 1, 9, 10, 43, 26, 47, 13, 14, 52, 11, 51, 39, 40, 33, 45, 19, 41, 8, 23, 30, 2, 7, 42, 21, 17, 3, 18, 31, 15, 36, 35, 34, 44, 32, 25, 29, 20, 50, 22]

Individual 14:
  Route length: 13127
  Contribution to Diversity: 0.0004759096651678618
  Route: [41, 19, 8, 9, 10, 43, 23, 30, 2, 7, 42, 21, 17, 3, 49, 1, 50, 38, 51, 33, 4, 6, 5, 15, 20, 18, 31, 32, 45, 37, 27, 28, 34, 25, 39, 40, 36, 35, 48, 24, 44, 46, 12, 11, 52, 14, 13, 47, 26, 16, 29, 22]

Individual 15:
  Route length: 13126
  Contribution to Diversity: 0.001426899387768188
  Route: [5, 6, 4, 40, 37, 38, 48, 46, 12, 25, 49, 1, 39, 15, 27, 28, 34, 35, 36, 43, 10, 9, 8, 41, 23, 21, 30, 29, 50, 17, 3, 18, 44, 16, 20, 24, 26, 47, 13, 14, 52, 11, 51, 33, 32, 45, 19, 42, 7, 2, 31, 22]

Individual 16:
  Route length: 13126
  Contribution to Diversity: 0.000932788558145603
  Route: [1, 32, 35, 34, 43, 28, 27, 26, 37, 13, 14, 52, 11, 33, 51, 49, 48, 5, 24, 4, 15, 45, 38, 40, 19, 41, 8, 9, 10, 3, 17, 21, 42, 7, 2, 30, 23, 20, 50, 29, 16, 46, 44, 25, 12, 47, 39, 36, 6, 18, 31, 22]

Individual 17:
  Route length: 13178
  Contribution to Diversity: 0.0009357554529243473
  Route: [41, 19, 8, 43, 10, 9, 33, 4, 6, 16, 29, 50, 1, 49, 35, 36, 40, 39, 25, 34, 28, 27, 37, 45, 32, 31, 18, 3, 17, 21, 42, 7, 2, 30, 23, 51, 38, 48, 24, 44, 46, 12, 11, 52, 14, 13, 47, 26, 5, 15, 20, 22]

Individual 18:
  Route length: 13195
  Contribution to Diversity: 0.0005269203224260721
  Route: [1, 45, 19, 32, 49, 31, 18, 3, 17, 21, 42, 7, 2, 29, 36, 48, 41, 8, 4, 9, 10, 43, 33, 51, 11, 52, 14, 13, 47, 34, 24, 35, 50, 20, 26, 28, 12, 25, 46, 16, 6, 15, 5, 40, 37, 38, 27, 39, 44, 30, 23, 22]

Individual 19:
  Route length: 13135
  Contribution to Diversity: 0.0002388901775374208
  Route: [1, 46, 44, 36, 32, 35, 6, 41, 19, 30, 23, 20, 29, 50, 34, 38, 48, 24, 39, 4, 15, 43, 33, 51, 11, 52, 14, 8, 9, 10, 45, 49, 12, 28, 27, 26, 47, 13, 25, 16, 40, 37, 5, 2, 7, 42, 21, 17, 3, 18, 31, 22]

Individual 20:
  Route length: 13014
  Contribution to Diversity: 0.00039395435729439043
  Route: [40, 39, 12, 46, 13, 47, 26, 27, 28, 11, 51, 33, 38, 48, 37, 44, 34, 35, 36, 49, 23, 1, 21, 2, 7, 42, 6, 15, 5, 24, 29, 50, 16, 52, 14, 25, 4, 43, 10, 9, 8, 41, 19, 45, 32, 30, 20, 17, 3, 18, 31, 22]

Individual 21:
  Route length: 13117
  Contribution to Diversity: 0.0006508877167679117
  Route: [1, 6, 4, 25, 12, 47, 26, 27, 51, 11, 52, 14, 13, 34, 44, 40, 48, 37, 38, 30, 2, 7, 42, 23, 20, 46, 50, 21, 17, 3, 19, 41, 9, 10, 43, 33, 15, 5, 24, 28, 8, 36, 29, 16, 35, 45, 32, 49, 39, 18, 31, 22]

Individual 22:
  Route length: 12970
  Contribution to Diversity: 0.0008434422624175042
  Route: [1, 39, 36, 38, 35, 46, 45, 49, 32, 27, 28, 16, 37, 13, 14, 52, 11, 51, 33, 43, 48, 24, 5, 15, 41, 8, 9, 10, 6, 4, 25, 47, 26, 12, 30, 2, 7, 42, 21, 17, 19, 40, 34, 44, 29, 50, 20, 23, 31, 18, 3, 22]

Individual 23:
  Route length: 13099
  Contribution to Diversity: 0.00037148353520510824
  Route: [41, 19, 8, 9, 10, 43, 6, 4, 33, 51, 38, 50, 1, 49, 3, 17, 21, 42, 7, 2, 30, 23, 25, 34, 28, 27, 37, 45, 32, 31, 18, 20, 15, 5, 39, 40, 36, 35, 48, 24, 44, 46, 12, 11, 52, 14, 13, 47, 26, 16, 29, 22]

Individual 24:
  Route length: 13167
  Contribution to Diversity: 0.00031894078665128944
  Route: [30, 32, 25, 43, 10, 9, 8, 41, 19, 45, 16, 5, 24, 48, 39, 40, 2, 7, 42, 21, 1, 34, 44, 29, 50, 28, 27, 26, 47, 52, 14, 13, 11, 51, 33, 15, 6, 4, 49, 36, 35, 37, 38, 31, 18, 3, 17, 12, 46, 20, 23, 22]

Individual 25:
  Route length: 13197
  Contribution to Diversity: 0.0015461516965409317
  Route: [34, 39, 36, 45, 32, 49, 1, 35, 46, 6, 15, 16, 29, 19, 38, 4, 25, 44, 41, 8, 9, 10, 43, 33, 51, 11, 52, 14, 13, 47, 26, 27, 28, 5, 24, 48, 12, 23, 20, 50, 37, 7, 2, 30, 40, 31, 18, 3, 17, 21, 42, 22]

Individual 26:
  Route length: 13030
  Contribution to Diversity: 0.0005760947243755865
  Route: [12, 43, 31, 18, 28, 27, 26, 47, 13, 14, 52, 11, 51, 33, 6, 4, 35, 49, 44, 15, 25, 40, 32, 20, 23, 30, 2, 7, 42, 21, 17, 3, 37, 38, 48, 24, 5, 46, 34, 39, 36, 41, 50, 29, 16, 1, 8, 9, 10, 45, 19, 22]

Individual 27:
  Route length: 13161
  Contribution to Diversity: 0.0012857457507404746
  Route: [1, 32, 49, 39, 43, 36, 11, 52, 14, 13, 25, 4, 38, 8, 9, 10, 21, 17, 42, 7, 2, 30, 23, 20, 50, 29, 47, 26, 27, 28, 12, 45, 16, 46, 44, 34, 35, 33, 51, 15, 5, 24, 48, 6, 19, 41, 37, 40, 3, 18, 31, 22]

Individual 28:
  Route length: 13061
  Contribution to Diversity: 0.00041962786795046725
  Route: [1, 46, 44, 39, 24, 48, 38, 4, 15, 43, 33, 51, 11, 52, 14, 29, 50, 34, 25, 13, 47, 26, 27, 28, 12, 49, 45, 10, 9, 8, 20, 23, 30, 19, 41, 6, 35, 32, 36, 16, 40, 37, 5, 2, 7, 42, 21, 17, 3, 18, 31, 22]

Individual 29:
  Route length: 12835
  Contribution to Diversity: 0.00021749100676604627
  Route: [30, 32, 16, 50, 29, 44, 34, 38, 37, 35, 25, 43, 10, 9, 8, 41, 19, 45, 15, 6, 4, 49, 1, 21, 42, 7, 2, 33, 51, 11, 13, 14, 52, 47, 26, 27, 28, 5, 24, 48, 39, 40, 36, 31, 18, 3, 17, 12, 46, 20, 23, 22]

Individual 30:
  Route length: 13048
  Contribution to Diversity: 0.0005607423534179645
  Route: [1, 49, 32, 9, 8, 41, 19, 45, 37, 34, 44, 46, 30, 50, 20, 42, 7, 2, 11, 51, 33, 43, 10, 31, 48, 24, 12, 28, 52, 14, 13, 47, 26, 27, 29, 16, 38, 40, 35, 5, 6, 4, 25, 15, 39, 36, 3, 21, 17, 23, 18, 22]

Individual 31:
  Route length: 13163
  Contribution to Diversity: 0.0007101631510257889
  Route: [1, 49, 46, 44, 24, 34, 47, 13, 14, 52, 11, 51, 33, 43, 10, 8, 41, 4, 26, 28, 12, 25, 35, 50, 20, 30, 23, 45, 19, 9, 48, 36, 39, 27, 38, 37, 40, 5, 15, 6, 16, 32, 29, 2, 7, 42, 21, 17, 3, 18, 31, 22]

Individual 32:
  Route length: 13084
  Contribution to Diversity: 0.00042849144165924
  Route: [45, 38, 24, 48, 46, 44, 30, 26, 47, 13, 14, 52, 11, 51, 33, 43, 10, 28, 27, 12, 25, 4, 6, 40, 37, 8, 41, 19, 39, 36, 35, 23, 20, 50, 29, 16, 5, 15, 2, 42, 7, 21, 17, 32, 1, 49, 18, 3, 9, 34, 31, 22]

Individual 33:
  Route length: 13178
  Contribution to Diversity: 6.092658320611122e-05
  Route: [49, 23, 1, 21, 2, 7, 42, 4, 25, 14, 52, 16, 50, 29, 6, 15, 5, 24, 38, 48, 37, 44, 36, 35, 34, 40, 39, 12, 46, 13, 47, 26, 27, 28, 11, 51, 33, 8, 9, 10, 43, 41, 19, 45, 32, 30, 20, 17, 3, 18, 31, 22]

Individual 34:
  Route length: 13165
  Contribution to Diversity: 0.0011152233764422093
  Route: [12, 43, 48, 38, 37, 3, 17, 21, 42, 7, 2, 30, 23, 20, 32, 40, 25, 15, 44, 49, 35, 4, 6, 33, 51, 11, 52, 14, 13, 47, 26, 27, 28, 18, 31, 24, 5, 46, 34, 39, 36, 41, 50, 29, 16, 1, 8, 9, 10, 45, 19, 22]

Individual 35:
  Route length: 13098
  Contribution to Diversity: 0.00022708183507536006
  Route: [1, 26, 27, 49, 34, 35, 36, 32, 39, 37, 33, 43, 10, 9, 45, 19, 41, 8, 25, 12, 28, 47, 13, 14, 52, 11, 51, 4, 6, 15, 50, 29, 40, 21, 17, 3, 18, 48, 24, 5, 16, 46, 44, 20, 23, 30, 2, 7, 42, 38, 31, 22]

Individual 36:
  Route length: 13081
  Contribution to Diversity: 0.00099186934932316
  Route: [15, 48, 24, 5, 38, 49, 1, 40, 37, 47, 26, 27, 4, 25, 12, 28, 44, 34, 35, 36, 39, 46, 16, 50, 20, 29, 7, 2, 30, 23, 42, 18, 3, 17, 21, 51, 11, 13, 52, 14, 33, 43, 10, 9, 8, 41, 19, 45, 32, 6, 31, 22]

Individual 37:
  Route length: 13022
  Contribution to Diversity: 0.0008531725524489886
  Route: [5, 46, 12, 25, 4, 6, 44, 16, 48, 38, 37, 40, 50, 29, 51, 33, 11, 52, 27, 28, 26, 47, 13, 14, 30, 2, 7, 42, 21, 23, 32, 45, 19, 24, 15, 39, 1, 49, 17, 3, 18, 34, 35, 36, 43, 10, 9, 8, 41, 20, 31, 22]

Individual 38:
  Route length: 12912
  Contribution to Diversity: 0.00022158506550074009
  Route: [1, 36, 35, 34, 49, 27, 26, 39, 32, 37, 33, 43, 10, 9, 8, 41, 19, 45, 38, 42, 7, 2, 17, 3, 18, 48, 24, 5, 16, 46, 44, 20, 23, 30, 21, 40, 29, 50, 15, 6, 4, 51, 11, 52, 14, 13, 47, 28, 12, 25, 31, 22]

Individual 39:
  Route length: 13160
  Contribution to Diversity: 0.0002440261558227519
  Route: [5, 44, 34, 36, 39, 40, 37, 35, 24, 15, 48, 38, 6, 12, 28, 14, 13, 47, 26, 27, 52, 11, 51, 33, 43, 30, 2, 7, 42, 21, 19, 32, 45, 49, 50, 20, 4, 23, 29, 16, 46, 1, 25, 41, 3, 17, 18, 10, 9, 8, 31, 22]

Individual 40:
  Route length: 13189
  Contribution to Diversity: 0.0004850770956625894
  Route: [1, 49, 50, 20, 19, 41, 8, 9, 10, 43, 33, 48, 32, 30, 29, 31, 2, 7, 42, 21, 17, 3, 18, 16, 34, 25, 12, 28, 27, 26, 47, 13, 14, 52, 45, 40, 46, 35, 38, 39, 37, 44, 4, 6, 15, 5, 24, 11, 51, 36, 23, 22]

Individual 41:
  Route length: 13128
  Contribution to Diversity: 0.0011581111264407085
  Route: [18, 31, 19, 41, 8, 9, 10, 33, 11, 48, 38, 51, 43, 32, 6, 4, 25, 12, 28, 27, 26, 47, 13, 14, 52, 36, 15, 5, 24, 21, 42, 7, 2, 30, 23, 20, 34, 39, 1, 3, 17, 35, 29, 16, 46, 44, 50, 37, 40, 49, 45, 22]

Individual 42:
  Route length: 13163
  Contribution to Diversity: 0.0012018705008989272
  Route: [49, 1, 20, 37, 27, 52, 14, 13, 47, 26, 28, 6, 4, 25, 12, 11, 51, 33, 45, 19, 41, 8, 9, 10, 43, 3, 17, 21, 46, 15, 23, 32, 30, 39, 35, 36, 40, 48, 24, 5, 29, 16, 42, 2, 7, 50, 44, 34, 38, 18, 31, 22]

Individual 43:
  Route length: 13036
  Contribution to Diversity: 0.00040691245041468704
  Route: [1, 49, 32, 16, 48, 9, 19, 45, 8, 41, 4, 38, 27, 39, 36, 37, 40, 5, 15, 6, 26, 28, 12, 25, 35, 50, 20, 30, 23, 47, 13, 14, 52, 11, 51, 33, 43, 10, 34, 24, 44, 46, 29, 2, 7, 42, 21, 17, 3, 18, 31, 22]

Individual 44:
  Route length: 13140
  Contribution to Diversity: 0.0005992251884983091
  Route: [1, 49, 45, 10, 9, 8, 6, 35, 46, 16, 25, 13, 47, 26, 27, 28, 12, 38, 48, 41, 19, 30, 23, 20, 29, 50, 34, 36, 32, 3, 17, 21, 42, 7, 2, 5, 37, 40, 39, 24, 52, 14, 11, 51, 33, 43, 15, 4, 44, 18, 31, 22]

Individual 45:
  Route length: 13126
  Contribution to Diversity: 0.0006578365268072872
  Route: [8, 41, 17, 34, 4, 6, 15, 49, 32, 45, 3, 16, 44, 50, 36, 5, 48, 24, 39, 18, 21, 42, 7, 2, 30, 23, 20, 38, 37, 40, 25, 12, 46, 28, 27, 26, 47, 13, 14, 52, 11, 51, 33, 35, 1, 19, 10, 9, 43, 31, 29, 22]

Individual 46:
  Route length: 13103
  Contribution to Diversity: 2.1086954999915974e-06
  Route: [32, 45, 18, 21, 47, 16, 29, 50, 40, 35, 36, 39, 6, 34, 5, 24, 48, 15, 44, 38, 42, 7, 2, 30, 23, 20, 49, 1, 31, 37, 4, 25, 17, 3, 19, 41, 8, 9, 10, 43, 33, 11, 52, 14, 26, 13, 51, 12, 28, 27, 46, 22]

Individual 47:
  Route length: 13190
  Contribution to Diversity: 0.001406847758167018
  Route: [39, 20, 23, 30, 2, 21, 17, 31, 18, 37, 25, 44, 46, 16, 29, 1, 49, 34, 35, 36, 42, 7, 3, 41, 8, 9, 32, 43, 33, 51, 11, 52, 14, 13, 12, 28, 27, 26, 47, 50, 40, 15, 38, 19, 45, 48, 24, 5, 6, 4, 10, 22]

Individual 48:
  Route length: 13172
  Contribution to Diversity: 0.0008372961714631089
  Route: [18, 3, 17, 21, 42, 7, 2, 29, 46, 44, 24, 34, 10, 43, 33, 51, 11, 52, 14, 13, 47, 23, 30, 20, 50, 35, 25, 12, 28, 26, 6, 15, 5, 40, 37, 36, 39, 27, 38, 4, 41, 8, 45, 19, 9, 48, 16, 32, 49, 1, 31, 22]

Individual 49:
  Route length: 13060
  Contribution to Diversity: 0.0007099546100262089
  Route: [30, 21, 1, 49, 23, 28, 27, 26, 47, 52, 14, 13, 11, 51, 33, 50, 29, 4, 6, 15, 24, 5, 43, 10, 9, 8, 41, 19, 34, 35, 36, 39, 40, 16, 45, 17, 3, 18, 32, 25, 48, 38, 37, 44, 12, 46, 20, 2, 7, 42, 31, 22]

Individual 50:
  Route length: 13140
  Contribution to Diversity: 0.0008227334994872493
  Route: [4, 47, 13, 25, 36, 1, 18, 3, 17, 48, 38, 37, 6, 15, 5, 24, 49, 35, 34, 26, 27, 28, 12, 11, 52, 14, 51, 33, 43, 10, 9, 8, 41, 16, 20, 50, 29, 31, 23, 30, 21, 42, 7, 2, 32, 19, 45, 46, 44, 39, 40, 22]

Individual 51:
  Route length: 13026
  Contribution to Diversity: 0.0017002406112061053
  Route: [44, 34, 35, 36, 39, 24, 48, 38, 37, 40, 15, 5, 8, 41, 19, 45, 32, 49, 6, 29, 28, 12, 25, 4, 33, 43, 10, 9, 17, 3, 18, 31, 1, 51, 11, 52, 14, 26, 13, 47, 16, 21, 42, 7, 2, 30, 23, 20, 27, 50, 46, 22]

Individual 52:
  Route length: 12422
  Contribution to Diversity: 0.00036482384688785174
  Route: [9, 1, 32, 49, 35, 48, 46, 44, 30, 26, 47, 13, 14, 52, 11, 51, 33, 43, 10, 28, 27, 12, 25, 4, 6, 40, 37, 15, 5, 16, 29, 50, 20, 23, 34, 45, 24, 38, 36, 39, 19, 41, 8, 3, 17, 21, 7, 42, 2, 18, 31, 22]

Individual 53:
  Route length: 12847
  Contribution to Diversity: 0.0006759599020949025
  Route: [49, 32, 45, 19, 41, 8, 9, 10, 18, 3, 17, 30, 47, 26, 27, 5, 44, 34, 21, 42, 7, 2, 50, 20, 12, 25, 6, 4, 24, 48, 28, 13, 14, 52, 11, 51, 33, 16, 29, 23, 38, 37, 43, 46, 15, 36, 39, 40, 35, 1, 31, 22]

Individual 54:
  Route length: 12885
  Contribution to Diversity: 0.0001035287345256819
  Route: [49, 1, 44, 51, 32, 45, 19, 41, 8, 9, 10, 43, 33, 14, 52, 11, 13, 47, 26, 27, 4, 28, 12, 25, 48, 24, 5, 38, 46, 39, 40, 37, 42, 18, 3, 17, 21, 7, 2, 30, 23, 50, 20, 29, 16, 15, 35, 36, 34, 6, 31, 22]

Individual 55:
  Route length: 13162
  Contribution to Diversity: 0.00012571974879715953
  Route: [32, 45, 18, 21, 39, 36, 35, 40, 50, 29, 16, 47, 13, 26, 14, 27, 28, 12, 51, 6, 34, 5, 24, 48, 15, 44, 38, 42, 7, 2, 30, 23, 20, 49, 1, 31, 37, 4, 25, 17, 3, 19, 41, 8, 9, 10, 43, 33, 11, 52, 46, 22]

Individual 56:
  Route length: 12642
  Contribution to Diversity: 0.0009377138806518914
  Route: [1, 39, 35, 34, 40, 19, 17, 21, 42, 7, 2, 30, 16, 28, 27, 5, 24, 15, 25, 4, 6, 38, 36, 41, 8, 9, 10, 47, 26, 12, 48, 43, 33, 51, 11, 52, 14, 13, 37, 32, 49, 45, 46, 44, 29, 50, 20, 23, 31, 18, 3, 22]

Individual 57:
  Route length: 13137
  Contribution to Diversity: 0.0006835856054303591
  Route: [1, 21, 42, 7, 36, 35, 39, 10, 9, 4, 6, 15, 5, 25, 8, 41, 31, 18, 3, 17, 19, 45, 32, 49, 37, 34, 38, 44, 46, 28, 12, 27, 26, 40, 24, 48, 47, 13, 14, 52, 11, 51, 33, 43, 2, 30, 23, 20, 50, 29, 16, 22]

Individual 58:
  Route length: 12998
  Contribution to Diversity: 0.00028849962217858405
  Route: [8, 32, 19, 41, 4, 29, 23, 50, 49, 35, 37, 40, 39, 36, 34, 44, 5, 25, 12, 28, 14, 13, 47, 26, 27, 52, 11, 51, 33, 43, 24, 6, 38, 48, 15, 1, 46, 16, 30, 7, 42, 21, 17, 3, 18, 10, 9, 45, 20, 2, 31, 22]

Individual 59:
  Route length: 13004
  Contribution to Diversity: 0.001175488408838632
  Route: [12, 51, 11, 52, 14, 13, 47, 26, 27, 28, 20, 31, 24, 48, 34, 4, 6, 41, 8, 9, 10, 43, 19, 5, 23, 30, 2, 7, 42, 21, 17, 3, 45, 32, 18, 49, 50, 44, 16, 29, 46, 40, 39, 1, 37, 38, 15, 36, 35, 33, 25, 22]

Individual 60:
  Route length: 13046
  Contribution to Diversity: 4.570973992024108e-05
  Route: [39, 20, 23, 30, 2, 21, 17, 31, 18, 3, 4, 6, 5, 24, 48, 45, 19, 41, 8, 9, 32, 43, 33, 51, 11, 52, 14, 13, 12, 28, 27, 26, 47, 50, 40, 15, 38, 37, 25, 44, 46, 16, 29, 1, 49, 34, 35, 36, 42, 7, 10, 22]

Individual 61:
  Route length: 13156
  Contribution to Diversity: 0.0010768417191355795
  Route: [8, 41, 49, 1, 19, 34, 4, 6, 15, 5, 16, 10, 9, 43, 31, 17, 3, 45, 32, 44, 50, 36, 35, 33, 51, 11, 52, 13, 14, 47, 26, 27, 28, 46, 12, 25, 40, 37, 38, 20, 23, 30, 2, 7, 42, 21, 18, 39, 24, 48, 29, 22]

Individual 62:
  Route length: 13104
  Contribution to Diversity: 0
  Route: [32, 45, 18, 21, 39, 36, 35, 25, 4, 37, 31, 50, 40, 19, 3, 17, 41, 8, 9, 10, 43, 33, 11, 52, 14, 26, 13, 47, 16, 29, 1, 49, 20, 23, 30, 2, 7, 42, 15, 44, 38, 48, 24, 5, 34, 6, 51, 12, 28, 27, 46, 22]

Individual 63:
  Route length: 12774
  Contribution to Diversity: 4.936160925783639e-05
  Route: [1, 49, 44, 34, 16, 37, 39, 46, 40, 45, 52, 14, 13, 47, 26, 27, 28, 12, 25, 50, 20, 48, 33, 43, 10, 9, 8, 41, 19, 31, 18, 3, 17, 21, 42, 7, 2, 32, 23, 36, 35, 38, 4, 6, 15, 5, 24, 11, 51, 29, 30, 22]

Individual 64:
  Route length: 12799
  Contribution to Diversity: 0.001303655419810923
  Route: [9, 1, 32, 49, 35, 48, 46, 44, 30, 26, 47, 13, 14, 52, 11, 51, 33, 43, 10, 28, 27, 12, 25, 45, 34, 23, 20, 50, 29, 16, 5, 15, 37, 40, 6, 4, 36, 38, 24, 39, 19, 41, 8, 3, 17, 21, 7, 42, 2, 18, 31, 22]

Individual 65:
  Route length: 13194
  Contribution to Diversity: 0.0009602081012483055
  Route: [49, 1, 20, 30, 32, 23, 21, 45, 19, 41, 8, 9, 10, 43, 33, 51, 11, 12, 25, 4, 6, 28, 26, 47, 13, 14, 52, 27, 37, 3, 46, 15, 42, 2, 7, 50, 44, 34, 38, 17, 16, 29, 5, 24, 48, 40, 39, 35, 36, 18, 31, 22]

Individual 66:
  Route length: 12754
  Contribution to Diversity: 0.0006437362576878769
  Route: [1, 39, 9, 10, 8, 16, 5, 24, 6, 15, 3, 48, 46, 25, 4, 27, 28, 12, 51, 11, 52, 14, 13, 47, 26, 21, 44, 34, 33, 43, 41, 19, 45, 32, 49, 23, 35, 36, 38, 37, 40, 18, 20, 50, 29, 30, 2, 7, 42, 17, 31, 22]

Individual 67:
  Route length: 13003
  Contribution to Diversity: 0.0015939569277909627
  Route: [1, 2, 30, 36, 38, 37, 40, 18, 49, 32, 48, 46, 16, 29, 50, 20, 23, 35, 39, 9, 10, 8, 33, 43, 41, 19, 45, 31, 34, 44, 21, 17, 7, 42, 28, 12, 51, 11, 52, 14, 13, 47, 26, 27, 4, 25, 5, 24, 6, 15, 3, 22]

Individual 68:
  Route length: 12960
  Contribution to Diversity: 0.0004930748023843634
  Route: [8, 32, 19, 41, 4, 29, 23, 50, 37, 35, 49, 1, 15, 48, 38, 6, 24, 43, 33, 51, 11, 52, 27, 26, 47, 13, 14, 28, 12, 25, 5, 44, 34, 36, 39, 40, 46, 16, 30, 7, 42, 21, 17, 3, 18, 10, 9, 45, 20, 2, 31, 22]

Individual 69:
  Route length: 13135
  Contribution to Diversity: 2.4439383652818947e-05
  Route: [49, 1, 23, 40, 44, 34, 35, 30, 32, 13, 47, 26, 27, 12, 46, 48, 24, 5, 15, 6, 4, 25, 45, 42, 2, 7, 18, 20, 50, 38, 28, 14, 52, 11, 51, 33, 43, 10, 9, 8, 41, 19, 37, 39, 36, 29, 16, 3, 17, 21, 31, 22]

Individual 70:
  Route length: 12998
  Contribution to Diversity: 7.247417099343068e-05
  Route: [18, 3, 40, 37, 38, 48, 21, 33, 43, 4, 25, 12, 28, 11, 51, 27, 5, 15, 6, 36, 34, 44, 46, 16, 52, 14, 13, 47, 26, 24, 35, 1, 49, 32, 45, 19, 41, 10, 9, 8, 39, 20, 23, 30, 2, 7, 42, 29, 50, 17, 31, 22]

Individual 71:
  Route length: 13025
  Contribution to Diversity: 0.0017999601190128445
  Route: [1, 49, 19, 43, 10, 9, 8, 41, 32, 2, 7, 48, 15, 6, 4, 25, 12, 28, 27, 26, 47, 13, 14, 52, 11, 51, 33, 5, 24, 16, 46, 44, 36, 35, 21, 37, 38, 39, 34, 3, 17, 42, 45, 30, 23, 20, 40, 29, 50, 18, 31, 22]

Individual 72:
  Route length: 12962
  Contribution to Diversity: 0.00028337306473424917
  Route: [1, 39, 9, 10, 8, 3, 48, 46, 16, 47, 26, 27, 4, 25, 5, 24, 6, 15, 13, 14, 52, 11, 51, 12, 28, 42, 7, 2, 30, 29, 50, 20, 18, 40, 37, 35, 36, 38, 23, 49, 32, 45, 19, 41, 43, 33, 34, 44, 21, 17, 31, 22]

Individual 73:
  Route length: 12897
  Contribution to Diversity: 0
  Route: [10, 9, 8, 41, 19, 45, 38, 1, 49, 40, 43, 33, 51, 11, 52, 14, 13, 50, 29, 20, 36, 39, 42, 21, 34, 5, 24, 48, 47, 26, 27, 28, 12, 25, 4, 6, 15, 35, 16, 44, 46, 23, 30, 2, 7, 3, 18, 32, 37, 17, 31, 22]

Individual 74:
  Route length: 12589
  Contribution to Diversity: 0
  Route: [28, 12, 25, 4, 43, 33, 27, 51, 11, 52, 14, 13, 47, 26, 37, 40, 35, 1, 49, 32, 45, 19, 41, 10, 9, 8, 46, 16, 18, 3, 5, 31, 21, 17, 2, 7, 42, 29, 50, 38, 48, 24, 15, 6, 36, 44, 34, 39, 20, 23, 30, 22]

Individual 75:
  Route length: 13108
  Contribution to Diversity: 0.0007054976069982288
  Route: [30, 29, 52, 14, 13, 47, 26, 27, 28, 11, 51, 33, 12, 17, 38, 37, 45, 32, 3, 18, 31, 20, 46, 24, 5, 15, 6, 4, 25, 43, 10, 9, 8, 41, 19, 48, 2, 7, 42, 21, 1, 49, 50, 40, 39, 36, 35, 34, 44, 23, 16, 22]

Individual 76:
  Route length: 13155
  Contribution to Diversity: 0.0005310348422824518
  Route: [38, 5, 24, 48, 29, 16, 4, 6, 12, 28, 27, 37, 51, 11, 52, 14, 13, 47, 26, 43, 10, 9, 1, 34, 39, 40, 33, 45, 19, 41, 8, 30, 23, 7, 2, 42, 21, 17, 3, 18, 31, 15, 36, 35, 32, 49, 44, 25, 46, 20, 50, 22]

Individual 77:
  Route length: 13051
  Contribution to Diversity: 0.0014820337122261051
  Route: [32, 48, 50, 20, 23, 30, 2, 7, 42, 21, 17, 3, 18, 41, 45, 1, 43, 33, 15, 5, 24, 6, 4, 25, 12, 28, 27, 26, 47, 13, 14, 52, 34, 51, 11, 44, 37, 39, 40, 46, 16, 29, 19, 49, 10, 9, 8, 36, 35, 38, 31, 22]

Individual 78:
  Route length: 13143
  Contribution to Diversity: 0.0008098676522010351
  Route: [26, 47, 13, 14, 52, 11, 51, 33, 43, 10, 28, 27, 12, 25, 44, 24, 48, 46, 37, 38, 1, 40, 6, 4, 5, 39, 36, 35, 49, 32, 8, 41, 19, 9, 30, 2, 15, 34, 16, 29, 50, 20, 23, 42, 7, 21, 17, 3, 18, 31, 45, 22]

Individual 79:
  Route length: 13176
  Contribution to Diversity: 0
  Route: [28, 12, 6, 4, 15, 27, 26, 47, 13, 14, 52, 11, 51, 33, 43, 49, 32, 45, 19, 41, 8, 9, 10, 44, 5, 40, 37, 38, 50, 29, 16, 46, 39, 36, 20, 23, 25, 31, 1, 35, 24, 48, 18, 3, 17, 7, 2, 30, 34, 42, 21, 22]

Individual 80:
  Route length: 13128
  Contribution to Diversity: 0.0009456191564138905
  Route: [38, 5, 43, 26, 47, 13, 14, 52, 11, 51, 37, 48, 27, 28, 12, 6, 4, 16, 29, 25, 44, 32, 24, 23, 30, 2, 7, 42, 21, 17, 3, 18, 31, 15, 36, 35, 34, 1, 9, 10, 8, 41, 19, 45, 33, 40, 39, 49, 46, 20, 50, 22]

Individual 81:
  Route length: 13182
  Contribution to Diversity: 0
  Route: [16, 45, 19, 41, 8, 9, 10, 43, 6, 28, 15, 4, 24, 5, 49, 32, 37, 40, 48, 39, 34, 44, 46, 12, 25, 36, 1, 50, 29, 35, 38, 18, 3, 17, 21, 42, 27, 26, 47, 13, 14, 52, 11, 51, 33, 20, 23, 30, 2, 7, 31, 22]

Individual 82:
  Route length: 13165
  Contribution to Diversity: 0.0006574505928274021
  Route: [16, 29, 23, 1, 45, 19, 41, 8, 9, 4, 25, 15, 49, 20, 50, 30, 46, 32, 37, 34, 44, 39, 36, 35, 40, 38, 6, 5, 52, 14, 13, 47, 26, 27, 28, 12, 24, 48, 31, 10, 43, 33, 51, 11, 2, 7, 42, 21, 18, 3, 17, 22]

Individual 83:
  Route length: 13080
  Contribution to Diversity: 8.950696043896755e-06
  Route: [35, 46, 37, 40, 39, 25, 12, 28, 27, 26, 47, 13, 14, 52, 11, 4, 48, 24, 5, 15, 6, 45, 32, 49, 30, 2, 7, 43, 33, 51, 19, 41, 8, 36, 1, 38, 34, 44, 50, 29, 16, 20, 23, 3, 18, 10, 9, 42, 17, 21, 31, 22]

Individual 84:
  Route length: 12806
  Contribution to Diversity: 0
  Route: [30, 23, 31, 29, 50, 20, 16, 19, 45, 46, 44, 39, 40, 37, 38, 48, 17, 3, 18, 1, 36, 25, 13, 47, 4, 6, 15, 5, 24, 41, 8, 9, 10, 43, 33, 51, 14, 52, 11, 12, 28, 27, 26, 34, 35, 49, 32, 2, 7, 42, 21, 22]

Individual 85:
  Route length: 12914
  Contribution to Diversity: 0.0008516663302451377
  Route: [12, 20, 23, 30, 2, 7, 42, 17, 21, 4, 6, 15, 5, 24, 44, 16, 29, 50, 1, 8, 9, 10, 43, 51, 11, 52, 14, 13, 47, 26, 27, 28, 33, 35, 36, 39, 41, 37, 38, 48, 40, 32, 45, 19, 3, 49, 18, 31, 34, 46, 25, 22]

Individual 86:
  Route length: 13075
  Contribution to Diversity: 0.0002792622457841176
  Route: [49, 1, 23, 40, 44, 34, 35, 32, 30, 28, 38, 50, 6, 4, 25, 45, 42, 2, 7, 18, 20, 29, 36, 39, 37, 19, 41, 8, 9, 10, 43, 33, 51, 11, 52, 14, 13, 47, 26, 27, 12, 46, 48, 24, 5, 15, 16, 3, 17, 21, 31, 22]

Individual 87:
  Route length: 12931
  Contribution to Diversity: 0.0003117208626663981
  Route: [32, 45, 18, 21, 30, 2, 7, 42, 38, 44, 15, 48, 24, 5, 34, 6, 39, 36, 35, 40, 50, 29, 16, 47, 14, 52, 11, 33, 43, 10, 9, 8, 41, 19, 3, 17, 25, 4, 37, 31, 1, 49, 20, 23, 26, 13, 51, 12, 28, 27, 46, 22]

Individual 88:
  Route length: 13081
  Contribution to Diversity: 0.00020649617635992712
  Route: [28, 12, 6, 4, 15, 44, 10, 9, 8, 41, 19, 45, 32, 49, 43, 33, 51, 11, 52, 14, 13, 47, 26, 27, 5, 40, 38, 37, 46, 16, 29, 50, 39, 36, 20, 23, 25, 31, 1, 35, 24, 48, 18, 3, 17, 7, 2, 30, 34, 42, 21, 22]

Individual 89:
  Route length: 13017
  Contribution to Diversity: 0.0001923135875436799
  Route: [1, 39, 25, 5, 24, 6, 15, 23, 9, 10, 8, 16, 46, 48, 3, 41, 19, 45, 32, 49, 4, 27, 26, 47, 13, 14, 52, 11, 51, 12, 28, 42, 7, 2, 30, 29, 50, 20, 18, 40, 37, 38, 36, 35, 43, 33, 34, 44, 21, 17, 31, 22]

Individual 90:
  Route length: 13018
  Contribution to Diversity: 0
  Route: [5, 44, 34, 49, 50, 20, 45, 32, 19, 21, 42, 7, 2, 30, 43, 33, 51, 11, 52, 27, 26, 47, 13, 14, 28, 12, 15, 48, 38, 40, 39, 36, 31, 8, 9, 10, 18, 17, 3, 41, 4, 25, 37, 6, 35, 24, 1, 46, 16, 29, 23, 22]

Individual 91:
  Route length: 13058
  Contribution to Diversity: 0
  Route: [1, 3, 18, 32, 49, 44, 25, 15, 35, 50, 20, 30, 2, 7, 42, 23, 29, 5, 39, 36, 16, 46, 4, 33, 43, 10, 9, 8, 41, 19, 45, 26, 47, 14, 52, 11, 51, 40, 12, 28, 27, 13, 24, 48, 38, 37, 21, 17, 34, 6, 31, 22]

Individual 92:
  Route length: 12968
  Contribution to Diversity: 0.0004019717867755901
  Route: [1, 49, 45, 10, 9, 8, 6, 5, 2, 7, 42, 21, 17, 3, 32, 36, 34, 50, 29, 20, 23, 30, 19, 41, 48, 38, 12, 28, 27, 26, 47, 13, 25, 16, 46, 35, 37, 40, 39, 24, 52, 14, 11, 51, 33, 43, 15, 4, 44, 18, 31, 22]

Individual 93:
  Route length: 12826
  Contribution to Diversity: 0
  Route: [1, 3, 18, 32, 49, 44, 25, 15, 35, 50, 20, 23, 42, 7, 2, 30, 29, 5, 37, 38, 48, 24, 13, 27, 28, 12, 40, 51, 11, 52, 14, 47, 26, 45, 19, 41, 8, 9, 10, 43, 33, 4, 46, 16, 36, 39, 17, 21, 34, 6, 31, 22]

Individual 94:
  Route length: 13062
  Contribution to Diversity: 0.0006385664515500267
  Route: [8, 41, 17, 34, 4, 6, 15, 49, 32, 45, 3, 16, 44, 50, 36, 5, 48, 24, 39, 18, 21, 42, 7, 2, 30, 23, 20, 38, 37, 40, 25, 12, 46, 1, 35, 33, 51, 11, 52, 14, 13, 47, 26, 27, 28, 43, 9, 10, 19, 31, 29, 22]

Individual 95:
  Route length: 13065
  Contribution to Diversity: 6.838483929172412e-05
  Route: [1, 34, 44, 50, 7, 2, 30, 23, 20, 37, 33, 51, 26, 47, 13, 14, 52, 11, 12, 35, 36, 39, 5, 15, 6, 24, 49, 32, 45, 18, 31, 29, 16, 46, 40, 38, 48, 4, 25, 3, 17, 21, 42, 27, 28, 43, 10, 9, 19, 41, 8, 22]

Individual 96:
  Route length: 12895
  Contribution to Diversity: 0.000617550742429529
  Route: [10, 9, 8, 41, 19, 45, 38, 1, 49, 40, 43, 33, 51, 11, 52, 14, 13, 50, 20, 29, 30, 48, 24, 5, 34, 21, 42, 39, 36, 23, 46, 44, 16, 35, 15, 6, 4, 25, 12, 28, 27, 26, 47, 37, 32, 18, 3, 7, 2, 17, 31, 22]

Individual 97:
  Route length: 12770
  Contribution to Diversity: 0
  Route: [30, 21, 1, 49, 23, 32, 18, 3, 17, 12, 6, 15, 24, 5, 43, 10, 9, 8, 41, 19, 45, 16, 4, 29, 50, 33, 51, 11, 13, 14, 52, 47, 26, 27, 28, 40, 39, 36, 35, 34, 44, 37, 38, 48, 25, 46, 20, 2, 7, 42, 31, 22]

Individual 98:
  Route length: 12886
  Contribution to Diversity: 0
  Route: [5, 44, 34, 36, 39, 40, 38, 48, 15, 12, 28, 14, 13, 47, 26, 27, 52, 11, 51, 33, 43, 30, 2, 7, 42, 21, 19, 32, 45, 37, 6, 35, 24, 1, 46, 16, 29, 23, 49, 50, 20, 18, 17, 3, 41, 4, 25, 10, 9, 8, 31, 22]

Individual 99:
  Route length: 13035
  Contribution to Diversity: 0
  Route: [49, 1, 23, 9, 10, 43, 33, 51, 11, 52, 14, 13, 47, 26, 27, 12, 46, 48, 24, 5, 15, 6, 4, 25, 45, 42, 2, 7, 18, 20, 50, 38, 28, 30, 32, 35, 34, 44, 40, 8, 41, 19, 37, 39, 36, 29, 16, 3, 17, 21, 31, 22]

Individual 100:
  Route length: 12822
  Contribution to Diversity: 0.0016290029918932802
  Route: [1, 5, 29, 23, 20, 38, 37, 40, 39, 16, 46, 14, 52, 11, 50, 34, 44, 48, 49, 36, 35, 32, 45, 19, 41, 8, 10, 9, 25, 12, 28, 27, 47, 13, 26, 51, 33, 15, 6, 4, 43, 24, 30, 2, 7, 42, 21, 17, 3, 18, 31, 22]

Individual 101:
  Route length: 13184
  Contribution to Diversity: 0.00042530815670094313
  Route: [1, 49, 32, 9, 8, 41, 19, 45, 37, 34, 44, 46, 35, 40, 38, 16, 29, 27, 26, 47, 13, 14, 52, 28, 12, 24, 48, 31, 10, 43, 33, 51, 11, 2, 7, 42, 20, 50, 30, 15, 25, 4, 6, 5, 39, 36, 3, 21, 17, 23, 18, 22]

Individual 102:
  Route length: 13069
  Contribution to Diversity: 0.0007522658086545064
  Route: [32, 45, 18, 21, 39, 36, 35, 40, 50, 29, 16, 47, 12, 28, 27, 14, 26, 13, 52, 11, 33, 43, 10, 9, 8, 41, 19, 3, 17, 25, 4, 37, 31, 1, 49, 20, 23, 30, 2, 7, 42, 38, 44, 15, 48, 24, 5, 34, 6, 51, 46, 22]

Individual 103:
  Route length: 13128
  Contribution to Diversity: 0.00010531452770745631
  Route: [31, 18, 39, 33, 51, 11, 52, 14, 13, 47, 26, 27, 28, 20, 50, 42, 7, 2, 30, 23, 5, 41, 8, 9, 10, 43, 35, 36, 49, 1, 19, 25, 38, 37, 21, 17, 3, 12, 46, 29, 16, 44, 15, 6, 4, 34, 48, 40, 24, 45, 32, 22]

Individual 104:
  Route length: 12980
  Contribution to Diversity: 0
  Route: [30, 23, 31, 29, 50, 20, 16, 38, 37, 40, 39, 44, 46, 45, 19, 3, 17, 48, 18, 1, 36, 25, 13, 47, 4, 6, 15, 5, 24, 41, 8, 9, 10, 43, 33, 51, 14, 52, 11, 12, 28, 27, 26, 34, 35, 49, 32, 2, 7, 42, 21, 22]

Individual 105:
  Route length: 12792
  Contribution to Diversity: 0.0004176426478768036
  Route: [48, 38, 24, 5, 15, 6, 23, 20, 30, 32, 45, 19, 41, 8, 9, 10, 43, 4, 25, 14, 52, 16, 50, 29, 42, 7, 2, 21, 1, 49, 33, 46, 13, 47, 26, 27, 28, 11, 51, 12, 39, 40, 36, 35, 34, 44, 37, 17, 3, 18, 31, 22]

Individual 106:
  Route length: 13103
  Contribution to Diversity: 0.00017724739625180064
  Route: [1, 3, 18, 32, 24, 13, 27, 28, 12, 40, 51, 11, 52, 14, 47, 26, 45, 19, 41, 8, 9, 10, 43, 33, 4, 46, 16, 36, 39, 5, 29, 30, 2, 7, 42, 23, 20, 50, 35, 15, 25, 44, 49, 34, 17, 21, 37, 38, 48, 6, 31, 22]

Individual 107:
  Route length: 13164
  Contribution to Diversity: 0.0008173732946525902
  Route: [8, 41, 5, 15, 6, 4, 34, 19, 1, 46, 28, 27, 26, 47, 13, 14, 52, 11, 51, 33, 50, 36, 35, 38, 37, 40, 49, 32, 45, 31, 17, 3, 24, 48, 29, 16, 44, 20, 23, 30, 2, 7, 42, 21, 18, 39, 43, 9, 10, 12, 25, 22]

Individual 108:
  Route length: 13115
  Contribution to Diversity: 0.0009983497645027484
  Route: [1, 6, 4, 25, 12, 47, 26, 27, 13, 14, 52, 11, 51, 23, 42, 7, 2, 30, 38, 37, 48, 40, 44, 34, 20, 46, 50, 21, 17, 3, 19, 41, 9, 10, 43, 33, 15, 5, 24, 28, 8, 36, 29, 16, 35, 45, 32, 49, 39, 18, 31, 22]

Individual 109:
  Route length: 12835
  Contribution to Diversity: 0
  Route: [30, 23, 19, 41, 8, 9, 10, 43, 6, 4, 25, 5, 15, 24, 37, 38, 45, 32, 3, 18, 31, 20, 48, 2, 7, 42, 21, 1, 49, 12, 33, 51, 11, 28, 27, 26, 47, 13, 14, 52, 40, 39, 36, 35, 34, 44, 17, 46, 50, 29, 16, 22]

Individual 110:
  Route length: 12839
  Contribution to Diversity: 0.0002722746019623301
  Route: [1, 35, 40, 38, 44, 46, 30, 50, 20, 23, 29, 16, 32, 49, 34, 5, 6, 52, 14, 13, 47, 26, 27, 28, 12, 24, 48, 31, 10, 43, 33, 51, 11, 4, 9, 8, 19, 41, 3, 17, 21, 42, 7, 2, 15, 25, 39, 36, 37, 45, 18, 22]

Individual 111:
  Route length: 12630
  Contribution to Diversity: 0.0001670640773419052
  Route: [1, 49, 32, 45, 19, 41, 8, 9, 10, 31, 48, 24, 12, 28, 52, 14, 13, 47, 26, 27, 29, 16, 38, 40, 35, 46, 44, 34, 37, 43, 33, 51, 11, 2, 7, 42, 20, 50, 30, 15, 25, 4, 6, 5, 39, 36, 3, 21, 17, 23, 18, 22]

Individual 112:
  Route length: 13139
  Contribution to Diversity: 0.0009408886514004067
  Route: [1, 6, 4, 25, 12, 47, 13, 14, 52, 11, 51, 27, 26, 38, 30, 2, 7, 42, 23, 20, 50, 46, 29, 36, 8, 28, 24, 5, 15, 33, 43, 10, 9, 41, 19, 3, 17, 21, 45, 32, 37, 48, 40, 44, 34, 16, 35, 49, 39, 18, 31, 22]

Individual 113:
  Route length: 12895
  Contribution to Diversity: 0.0009226801015369546
  Route: [49, 1, 20, 30, 28, 26, 47, 13, 14, 52, 27, 38, 34, 44, 50, 7, 2, 42, 16, 29, 32, 23, 15, 46, 3, 37, 24, 5, 6, 4, 25, 12, 11, 51, 33, 43, 10, 9, 8, 41, 19, 45, 21, 17, 48, 40, 39, 35, 36, 18, 31, 22]

Individual 114:
  Route length: 13129
  Contribution to Diversity: 0.0004373280138176838
  Route: [30, 2, 7, 42, 21, 23, 41, 8, 9, 10, 43, 40, 50, 29, 16, 44, 6, 4, 5, 46, 25, 12, 36, 18, 3, 17, 49, 1, 39, 15, 27, 28, 32, 24, 26, 47, 13, 14, 52, 11, 51, 33, 48, 38, 37, 35, 34, 45, 19, 20, 31, 22]

Individual 115:
  Route length: 13123
  Contribution to Diversity: 0
  Route: [30, 23, 19, 41, 8, 9, 10, 43, 6, 4, 25, 15, 5, 16, 29, 50, 46, 17, 44, 34, 35, 36, 39, 40, 52, 14, 13, 47, 26, 27, 28, 11, 51, 33, 12, 49, 1, 21, 42, 7, 2, 48, 20, 31, 18, 3, 32, 45, 38, 37, 24, 22]

Individual 116:
  Route length: 13101
  Contribution to Diversity: 0.0014696568290855083
  Route: [5, 32, 30, 2, 7, 42, 21, 23, 41, 8, 9, 10, 43, 40, 50, 29, 16, 44, 6, 4, 12, 25, 46, 48, 38, 37, 24, 26, 47, 13, 14, 52, 11, 51, 33, 18, 3, 17, 49, 1, 39, 15, 27, 28, 35, 34, 45, 19, 36, 20, 31, 22]

Individual 117:
  Route length: 12845
  Contribution to Diversity: 0.00027570453360681313
  Route: [23, 21, 42, 7, 2, 30, 28, 27, 15, 39, 1, 49, 17, 3, 18, 36, 12, 25, 46, 5, 4, 6, 44, 16, 29, 50, 40, 43, 10, 9, 8, 41, 32, 24, 26, 47, 13, 14, 52, 11, 51, 33, 48, 38, 37, 35, 34, 45, 19, 20, 31, 22]

Individual 118:
  Route length: 12998
  Contribution to Diversity: 0.00015250910494835068
  Route: [32, 45, 18, 21, 39, 36, 35, 25, 4, 37, 31, 50, 40, 19, 3, 17, 41, 8, 9, 10, 43, 33, 11, 52, 14, 26, 13, 47, 16, 29, 1, 49, 20, 23, 30, 2, 7, 42, 15, 44, 5, 24, 48, 38, 46, 27, 28, 12, 51, 6, 34, 22]

Individual 119:
  Route length: 13117
  Contribution to Diversity: 0.00041099399711175266
  Route: [32, 45, 18, 21, 39, 36, 35, 25, 4, 37, 31, 40, 50, 44, 15, 42, 7, 2, 30, 23, 20, 49, 1, 29, 16, 47, 13, 26, 14, 52, 11, 33, 43, 10, 9, 8, 41, 17, 3, 19, 5, 24, 48, 38, 46, 27, 28, 12, 51, 6, 34, 22]

Individual 120:
  Route length: 12761
  Contribution to Diversity: 0
  Route: [1, 3, 18, 32, 49, 44, 25, 15, 5, 29, 23, 42, 7, 2, 30, 20, 50, 35, 34, 17, 21, 37, 38, 48, 24, 13, 27, 28, 12, 40, 51, 11, 52, 14, 47, 26, 45, 19, 41, 8, 9, 10, 43, 33, 4, 46, 16, 36, 39, 6, 31, 22]

Individual 121:
  Route length: 13156
  Contribution to Diversity: 0
  Route: [31, 18, 39, 33, 51, 11, 52, 14, 13, 47, 26, 27, 28, 20, 50, 42, 7, 2, 30, 44, 15, 6, 4, 34, 48, 40, 19, 1, 49, 36, 35, 43, 10, 9, 8, 41, 5, 23, 29, 16, 46, 12, 3, 17, 21, 37, 38, 25, 24, 45, 32, 22]

Individual 122:
  Route length: 12976
  Contribution to Diversity: 0.0008800876330523622
  Route: [8, 41, 17, 3, 45, 32, 49, 15, 6, 4, 18, 21, 42, 7, 2, 30, 23, 20, 38, 37, 40, 25, 12, 46, 28, 27, 26, 47, 13, 14, 52, 11, 51, 33, 35, 1, 19, 34, 16, 44, 50, 36, 5, 48, 24, 39, 10, 9, 43, 31, 29, 22]

Individual 123:
  Route length: 13124
  Contribution to Diversity: 0.0002131280898804988
  Route: [35, 46, 37, 40, 39, 25, 12, 28, 27, 26, 47, 13, 14, 52, 11, 4, 48, 24, 5, 15, 6, 45, 32, 49, 30, 2, 7, 43, 33, 51, 19, 41, 8, 36, 34, 38, 1, 9, 10, 18, 3, 23, 20, 16, 29, 50, 44, 42, 17, 21, 31, 22]

Individual 124:
  Route length: 12662
  Contribution to Diversity: 0
  Route: [1, 34, 24, 5, 35, 36, 39, 48, 38, 37, 40, 44, 45, 19, 10, 43, 33, 9, 41, 8, 49, 32, 52, 11, 51, 47, 26, 27, 28, 12, 25, 4, 6, 15, 13, 14, 17, 21, 42, 7, 2, 30, 23, 20, 50, 29, 16, 46, 3, 18, 31, 22]

Individual 125:
  Route length: 12906
  Contribution to Diversity: 0.0005067457558132205
  Route: [1, 32, 48, 33, 43, 10, 9, 8, 41, 19, 20, 50, 49, 45, 40, 46, 35, 38, 39, 37, 44, 4, 6, 15, 5, 24, 11, 51, 34, 25, 12, 28, 27, 26, 47, 13, 14, 52, 16, 18, 3, 17, 21, 42, 7, 2, 31, 29, 30, 36, 23, 22]

Individual 126:
  Route length: 12723
  Contribution to Diversity: 0
  Route: [28, 12, 25, 4, 43, 33, 27, 51, 11, 52, 14, 13, 47, 26, 37, 40, 35, 49, 1, 36, 6, 15, 24, 48, 38, 50, 29, 42, 7, 2, 17, 21, 31, 5, 3, 18, 16, 46, 8, 9, 10, 41, 19, 45, 32, 44, 34, 39, 20, 23, 30, 22]

Individual 127:
  Route length: 13198
  Contribution to Diversity: 0.0003898071753347665
  Route: [39, 20, 23, 30, 2, 21, 17, 31, 18, 3, 41, 19, 45, 48, 24, 5, 6, 4, 38, 15, 40, 50, 47, 26, 27, 28, 12, 13, 14, 52, 11, 51, 33, 43, 32, 9, 8, 37, 25, 44, 46, 16, 29, 1, 49, 34, 35, 36, 42, 7, 10, 22]

Individual 128:
  Route length: 13187
  Contribution to Diversity: 0.0008208301086476411
  Route: [1, 39, 36, 38, 35, 46, 45, 49, 32, 16, 28, 27, 44, 34, 40, 19, 23, 20, 50, 29, 37, 13, 14, 52, 11, 51, 33, 43, 48, 24, 5, 15, 41, 8, 9, 10, 6, 4, 25, 47, 26, 12, 30, 2, 7, 42, 21, 17, 31, 18, 3, 22]

Individual 129:
  Route length: 13176
  Contribution to Diversity: 0.0003563597619038461
  Route: [46, 35, 38, 34, 44, 50, 29, 16, 20, 23, 7, 2, 30, 49, 48, 24, 5, 15, 6, 45, 32, 40, 39, 25, 12, 28, 27, 26, 47, 13, 14, 52, 11, 4, 37, 1, 36, 8, 41, 19, 42, 43, 33, 51, 9, 10, 18, 3, 17, 21, 31, 22]

Individual 130:
  Route length: 13038
  Contribution to Diversity: 0.0005975101179531705
  Route: [1, 46, 44, 38, 40, 35, 36, 32, 16, 29, 49, 37, 34, 5, 6, 52, 14, 13, 47, 26, 27, 28, 12, 24, 48, 31, 41, 8, 9, 4, 25, 15, 39, 23, 20, 50, 30, 45, 19, 10, 43, 33, 51, 11, 2, 7, 42, 21, 17, 3, 18, 22]

Individual 131:
  Route length: 13191
  Contribution to Diversity: 0.00034644362700309017
  Route: [31, 18, 39, 33, 51, 11, 52, 14, 13, 28, 27, 26, 47, 34, 48, 40, 19, 1, 49, 36, 35, 43, 10, 9, 8, 41, 5, 23, 30, 2, 7, 42, 50, 20, 4, 6, 15, 44, 16, 29, 46, 12, 3, 17, 21, 37, 38, 25, 24, 45, 32, 22]

Individual 132:
  Route length: 13052
  Contribution to Diversity: 0.0008397319709221307
  Route: [16, 45, 19, 41, 8, 9, 10, 43, 6, 28, 15, 4, 24, 5, 49, 32, 34, 39, 48, 40, 37, 38, 35, 44, 46, 12, 25, 36, 1, 50, 29, 17, 3, 18, 21, 42, 27, 26, 47, 13, 14, 52, 11, 51, 33, 20, 23, 30, 2, 7, 31, 22]

Individual 133:
  Route length: 13171
  Contribution to Diversity: 0
  Route: [5, 44, 34, 36, 39, 40, 38, 48, 15, 12, 28, 14, 13, 47, 26, 27, 52, 11, 51, 33, 43, 30, 2, 7, 42, 21, 37, 6, 35, 24, 1, 46, 16, 29, 23, 49, 50, 20, 45, 32, 19, 41, 4, 25, 3, 17, 18, 10, 9, 8, 31, 22]

Individual 134:
  Route length: 13024
  Contribution to Diversity: 0.00030037450684705647
  Route: [28, 12, 25, 4, 43, 33, 27, 51, 11, 52, 14, 13, 47, 26, 37, 40, 35, 49, 48, 24, 15, 6, 36, 1, 44, 32, 45, 19, 41, 10, 9, 8, 46, 16, 18, 3, 5, 31, 21, 17, 2, 7, 42, 29, 50, 38, 34, 39, 20, 23, 30, 22]

Individual 135:
  Route length: 13091
  Contribution to Diversity: 0.0009329347737958571
  Route: [5, 44, 34, 36, 39, 40, 25, 4, 41, 3, 17, 18, 19, 21, 42, 7, 2, 30, 43, 33, 51, 11, 52, 27, 26, 47, 13, 14, 28, 12, 32, 45, 38, 6, 48, 15, 24, 35, 37, 46, 1, 16, 29, 23, 49, 50, 20, 10, 9, 8, 31, 22]

Individual 136:
  Route length: 12938
  Contribution to Diversity: 0.00025134818603511633
  Route: [8, 32, 19, 41, 4, 29, 50, 23, 20, 45, 9, 10, 18, 3, 17, 21, 42, 7, 30, 16, 46, 40, 39, 36, 34, 44, 5, 25, 12, 28, 14, 13, 47, 26, 27, 52, 11, 51, 33, 43, 24, 6, 38, 48, 15, 1, 49, 35, 37, 2, 31, 22]

Individual 137:
  Route length: 12910
  Contribution to Diversity: 0.00017271064300494743
  Route: [45, 4, 6, 40, 30, 44, 46, 48, 24, 38, 25, 12, 27, 28, 10, 43, 33, 51, 11, 52, 14, 13, 47, 26, 16, 29, 23, 20, 50, 34, 9, 1, 32, 49, 35, 36, 39, 19, 41, 8, 37, 5, 15, 2, 42, 7, 21, 17, 3, 18, 31, 22]

Individual 138:
  Route length: 13099
  Contribution to Diversity: 0
  Route: [5, 44, 34, 36, 39, 40, 38, 48, 15, 12, 28, 14, 13, 47, 26, 27, 52, 11, 51, 33, 43, 30, 2, 7, 42, 21, 19, 32, 45, 20, 50, 49, 23, 29, 16, 46, 1, 24, 35, 6, 37, 31, 8, 9, 10, 25, 4, 41, 3, 17, 18, 22]

Individual 139:
  Route length: 12833
  Contribution to Diversity: 0
  Route: [5, 44, 34, 36, 39, 40, 38, 48, 15, 12, 28, 14, 13, 47, 26, 27, 52, 11, 51, 25, 4, 41, 19, 32, 45, 20, 50, 49, 23, 29, 16, 46, 1, 24, 35, 6, 37, 21, 42, 7, 2, 30, 43, 33, 8, 9, 10, 18, 17, 3, 31, 22]

Individual 140:
  Route length: 12898
  Contribution to Diversity: 0
  Route: [32, 18, 3, 1, 31, 6, 39, 36, 16, 46, 4, 33, 43, 10, 9, 8, 41, 19, 45, 26, 47, 14, 52, 11, 51, 40, 12, 28, 27, 13, 24, 48, 38, 37, 21, 17, 34, 35, 50, 20, 30, 2, 7, 42, 23, 29, 5, 15, 25, 44, 49, 22]

Individual 141:
  Route length: 13050
  Contribution to Diversity: 0.0006441231008516013
  Route: [35, 15, 16, 29, 20, 50, 23, 30, 2, 7, 21, 17, 3, 18, 42, 37, 40, 39, 46, 38, 5, 24, 48, 25, 12, 28, 4, 27, 26, 47, 13, 11, 52, 14, 33, 43, 10, 9, 8, 41, 19, 45, 32, 51, 44, 1, 49, 34, 36, 6, 31, 22]

Individual 142:
  Route length: 13155
  Contribution to Diversity: 0.0011526694514412128
  Route: [15, 28, 27, 26, 49, 19, 45, 32, 24, 6, 40, 37, 38, 48, 41, 8, 9, 10, 43, 33, 51, 47, 13, 14, 52, 11, 23, 5, 12, 25, 4, 39, 29, 16, 46, 44, 34, 35, 36, 3, 18, 31, 2, 7, 42, 21, 17, 30, 50, 20, 1, 22]

Individual 143:
  Route length: 12593
  Contribution to Diversity: 0
  Route: [28, 12, 25, 4, 43, 33, 27, 51, 11, 52, 14, 13, 47, 26, 37, 40, 35, 1, 49, 32, 45, 19, 41, 10, 9, 8, 46, 16, 31, 5, 3, 18, 21, 17, 2, 7, 42, 29, 50, 38, 48, 24, 15, 6, 36, 44, 34, 39, 20, 23, 30, 22]

Individual 144:
  Route length: 13183
  Contribution to Diversity: 0.0008630595222900439
  Route: [37, 46, 44, 12, 38, 18, 31, 5, 24, 48, 51, 11, 52, 14, 13, 47, 26, 27, 28, 33, 3, 19, 41, 8, 9, 10, 43, 45, 30, 23, 2, 7, 42, 21, 17, 39, 36, 35, 4, 6, 34, 40, 25, 15, 50, 1, 49, 32, 20, 29, 16, 22]

Individual 145:
  Route length: 13177
  Contribution to Diversity: 0.001251102377693769
  Route: [38, 5, 43, 26, 47, 13, 14, 52, 11, 51, 37, 4, 6, 12, 28, 27, 48, 40, 33, 45, 19, 41, 8, 10, 9, 1, 34, 35, 36, 15, 31, 18, 3, 17, 21, 42, 7, 2, 30, 23, 24, 32, 44, 25, 29, 16, 39, 49, 46, 20, 50, 22]

Individual 146:
  Route length: 13073
  Contribution to Diversity: 0
  Route: [30, 21, 1, 49, 23, 32, 18, 3, 17, 12, 6, 15, 24, 5, 43, 10, 9, 8, 41, 19, 45, 4, 16, 52, 14, 13, 11, 51, 33, 50, 29, 47, 26, 27, 28, 40, 39, 36, 35, 34, 44, 37, 38, 48, 25, 46, 20, 2, 7, 42, 31, 22]

Individual 147:
  Route length: 13183
  Contribution to Diversity: 0.0007338260237501615
  Route: [8, 43, 33, 51, 11, 52, 27, 26, 47, 13, 14, 28, 12, 25, 20, 45, 9, 10, 18, 3, 17, 21, 42, 7, 2, 16, 46, 30, 5, 44, 34, 36, 39, 40, 37, 35, 49, 50, 23, 29, 4, 41, 19, 32, 6, 24, 38, 48, 15, 1, 31, 22]

Individual 148:
  Route length: 13119
  Contribution to Diversity: 0.00019249527457976257
  Route: [49, 23, 1, 21, 2, 7, 42, 4, 25, 14, 52, 16, 50, 29, 6, 15, 5, 24, 46, 12, 39, 40, 34, 35, 36, 44, 37, 48, 38, 28, 27, 26, 47, 13, 11, 51, 33, 8, 9, 10, 43, 41, 19, 45, 32, 30, 20, 17, 3, 18, 31, 22]

Individual 149:
  Route length: 13085
  Contribution to Diversity: 0.0003321706798882218
  Route: [12, 49, 45, 30, 23, 2, 7, 42, 21, 17, 39, 36, 35, 4, 6, 34, 16, 29, 50, 1, 44, 46, 37, 38, 48, 24, 5, 15, 25, 40, 31, 18, 28, 27, 26, 47, 13, 14, 52, 11, 51, 33, 19, 41, 8, 43, 10, 9, 3, 20, 32, 22]

Total Entropy H: 5.716424220166176
