Individual 0:
  Route length: 9344
  Contribution to Diversity: 0.015423325361346052
  Route: [1, 49, 36, 35, 37, 48, 44, 24, 40, 38, 32, 19, 41, 45, 17, 21, 42, 7, 2, 30, 23, 20, 50, 29, 16, 46, 34, 31, 39, 5, 15, 6, 4, 25, 12, 28, 27, 26, 47, 13, 14, 52, 11, 51, 33, 43, 10, 9, 8, 3, 18, 22]

Individual 1:
  Route length: 9371
  Contribution to Diversity: 0.009146691287208242
  Route: [1, 34, 16, 29, 20, 50, 23, 18, 17, 42, 7, 2, 30, 21, 31, 45, 19, 41, 8, 9, 10, 43, 33, 51, 11, 52, 13, 14, 47, 26, 27, 28, 12, 25, 4, 24, 48, 6, 15, 5, 38, 37, 39, 36, 35, 46, 32, 3, 40, 49, 44, 22]

Individual 2:
  Route length: 9393
  Contribution to Diversity: 0.006475478083149078
  Route: [1, 49, 35, 34, 44, 18, 3, 31, 7, 2, 42, 17, 21, 20, 23, 30, 50, 29, 16, 46, 12, 28, 27, 26, 47, 14, 13, 52, 11, 51, 33, 43, 4, 25, 6, 24, 5, 40, 37, 15, 48, 38, 36, 39, 45, 19, 10, 9, 8, 41, 32, 22]

Individual 3:
  Route length: 9373
  Contribution to Diversity: 0.009146691287208242
  Route: [1, 40, 49, 44, 23, 18, 17, 42, 7, 2, 30, 21, 31, 45, 19, 41, 8, 9, 10, 43, 33, 51, 11, 52, 13, 14, 47, 26, 27, 28, 12, 25, 4, 24, 48, 6, 15, 5, 38, 37, 39, 36, 35, 46, 50, 20, 29, 16, 34, 3, 32, 22]

Individual 4:
  Route length: 9415
  Contribution to Diversity: 0.013824494726772052
  Route: [1, 17, 21, 42, 2, 7, 30, 23, 50, 20, 29, 16, 24, 5, 46, 38, 44, 49, 32, 45, 19, 41, 8, 9, 10, 43, 33, 51, 11, 52, 14, 13, 47, 26, 27, 28, 12, 25, 48, 35, 40, 34, 4, 15, 6, 37, 39, 36, 18, 31, 3, 22]

Individual 5:
  Route length: 9375
  Contribution to Diversity: 0.007293326879902473
  Route: [32, 37, 44, 29, 20, 50, 23, 31, 1, 24, 15, 6, 4, 25, 12, 28, 27, 26, 47, 13, 14, 52, 11, 51, 33, 43, 10, 9, 8, 41, 19, 45, 49, 16, 46, 48, 5, 40, 38, 35, 34, 39, 36, 3, 21, 30, 2, 7, 42, 17, 18, 22]

Individual 6:
  Route length: 9378
  Contribution to Diversity: 0.00106188958961706
  Route: [1, 49, 32, 45, 19, 41, 8, 9, 10, 43, 33, 51, 11, 52, 14, 13, 47, 26, 27, 28, 12, 25, 44, 4, 15, 6, 48, 37, 38, 35, 36, 39, 40, 34, 24, 5, 46, 50, 20, 23, 30, 2, 7, 42, 21, 17, 29, 16, 18, 31, 3, 22]

Individual 7:
  Route length: 9420
  Contribution to Diversity: 0.011323579515964965
  Route: [49, 39, 6, 4, 25, 12, 28, 27, 26, 47, 13, 14, 52, 11, 51, 16, 29, 50, 20, 23, 30, 42, 7, 2, 21, 44, 40, 5, 15, 24, 38, 37, 46, 48, 43, 33, 10, 9, 8, 41, 19, 45, 32, 1, 34, 35, 36, 17, 3, 18, 31, 22]

Individual 8:
  Route length: 9423
  Contribution to Diversity: 0.008673071762850704
  Route: [1, 49, 32, 35, 48, 34, 39, 40, 8, 9, 10, 33, 43, 41, 19, 45, 38, 46, 44, 36, 24, 37, 5, 15, 6, 4, 25, 26, 27, 28, 12, 51, 11, 52, 14, 13, 47, 16, 29, 50, 20, 23, 30, 2, 7, 42, 21, 17, 3, 18, 31, 22]

Individual 9:
  Route length: 9381
  Contribution to Diversity: 0.0070318190732630015
  Route: [1, 32, 45, 19, 41, 43, 33, 10, 9, 8, 40, 35, 49, 34, 39, 36, 44, 46, 38, 24, 37, 5, 15, 6, 4, 25, 48, 16, 47, 13, 14, 52, 11, 51, 12, 28, 27, 26, 29, 50, 20, 23, 30, 2, 7, 42, 21, 17, 3, 18, 31, 22]

Individual 10:
  Route length: 9325
  Contribution to Diversity: 0.002768421488940298
  Route: [1, 49, 35, 34, 44, 46, 16, 29, 50, 30, 20, 31, 32, 41, 10, 9, 8, 19, 45, 48, 38, 36, 39, 40, 37, 15, 5, 24, 6, 4, 25, 12, 28, 27, 26, 47, 13, 14, 52, 11, 51, 33, 43, 18, 3, 17, 21, 7, 2, 42, 23, 22]

Individual 11:
  Route length: 9259
  Contribution to Diversity: 0.010451338438449476
  Route: [1, 39, 37, 38, 15, 46, 16, 29, 50, 20, 35, 34, 40, 23, 30, 42, 7, 2, 21, 17, 49, 36, 32, 45, 19, 41, 8, 9, 10, 43, 33, 51, 11, 52, 14, 13, 47, 26, 27, 28, 12, 25, 4, 6, 48, 24, 5, 44, 3, 18, 31, 22]

Individual 12:
  Route length: 9312
  Contribution to Diversity: 0.007089641846492967
  Route: [1, 49, 32, 45, 19, 41, 8, 9, 10, 43, 33, 51, 11, 52, 14, 13, 47, 26, 27, 28, 16, 20, 29, 50, 30, 2, 7, 42, 21, 17, 3, 18, 23, 31, 36, 39, 34, 35, 5, 15, 6, 4, 12, 25, 37, 24, 38, 48, 40, 44, 46, 22]

Individual 13:
  Route length: 9398
  Contribution to Diversity: 0.008498935218743675
  Route: [1, 18, 49, 35, 40, 41, 19, 45, 17, 21, 42, 7, 2, 30, 23, 20, 50, 29, 16, 46, 37, 48, 38, 36, 32, 44, 34, 24, 39, 6, 15, 5, 4, 25, 12, 28, 27, 26, 47, 13, 14, 52, 11, 51, 33, 43, 10, 9, 8, 3, 31, 22]

Individual 14:
  Route length: 9399
  Contribution to Diversity: 0.005690134274464853
  Route: [1, 49, 35, 34, 46, 16, 29, 50, 30, 23, 20, 7, 2, 42, 17, 21, 31, 3, 18, 44, 37, 40, 5, 24, 6, 25, 4, 43, 33, 51, 11, 52, 13, 14, 47, 26, 27, 28, 12, 15, 48, 38, 36, 39, 45, 19, 10, 9, 8, 41, 32, 22]

Individual 15:
  Route length: 9231
  Contribution to Diversity: 0.0060883292310158765
  Route: [1, 49, 32, 45, 19, 43, 33, 5, 46, 6, 4, 25, 12, 28, 27, 26, 47, 13, 14, 52, 11, 51, 10, 9, 8, 41, 34, 36, 39, 40, 37, 15, 48, 24, 38, 35, 44, 16, 29, 50, 20, 23, 30, 2, 7, 42, 21, 17, 3, 18, 31, 22]

Individual 16:
  Route length: 9186
  Contribution to Diversity: 0.008567127865951818
  Route: [1, 49, 10, 9, 8, 41, 19, 43, 33, 51, 11, 52, 14, 13, 47, 26, 27, 28, 12, 25, 4, 6, 15, 5, 24, 48, 34, 44, 46, 40, 37, 38, 39, 36, 35, 45, 32, 17, 3, 18, 21, 42, 7, 2, 30, 31, 23, 20, 29, 16, 50, 22]

Individual 17:
  Route length: 9167
  Contribution to Diversity: 0.0026610053898901143
  Route: [3, 1, 49, 39, 36, 35, 45, 19, 41, 8, 9, 10, 43, 33, 51, 11, 52, 14, 13, 47, 26, 27, 28, 12, 25, 4, 24, 5, 15, 6, 48, 38, 37, 40, 44, 34, 46, 16, 20, 29, 50, 23, 32, 18, 31, 42, 7, 2, 30, 21, 17, 22]

Individual 18:
  Route length: 9369
  Contribution to Diversity: 0.003782074480276343
  Route: [1, 43, 33, 51, 11, 52, 14, 13, 47, 26, 27, 28, 12, 25, 4, 6, 24, 5, 15, 37, 40, 39, 36, 38, 48, 45, 19, 8, 9, 10, 41, 32, 31, 20, 30, 50, 29, 16, 46, 44, 34, 35, 49, 23, 42, 2, 7, 21, 17, 3, 18, 22]

Individual 19:
  Route length: 9158
  Contribution to Diversity: 0.0058901949354472904
  Route: [32, 24, 15, 6, 4, 25, 12, 28, 27, 26, 47, 13, 14, 52, 11, 51, 33, 43, 10, 9, 8, 41, 19, 45, 49, 16, 46, 48, 5, 40, 38, 35, 34, 39, 36, 37, 44, 29, 20, 50, 23, 31, 1, 3, 21, 30, 2, 7, 42, 17, 18, 22]

Total Entropy H: 4.942488285957121
