Individual 0:
  Route length: 12898
  Contribution to Diversity: 0.0020618551734115087
  Route: [1, 49, 32, 45, 19, 41, 8, 43, 3, 9, 10, 7, 42, 21, 17, 2, 30, 23, 20, 50, 29, 25, 12, 28, 27, 26, 47, 13, 46, 44, 34, 16, 38, 37, 40, 39, 36, 35, 14, 52, 11, 51, 15, 6, 4, 48, 24, 5, 33, 18, 31, 22]

Individual 1:
  Route length: 12931
  Contribution to Diversity: 0.0025069100387611343
  Route: [1, 21, 17, 3, 18, 32, 15, 5, 24, 48, 38, 49, 26, 27, 28, 12, 11, 52, 14, 13, 51, 33, 43, 10, 9, 8, 42, 47, 25, 4, 6, 23, 41, 19, 45, 30, 2, 7, 20, 50, 29, 16, 46, 44, 34, 35, 36, 39, 40, 37, 31, 22]

Individual 2:
  Route length: 13001
  Contribution to Diversity: 0.0006521454628813927
  Route: [1, 49, 32, 45, 19, 51, 11, 52, 14, 13, 26, 27, 28, 12, 25, 41, 15, 44, 46, 16, 8, 39, 36, 35, 34, 47, 30, 23, 20, 50, 29, 4, 6, 33, 43, 10, 9, 38, 37, 40, 48, 24, 5, 2, 7, 42, 21, 17, 3, 18, 31, 22]

Individual 3:
  Route length: 13171
  Contribution to Diversity: 0.0003334672046317877
  Route: [48, 38, 37, 49, 1, 50, 29, 16, 46, 44, 20, 23, 30, 2, 7, 42, 10, 43, 33, 40, 25, 4, 6, 15, 5, 24, 11, 51, 31, 34, 35, 36, 39, 9, 8, 41, 19, 45, 32, 12, 28, 27, 26, 47, 13, 14, 52, 18, 3, 17, 21, 22]

Individual 4:
  Route length: 12194
  Contribution to Diversity: 0.000161648707070583
  Route: [1, 49, 41, 19, 45, 32, 25, 12, 28, 27, 26, 47, 13, 46, 44, 34, 16, 29, 50, 20, 23, 30, 2, 7, 42, 21, 17, 3, 9, 10, 43, 39, 36, 35, 14, 52, 11, 51, 15, 6, 4, 8, 37, 40, 38, 48, 24, 5, 33, 18, 31, 22]

Individual 5:
  Route length: 12877
  Contribution to Diversity: 3.0186438209511834e-05
  Route: [7, 42, 21, 5, 24, 48, 38, 37, 40, 39, 46, 16, 29, 35, 36, 49, 1, 13, 14, 52, 11, 51, 33, 43, 50, 20, 19, 41, 8, 9, 10, 34, 44, 45, 32, 23, 30, 2, 47, 26, 27, 28, 12, 25, 4, 6, 15, 3, 17, 18, 31, 22]

Individual 6:
  Route length: 12908
  Contribution to Diversity: 0.0010455924430683439
  Route: [1, 12, 44, 33, 51, 11, 52, 14, 13, 47, 28, 27, 26, 17, 3, 23, 30, 2, 7, 42, 21, 49, 32, 45, 19, 41, 8, 15, 6, 4, 50, 29, 16, 46, 20, 34, 38, 37, 40, 39, 36, 35, 25, 9, 10, 43, 48, 24, 5, 18, 31, 22]

Individual 7:
  Route length: 13196
  Contribution to Diversity: 0.000697602741560388
  Route: [20, 23, 30, 19, 45, 37, 2, 7, 42, 21, 17, 3, 18, 32, 33, 43, 10, 9, 8, 41, 51, 11, 52, 48, 50, 29, 16, 46, 44, 6, 49, 1, 35, 34, 4, 25, 12, 28, 27, 26, 47, 13, 14, 38, 15, 24, 5, 36, 39, 40, 31, 22]

Individual 8:
  Route length: 13009
  Contribution to Diversity: 0.0009133067292728114
  Route: [1, 49, 32, 45, 36, 39, 40, 37, 38, 28, 25, 12, 24, 48, 35, 19, 41, 8, 20, 23, 27, 26, 47, 13, 14, 52, 33, 51, 11, 43, 10, 9, 34, 44, 46, 16, 29, 50, 15, 6, 4, 5, 21, 42, 7, 2, 30, 17, 3, 18, 31, 22]

Individual 9:
  Route length: 12808
  Contribution to Diversity: 0.0028546978412720136
  Route: [1, 49, 32, 45, 19, 10, 9, 8, 44, 46, 16, 13, 3, 17, 21, 42, 7, 2, 30, 23, 20, 50, 29, 12, 25, 4, 6, 15, 5, 48, 24, 36, 39, 40, 37, 38, 43, 33, 51, 11, 47, 26, 27, 28, 14, 52, 41, 35, 34, 18, 31, 22]

Individual 10:
  Route length: 13032
  Contribution to Diversity: 0.0003449435443387827
  Route: [35, 8, 41, 42, 7, 2, 30, 23, 20, 50, 29, 16, 46, 44, 34, 38, 48, 24, 5, 15, 36, 39, 49, 1, 3, 17, 21, 43, 33, 51, 28, 12, 25, 4, 6, 13, 14, 52, 11, 32, 45, 19, 10, 9, 37, 40, 26, 27, 47, 18, 31, 22]

Individual 11:
  Route length: 12841
  Contribution to Diversity: 0.0017798031218001498
  Route: [41, 8, 9, 10, 19, 45, 32, 49, 1, 42, 7, 2, 30, 23, 21, 43, 51, 33, 27, 47, 13, 14, 52, 11, 26, 4, 25, 12, 28, 39, 36, 35, 15, 5, 24, 48, 38, 37, 40, 3, 18, 20, 50, 29, 34, 44, 46, 16, 6, 17, 31, 22]

Individual 12:
  Route length: 12854
  Contribution to Diversity: 0.00047484682892751096
  Route: [1, 49, 32, 45, 19, 41, 8, 9, 10, 43, 46, 16, 48, 38, 37, 15, 5, 24, 52, 14, 13, 11, 51, 12, 28, 27, 26, 47, 18, 3, 17, 33, 34, 7, 2, 30, 23, 20, 50, 40, 39, 36, 35, 25, 4, 6, 29, 44, 42, 21, 31, 22]

Individual 13:
  Route length: 13198
  Contribution to Diversity: 0.00133196656639889
  Route: [1, 49, 36, 52, 14, 13, 47, 26, 10, 23, 32, 45, 44, 34, 35, 9, 8, 41, 19, 20, 50, 29, 16, 46, 39, 40, 37, 38, 48, 24, 5, 21, 42, 7, 2, 30, 43, 33, 51, 11, 28, 27, 12, 25, 4, 6, 15, 3, 17, 18, 31, 22]

Individual 14:
  Route length: 13068
  Contribution to Diversity: 0.0010334142035910432
  Route: [1, 49, 32, 45, 19, 41, 8, 9, 10, 43, 15, 37, 38, 48, 16, 46, 4, 6, 29, 44, 42, 21, 11, 51, 12, 28, 27, 26, 47, 13, 14, 52, 24, 5, 25, 7, 2, 30, 23, 20, 50, 40, 39, 36, 35, 34, 33, 17, 3, 18, 31, 22]

Individual 15:
  Route length: 13095
  Contribution to Diversity: 0.00023730501843566287
  Route: [35, 36, 39, 40, 37, 38, 27, 26, 47, 13, 14, 52, 24, 5, 15, 6, 4, 25, 7, 2, 30, 32, 49, 1, 28, 12, 34, 45, 19, 41, 8, 9, 10, 43, 11, 51, 33, 48, 31, 18, 3, 17, 21, 42, 44, 46, 16, 29, 50, 20, 23, 22]

Individual 16:
  Route length: 13161
  Contribution to Diversity: 0.000524007898917489
  Route: [1, 49, 6, 44, 46, 16, 29, 50, 20, 23, 30, 19, 45, 36, 39, 40, 48, 52, 11, 51, 24, 5, 33, 32, 18, 3, 17, 21, 42, 7, 2, 4, 25, 12, 28, 27, 26, 47, 13, 14, 34, 35, 43, 10, 9, 8, 41, 37, 38, 15, 31, 22]

Individual 17:
  Route length: 13185
  Contribution to Diversity: 0.0010458818882668197
  Route: [51, 52, 11, 40, 37, 32, 45, 19, 41, 8, 9, 10, 43, 33, 16, 46, 44, 34, 35, 36, 20, 50, 29, 47, 26, 27, 28, 12, 39, 38, 49, 1, 23, 30, 2, 7, 42, 21, 48, 24, 25, 4, 6, 15, 5, 14, 13, 18, 3, 17, 31, 22]

Individual 18:
  Route length: 13131
  Contribution to Diversity: 0.0023769248275229415
  Route: [1, 49, 10, 9, 8, 41, 19, 45, 32, 46, 44, 34, 35, 36, 39, 43, 28, 27, 26, 47, 13, 14, 52, 11, 51, 33, 3, 18, 50, 29, 16, 31, 37, 40, 48, 24, 5, 2, 30, 23, 7, 42, 21, 17, 38, 20, 15, 6, 4, 25, 12, 22]

Individual 19:
  Route length: 13077
  Contribution to Diversity: 0.0025079521931257176
  Route: [1, 33, 43, 10, 9, 8, 46, 36, 35, 34, 44, 24, 48, 38, 37, 40, 39, 41, 19, 45, 32, 49, 25, 4, 12, 28, 27, 26, 47, 30, 23, 20, 50, 29, 16, 11, 51, 52, 14, 13, 15, 6, 17, 21, 42, 7, 2, 5, 3, 18, 31, 22]

Individual 20:
  Route length: 12871
  Contribution to Diversity: 0.00017457173433488293
  Route: [1, 49, 32, 6, 33, 43, 10, 44, 40, 39, 36, 35, 34, 17, 21, 42, 7, 2, 30, 23, 20, 50, 29, 16, 46, 12, 11, 52, 14, 47, 13, 28, 27, 26, 37, 3, 45, 19, 25, 4, 48, 38, 41, 9, 8, 51, 15, 5, 24, 18, 31, 22]

Individual 21:
  Route length: 13179
  Contribution to Diversity: 0.0014017205363110463
  Route: [9, 10, 43, 33, 51, 11, 52, 14, 13, 35, 36, 39, 40, 37, 3, 18, 24, 5, 15, 6, 4, 48, 38, 12, 28, 27, 1, 25, 17, 21, 42, 7, 2, 30, 23, 49, 32, 45, 19, 41, 8, 34, 44, 46, 16, 29, 50, 20, 26, 47, 31, 22]

Individual 22:
  Route length: 13002
  Contribution to Diversity: 0.00022996843461164929
  Route: [1, 49, 39, 36, 35, 16, 46, 30, 2, 7, 42, 12, 28, 51, 45, 19, 10, 9, 32, 34, 44, 18, 3, 17, 21, 43, 33, 8, 41, 25, 4, 6, 15, 5, 24, 48, 38, 37, 40, 26, 27, 47, 13, 14, 52, 11, 29, 50, 20, 23, 31, 22]

Individual 23:
  Route length: 12977
  Contribution to Diversity: 0.002742432427189634
  Route: [8, 33, 15, 5, 24, 48, 38, 37, 39, 40, 43, 34, 35, 36, 10, 9, 1, 49, 32, 21, 42, 7, 2, 30, 23, 20, 50, 29, 16, 46, 44, 41, 19, 45, 11, 12, 28, 27, 26, 47, 13, 14, 52, 4, 25, 6, 51, 17, 3, 18, 31, 22]

Individual 24:
  Route length: 12890
  Contribution to Diversity: 0.0010901465074786287
  Route: [1, 49, 32, 19, 45, 3, 37, 26, 27, 13, 28, 25, 4, 6, 33, 43, 10, 44, 40, 39, 36, 35, 34, 17, 21, 42, 7, 2, 30, 23, 20, 50, 29, 16, 46, 12, 11, 52, 14, 47, 48, 38, 41, 9, 8, 51, 15, 5, 24, 18, 31, 22]

Individual 25:
  Route length: 12941
  Contribution to Diversity: 0.0016694859284163144
  Route: [1, 49, 32, 45, 19, 41, 34, 35, 36, 39, 40, 8, 9, 10, 43, 33, 51, 37, 38, 48, 24, 5, 15, 6, 26, 27, 28, 12, 25, 16, 29, 50, 20, 4, 23, 30, 2, 7, 42, 46, 44, 14, 52, 47, 13, 11, 18, 3, 17, 21, 31, 22]

Individual 26:
  Route length: 12816
  Contribution to Diversity: 0.001551581373090194
  Route: [1, 49, 41, 4, 25, 12, 28, 27, 26, 47, 13, 50, 29, 6, 15, 5, 24, 48, 38, 14, 52, 11, 51, 33, 45, 32, 17, 21, 42, 7, 2, 30, 23, 20, 43, 10, 9, 8, 37, 3, 19, 40, 39, 36, 35, 34, 44, 46, 16, 31, 18, 22]

Individual 27:
  Route length: 13033
  Contribution to Diversity: 9.803299379562702e-05
  Route: [1, 49, 15, 6, 4, 25, 12, 28, 50, 20, 23, 48, 38, 37, 40, 39, 29, 24, 5, 21, 30, 2, 7, 42, 32, 45, 19, 41, 8, 9, 10, 43, 33, 51, 11, 46, 14, 27, 26, 47, 13, 52, 16, 31, 18, 3, 17, 35, 34, 44, 36, 22]

Individual 28:
  Route length: 12565
  Contribution to Diversity: 0.0007116077100821627
  Route: [1, 49, 36, 35, 24, 5, 21, 42, 7, 2, 30, 43, 33, 51, 11, 52, 14, 13, 47, 10, 9, 8, 41, 19, 39, 46, 16, 29, 50, 20, 4, 25, 12, 28, 27, 26, 3, 15, 6, 40, 48, 38, 37, 34, 44, 45, 32, 23, 17, 18, 31, 22]

Individual 29:
  Route length: 13131
  Contribution to Diversity: 0.001376876600356347
  Route: [1, 49, 15, 6, 4, 25, 12, 28, 50, 20, 23, 48, 29, 39, 40, 37, 38, 11, 51, 33, 43, 10, 9, 8, 41, 19, 45, 32, 42, 7, 2, 30, 21, 5, 24, 46, 14, 27, 26, 47, 13, 52, 16, 31, 18, 3, 17, 35, 34, 44, 36, 22]

Individual 30:
  Route length: 12966
  Contribution to Diversity: 0.0017437070044126202
  Route: [1, 43, 10, 9, 8, 36, 39, 40, 37, 38, 49, 32, 45, 19, 51, 11, 52, 14, 13, 26, 27, 28, 12, 25, 41, 15, 44, 46, 16, 47, 34, 35, 30, 23, 20, 50, 29, 4, 6, 33, 48, 24, 5, 2, 7, 42, 21, 17, 3, 18, 31, 22]

Individual 31:
  Route length: 12829
  Contribution to Diversity: 0.0020896529842477918
  Route: [1, 49, 32, 37, 40, 39, 36, 45, 3, 6, 4, 25, 11, 51, 33, 43, 10, 9, 8, 41, 38, 12, 28, 52, 14, 13, 47, 26, 27, 23, 20, 50, 29, 16, 46, 44, 34, 15, 48, 35, 19, 5, 21, 42, 7, 2, 30, 17, 24, 18, 31, 22]

Individual 32:
  Route length: 12463
  Contribution to Diversity: 0.00013069957368294638
  Route: [1, 49, 32, 42, 30, 16, 2, 45, 19, 41, 40, 39, 36, 35, 34, 44, 46, 6, 15, 5, 24, 33, 51, 11, 52, 14, 13, 47, 26, 27, 28, 12, 43, 10, 9, 8, 7, 23, 20, 50, 29, 37, 38, 48, 4, 25, 21, 17, 3, 18, 31, 22]

Individual 33:
  Route length: 13119
  Contribution to Diversity: 0.0026873321907752157
  Route: [1, 25, 32, 45, 19, 41, 8, 9, 10, 31, 33, 51, 49, 28, 38, 37, 40, 48, 12, 11, 52, 14, 13, 47, 26, 27, 24, 23, 20, 5, 15, 6, 4, 43, 39, 36, 35, 34, 44, 46, 16, 29, 50, 18, 3, 17, 21, 42, 7, 2, 30, 22]

Individual 34:
  Route length: 12714
  Contribution to Diversity: 0.0005330057233230434
  Route: [25, 35, 36, 39, 40, 37, 38, 34, 20, 23, 30, 2, 7, 42, 21, 9, 10, 43, 48, 24, 5, 4, 50, 29, 16, 46, 6, 15, 8, 41, 19, 45, 32, 44, 1, 49, 14, 52, 11, 51, 33, 12, 13, 47, 28, 27, 26, 3, 17, 18, 31, 22]

Individual 35:
  Route length: 12420
  Contribution to Diversity: 0.00045511668242248504
  Route: [1, 20, 23, 30, 2, 7, 42, 41, 8, 9, 10, 19, 45, 32, 34, 44, 46, 16, 35, 49, 39, 36, 29, 50, 38, 48, 24, 5, 15, 6, 4, 13, 14, 47, 27, 26, 40, 37, 11, 52, 25, 12, 28, 51, 33, 43, 21, 17, 3, 18, 31, 22]

Individual 36:
  Route length: 12918
  Contribution to Diversity: 0.0001424229629991558
  Route: [43, 33, 51, 28, 12, 25, 4, 27, 26, 6, 11, 52, 14, 13, 47, 35, 34, 44, 46, 16, 24, 48, 38, 37, 40, 39, 36, 5, 15, 31, 10, 9, 21, 17, 3, 18, 1, 8, 41, 19, 45, 32, 49, 30, 23, 20, 50, 29, 2, 7, 42, 22]

Individual 37:
  Route length: 12306
  Contribution to Diversity: 0
  Route: [1, 49, 15, 6, 38, 37, 40, 39, 29, 16, 46, 14, 27, 28, 12, 25, 4, 2, 7, 42, 32, 45, 19, 41, 8, 9, 10, 43, 33, 51, 11, 52, 13, 47, 26, 50, 20, 23, 48, 30, 21, 5, 24, 36, 35, 34, 44, 17, 3, 18, 31, 22]

Individual 38:
  Route length: 12225
  Contribution to Diversity: 0.00124291303322277
  Route: [1, 49, 32, 19, 34, 35, 36, 39, 40, 45, 3, 17, 21, 42, 7, 2, 30, 23, 20, 50, 29, 16, 46, 12, 11, 52, 14, 13, 47, 26, 27, 28, 37, 10, 43, 33, 6, 4, 25, 41, 38, 48, 44, 24, 5, 15, 51, 8, 9, 18, 31, 22]

Individual 39:
  Route length: 12843
  Contribution to Diversity: 0
  Route: [1, 49, 6, 44, 12, 25, 4, 43, 33, 32, 18, 3, 17, 21, 42, 7, 2, 37, 45, 19, 30, 23, 20, 50, 16, 29, 40, 39, 36, 35, 34, 10, 9, 8, 41, 51, 11, 52, 28, 27, 26, 47, 13, 14, 38, 15, 5, 24, 48, 46, 31, 22]

Individual 40:
  Route length: 12835
  Contribution to Diversity: 0.0015872966728105453
  Route: [1, 46, 49, 34, 35, 44, 52, 11, 51, 33, 43, 10, 9, 8, 41, 19, 45, 32, 14, 13, 26, 27, 28, 12, 25, 4, 6, 21, 42, 7, 2, 30, 50, 20, 23, 31, 18, 3, 47, 15, 5, 24, 48, 38, 37, 40, 39, 36, 17, 16, 29, 22]

Individual 41:
  Route length: 12763
  Contribution to Diversity: 0.0007781204580998846
  Route: [1, 20, 23, 30, 2, 7, 42, 41, 8, 9, 46, 44, 34, 32, 45, 19, 10, 50, 38, 48, 24, 5, 15, 6, 4, 25, 12, 43, 33, 51, 28, 16, 35, 36, 39, 49, 37, 40, 26, 27, 47, 13, 14, 52, 11, 29, 21, 17, 3, 18, 31, 22]

Individual 42:
  Route length: 12678
  Contribution to Diversity: 0.000984951667657441
  Route: [44, 46, 16, 29, 39, 40, 1, 49, 32, 45, 19, 41, 8, 34, 25, 6, 15, 5, 24, 48, 38, 37, 36, 35, 9, 10, 43, 13, 14, 52, 47, 33, 4, 20, 50, 51, 11, 12, 28, 27, 26, 23, 30, 2, 7, 42, 21, 17, 3, 18, 31, 22]

Individual 43:
  Route length: 13168
  Contribution to Diversity: 0.0012503917038388934
  Route: [1, 49, 32, 45, 19, 41, 8, 9, 10, 43, 46, 17, 3, 18, 47, 26, 27, 28, 12, 51, 11, 13, 14, 52, 24, 5, 15, 37, 38, 48, 16, 4, 25, 35, 36, 39, 40, 50, 20, 23, 30, 2, 7, 34, 33, 6, 29, 44, 42, 21, 31, 22]

Individual 44:
  Route length: 12919
  Contribution to Diversity: 0.0015985393721793528
  Route: [1, 20, 23, 30, 2, 7, 42, 35, 16, 46, 44, 34, 32, 45, 19, 10, 9, 8, 41, 24, 48, 38, 50, 29, 36, 39, 49, 5, 15, 6, 4, 13, 14, 47, 27, 26, 40, 37, 11, 52, 25, 12, 28, 51, 33, 43, 21, 17, 3, 18, 31, 22]

Individual 45:
  Route length: 13142
  Contribution to Diversity: 0.002304490842250928
  Route: [26, 47, 13, 14, 52, 4, 15, 5, 24, 48, 38, 33, 8, 41, 19, 45, 11, 12, 28, 27, 44, 46, 16, 29, 50, 20, 23, 30, 2, 7, 42, 21, 32, 49, 1, 9, 10, 43, 34, 35, 36, 39, 40, 37, 25, 6, 51, 17, 3, 18, 31, 22]

Individual 46:
  Route length: 12972
  Contribution to Diversity: 0
  Route: [1, 49, 37, 48, 38, 45, 19, 41, 8, 9, 23, 20, 50, 32, 24, 27, 28, 12, 25, 4, 6, 15, 5, 26, 47, 13, 14, 52, 40, 39, 36, 35, 34, 44, 46, 16, 29, 3, 33, 51, 11, 43, 10, 17, 21, 42, 7, 2, 30, 18, 31, 22]

Individual 47:
  Route length: 12960
  Contribution to Diversity: 0.00043563185896111634
  Route: [1, 49, 32, 42, 30, 46, 44, 34, 35, 36, 39, 40, 41, 19, 45, 2, 16, 29, 50, 20, 23, 7, 51, 11, 52, 14, 13, 47, 26, 27, 28, 12, 43, 10, 9, 8, 33, 24, 5, 15, 6, 37, 38, 48, 4, 25, 21, 17, 3, 18, 31, 22]

Individual 48:
  Route length: 12918
  Contribution to Diversity: 0.0018259554331434558
  Route: [8, 41, 19, 45, 36, 35, 9, 10, 43, 13, 14, 52, 47, 44, 46, 16, 29, 39, 40, 1, 49, 32, 4, 33, 34, 25, 6, 15, 5, 24, 48, 38, 37, 20, 50, 51, 11, 12, 28, 27, 26, 23, 30, 2, 7, 42, 21, 17, 3, 18, 31, 22]

Individual 49:
  Route length: 12722
  Contribution to Diversity: 0
  Route: [1, 49, 6, 33, 43, 4, 25, 12, 44, 31, 40, 39, 36, 35, 34, 10, 9, 8, 41, 51, 11, 52, 28, 27, 26, 47, 13, 14, 38, 45, 19, 30, 23, 20, 50, 29, 16, 46, 48, 24, 5, 15, 32, 18, 3, 17, 21, 42, 7, 2, 37, 22]

Individual 50:
  Route length: 12615
  Contribution to Diversity: 0.0007093159493107848
  Route: [1, 49, 32, 19, 45, 3, 37, 26, 27, 28, 13, 47, 14, 52, 11, 12, 34, 17, 21, 42, 7, 2, 30, 23, 20, 50, 29, 16, 46, 36, 35, 39, 40, 44, 10, 43, 33, 6, 4, 25, 48, 38, 41, 9, 8, 51, 15, 5, 24, 18, 31, 22]

Individual 51:
  Route length: 13087
  Contribution to Diversity: 0.00046152097355012245
  Route: [1, 49, 15, 6, 4, 25, 12, 28, 39, 40, 37, 38, 48, 23, 20, 50, 32, 42, 7, 2, 29, 33, 51, 11, 52, 13, 47, 26, 27, 14, 46, 16, 30, 36, 24, 5, 21, 43, 10, 9, 8, 41, 19, 45, 35, 34, 44, 17, 3, 18, 31, 22]

Individual 52:
  Route length: 12571
  Contribution to Diversity: 0
  Route: [1, 49, 45, 19, 41, 8, 35, 36, 39, 40, 23, 20, 52, 14, 13, 47, 26, 27, 28, 16, 46, 44, 34, 30, 32, 37, 38, 48, 24, 5, 15, 6, 4, 25, 12, 18, 3, 17, 21, 42, 7, 2, 29, 50, 51, 11, 33, 43, 10, 9, 31, 22]

Individual 53:
  Route length: 13005
  Contribution to Diversity: 0
  Route: [48, 30, 2, 42, 21, 17, 3, 18, 52, 14, 13, 47, 26, 27, 28, 12, 25, 4, 6, 15, 5, 24, 11, 51, 33, 43, 10, 34, 35, 36, 39, 40, 37, 38, 45, 32, 49, 1, 50, 29, 7, 16, 46, 44, 20, 23, 19, 41, 8, 9, 31, 22]

Individual 54:
  Route length: 12905
  Contribution to Diversity: 0.002584929770055311
  Route: [33, 43, 10, 9, 8, 41, 19, 45, 32, 49, 1, 17, 35, 36, 39, 21, 42, 7, 29, 50, 20, 23, 30, 2, 51, 11, 52, 14, 13, 47, 26, 27, 28, 24, 5, 15, 6, 4, 25, 48, 38, 37, 34, 44, 46, 16, 12, 31, 18, 40, 3, 22]

Individual 55:
  Route length: 12856
  Contribution to Diversity: 0.0017659885731413638
  Route: [1, 49, 32, 25, 12, 28, 35, 36, 39, 40, 5, 24, 37, 38, 48, 30, 2, 7, 42, 21, 23, 20, 50, 29, 16, 46, 47, 26, 27, 33, 43, 10, 44, 34, 51, 11, 52, 14, 13, 9, 8, 41, 19, 45, 31, 18, 3, 17, 15, 6, 4, 22]

Individual 56:
  Route length: 13174
  Contribution to Diversity: 0.0003654020607850583
  Route: [1, 49, 37, 48, 38, 45, 19, 41, 8, 9, 23, 20, 40, 52, 14, 13, 47, 26, 5, 15, 6, 4, 25, 12, 28, 27, 24, 32, 50, 29, 16, 46, 44, 34, 35, 36, 39, 3, 33, 51, 11, 43, 10, 17, 21, 42, 7, 2, 30, 18, 31, 22]

Individual 57:
  Route length: 12652
  Contribution to Diversity: 0.0021843729330743855
  Route: [1, 49, 29, 50, 20, 23, 27, 26, 47, 13, 33, 51, 11, 52, 14, 43, 10, 9, 8, 41, 19, 35, 48, 24, 12, 25, 28, 38, 37, 40, 39, 36, 45, 32, 31, 18, 3, 17, 42, 7, 2, 30, 21, 5, 4, 6, 15, 34, 44, 46, 16, 22]

Individual 58:
  Route length: 13078
  Contribution to Diversity: 0.0015441516772645159
  Route: [25, 35, 36, 39, 40, 37, 38, 34, 20, 23, 30, 2, 7, 42, 21, 9, 10, 43, 48, 24, 5, 46, 16, 29, 50, 4, 44, 32, 45, 19, 41, 8, 15, 6, 1, 49, 14, 52, 11, 51, 33, 12, 13, 47, 28, 27, 26, 3, 17, 18, 31, 22]

Individual 59:
  Route length: 13150
  Contribution to Diversity: 0.0006136866600057189
  Route: [43, 33, 51, 28, 12, 25, 4, 27, 26, 6, 11, 52, 14, 13, 47, 35, 24, 16, 46, 44, 34, 48, 38, 37, 40, 39, 36, 15, 5, 42, 7, 2, 29, 50, 20, 23, 30, 49, 32, 45, 19, 41, 8, 1, 18, 3, 17, 21, 9, 10, 31, 22]

Individual 60:
  Route length: 12782
  Contribution to Diversity: 0.001466982623597346
  Route: [41, 8, 9, 10, 19, 45, 32, 49, 24, 48, 38, 37, 40, 26, 11, 52, 14, 13, 47, 27, 33, 51, 43, 21, 23, 30, 2, 7, 42, 1, 50, 29, 34, 44, 46, 16, 6, 4, 25, 12, 28, 39, 36, 35, 15, 5, 20, 18, 3, 17, 31, 22]

Individual 61:
  Route length: 12374
  Contribution to Diversity: 0
  Route: [1, 20, 23, 30, 2, 7, 42, 21, 49, 32, 45, 19, 41, 8, 15, 6, 33, 51, 11, 52, 14, 13, 47, 28, 27, 26, 3, 17, 46, 16, 50, 29, 35, 36, 39, 40, 37, 4, 12, 44, 38, 34, 25, 9, 10, 43, 48, 24, 5, 18, 31, 22]

Individual 62:
  Route length: 13079
  Contribution to Diversity: 0.0012170345354567402
  Route: [1, 49, 39, 9, 10, 19, 45, 51, 28, 12, 42, 7, 2, 30, 46, 16, 35, 36, 21, 17, 3, 18, 44, 34, 32, 43, 33, 8, 41, 25, 4, 6, 15, 5, 24, 48, 38, 37, 40, 26, 27, 47, 13, 14, 52, 11, 29, 50, 20, 23, 31, 22]

Individual 63:
  Route length: 12904
  Contribution to Diversity: 0
  Route: [1, 41, 8, 9, 10, 34, 35, 36, 39, 40, 31, 44, 12, 25, 4, 43, 33, 6, 49, 37, 2, 7, 42, 21, 17, 3, 18, 32, 15, 5, 24, 48, 46, 16, 29, 50, 20, 23, 30, 19, 45, 38, 14, 13, 47, 26, 27, 28, 52, 11, 51, 22]

Individual 64:
  Route length: 12498
  Contribution to Diversity: 0.001584906950427012
  Route: [1, 49, 38, 48, 24, 5, 15, 6, 4, 23, 41, 19, 8, 42, 21, 17, 3, 18, 32, 45, 12, 28, 27, 26, 47, 13, 14, 52, 11, 51, 33, 43, 10, 9, 20, 29, 50, 16, 46, 44, 34, 35, 36, 39, 25, 7, 2, 30, 40, 37, 31, 22]

Individual 65:
  Route length: 12808
  Contribution to Diversity: 0.00026741303340571676
  Route: [48, 38, 37, 29, 50, 1, 49, 32, 5, 24, 11, 51, 33, 4, 16, 46, 40, 39, 36, 35, 34, 52, 14, 13, 47, 26, 27, 28, 12, 25, 43, 6, 15, 9, 8, 41, 19, 45, 23, 20, 44, 10, 30, 2, 7, 42, 21, 17, 3, 18, 31, 22]

Individual 66:
  Route length: 13049
  Contribution to Diversity: 0
  Route: [48, 38, 36, 39, 40, 37, 28, 27, 26, 47, 13, 14, 52, 18, 3, 17, 21, 42, 7, 2, 30, 23, 20, 44, 46, 16, 29, 50, 1, 49, 32, 10, 34, 35, 12, 25, 4, 6, 33, 43, 51, 11, 24, 5, 15, 19, 41, 8, 45, 9, 31, 22]

Individual 67:
  Route length: 12907
  Contribution to Diversity: 0.0013230440133868981
  Route: [1, 49, 32, 6, 33, 43, 10, 44, 40, 39, 36, 35, 19, 45, 3, 37, 26, 27, 28, 13, 47, 14, 52, 11, 12, 46, 16, 29, 50, 20, 23, 30, 2, 7, 42, 21, 17, 34, 5, 15, 51, 8, 9, 41, 38, 48, 4, 25, 24, 18, 31, 22]

Individual 68:
  Route length: 13056
  Contribution to Diversity: 0
  Route: [48, 38, 37, 40, 39, 36, 28, 27, 26, 47, 13, 14, 52, 18, 3, 17, 21, 42, 7, 2, 30, 23, 20, 44, 46, 16, 29, 50, 1, 49, 32, 10, 34, 35, 12, 25, 4, 6, 33, 43, 51, 11, 24, 5, 15, 19, 41, 8, 45, 9, 31, 22]

Individual 69:
  Route length: 12991
  Contribution to Diversity: 0.0022229804130509123
  Route: [1, 51, 11, 52, 14, 13, 47, 26, 49, 40, 18, 3, 17, 21, 42, 7, 2, 30, 23, 20, 5, 15, 6, 4, 34, 50, 29, 16, 46, 44, 24, 48, 38, 37, 33, 31, 10, 9, 8, 41, 19, 45, 32, 12, 25, 27, 28, 43, 39, 36, 35, 22]

Individual 70:
  Route length: 13107
  Contribution to Diversity: 0.0005343068085572611
  Route: [44, 46, 16, 24, 48, 38, 37, 40, 39, 36, 15, 5, 42, 32, 49, 30, 23, 20, 50, 29, 2, 7, 21, 17, 1, 8, 41, 19, 45, 9, 10, 43, 33, 51, 28, 12, 25, 4, 27, 26, 6, 11, 52, 14, 13, 47, 35, 34, 3, 18, 31, 22]

Individual 71:
  Route length: 13118
  Contribution to Diversity: 0.0020529692087318807
  Route: [25, 1, 36, 39, 40, 37, 38, 28, 51, 11, 52, 14, 13, 47, 26, 27, 23, 20, 50, 29, 16, 46, 44, 34, 2, 7, 42, 21, 5, 24, 48, 35, 19, 41, 8, 9, 10, 43, 33, 30, 17, 3, 18, 31, 49, 32, 45, 12, 15, 6, 4, 22]

Individual 72:
  Route length: 13122
  Contribution to Diversity: 0.0018040360491076157
  Route: [20, 23, 30, 19, 45, 41, 8, 9, 10, 43, 33, 32, 18, 3, 17, 21, 42, 7, 2, 37, 29, 50, 48, 52, 11, 51, 16, 46, 44, 6, 49, 1, 35, 34, 4, 25, 12, 28, 27, 26, 47, 13, 14, 38, 15, 24, 5, 36, 39, 40, 31, 22]

Individual 73:
  Route length: 13073
  Contribution to Diversity: 0.00048775353823682366
  Route: [44, 46, 16, 24, 19, 45, 32, 49, 30, 23, 20, 50, 29, 2, 7, 42, 5, 15, 36, 39, 40, 37, 38, 48, 21, 17, 1, 8, 41, 9, 10, 43, 33, 51, 28, 12, 25, 4, 27, 26, 6, 11, 52, 14, 13, 47, 35, 34, 3, 18, 31, 22]

Individual 74:
  Route length: 13000
  Contribution to Diversity: 0.001318008723874442
  Route: [1, 23, 20, 50, 30, 2, 7, 42, 21, 6, 4, 25, 12, 28, 27, 26, 13, 14, 32, 45, 19, 41, 8, 9, 10, 43, 33, 51, 11, 52, 44, 35, 34, 49, 46, 31, 18, 3, 47, 15, 5, 24, 48, 38, 37, 40, 39, 36, 17, 16, 29, 22]

Individual 75:
  Route length: 13074
  Contribution to Diversity: 0
  Route: [1, 49, 6, 44, 12, 25, 4, 43, 15, 32, 18, 3, 17, 21, 42, 7, 2, 37, 33, 5, 24, 48, 46, 16, 29, 50, 20, 23, 30, 19, 45, 38, 14, 13, 47, 26, 27, 28, 52, 11, 51, 41, 8, 9, 10, 34, 35, 36, 39, 40, 31, 22]

Individual 76:
  Route length: 13049
  Contribution to Diversity: 0.00040675682992219464
  Route: [1, 49, 37, 48, 38, 10, 43, 11, 51, 33, 3, 29, 16, 46, 44, 34, 35, 36, 39, 40, 52, 14, 13, 47, 26, 5, 15, 6, 4, 25, 12, 28, 27, 24, 32, 50, 20, 23, 9, 8, 41, 19, 45, 21, 17, 42, 7, 2, 30, 18, 31, 22]

Individual 77:
  Route length: 12520
  Contribution to Diversity: 0.0003200571220860482
  Route: [32, 49, 1, 50, 36, 39, 40, 46, 16, 29, 37, 45, 19, 41, 43, 35, 38, 48, 21, 42, 7, 2, 30, 23, 20, 44, 10, 9, 8, 6, 15, 5, 24, 11, 51, 33, 4, 25, 12, 28, 27, 26, 47, 13, 14, 52, 34, 17, 3, 18, 31, 22]

Individual 78:
  Route length: 13183
  Contribution to Diversity: 0.0016719391361821323
  Route: [1, 8, 41, 19, 45, 39, 36, 20, 50, 29, 34, 44, 46, 16, 17, 3, 35, 21, 6, 4, 25, 28, 12, 43, 33, 51, 11, 52, 14, 13, 47, 26, 27, 10, 9, 2, 7, 42, 31, 32, 23, 30, 49, 40, 37, 38, 48, 24, 5, 15, 18, 22]

Individual 79:
  Route length: 12867
  Contribution to Diversity: 0.001203602604672227
  Route: [6, 21, 17, 3, 35, 34, 44, 46, 16, 29, 50, 20, 36, 39, 45, 19, 41, 8, 1, 12, 28, 25, 4, 43, 33, 51, 11, 52, 14, 13, 47, 26, 27, 10, 9, 2, 7, 42, 31, 32, 23, 30, 49, 40, 37, 38, 48, 24, 5, 15, 18, 22]

Individual 80:
  Route length: 13006
  Contribution to Diversity: 0.001541982542135223
  Route: [1, 3, 35, 34, 44, 46, 16, 29, 50, 20, 36, 39, 45, 19, 41, 8, 48, 38, 37, 40, 49, 30, 23, 32, 31, 42, 7, 2, 9, 10, 27, 26, 47, 13, 14, 52, 11, 51, 33, 43, 12, 28, 25, 4, 6, 21, 17, 24, 5, 15, 18, 22]

Individual 81:
  Route length: 13028
  Contribution to Diversity: 0
  Route: [1, 49, 15, 6, 38, 37, 40, 39, 29, 16, 46, 23, 20, 50, 26, 47, 13, 52, 11, 51, 33, 43, 10, 9, 8, 41, 19, 45, 32, 42, 7, 2, 4, 25, 12, 28, 27, 14, 18, 3, 17, 44, 34, 35, 36, 24, 5, 21, 30, 48, 31, 22]

Individual 82:
  Route length: 13036
  Contribution to Diversity: 0
  Route: [1, 49, 45, 19, 41, 8, 35, 36, 39, 40, 23, 20, 52, 14, 13, 47, 26, 27, 28, 16, 46, 44, 29, 2, 7, 42, 21, 17, 3, 18, 12, 25, 4, 6, 15, 5, 24, 48, 38, 37, 32, 30, 34, 31, 9, 10, 43, 33, 11, 51, 50, 22]

Individual 83:
  Route length: 12804
  Contribution to Diversity: 0.0008787659812012905
  Route: [1, 20, 23, 30, 2, 7, 42, 21, 49, 32, 43, 10, 9, 25, 34, 38, 44, 12, 4, 37, 40, 39, 36, 35, 29, 50, 16, 46, 17, 3, 26, 27, 28, 47, 13, 14, 52, 11, 51, 33, 6, 15, 8, 41, 19, 45, 31, 18, 5, 24, 48, 22]

Individual 84:
  Route length: 12968
  Contribution to Diversity: 0.0009488313470074061
  Route: [1, 49, 36, 35, 8, 41, 19, 45, 6, 4, 25, 12, 28, 27, 26, 47, 13, 14, 52, 20, 30, 34, 44, 46, 16, 29, 50, 51, 11, 33, 43, 10, 5, 24, 48, 38, 37, 32, 15, 39, 40, 23, 18, 3, 17, 21, 42, 7, 2, 9, 31, 22]

Individual 85:
  Route length: 13033
  Contribution to Diversity: 0.0010476800461560742
  Route: [1, 49, 15, 6, 4, 25, 12, 28, 50, 20, 23, 48, 38, 37, 40, 39, 29, 5, 24, 32, 42, 7, 2, 30, 21, 45, 19, 41, 8, 9, 10, 43, 33, 51, 11, 46, 14, 27, 26, 47, 13, 52, 16, 31, 18, 3, 17, 35, 34, 44, 36, 22]

Individual 86:
  Route length: 13019
  Contribution to Diversity: 0
  Route: [1, 5, 24, 48, 38, 37, 32, 30, 34, 44, 46, 16, 28, 27, 26, 47, 13, 14, 52, 20, 23, 40, 39, 36, 35, 8, 41, 19, 45, 49, 15, 6, 4, 25, 12, 18, 3, 17, 21, 42, 7, 2, 29, 50, 51, 11, 33, 43, 10, 9, 31, 22]

Individual 87:
  Route length: 12683
  Contribution to Diversity: 0.001900334881969279
  Route: [32, 40, 39, 36, 50, 1, 49, 43, 41, 19, 45, 37, 29, 16, 46, 35, 38, 48, 21, 42, 7, 2, 30, 23, 20, 44, 10, 9, 8, 6, 15, 5, 24, 11, 51, 33, 4, 25, 12, 28, 27, 26, 47, 13, 14, 52, 34, 17, 3, 18, 31, 22]

Individual 88:
  Route length: 12999
  Contribution to Diversity: 0.002430123274566931
  Route: [1, 34, 35, 36, 39, 12, 25, 4, 6, 15, 10, 42, 21, 41, 8, 9, 48, 38, 37, 40, 43, 33, 51, 11, 52, 14, 13, 47, 26, 27, 28, 19, 31, 45, 32, 49, 5, 24, 7, 2, 30, 23, 20, 50, 29, 16, 46, 44, 17, 3, 18, 22]

Individual 89:
  Route length: 13122
  Contribution to Diversity: 0.0017809289913666149
  Route: [51, 52, 11, 40, 37, 38, 39, 12, 28, 27, 26, 47, 29, 50, 20, 36, 35, 34, 44, 46, 16, 33, 43, 10, 9, 8, 41, 45, 19, 17, 3, 18, 13, 14, 5, 15, 6, 4, 25, 24, 48, 21, 42, 7, 2, 30, 23, 1, 49, 32, 31, 22]

Individual 90:
  Route length: 13195
  Contribution to Diversity: 0.002490158404711451
  Route: [1, 20, 23, 30, 2, 7, 42, 21, 49, 32, 43, 6, 33, 51, 11, 52, 14, 13, 47, 28, 27, 26, 3, 17, 46, 16, 50, 29, 35, 36, 39, 40, 37, 4, 12, 44, 38, 34, 25, 9, 10, 45, 19, 41, 8, 15, 31, 18, 5, 24, 48, 22]

Individual 91:
  Route length: 12611
  Contribution to Diversity: 0
  Route: [1, 49, 6, 44, 29, 16, 46, 48, 24, 5, 15, 32, 18, 3, 17, 21, 42, 7, 2, 37, 33, 43, 4, 25, 12, 40, 39, 36, 35, 34, 10, 9, 8, 41, 51, 11, 52, 28, 27, 26, 47, 13, 14, 38, 45, 19, 30, 23, 20, 50, 31, 22]

Individual 92:
  Route length: 12987
  Contribution to Diversity: 0.002237171639172253
  Route: [41, 8, 9, 10, 19, 45, 32, 49, 24, 48, 38, 37, 40, 26, 11, 52, 14, 13, 47, 27, 33, 51, 43, 21, 23, 30, 2, 7, 42, 1, 20, 5, 15, 35, 36, 39, 28, 12, 25, 4, 6, 16, 46, 44, 34, 29, 50, 3, 18, 17, 31, 22]

Individual 93:
  Route length: 12930
  Contribution to Diversity: 0.0027385323812234574
  Route: [1, 49, 36, 35, 24, 5, 21, 42, 7, 2, 30, 43, 33, 51, 11, 52, 14, 13, 47, 10, 9, 19, 41, 8, 31, 18, 17, 23, 32, 45, 44, 34, 37, 38, 48, 40, 6, 15, 3, 26, 27, 28, 12, 25, 4, 20, 50, 29, 16, 46, 39, 22]

Individual 94:
  Route length: 12842
  Contribution to Diversity: 0.0008279832182145341
  Route: [48, 38, 32, 49, 1, 50, 29, 37, 15, 6, 43, 25, 12, 28, 27, 26, 47, 13, 14, 52, 34, 35, 36, 39, 40, 46, 16, 4, 33, 51, 11, 24, 5, 9, 8, 41, 19, 45, 23, 20, 44, 10, 30, 2, 7, 42, 21, 17, 3, 18, 31, 22]

Individual 95:
  Route length: 13137
  Contribution to Diversity: 0.0005856019296182069
  Route: [1, 49, 15, 6, 38, 37, 40, 39, 29, 16, 46, 10, 9, 8, 41, 19, 45, 32, 42, 7, 2, 4, 25, 12, 28, 27, 14, 11, 51, 33, 43, 52, 13, 47, 26, 50, 20, 23, 48, 30, 21, 5, 24, 36, 35, 34, 44, 17, 3, 18, 31, 22]

Individual 96:
  Route length: 13186
  Contribution to Diversity: 0.0018462641211325348
  Route: [1, 49, 32, 19, 45, 3, 37, 26, 27, 28, 13, 47, 14, 52, 11, 25, 4, 6, 33, 43, 10, 44, 40, 39, 35, 36, 46, 16, 29, 50, 20, 23, 30, 2, 7, 42, 21, 17, 34, 12, 8, 9, 41, 38, 48, 51, 15, 5, 24, 18, 31, 22]

Individual 97:
  Route length: 12775
  Contribution to Diversity: 0
  Route: [1, 49, 45, 19, 41, 8, 35, 36, 39, 40, 23, 20, 52, 14, 13, 47, 26, 27, 28, 16, 46, 44, 34, 24, 48, 38, 37, 32, 30, 31, 9, 10, 43, 33, 11, 51, 50, 29, 2, 7, 42, 21, 17, 3, 18, 12, 25, 4, 6, 15, 5, 22]

Individual 98:
  Route length: 13145
  Contribution to Diversity: 0
  Route: [1, 49, 45, 19, 40, 39, 36, 35, 8, 41, 50, 29, 2, 7, 42, 21, 17, 3, 18, 12, 25, 4, 6, 15, 5, 24, 48, 38, 37, 32, 30, 34, 44, 46, 16, 28, 27, 26, 47, 13, 14, 52, 20, 23, 51, 11, 33, 43, 10, 9, 31, 22]

Individual 99:
  Route length: 12787
  Contribution to Diversity: 0.002435403642825129
  Route: [25, 35, 36, 39, 40, 37, 48, 43, 10, 9, 21, 42, 7, 2, 30, 23, 20, 34, 38, 5, 24, 4, 50, 29, 16, 46, 6, 15, 8, 41, 19, 45, 32, 44, 1, 49, 14, 52, 11, 51, 33, 12, 13, 47, 28, 27, 26, 3, 17, 18, 31, 22]

Total Entropy H: 5.253957151096084
